0.114376261830330 1 0 1 0 0 1 0 1 1 1 1 0 1 1 1 0 0
0.261956483125687 0 1 1 1 0 0 0 1 0 0 1 0 1 0 0 1 0
0.153624206781387 0 0 1 0 0 0 0 1 0 1 1 0 1 1 0 1 0
0.201782315969467 1 0 0 1 0 1 0 0 0 1 0 0 1 0 0 1 1
0.546151995658875 0 0 0 0 0 1 1 1 0 1 0 0 0 0 0 0 0
0.198299050331116 0 0 0 1 1 1 0 0 0 1 1 1 0 0 1 1 0
0.144302323460579 0 0 0 1 0 1 0 1 0 0 0 1 1 0 1 0 1
0.233470812439919 1 1 0 0 0 0 0 1 1 0 0 0 0 0 0 1 1
0.409892648458481 1 0 0 1 1 1 1 0 1 0 0 0 1 0 0 1 1
0.329491525888443 1 1 0 1 1 1 0 1 1 0 1 0 1 0 0 0 0
0.451869696378708 0 1 1 1 0 1 1 1 0 0 1 0 0 1 1 1 1
0.326521098613739 0 0 1 0 1 1 1 1 1 1 0 0 1 1 0 1 0
0.085449345409870 1 1 0 0 0 0 0 1 0 1 1 1 0 1 0 1 0
0.108040705323219 0 0 1 0 0 1 0 1 0 1 0 1 1 1 1 0 1
0.114747248589993 1 1 0 0 0 0 1 1 0 1 0 1 1 0 1 0 1
0.545974314212799 1 1 1 1 1 0 0 0 0 0 1 1 0 0 1 1 1
0.209390401840210 1 1 0 1 0 0 1 1 0 1 1 1 1 1 1 0 1
0.242543086409569 1 0 1 0 1 0 0 0 0 0 1 1 1 0 1 1 1
0.188578590750694 0 0 1 1 0 0 1 0 1 0 0 1 1 1 0 0 0
0.188019186258316 0 0 1 0 0 1 1 0 0 0 0 1 1 1 0 0 0
0.218071535229683 1 0 1 1 0 1 0 0 1 1 1 1 0 1 0 1 1
0.301763683557510 1 0 1 1 0 1 1 1 0 1 0 1 0 0 1 1 0
0.189928188920021 1 1 1 0 0 1 0 0 1 1 1 1 0 0 0 0 1
0.217472344636917 1 0 1 0 1 0 1 0 1 1 0 1 0 0 1 0 1
0.492602497339249 0 1 1 1 0 1 1 0 0 1 1 0 0 0 0 0 0
0.166107241425016 0 0 0 0 0 1 0 1 1 1 0 1 1 1 1 1 1
0.187344545232545 0 0 1 1 1 0 0 1 0 1 1 1 1 1 1 1 0 x
0.168432774751272 1 0 0 0 0 1 0 0 1 1 1 1 1 0 1 0 0 x
0.086290041921693 1 0 1 0 0 0 0 0 0 1 1 0 1 1 0 1 0 x
0.090073602987764 0 1 1 0 0 0 0 0 1 1 1 1 1 1 0 0 1 x
0.122263866016753 1 0 1 0 0 0 1 0 0 0 0 1 1 1 0 1 0 x
0.111741664109065 1 1 0 0 0 0 0 1 0 1 0 0 1 1 0 0 0 x
0.160896974851072 0 1 1 0 1 0 0 0 0 1 1 1 0 1 0 0 0 x
0.212547920354102 1 1 1 0 0 0 0 1 1 1 1 1 1 1 1 0 1 x
0.138399344818913 0 1 0 0 0 0 0 1 1 1 0 1 1 1 0 0 1 x
0.103448885430224 1 1 0 0 0 0 1 1 0 1 0 1 1 1 0 0 1 x
0.125426175890137 0 0 0 1 0 1 0 0 0 1 0 1 1 1 0 1 0 x
0.194838398001467 1 1 0 0 0 1 0 0 0 1 0 1 1 1 0 1 1 x
0.167033291495278 0 1 1 0 0 1 0 1 0 1 0 1 0 1 1 0 0 x
0.244937822389080 1 1 1 0 1 0 1 0 1 1 1 1 1 1 0 1 0 x
0.196437935934378 1 0 1 0 1 0 0 1 0 1 0 0 1 1 0 0 0 x
0.113902141587593 0 0 1 0 0 0 0 1 0 0 1 1 0 1 0 0 1 x
0.099550554942738 1 0 0 0 0 0 1 1 0 0 0 1 0 1 1 1 1 x
0.108887171979036 0 0 0 1 0 0 0 1 0 0 1 1 0 1 1 0 1 x
0.295272180946096 0 0 0 0 1 0 0 1 0 0 1 1 1 1 0 0 0 x
0.416355894673963 1 1 1 0 0 0 0 0 0 1 0 0 1 1 1 1 1 x
0.084714903257843 1 0 0 0 0 0 1 0 1 0 1 1 1 1 1 0 1 x
0.112541247592314 1 0 0 0 0 0 0 1 0 1 0 1 0 0 0 1 0 x
0.081443278751814 1 0 0 0 0 0 0 1 1 1 0 0 1 1 1 1 0 x
0.185436373603256 0 0 1 1 0 1 0 0 1 1 0 1 0 1 1 0 1 x
0.090181667895649 1 0 0 1 0 0 0 0 1 0 1 1 1 1 0 1 0 x
0.113647128895988 0 1 0 1 0 0 0 1 1 1 1 1 1 1 0 1 0 x
0.127641730191411 0 0 1 0 0 0 1 1 0 1 1 1 1 1 1 1 0 x
0.108612965900302 1 0 1 0 0 0 0 0 1 1 1 1 1 1 0 1 0 x
0.181808003072359 0 1 1 0 0 0 1 1 1 0 1 1 0 1 1 1 1 x
0.166909382059067 0 0 0 1 0 0 0 1 1 1 1 1 1 1 0 1 1 x
0.111349619511070 0 1 1 0 0 0 0 1 0 0 0 1 1 1 0 1 0 x
0.049993563348863 1 0 0 0 0 0 0 1 0 0 1 0 0 1 1 0 1 x
0.151795435564445 1 1 0 0 0 0 0 1 0 0 0 1 0 1 0 0 0 x
0.139479705783936 0 1 1 0 0 0 1 0 0 0 0 1 1 1 0 0 1 x
0.170509856252831 0 0 1 0 0 0 1 1 1 0 1 1 1 0 1 0 1 x
0.100447456951902 1 1 0 0 0 0 1 1 1 0 1 1 1 1 0 1 0 x
0.068239667766752 1 0 0 0 0 0 0 1 0 0 1 1 0 1 1 0 1 x
0.033499213741299 1 0 0 0 0 0 0 0 0 0 1 0 0 1 0 1 0 x
0.143687456755241 1 0 1 0 0 1 0 1 1 0 1 0 1 1 0 0 1 x
0.138757135942361 1 1 0 0 0 0 0 0 0 0 1 0 0 1 0 1 0 x
0.107398038744320 1 0 0 0 0 0 0 1 0 1 1 0 1 1 0 1 0 x
0.132258397936904 0 0 0 0 0 0 0 0 0 1 0 0 0 1 0 0 1 x
0.236871279575582 0 0 0 0 0 0 1 0 1 0 0 1 1 1 1 1 0 x
0.096530665079674 1 0 0 0 0 0 0 0 1 1 1 0 1 1 1 0 1 x
0.125949592774204 1 0 1 0 0 0 0 1 0 0 1 0 0 1 1 1 0 x
0.114191839107400 1 0 1 0 0 0 1 1 1 0 1 1 0 1 1 0 1 x
0.052250702003500 1 0 0 0 0 0 0 0 0 0 1 1 0 1 0 0 1 x
0.147251445942950 0 1 1 0 0 0 0 1 0 1 1 1 0 0 0 0 1 x
0.103163745818133 1 0 0 0 0 0 0 0 0 1 1 0 0 1 0 0 0 x
0.073518495704161 0 0 1 0 0 0 0 0 0 0 1 1 0 0 0 0 1 x
0.076005833094571 1 0 0 0 0 0 1 0 0 0 1 1 1 1 0 0 1 x
0.042248543857352 1 0 0 0 0 0 0 0 0 0 1 1 0 0 0 1 0 x
0.109850356976583 1 1 0 0 0 0 0 1 0 0 1 0 1 1 1 0 0 x
0.102458610156680 0 0 1 0 0 0 0 1 0 1 1 0 0 1 1 0 1 x
0.080075896981943 1 0 0 0 0 0 0 0 1 1 1 1 0 0 0 1 1 x
0.063283491119544 1 0 0 0 1 0 0 0 0 0 1 1 0 1 0 1 0 x
0.196016451846114 0 0 0 1 0 0 0 0 0 1 1 1 1 1 0 0 1 x
0.109447061095597 0 0 1 0 0 0 0 0 1 0 1 1 1 1 0 1 1 x
0.205680052300397 1 0 1 0 0 0 0 0 0 0 0 0 0 1 0 0 1 x
0.113071879941786 0 0 1 0 0 0 0 0 1 1 0 1 0 1 1 1 0 x
0.125762752045576 1 0 0 1 0 1 0 1 1 1 1 0 1 1 1 0 1 x
0.078453597364402 1 0 0 1 0 0 0 0 1 1 1 0 0 1 1 1 0 x
0.101183883068558 0 0 1 0 0 1 0 0 0 0 1 1 0 1 1 1 1 x
0.127613485600609 1 0 0 0 1 1 0 0 1 0 1 0 1 1 1 1 0 x
0.137741999631546 1 0 0 0 0 0 0 0 1 1 0 1 1 1 1 1 0 x
0.114217841184955 0 1 0 0 0 1 0 0 1 0 1 1 0 1 0 1 0 x
0.146761623806933 0 0 1 1 0 0 0 0 1 0 1 0 0 1 0 1 0 x
0.085017248042675 1 0 0 0 0 0 1 1 0 1 1 1 1 1 1 0 1 x
0.110409061511076 1 0 0 0 0 1 1 0 0 1 0 1 0 1 0 1 1 x
0.168691818118143 1 0 0 1 0 1 0 0 0 0 0 1 0 1 0 1 0 x
0.095703460649264 1 0 0 0 0 0 1 1 1 0 1 1 0 1 0 1 1 x
0.138578765530880 0 0 1 1 0 1 0 0 0 0 1 1 1 1 0 1 0 x
0.110925266284833 0 0 0 1 0 0 0 1 0 1 0 0 1 1 1 1 0 x
0.147695704003328 1 0 0 0 0 0 1 0 1 1 1 1 0 1 0 1 0 x
0.297910660459955 0 0 0 0 0 0 0 0 0 1 1 0 0 1 1 1 0 x
0.121238075962991 1 0 1 0 0 1 1 0 0 1 1 1 1 1 0 0 1 x
0.090280843938996 1 0 0 1 0 0 0 0 0 0 0 0 1 1 1 0 0 x
0.196595155550134 0 0 0 1 0 0 0 1 1 0 1 0 0 0 1 0 1 x
0.089401505063394 1 0 0 1 0 0 0 1 0 0 0 1 1 1 0 0 1 x
0.084924143424219 0 0 1 0 0 0 0 1 1 0 0 0 1 1 1 0 1 x
0.110991123533238 1 0 0 1 0 0 0 1 1 0 0 0 1 1 0 1 0 x
0.159767086656675 0 0 0 1 0 0 0 1 0 0 1 1 0 1 0 1 0 x
0.112218668223687 1 0 1 0 0 1 0 0 1 1 1 1 0 1 1 1 0 x
0.200234051825529 1 0 0 1 0 1 1 1 0 0 1 1 0 1 1 0 1 x
0.103653054249063 1 0 0 1 0 0 0 1 1 1 0 1 0 1 0 1 1 x
0.207656102628632 1 0 0 0 0 1 1 1 1 0 0 0 1 1 0 0 1 x
0.115730568251710 0 1 0 1 0 0 0 1 0 1 0 1 1 1 1 1 0 x
0.156087566300949 0 0 1 1 0 0 0 1 1 1 0 0 1 1 1 0 0 x
0.140820332152669 0 1 0 1 0 0 1 1 0 0 1 1 1 1 1 1 0 x
0.303405352043431 0 0 0 0 0 0 0 1 1 1 1 0 1 1 1 0 1 x
0.136162851719719 0 0 0 1 1 0 0 0 1 0 0 1 0 1 1 1 1 x
0.041661696309233 1 0 0 0 0 0 0 1 0 0 0 0 1 1 0 0 1 x
0.064321346372286 0 0 1 0 0 0 0 0 1 0 0 0 1 1 0 0 1 x
0.121526565086949 0 1 0 1 0 0 0 0 0 0 1 1 1 1 1 0 1 x
0.103119076206513 0 1 0 0 0 0 1 0 0 1 0 1 1 1 1 1 0 x
0.050436404335188 0 0 1 0 0 0 0 0 0 1 0 0 1 0 0 1 1 x
0.130795566685311 1 1 0 0 0 0 0 1 1 0 1 1 1 0 0 0 0 x
0.090160162049905 0 1 0 0 0 0 1 1 0 1 1 1 1 1 1 1 1 x
0.189227257646192 0 0 1 0 0 0 0 0 1 0 0 1 1 0 0 0 0 x
0.100501028948809 1 1 0 0 0 0 1 0 0 1 1 1 0 1 1 0 0 x
0.111676573858983 0 0 0 1 0 1 0 0 0 0 0 0 0 1 0 1 1 x
0.108283692931174 0 0 1 0 0 0 1 0 0 1 0 1 1 1 0 0 1 x
0.126945962388574 0 0 1 0 0 0 0 0 0 1 0 0 1 1 1 1 1 x
0.063876213473272 0 0 1 0 0 0 0 0 0 0 1 0 0 0 0 0 1 x
0.237258218498054 0 0 1 0 0 1 0 1 1 1 1 1 0 0 0 1 1 x
0.089040102607700 0 0 1 0 0 0 1 0 0 1 0 1 0 1 1 1 1 x
0.080219368699285 0 1 0 0 0 0 0 0 0 0 0 1 0 1 0 1 1 x
0.114625112313016 0 1 1 0 0 0 1 0 0 1 0 1 1 1 0 1 0 x
0.164925136562936 1 1 0 0 0 0 1 0 0 0 1 1 0 1 0 1 1 x
0.167897073293956 0 0 1 1 0 0 0 1 0 0 0 0 1 1 0 1 1 x
0.189788376609035 0 0 1 0 0 0 0 0 0 0 1 1 1 1 1 0 0 x
0.033970819018702 1 0 0 0 0 0 0 0 0 1 0 0 0 0 1 1 0 x
0.055545445657209 0 0 1 0 0 0 0 0 0 1 0 0 1 0 1 0 1 x
0.149046587191541 1 0 0 0 1 0 0 0 0 0 1 0 0 0 0 1 0 x
0.034563586971659 0 0 1 0 0 0 0 0 0 0 0 0 0 0 1 1 0 x
0.193188569845700 1 0 0 0 0 1 0 0 0 0 0 0 0 0 0 0 1 x
0.170153260629566 1 1 0 0 1 1 0 0 0 1 1 1 0 1 0 0 0 x
0.166668810636145 0 0 0 0 0 0 0 0 0 0 0 1 0 0 0 1 1 x
0.129781272996998 0 1 0 0 1 0 0 0 0 0 0 0 0 1 0 1 0 x
0.118435712655144 0 0 0 1 0 1 0 1 0 0 1 1 1 1 0 1 1 x
0.097334266816667 1 0 1 0 0 0 0 1 1 1 1 0 1 0 1 1 1 x
0.129254186205393 1 0 0 1 0 0 0 0 0 0 1 1 0 0 1 1 1 x
0.034608270083214 1 0 0 0 0 0 0 0 0 1 0 0 1 0 0 0 1 x
0.065723737662927 0 0 1 0 0 0 0 0 1 0 0 0 0 0 1 1 1 x
0.139527296776212 1 0 1 0 0 0 1 0 0 1 1 1 1 0 0 0 0 x
0.233884849577697 1 0 1 0 0 0 0 0 0 1 1 0 0 0 0 0 0 x
0.034511273836302 0 0 0 1 0 0 0 0 0 0 0 0 0 1 0 0 1 x
0.116962720982711 1 0 0 1 0 0 0 0 0 1 0 0 0 1 1 0 1 x
0.176537219015855 0 0 0 1 1 1 0 0 0 0 0 1 1 1 1 0 1 x
0.252517563472228 0 1 0 1 0 0 0 0 1 0 0 0 0 1 0 0 0 x
0.137235730079525 0 1 0 0 1 1 0 0 1 0 1 1 1 1 0 1 1 x
0.045216508745698 1 0 0 0 0 0 0 0 1 0 0 0 1 0 0 1 0 x
0.103477824871392 0 1 1 0 0 0 0 0 0 1 1 1 1 0 1 1 0 x
0.126497827506402 0 1 0 0 1 0 0 1 0 1 1 1 0 1 0 1 0 x
0.127837004879005 1 0 1 0 0 0 1 0 0 1 1 1 1 0 1 1 1 x
0.152917598359908 1 0 1 0 0 0 0 0 0 0 0 0 1 0 1 1 0 x
0.044287903216028 1 0 0 0 0 0 0 0 0 1 0 1 0 0 0 0 1 x
0.154795799330993 0 0 1 1 0 0 0 0 0 1 0 0 1 0 0 1 0 x
0.072832945927607 1 0 0 0 0 0 0 0 0 0 1 0 1 0 1 1 0 x
0.046107611764732 1 0 0 0 0 0 0 0 1 1 0 0 1 0 0 1 1 x
0.078188181347429 0 1 0 0 0 0 0 0 1 1 1 1 0 0 1 1 1 x
0.122360734299710 1 0 0 0 0 0 0 0 0 0 0 0 1 1 0 1 1 x
0.045909595325213 0 1 0 0 0 0 0 0 0 1 0 0 1 0 0 1 1 x
0.073146240736335 0 1 0 0 0 0 0 0 0 0 1 1 1 0 0 0 1 x
0.092479807585498 1 1 0 0 0 0 1 0 0 1 1 1 1 0 0 1 0 x
0.074156204483179 0 1 0 0 0 0 1 0 0 1 0 1 0 0 1 1 1 x
0.130998512856487 1 0 0 0 0 0 0 1 0 1 0 0 0 0 0 0 1 x
0.094921029507208 1 0 0 0 0 0 0 0 1 0 1 1 1 0 0 0 1 x
0.073046001263909 0 1 0 0 0 1 0 0 0 1 0 1 1 0 0 1 1 x
0.177661511446869 1 0 1 1 0 0 1 1 0 1 1 0 1 1 0 1 0 x
0.115332701079825 0 1 0 0 1 0 1 0 0 0 1 1 0 1 1 0 1 x
0.107220765771174 1 1 0 0 0 0 0 0 1 1 0 0 1 0 0 1 0 x
0.080928570653681 0 1 0 0 1 0 0 0 0 0 0 1 1 0 1 1 0 x
0.025940393041031 1 0 0 0 0 0 0 0 0 0 0 0 1 1 0 0 0 x
0.079995275104416 0 1 0 1 0 0 0 0 0 0 1 1 1 0 0 1 0 x
0.077694024087532 0 1 0 0 0 0 0 1 0 0 0 0 1 0 0 1 0 x
0.180923015261278 0 0 0 1 1 0 0 1 0 0 0 0 0 1 1 0 1 x
0.064330837552853 0 1 0 0 0 0 0 0 1 0 0 0 1 0 0 1 0 x
0.044913531439224 0 0 0 1 0 0 0 0 0 0 0 0 1 0 0 1 0 x
0.098995367243590 1 0 0 1 0 0 0 1 0 1 1 1 1 0 0 1 0 x
0.139534466910690 1 0 1 0 0 1 1 1 1 1 1 1 1 1 1 1 0 x
0.083010197796938 1 0 0 0 0 0 1 0 0 1 0 1 1 0 0 0 1 x
0.130289468812113 0 1 0 0 0 0 0 1 0 1 0 1 1 0 0 1 0 x
0.119804273850945 0 1 0 0 1 0 0 0 0 1 0 0 1 0 1 1 1 x
0.087631854936262 0 1 1 0 0 0 0 0 0 0 1 1 1 0 0 0 1 x
0.141051637129880 0 1 0 0 0 1 1 0 0 1 0 1 0 1 1 1 1 x
0.163870463458779 0 1 0 1 0 0 0 0 0 0 0 0 1 0 0 1 1 x
0.035278346719586 0 0 0 1 0 0 0 0 0 0 0 0 0 1 0 1 0 x
0.084656033313225 1 0 0 0 0 1 0 1 0 1 0 1 1 1 0 0 1 x
0.118372211343394 1 0 0 1 0 0 0 0 0 1 0 1 0 0 0 1 0 x
0.096008531078549 1 0 0 1 0 0 0 1 1 0 1 0 1 1 0 0 1 x
0.125017829835530 0 1 1 0 0 1 0 0 0 1 1 1 1 1 0 1 0 x
0.050672006803068 0 1 0 0 0 0 0 0 0 0 0 0 1 0 1 0 1 x
0.124014792043523 1 1 0 0 0 0 0 0 0 0 1 1 0 0 1 1 0 x
0.152292573654153 0 1 1 0 0 0 0 0 0 0 0 0 1 0 1 1 0 x
0.082393847301742 1 0 1 0 0 0 0 1 1 1 1 0 1 1 0 0 1 x
0.077041861955832 0 1 0 0 0 0 0 0 0 1 0 1 1 0 1 0 1 x
0.123411004768415 0 1 0 0 1 0 0 0 0 0 1 1 1 1 1 1 0 x
0.150588689154369 0 1 0 1 0 1 0 1 0 0 1 1 1 0 1 1 0 x
0.058280554354409 0 0 1 0 0 0 0 0 0 0 0 0 0 1 1 0 1 x
0.086695653779036 1 0 0 0 0 1 0 0 0 1 0 0 0 1 0 1 0 x
0.078136028540202 1 1 0 0 0 0 0 0 0 1 1 1 1 0 0 0 1 x
0.102851298861959 0 1 0 0 0 0 0 0 0 0 0 0 1 1 1 0 1 x
0.098507648524400 0 0 0 1 0 0 0 0 0 0 0 0 1 0 1 1 1 x
0.130997052295379 0 0 0 0 0 0 0 0 0 0 0 0 0 0 1 0 1 x
0.145799483645165 1 0 0 0 1 0 1 0 0 0 0 1 0 1 0 0 1 x
0.201450308008448 0 0 1 1 0 0 0 0 0 0 0 1 0 0 0 0 1 x
0.102191875217418 0 1 1 0 0 0 1 0 0 1 1 1 1 0 1 0 1 x
0.135418728400665 0 1 0 0 1 0 1 0 0 1 0 1 1 0 0 1 1 x
0.111089480902128 1 1 0 0 0 0 0 0 1 1 0 0 1 0 1 0 1 x
0.105618246707077 0 0 1 0 0 0 1 0 0 0 1 1 0 1 0 0 1 x
0.160668480388196 1 1 0 0 1 0 1 1 0 1 1 1 0 1 0 0 0 x
0.074844143600390 0 1 0 0 0 0 0 0 0 0 0 0 0 0 0 1 1 x
0.028534339455824 1 0 0 0 0 0 0 0 0 0 0 0 0 1 1 0 0 x
0.070943412687413 1 0 0 0 0 0 0 1 0 0 0 0 1 1 0 0 0 x
0.163539253917835 1 0 1 0 0 0 0 1 0 1 0 1 0 1 1 1 1 x
0.103337000475893 0 0 0 1 0 0 0 0 0 0 0 1 1 0 1 1 0 x
0.134304552146587 0 0 1 0 0 0 1 0 0 0 1 1 1 0 0 1 0 x
0.087292391833166 0 1 0 0 0 0 0 0 0 1 1 0 0 0 0 0 1 x
0.126688607135612 0 1 0 1 0 0 0 0 0 1 0 1 0 0 0 1 1 x
0.120789522477011 1 1 0 0 0 0 1 1 1 1 1 0 0 1 0 1 0 x
0.030625190610840 0 0 1 0 0 0 0 0 0 0 0 0 0 1 0 1 0 x
0.136106374808242 1 0 0 1 1 0 0 0 0 0 1 1 1 0 0 1 0 x
0.080010329814259 0 1 0 0 0 1 0 0 0 0 0 1 1 0 0 1 0 x
0.075338854240093 0 1 0 0 0 1 0 0 0 0 1 1 1 1 0 0 1 x
0.087131427238825 0 0 0 1 0 0 0 1 0 0 0 1 1 1 0 1 1 x
0.054717032254887 1 0 0 0 0 0 0 0 0 0 0 0 1 1 0 1 0 x
0.154203727908039 1 1 0 0 0 1 0 1 0 1 1 0 1 1 1 1 0 x
0.062522544091732 1 0 0 0 0 1 0 0 0 0 1 1 0 1 0 1 0 x
0.087099980788278 0 1 0 0 0 1 0 0 0 0 0 1 0 0 1 0 1 x
0.162599256867847 0 1 1 0 0 1 0 0 1 1 0 1 1 0 0 0 1 x
0.103170345943824 0 1 0 0 0 0 1 0 0 0 0 0 1 0 0 0 1 x
0.078586795455212 1 0 0 0 0 1 0 0 0 1 0 1 0 0 0 1 1 x
0.108542427087039 0 0 1 0 1 0 0 0 0 0 0 0 0 1 1 1 0 x
0.247715531875639 1 1 0 0 0 0 1 0 0 1 0 1 0 0 0 0 0 x
0.108382016436783 1 0 1 0 0 0 1 1 1 1 0 1 1 1 1 0 1 x
0.087466183803460 1 0 0 0 0 0 0 1 1 1 0 0 1 0 1 0 1 x
0.098899122316682 0 0 1 0 0 0 1 0 0 0 0 0 0 1 0 1 0 x
0.148644901353067 1 1 0 0 0 0 1 1 0 1 1 0 1 0 1 1 1 x
0.143806736886634 0 1 1 0 0 0 1 1 0 1 1 1 1 1 0 0 0 x
0.118516177786298 0 0 1 0 0 1 0 0 0 0 0 0 0 1 0 1 0 x
0.035595273759895 1 0 0 0 0 0 0 0 0 0 0 1 0 1 0 0 1 x
0.052103723765804 0 0 1 0 0 0 0 0 0 0 0 0 1 0 1 1 0 x
0.080035682718348 0 0 0 1 0 0 1 0 0 0 0 1 0 1 0 1 1 x
0.156513160328094 1 0 0 0 1 1 0 1 0 1 1 1 0 1 1 1 1 x
0.165619676368398 0 1 0 0 1 1 0 1 0 0 0 1 1 1 0 1 0 x
0.066075836774900 0 1 0 0 0 1 0 0 0 0 1 1 1 0 0 1 1 x
0.063681086084567 0 0 1 0 0 0 0 0 0 1 1 0 0 0 0 1 1 x
0.105185671863298 0 1 0 0 0 0 1 0 0 0 1 1 1 0 0 1 0 x
0.140732705648306 0 1 0 0 1 1 0 0 0 0 1 1 1 0 0 1 0 x
0.110361820985954 0 1 0 0 0 0 1 0 1 1 1 1 0 1 1 0 1 x
0.107688903230098 0 1 1 0 0 0 0 0 0 1 1 0 1 0 0 0 1 x
0.085276033769671 0 0 0 1 0 1 0 0 0 0 0 1 0 1 1 0 1 x
0.032458041302926 1 0 0 0 0 0 0 0 0 1 0 0 0 1 0 0 1 x
0.062095976987248 1 0 0 0 0 0 0 0 1 1 0 1 1 0 0 1 1 x
0.157878737707332 0 0 1 0 0 0 1 1 0 0 0 1 0 1 0 1 0 x
0.038640431314247 0 1 0 0 0 0 0 0 0 1 0 0 0 0 1 1 0 x
0.099671706776101 1 1 0 0 0 1 0 0 1 1 1 1 1 0 1 0 1 x
0.103755117164865 1 1 0 0 0 0 0 0 0 0 1 1 1 1 0 0 0 x
0.042616561641859 0 1 0 0 0 0 0 0 0 0 0 1 0 0 1 1 0 x
0.069696182194756 1 0 0 0 0 1 0 0 0 1 0 1 0 1 0 0 1 x
0.064215888502786 1 0 0 0 0 0 0 1 0 1 0 0 1 1 1 0 1 x
0.076028065754913 1 1 0 0 0 0 0 1 1 1 1 0 1 1 0 0 1 x
0.102158783106385 1 0 0 0 0 0 1 0 1 0 1 0 1 1 1 0 0 x
0.074003852263774 0 1 0 0 0 0 0 1 0 0 1 1 0 1 1 0 1 x
0.148343912684175 0 0 0 1 0 1 0 1 0 1 0 1 0 1 1 1 1 x
0.098026478909278 0 1 1 0 0 0 0 0 0 1 1 1 0 0 0 1 1 x
0.056509509136463 1 0 0 0 0 0 0 0 1 0 0 0 0 1 1 1 0 x
0.146890091240961 1 1 0 0 0 0 1 1 0 0 1 1 1 1 1 0 1 x
0.124900040045354 1 0 0 0 0 0 0 1 1 1 0 1 0 1 0 0 1 x
0.125133282469947 1 0 0 1 0 0 0 1 1 0 1 1 1 1 1 1 1 x
0.080896118618609 0 0 0 1 0 0 0 0 1 0 0 0 1 0 1 1 0 x
0.054648229265983 0 1 0 0 0 0 0 0 0 0 0 0 1 0 1 1 0 x
0.077525315347370 1 1 0 0 0 0 1 1 1 1 1 1 1 0 0 1 1 x
0.082173408011345 0 1 0 1 0 0 0 0 0 1 1 1 0 0 1 1 0 x
0.051348509573067 1 0 0 0 0 0 0 0 0 0 0 1 1 0 1 0 0 x
0.074501811370116 1 0 0 0 0 0 0 0 0 1 0 1 1 0 1 0 1 x
0.060590310164322 0 0 0 1 0 0 0 0 1 0 0 0 0 1 0 1 1 x
0.084771596346800 1 0 1 0 0 0 0 1 0 0 1 1 1 0 0 1 0 x
0.037697585207304 1 0 0 0 0 0 0 0 0 1 0 0 1 0 0 1 0 x
0.095775375492525 1 0 0 1 0 0 0 1 1 0 1 0 1 0 1 1 0 x
0.107496275073555 0 1 0 1 0 0 0 0 0 0 1 1 0 1 0 1 1 x
0.050818727543363 0 0 0 1 0 0 0 0 0 0 0 0 1 1 0 0 1 x
0.084566551516280 1 0 0 0 0 0 1 0 0 0 1 1 0 1 1 0 0 x
0.054080858214311 0 0 1 0 0 0 0 0 0 1 0 0 0 1 0 0 1 x
0.115760911260585 0 1 0 1 0 0 1 0 1 1 1 1 1 0 1 1 1 x
0.077682849318703 1 0 0 0 0 1 0 0 0 0 0 1 1 1 1 0 0 x
0.126414878737833 1 0 0 0 0 0 0 0 0 0 1 1 0 1 1 1 0 x
0.078748663049817 0 0 1 0 0 0 0 1 0 0 0 0 0 0 1 1 1 x
0.117654941128809 0 1 0 0 0 0 0 1 1 1 0 0 1 0 1 1 0 x
0.071492919341869 0 1 0 0 0 0 0 1 0 0 1 0 1 1 0 0 1 x
0.098477427303427 0 0 1 0 0 1 0 0 0 1 0 1 0 0 1 1 1 x
0.106948734603994 0 0 0 1 0 1 0 0 1 0 0 0 1 1 1 1 0 x
0.099077853857543 0 1 1 0 0 0 0 0 0 1 1 1 0 1 1 0 1 x
0.036367456055437 0 0 1 0 0 0 0 0 0 0 0 0 1 0 0 0 1 x
0.085214871221526 1 0 0 1 0 0 0 0 1 1 0 0 1 0 1 1 0 x
0.137976276878566 1 1 0 0 1 0 1 1 1 1 1 1 0 1 1 1 0 x
0.114844553626169 1 0 1 0 0 0 1 1 0 1 1 0 1 1 1 0 1 x
0.081412007849027 1 0 0 0 0 1 0 0 1 1 0 0 1 0 1 1 0 x
0.096928090500537 1 0 1 0 0 0 1 1 0 1 1 1 1 0 0 1 1 x
0.038635457159930 1 0 0 0 0 0 0 0 0 0 0 1 1 0 0 1 0 x
0.177126857378795 0 0 1 1 0 0 1 1 1 0 0 1 1 1 1 1 0 x
0.042775805859011 0 0 0 1 0 0 0 0 0 0 0 0 0 1 1 0 0 x
0.113735770852542 1 0 0 0 1 0 1 1 0 0 0 1 1 1 1 0 0 x
0.080388371652714 0 1 0 0 0 1 0 0 0 1 1 0 1 0 1 0 1 x
0.070336880165599 1 0 0 0 0 0 1 1 0 0 0 1 1 0 1 0 1 x
0.100655612733093 0 0 1 0 1 0 0 0 0 1 0 1 0 1 0 1 1 x
0.084235783327528 1 1 0 0 0 0 0 0 0 1 1 0 1 0 1 0 0 x
0.132544257267357 1 1 0 1 0 0 0 1 1 1 1 1 1 0 0 1 1 x
0.063690203985298 1 0 0 0 0 0 0 0 1 1 0 0 1 1 0 0 1 x
0.084787764531503 0 1 0 0 1 0 0 0 0 1 1 1 0 0 1 1 0 x
0.058290207340108 1 0 0 0 0 0 0 1 1 0 0 0 0 1 1 0 1 x
0.103266858463740 1 1 0 0 0 1 0 1 0 1 1 1 1 0 0 0 1 x
0.053949200696324 1 0 0 0 0 0 0 0 1 1 0 0 0 0 1 1 1 x
0.047616841688226 0 1 0 0 0 0 0 0 0 0 1 0 1 0 0 1 0 x
0.101593121521488 1 0 1 0 0 1 0 0 0 1 1 1 1 0 0 1 0 x
0.059150040675901 0 0 1 0 0 0 0 0 0 0 1 0 0 1 0 1 1 x
0.054875837680897 0 0 0 1 0 0 0 0 0 0 0 0 0 1 1 0 1 x
0.059602647389458 0 1 0 0 0 0 0 0 0 0 0 0 0 0 1 0 0 x
0.079048928009261 0 1 0 0 1 0 0 0 0 0 0 1 0 1 1 0 0 x
0.039311064543113 0 0 1 0 0 0 0 0 0 0 0 1 0 0 1 0 1 x
0.036048384613594 0 1 0 0 0 0 0 0 0 0 1 0 0 0 1 0 1 x
0.123241547168813 0 1 0 1 0 0 1 1 0 1 1 1 1 1 0 1 1 x
0.058865095952792 0 0 1 0 0 0 0 0 0 0 0 0 0 0 0 1 1 x
0.103438922189624 0 0 1 0 1 0 0 0 0 0 0 1 0 0 1 1 0 x
0.081507972069048 0 0 1 0 0 0 0 0 0 1 1 1 0 0 1 1 1 x
0.098992987115178 0 0 0 1 0 0 0 0 1 0 0 0 1 1 0 1 0 x
0.115439127164194 0 1 0 0 0 1 0 0 1 1 1 0 1 0 0 1 1 x
0.040120355688968 0 0 1 0 0 0 0 0 0 0 1 0 0 0 1 0 1 x
0.097652393119697 1 0 0 1 0 0 0 0 0 1 1 0 0 1 0 1 1 x
0.069616322855030 1 0 1 0 0 0 0 0 0 1 1 1 1 0 0 0 1 x
0.061160969269647 0 0 0 1 0 0 0 0 0 0 0 0 0 0 1 0 0 x
0.045393907441742 1 0 0 0 0 0 0 0 0 0 0 1 0 0 1 0 1 x
0.095084014986742 1 1 0 0 0 0 0 1 1 1 1 0 0 1 1 0 0 x
0.144812457604170 0 1 0 1 1 0 0 0 1 1 1 1 0 1 1 1 0 x
0.024393312035890 1 0 0 0 0 0 0 0 0 0 0 0 1 0 1 0 0 x
0.108317767231206 1 0 1 0 0 1 0 1 0 1 1 1 1 0 1 0 1 x
0.069551867115895 1 0 0 0 1 0 0 0 0 0 0 1 1 1 0 0 0 x
0.058486765889507 1 0 0 0 0 0 1 0 0 1 0 0 0 1 1 0 1 x
0.179772351183897 0 0 0 1 0 1 1 0 1 0 0 1 1 1 1 1 1 x
0.081130850419277 0 1 0 0 0 1 0 0 1 0 1 1 1 0 1 1 1 x
0.047843075453009 0 0 1 0 0 0 0 0 0 1 0 0 0 0 1 0 1 x
0.085241814010603 0 1 0 0 0 0 1 0 0 1 1 0 1 0 1 0 1 x
0.087937511217071 0 1 0 0 0 1 0 0 0 0 1 1 0 1 1 0 0 x
0.072457830662607 0 0 0 1 0 0 0 0 0 0 0 1 0 1 0 1 1 x
0.075640096516364 0 1 0 0 0 1 0 0 0 1 1 1 0 0 1 1 1 x
0.032582218757975 1 0 0 0 0 0 0 0 0 1 0 0 0 1 0 1 0 x
0.105080971222590 0 0 0 1 0 0 1 0 0 0 0 0 0 0 1 1 0 x
0.090513008958296 0 1 1 0 0 0 0 0 1 0 1 1 0 1 0 1 0 x
0.058000915554942 1 0 0 0 0 0 1 0 0 1 0 1 0 1 1 0 1 x
0.122056757894761 1 0 0 0 1 1 0 0 1 1 0 1 0 1 1 1 0 x
0.094080889963781 0 0 1 0 0 1 0 0 0 0 1 1 0 0 1 0 1 x
0.079656830157369 1 0 0 0 0 1 0 1 1 0 1 1 1 1 1 0 1 x
0.032946902629742 0 0 0 1 0 0 0 0 0 0 0 0 0 0 1 1 0 x
0.062972466853021 0 1 0 0 0 0 0 1 0 1 0 0 0 1 1 0 1 x
0.125098316869526 1 1 0 0 0 0 1 1 0 1 1 0 0 1 1 0 1 x
0.058664047826124 1 0 0 0 0 0 0 1 0 0 1 1 1 0 0 1 1 x
0.067563287670512 0 1 0 0 0 0 0 1 0 0 1 0 0 0 1 1 0 x
0.158080650942019 0 0 0 1 0 1 0 1 0 0 0 0 1 1 1 0 0 x
0.123899071038434 1 1 0 0 1 0 0 1 1 1 1 1 1 1 0 1 0 x
0.112557296795633 0 1 0 1 0 0 0 0 1 0 1 1 0 0 1 1 1 x
0.079071744689020 0 0 0 1 0 0 1 0 0 0 0 1 0 1 1 0 1 x
0.058465221786566 0 1 0 0 0 0 0 0 0 1 1 0 0 0 1 1 1 x
0.125061362575094 1 0 0 1 0 0 1 1 0 0 1 1 1 0 0 1 1 x
0.108942159049374 1 0 0 0 0 1 0 1 1 1 1 0 0 1 1 1 1 x
0.093074775700245 0 1 0 0 0 0 0 1 0 1 1 0 1 0 1 0 1 x
0.097996165168311 1 1 0 0 0 0 1 0 1 1 1 1 1 0 1 1 0 x
0.136820659117213 0 0 1 1 0 0 0 0 0 0 0 0 0 1 1 1 0 x
0.066262619266383 1 0 0 0 0 0 0 0 1 0 0 0 1 1 1 0 0 x
0.084234145727227 0 1 0 0 0 0 0 1 0 1 0 1 0 1 1 1 0 x
0.080624144506736 1 0 0 1 0 0 0 0 0 0 1 0 1 1 0 0 0 x
0.103004497405468 1 0 0 1 0 0 1 0 1 0 1 1 0 1 1 0 1 x
0.094020274074106 0 1 0 0 0 0 1 0 1 1 1 1 1 1 0 1 1 x
0.038555512073216 1 0 0 0 0 0 0 0 0 1 0 1 0 0 0 1 1 x
0.050708763661482 1 0 0 0 0 0 1 0 0 0 1 0 1 0 1 0 1 x
0.040785560585609 0 1 0 0 0 0 0 0 0 1 0 0 0 0 1 0 1 x
0.033873045280277 1 0 0 0 0 0 0 0 0 0 0 1 0 1 0 0 0 x
0.129685316302514 0 0 1 0 1 0 0 1 0 0 0 1 0 1 1 0 1 x
0.201516933321569 1 0 1 0 1 1 0 1 0 0 1 1 1 1 0 1 0 x
0.096136353844139 0 0 1 0 0 0 0 1 0 1 0 0 1 0 1 1 0 x
0.072371989298499 0 0 1 0 0 0 0 0 1 1 0 0 0 1 0 1 1 x
0.040944833825092 0 1 0 0 0 0 0 0 0 1 0 0 0 1 0 0 1 x
0.084458095437538 1 0 0 0 0 0 1 1 1 0 1 0 1 1 1 0 1 x
0.065752677829980 0 1 0 0 0 0 0 1 0 1 0 0 0 1 0 1 1 x
0.123422674037415 0 1 1 0 0 0 1 1 0 1 1 1 0 1 1 1 0 x
0.074680246582888 1 0 0 1 0 0 0 0 0 0 1 1 1 0 1 0 0 x
0.082461824410894 0 1 0 0 1 0 0 0 0 0 1 1 0 0 1 0 1 x
0.112605034320229 1 0 0 1 0 0 0 1 1 1 0 0 0 1 1 1 0 x
0.053204938991337 1 0 0 0 0 0 1 0 0 0 1 1 0 0 1 0 1 x
0.112229939623093 1 1 0 0 0 1 0 0 1 1 1 0 1 1 1 0 0 x
0.152578661335501 1 0 1 1 0 0 0 1 1 1 1 1 1 1 1 0 0 x
0.122997283033087 0 1 0 1 0 1 0 0 1 1 1 1 1 1 0 1 1 x
0.057636745229318 1 0 0 0 0 0 1 0 0 1 0 0 1 0 1 1 0 x
0.152899927680617 1 0 0 1 0 0 0 0 0 0 1 0 0 0 1 0 0 x
0.068089730608741 1 0 0 0 0 0 1 0 1 1 1 0 1 0 1 1 1 x
0.072176680814459 0 0 1 0 0 0 0 0 1 0 1 0 1 0 0 1 1 x
0.143606550873712 1 1 0 1 0 0 1 1 1 1 1 1 1 1 0 1 0 x
0.110155375265241 0 0 0 1 1 0 0 0 0 0 0 1 0 1 1 0 0 x
0.034710550917402 0 0 1 0 0 0 0 0 0 0 0 0 1 0 0 1 0 x
0.063749907032427 0 0 0 1 0 0 0 0 0 1 0 0 0 0 1 1 0 x
0.101588589828335 0 1 1 0 0 0 0 0 1 0 1 1 0 0 1 0 1 x
0.088014715556174 1 0 0 0 0 1 1 0 0 0 1 1 1 1 1 0 1 x
0.118812473872471 1 0 0 1 0 1 0 0 1 1 1 0 1 1 1 1 0 x
0.046552638109150 1 0 0 0 0 0 0 1 0 0 0 0 1 0 1 1 0 x
0.041019271768009 1 0 0 0 0 0 0 0 0 0 0 1 0 1 0 1 0 x
0.070643115366421 0 0 0 1 0 0 0 1 0 0 0 0 0 1 0 1 1 x
0.073648017849098 1 0 0 0 0 0 1 0 0 0 0 0 0 0 1 1 0 x
0.126792290064183 1 1 0 0 1 0 0 1 0 1 1 1 0 1 1 0 0 x
0.050317126868522 0 1 0 0 0 0 0 0 0 0 1 1 0 0 1 0 1 x
0.081324213931817 1 0 0 0 1 0 0 0 1 1 0 0 1 0 1 1 0 x
0.080237845902254 0 0 1 0 0 0 0 1 0 0 1 0 1 0 1 0 1 x
0.092135608090380 1 0 0 0 0 0 1 1 1 1 0 1 1 0 1 1 1 x
0.111047423400754 1 0 0 1 0 0 1 0 0 1 1 1 1 1 1 0 0 x
0.042895397826375 0 1 0 0 0 0 0 0 0 1 0 0 0 1 0 1 0 x
0.063395611103382 0 1 0 0 0 0 0 1 0 0 1 1 0 0 1 1 1 x
0.079435199036358 0 1 0 0 0 0 1 0 0 0 1 1 1 0 1 1 1 x
0.057969779301702 0 0 0 1 0 0 0 0 0 1 0 0 0 1 0 1 1 x
0.105138236198929 1 0 1 0 0 1 0 0 1 1 1 1 0 1 1 0 1 x
0.050746657437653 0 0 1 0 0 0 0 0 0 0 0 1 0 1 0 1 0 x
0.036623861677585 0 1 0 0 0 0 0 0 0 0 0 0 1 1 0 0 0 x
0.039507926064088 1 0 0 0 0 0 0 0 1 0 0 0 0 0 1 1 0 x
0.099105835028287 0 1 0 0 0 0 0 0 0 1 1 0 0 1 1 0 0 x
0.112612498645918 0 1 1 0 0 0 0 1 1 1 1 0 0 1 1 0 1 x
0.117781095183499 0 1 0 1 0 1 0 0 0 1 1 1 1 0 1 0 1 x
0.030245791434311 1 0 0 0 0 0 0 0 0 0 0 1 1 0 0 0 1 x
0.084035610566391 0 0 1 0 0 0 1 0 0 0 0 1 0 0 1 0 1 x
0.073178911604205 1 0 1 0 0 0 0 0 1 1 1 1 0 0 0 1 1 x
0.053528633190087 0 0 1 0 0 0 0 0 0 0 0 0 1 1 0 0 0 x
0.051983874341515 0 1 0 0 0 0 0 0 0 1 0 0 1 1 0 0 1 x
0.092069317682601 0 1 0 0 0 1 0 1 0 0 1 1 1 0 1 0 1 x
0.129041306215066 1 0 0 1 0 0 0 0 0 0 0 1 1 0 0 0 0 x
0.154087917955802 0 1 0 0 1 0 1 1 1 1 1 1 1 0 1 1 1 x
0.079746106029316 0 1 0 0 0 0 0 0 0 0 1 1 0 1 0 1 0 x
0.062224426787353 0 0 0 1 0 0 0 0 0 0 1 0 0 1 0 1 1 x
0.132654134911502 1 0 0 1 1 0 0 1 1 0 1 1 1 1 1 0 0 x
0.083842812307948 1 0 0 1 0 0 0 1 1 1 1 0 1 1 0 1 1 x
0.070234797354103 1 0 0 0 1 0 0 0 0 0 0 0 1 1 1 0 0 x
0.079607353806965 0 0 1 0 0 0 0 1 0 0 0 1 1 0 1 1 1 x
0.105617834510721 1 1 0 0 0 1 1 0 1 1 1 1 1 1 0 0 1 x
0.029063500969290 1 0 0 0 0 0 0 0 0 0 1 0 1 0 0 0 1 x
0.086845567376959 1 0 1 0 0 0 0 0 0 0 1 1 0 1 0 1 0 x
0.074106708053324 1 0 0 0 1 0 0 1 0 0 1 1 1 1 0 0 1 x
0.079763538029093 1 0 1 0 0 0 0 0 1 1 1 0 1 0 0 1 1 x
0.045712511696640 1 0 0 0 0 0 0 1 0 0 0 0 1 0 1 0 1 x
0.102746345206304 0 0 1 0 1 0 0 0 0 0 0 0 1 1 0 0 1 x
0.082244691395596 1 0 0 0 0 0 0 1 0 0 1 1 1 0 0 0 1 x
0.122973307077299 1 0 0 0 1 0 0 1 1 0 0 0 0 1 1 1 0 x
0.040695279371407 0 0 1 0 0 0 0 0 0 0 0 1 0 1 0 0 1 x
0.088276978804851 1 0 0 1 0 0 0 1 0 0 1 1 1 1 0 1 0 x
0.035890639397949 0 1 0 0 0 0 0 0 0 0 0 0 1 0 0 0 1 x
0.094886643676019 1 0 0 0 0 1 0 1 0 0 0 1 0 1 1 0 0 x
0.073196519764593 1 0 0 0 0 0 0 0 0 0 0 0 0 0 0 1 0 x
0.045648813690072 1 0 0 0 0 0 0 0 1 0 1 0 1 0 0 1 1 x
0.084187544534195 0 1 0 0 0 0 0 1 1 0 1 0 0 1 0 1 1 x
0.040894389893913 0 0 0 1 0 0 0 0 0 0 0 0 1 0 0 0 1 x
0.099363392016722 1 0 0 1 0 0 0 0 1 0 1 0 1 0 0 1 0 x
0.070767030303387 0 0 0 1 0 0 0 0 1 0 0 0 0 1 1 1 0 x
0.107726206089224 0 0 1 1 0 0 0 0 0 0 1 0 1 0 1 0 1 x
0.056865318283945 0 0 0 1 0 0 0 0 0 0 0 0 1 0 1 0 0 x
0.058229331195808 1 0 0 0 0 0 0 0 0 0 1 0 1 1 0 0 1 x
0.091236424846613 1 0 0 0 0 0 1 1 0 0 1 1 0 0 1 1 0 x
0.035388396976262 1 0 0 0 0 0 0 0 0 0 1 0 1 0 0 1 0 x
0.062050193928424 1 0 0 0 0 0 0 1 1 0 1 0 0 1 0 1 1 x
0.042683934635445 1 0 0 0 0 0 0 0 1 0 1 0 0 0 1 0 1 x
0.074395497078061 0 0 0 1 0 0 0 1 0 0 0 0 1 0 0 1 1 x
0.046445888807069 0 0 0 1 0 0 0 0 0 0 0 0 0 0 0 1 1 x
0.105861548675487 1 1 0 0 0 0 0 1 1 0 1 0 1 0 0 1 0 x
0.075452238967416 1 0 0 0 1 0 0 0 1 0 1 0 1 0 1 0 1 x
0.138102420623369 0 0 1 1 0 0 1 1 0 1 1 1 1 1 1 0 1 x
0.085036121132389 1 0 0 1 0 0 0 1 0 1 0 1 1 0 1 1 0 x
0.072179177165804 0 1 0 0 0 0 0 1 0 0 0 0 0 1 0 0 1 x
0.054132279185199 0 1 0 0 0 0 0 0 0 1 0 0 1 0 0 1 0 x
0.091850268995695 0 0 1 0 0 0 0 1 1 0 1 0 0 1 1 1 1 x
0.084158544106593 0 1 0 1 0 0 0 0 0 1 1 0 1 0 1 1 0 x
0.068980240220307 1 0 0 1 0 0 0 0 0 1 1 1 1 0 0 1 1 x
0.057020051157329 0 1 0 0 0 0 0 0 1 1 0 0 0 1 0 1 1 x
0.083694799231611 1 0 0 1 0 0 0 0 1 0 1 0 1 0 1 0 1 x
0.103751381733178 1 0 1 0 0 0 1 0 1 1 1 0 0 1 1 1 0 x
0.094035346625829 0 0 0 1 0 0 0 0 0 0 1 0 1 0 1 1 0 x
0.099159166764170 1 0 0 0 1 0 1 1 0 1 1 1 1 1 0 1 1 x
0.089314253066381 1 0 1 0 0 0 0 1 1 0 1 0 1 1 0 1 0 x
0.084587919565392 0 1 0 1 0 0 0 0 0 0 1 1 1 0 1 0 0 x
0.065594393558911 1 0 0 0 0 0 1 0 1 0 1 0 0 1 1 0 1 x
0.034483138311090 0 1 0 0 0 0 0 0 0 0 1 0 0 1 0 0 1 x
0.065626063411087 1 0 0 0 0 1 0 0 0 1 0 1 0 0 1 1 0 x
0.069100088820862 0 1 0 0 0 1 0 0 0 0 0 1 1 0 1 1 0 x
0.064877821962251 1 0 0 0 0 0 0 1 1 0 1 0 0 0 1 1 1 x
0.037784339196908 1 0 0 0 0 0 0 0 0 1 0 0 0 0 1 0 1 x
0.138665271432810 0 0 1 0 0 1 0 1 1 0 0 1 1 1 1 1 1 x
0.069506127515726 0 1 0 0 0 0 0 0 0 1 0 1 0 0 1 1 1 x
0.090790583876903 0 0 0 1 0 1 0 0 0 0 0 0 1 0 1 1 0 x
0.088976002482464 1 0 0 0 1 0 0 0 0 1 0 0 0 1 1 0 0 x
0.079156142300355 1 0 1 0 0 0 0 0 0 1 0 1 1 0 0 1 0 x
0.084266236437962 1 0 1 0 0 0 0 1 0 1 0 1 1 1 0 0 1 x
0.112052821655844 0 1 1 0 0 0 0 0 1 0 1 0 1 1 0 0 0 x
0.054413256972536 1 0 0 0 0 0 1 0 0 0 1 1 1 0 0 1 1 x
0.080900851283349 0 0 1 0 0 0 0 0 1 0 1 0 0 0 1 0 1 x
0.060625368802437 1 0 0 0 0 1 0 0 0 1 1 1 1 0 0 1 1 x
0.132446467364246 1 1 0 0 0 1 1 1 0 1 1 1 1 1 1 0 0 x
0.096312908321449 1 0 1 0 0 0 0 0 1 0 1 0 1 0 1 0 1 x
0.049888878438764 0 1 0 0 0 0 0 0 0 0 0 0 1 1 0 1 0 x
0.057183069396091 1 0 0 0 0 0 0 0 1 0 1 0 0 1 0 1 0 x
0.075444805468407 1 0 0 0 0 0 1 0 1 1 0 0 0 1 1 1 0 x
0.142421547574823 1 1 0 1 0 0 0 0 1 1 1 1 1 0 1 0 0 x
0.036733732464442 1 0 0 0 0 0 0 0 0 1 1 0 0 0 0 1 1 x
0.053078616785518 0 0 1 0 0 0 0 0 0 0 0 0 1 1 0 1 0 x
0.087769033673794 1 1 0 0 0 0 0 0 1 1 1 0 0 0 1 1 0 x
0.142946181905735 0 1 1 0 0 0 0 0 0 1 0 0 0 1 0 1 0 x
0.079515369438203 0 1 0 0 0 0 0 0 1 0 1 0 1 1 0 0 1 x
0.053235931611593 0 0 1 0 0 0 0 0 0 0 1 0 1 0 0 1 1 x
0.113004096568674 0 1 1 0 0 0 0 1 0 0 1 1 0 0 1 1 0 x
0.059800797425357 1 0 0 0 0 0 1 0 0 1 1 0 1 0 0 1 1 x
0.143976447503919 1 0 0 1 1 0 0 0 1 1 1 0 1 1 1 1 0 x
0.105495987979927 0 1 1 0 0 0 0 1 0 1 0 1 1 0 1 0 1 x
0.075562624924435 0 1 0 0 0 0 1 0 0 1 1 0 0 1 0 1 1 x
0.073735647271912 1 0 0 1 0 0 0 1 0 1 1 1 1 0 1 0 1 x
0.060848667546034 1 0 0 0 1 0 0 0 0 1 1 1 1 0 0 1 1 x
0.088651046817841 1 0 0 0 1 0 0 1 0 1 0 1 1 0 0 1 1 x
0.069538273923851 0 0 1 0 0 0 0 0 0 0 1 0 0 0 1 1 1 x
0.076042269390564 1 0 0 1 0 0 0 0 1 1 1 1 0 0 1 1 1 x
0.149627509075898 0 1 0 1 1 0 0 1 0 1 1 1 1 0 1 1 0 x
0.113762171269344 0 0 0 1 0 1 0 0 1 0 0 1 0 1 1 1 0 x
0.075123730933767 0 1 0 0 1 0 0 0 0 0 1 0 1 1 0 0 1 x
0.099794150604505 0 1 0 0 1 0 0 0 0 0 1 0 1 0 1 0 0 x
0.082668107943895 0 1 0 0 1 0 0 0 0 1 1 0 0 1 1 0 1 x
0.080326817473937 1 1 0 0 0 0 0 0 1 1 1 1 1 0 0 1 1 x
0.210527761612466 0 1 1 1 0 0 0 0 1 1 1 1 1 1 1 1 0 x
0.073599655634985 1 1 0 0 0 0 0 1 1 1 1 1 0 0 1 0 1 x
0.085271022124133 1 0 0 1 0 0 0 1 1 1 0 1 1 1 1 0 1 x
0.101367863682002 1 1 0 0 0 1 0 1 1 1 1 1 0 0 1 1 0 x
0.078409783488996 0 1 0 0 0 1 0 0 0 1 0 0 0 1 1 1 0 x
0.123649941520373 1 1 0 0 1 0 0 0 1 1 1 0 1 1 0 0 1 x
0.047805065581926 1 0 0 0 0 0 0 0 1 0 0 0 1 0 1 1 0 x
0.047091245605338 0 1 0 0 0 0 0 0 1 0 0 0 0 0 1 1 0 x
0.059606875215166 0 0 1 0 0 0 0 0 0 0 0 0 0 0 1 0 0 x
0.081346607825497 0 1 0 0 0 0 0 1 0 0 0 1 1 0 1 1 1 x
0.084957863865125 1 1 0 0 0 0 1 0 1 1 1 1 0 0 1 0 1 x
0.087844835584705 0 1 0 0 0 1 0 0 0 0 1 0 0 0 1 1 0 x
0.055408843973958 0 1 0 0 0 0 0 0 1 0 0 1 1 0 0 1 1 x
0.122742836441260 0 1 0 0 0 1 0 0 1 1 0 1 0 0 1 1 0 x
0.090989455773274 0 1 0 0 0 1 0 0 1 0 1 0 0 1 1 0 1 x
0.074105620108534 1 0 0 1 0 0 0 0 0 1 0 1 0 1 1 0 0 x
0.072285356271194 1 0 0 0 1 0 0 0 0 1 0 1 0 0 1 1 0 x
0.128328615684790 1 0 0 1 1 0 0 1 1 1 1 1 1 1 0 1 1 x
0.055615289697200 0 1 0 0 0 0 0 1 0 0 0 0 0 1 1 1 0 x
0.076299599335714 1 0 1 0 0 0 0 0 0 1 1 1 0 0 1 0 1 x
0.038878481075905 1 0 0 0 0 0 0 0 0 1 1 0 0 0 1 0 1 x
0.114101215516613 0 1 0 0 0 1 0 0 0 0 1 0 1 1 0 0 0 x
0.044654794267117 1 0 0 0 0 0 0 1 0 0 0 1 0 0 1 1 0 x
0.109537474945256 1 0 0 0 1 1 0 0 0 0 1 1 1 0 1 0 0 x
0.141331643829628 1 0 1 0 1 0 0 1 1 1 1 0 1 1 1 0 1 x
0.111009283116761 0 0 1 0 0 0 1 1 0 1 0 1 1 1 1 1 1 x
0.028060848665510 1 0 0 0 0 0 0 0 0 0 0 1 0 0 1 0 0 x
0.118085540173474 0 1 0 1 0 0 0 0 0 1 1 0 0 0 1 0 1 x
0.097617933665907 1 1 0 0 0 0 1 1 0 1 1 1 0 0 1 1 0 x
0.096799742887785 1 0 1 0 0 0 0 1 1 0 1 1 0 0 1 0 1 x
0.068846391697538 1 0 0 0 0 0 1 0 0 1 1 1 0 0 0 1 1 x
0.071377658035115 1 0 0 0 1 0 0 0 0 1 0 0 1 1 0 0 1 x
0.054436628734459 1 0 0 0 0 0 0 0 0 1 1 0 0 1 0 1 1 x
0.043411635577238 0 0 1 0 0 0 0 0 0 0 0 1 0 0 0 1 1 x
0.090978274981333 1 0 1 0 0 0 0 1 0 1 1 1 0 0 0 1 1 x
0.077806133692869 0 1 1 0 0 0 0 0 1 1 1 1 1 0 0 1 1 x
0.119173411971574 0 1 0 0 1 1 0 0 0 1 1 1 1 1 1 0 1 x
0.056419607207024 0 1 0 0 0 0 0 0 0 1 1 0 0 1 0 1 1 x
0.106335832728402 1 0 1 0 0 0 1 0 0 1 0 1 0 1 1 0 0 x
0.164490831289836 0 0 0 1 1 0 0 0 0 0 0 0 1 1 0 0 0 x
0.059522326281965 0 0 1 0 0 0 0 0 1 0 0 0 0 1 1 1 0 x
0.090685221649151 0 0 1 0 0 1 0 0 0 1 0 0 0 1 1 1 0 x
0.069315549736167 0 1 0 0 0 0 1 0 0 1 0 0 0 1 1 1 0 x
0.088230442878263 0 0 1 0 1 0 0 0 0 1 1 1 1 0 0 1 1 x
0.062285125647224 0 0 1 0 0 0 0 0 0 0 0 1 1 0 0 1 1 x
0.072534628035586 0 1 0 0 0 0 0 0 0 0 0 1 1 1 0 0 1 x
0.104157346826925 1 0 0 0 1 0 1 0 0 1 1 0 1 0 1 0 1 x
0.146471817457848 0 0 1 0 1 1 0 0 0 1 1 1 0 1 1 0 1 x
0.133652464310160 0 1 0 0 1 0 0 1 0 0 0 1 0 0 1 1 0 x
0.055607180698403 1 0 0 0 0 0 0 1 0 0 0 0 0 1 1 1 0 x
0.155153641773078 0 0 1 1 0 1 0 0 1 1 1 0 1 1 1 1 0 x
0.072754103351156 0 0 1 0 0 0 0 1 0 0 0 1 0 0 1 0 1 x
0.075322212957161 1 0 0 0 0 1 0 1 0 0 0 1 1 0 1 1 0 x
0.151534968664672 0 1 1 0 1 0 0 0 0 1 1 1 1 0 1 0 1 x
0.062444249380266 0 0 0 1 0 0 0 0 0 0 1 0 1 0 0 1 1 x
0.063831187074028 1 0 0 0 0 0 1 0 0 1 0 1 0 0 1 1 0 x
0.077050888033913 1 0 0 0 0 1 0 0 0 1 0 1 1 1 0 1 0 x
0.066719764931639 0 0 1 0 0 0 0 1 0 0 0 0 1 1 0 0 1 x
0.068390817861622 0 1 0 0 0 0 0 0 1 1 0 0 0 1 1 1 0 x
0.103300807364762 0 0 1 0 1 0 0 0 1 0 1 1 0 1 0 1 1 x
0.045841093037372 0 0 0 1 0 0 0 0 0 0 0 1 0 0 1 0 1 x
0.124105139722261 0 0 1 1 0 0 1 0 1 1 1 1 1 1 0 1 1 x
0.163982642209019 0 1 1 0 0 1 0 0 0 0 1 1 0 1 0 0 1 x
0.101586810315260 0 1 0 0 0 1 0 1 1 1 1 1 1 1 1 1 1 x
0.112057786052782 0 1 0 0 0 0 1 0 1 1 1 0 0 0 1 1 1 x
0.092608236099270 1 0 0 1 0 0 0 0 1 1 0 1 0 0 1 0 1 x
0.083017713915834 0 1 0 1 0 0 0 0 0 1 1 0 1 1 0 1 0 x
0.141664320315243 0 1 0 0 1 0 0 0 0 1 0 0 1 0 0 0 1 x
0.108053994713247 0 1 0 1 0 0 0 1 0 1 1 0 0 1 1 1 0 x
0.038522276038598 1 0 0 0 0 0 0 0 0 1 0 0 0 1 1 0 0 x
0.052903874202083 0 0 1 0 0 0 0 0 0 0 1 0 0 1 0 1 0 x
0.129215772742426 0 0 1 0 1 0 1 0 0 1 0 1 1 1 1 1 0 x
0.165317770162438 1 0 1 1 0 0 0 1 1 1 1 0 1 1 1 0 1 x
0.058254542970485 1 0 0 0 0 1 0 0 0 0 1 1 0 0 1 0 1 x
0.044433783691100 1 0 0 0 0 0 0 0 1 0 0 1 0 0 1 1 0 x
0.061745254386384 1 0 0 0 0 1 0 0 0 1 1 0 1 0 1 0 1 x
0.090157224081780 0 0 0 1 0 0 1 0 0 0 0 0 1 1 0 0 1 x
0.084779680413041 1 0 0 1 0 0 1 0 1 1 1 1 1 0 1 0 1 x
0.129518976376861 1 1 0 0 0 1 0 0 1 1 1 0 0 1 1 0 1 x
0.176593821721070 1 1 1 0 0 1 0 1 1 1 1 1 1 1 0 0 0 x
0.068992865093105 1 0 0 0 1 0 0 0 0 1 1 1 0 1 0 0 1 x
0.132561328423993 0 0 1 1 0 0 1 0 0 1 1 0 1 1 1 0 0 x
0.062832843702033 1 0 0 0 1 0 0 0 0 0 1 1 1 0 0 0 1 x
0.072847545525026 1 0 0 1 0 0 0 0 0 1 1 1 0 1 0 1 0 x
0.123882633023753 1 0 0 1 1 0 0 0 0 1 1 1 1 0 1 0 1 x
0.053856034415253 0 0 1 0 0 0 0 0 0 1 0 1 0 0 0 1 1 x
0.091511513622180 0 1 0 0 0 1 0 1 0 0 1 1 0 1 1 1 0 x
0.088622252901577 1 0 1 0 0 0 0 1 1 1 0 1 1 0 0 1 1 x
0.104266039097387 1 1 0 0 0 0 1 0 0 1 1 0 1 1 0 0 0 x
0.085266499264931 1 0 0 1 0 0 1 0 1 1 1 1 1 1 0 1 1 x
0.079713060582518 1 0 0 0 0 0 1 1 1 0 0 1 1 1 0 1 1 x
0.090688803214845 1 0 0 0 1 1 0 0 0 1 1 1 1 1 0 0 1 x
0.061170979288140 0 0 0 1 0 0 0 0 0 1 0 0 1 0 0 1 1 x
0.074762882174893 1 0 0 1 0 0 0 0 0 1 1 0 1 1 0 1 0 x
0.125834755666974 0 1 0 1 0 1 0 0 0 0 1 1 1 1 0 1 0 x
0.070616179915895 1 0 0 1 0 0 0 0 1 1 1 1 0 1 1 0 1 x
0.093467100343157 0 0 1 0 1 0 0 0 0 0 1 0 1 0 1 0 1 x
0.099874185065361 1 0 0 1 0 1 0 0 0 1 1 1 1 0 1 0 1 x
0.103623664828040 1 0 1 0 0 0 1 0 1 0 1 1 1 0 0 1 1 x
0.108151247731554 1 0 1 0 0 0 1 0 1 0 1 1 0 0 1 1 0 x
0.064752347042290 1 0 0 0 0 1 0 0 0 0 1 1 1 0 0 0 1 x
0.052959013472324 1 0 0 0 0 0 1 0 0 0 0 0 1 1 1 0 0 x
0.063057691030666 0 0 1 0 0 0 0 0 1 0 0 1 0 1 0 1 1 x
0.071444621843728 1 0 0 0 0 1 0 0 1 0 1 0 1 0 1 0 1 x
0.083485198987113 1 0 0 1 0 0 0 0 1 1 0 0 1 1 0 0 1 x
0.146559726187272 1 0 1 0 0 1 1 0 1 1 1 0 1 1 1 0 1 x
0.089966697552930 0 0 1 0 0 1 0 0 0 1 1 1 0 1 0 1 1 x
0.049212853869744 0 1 0 0 0 0 0 0 1 0 0 1 0 0 1 0 1 x
0.060232991800028 0 0 1 0 0 0 0 1 0 0 0 0 0 1 1 1 0 x
0.061061671495863 1 0 0 0 0 0 1 0 0 0 1 0 0 1 0 1 0 x
0.048989000018149 1 0 0 0 0 0 0 1 0 0 1 0 1 0 1 0 1 x
0.044463813042104 1 0 0 0 0 0 0 0 0 1 0 1 0 1 0 0 1 x
0.086406670277947 0 0 0 1 0 0 0 0 1 0 0 1 0 1 1 0 1 x
0.069874329726768 1 0 0 0 1 0 0 0 1 0 1 1 0 1 1 0 1 x
0.104789713219431 0 1 0 0 0 1 1 0 0 1 1 1 1 0 1 1 1 x
0.073535563536509 1 1 0 0 0 0 0 0 1 1 1 1 0 1 0 0 1 x
0.089430477273402 1 0 0 0 1 0 0 1 1 0 0 1 1 1 1 0 1 x
0.075316159271707 0 1 0 0 0 0 0 1 1 0 0 1 0 0 1 1 1 x
0.120043006247480 0 0 1 0 1 0 0 0 1 0 0 0 1 0 1 1 0 x
0.122384738894495 0 0 0 1 1 0 0 0 0 0 1 1 0 0 0 1 1 x
0.133477323041692 0 1 1 0 0 0 0 0 1 1 0 1 0 0 1 1 1 x
0.085329185106988 1 0 0 0 1 0 1 0 1 1 1 1 1 1 1 0 1 x
0.092694101861430 0 1 1 0 0 0 0 0 0 0 0 1 1 1 0 0 0 x
0.099952298650581 1 1 0 0 0 1 0 1 1 1 1 1 0 1 0 0 1 x
0.102766608274103 0 1 0 0 1 0 0 0 1 0 1 1 0 1 0 0 1 x
0.095064169187126 1 0 0 1 0 0 0 1 1 1 0 1 1 0 0 1 1 x
0.083495755281449 0 1 0 0 0 0 0 0 1 0 0 1 0 1 1 0 0 x
0.079538830738632 0 1 0 0 0 0 1 0 1 0 0 1 1 0 1 1 1 x
0.088464353556683 0 1 1 0 0 0 0 1 1 1 1 1 1 1 0 1 1 x
0.087709629910862 1 1 0 0 0 0 0 0 1 1 0 1 0 1 1 0 0 x
0.076362174472480 0 1 0 1 0 0 0 0 0 1 1 1 1 0 0 1 1 x
0.154100489161283 1 0 1 1 0 0 1 0 1 1 1 1 1 1 0 1 0 x
0.082316715158086 1 0 0 0 1 0 0 0 1 1 1 0 0 1 0 1 1 x
0.094624515922739 1 0 1 0 0 0 0 1 1 1 0 0 1 1 1 0 0 x
0.043970929006645 1 0 0 0 0 0 0 0 0 0 1 1 0 0 0 1 1 x
0.081549325396260 1 0 0 0 1 0 0 0 0 0 1 0 1 1 0 0 0 x
0.121778554038284 1 0 1 0 0 0 0 1 1 0 0 1 0 0 1 1 0 x
0.075255721823651 1 0 0 0 1 0 0 0 1 0 1 1 0 0 1 1 0 x
0.120702431274612 1 1 0 0 1 0 0 0 1 1 1 1 0 0 1 1 0 x
0.114630281336422 1 1 0 0 0 1 0 0 1 0 1 1 0 1 1 0 0 x
0.138230451697261 1 1 0 1 0 0 0 0 1 1 1 1 0 1 0 1 0 x
0.134169069959076 1 0 0 0 1 1 0 1 1 0 1 1 1 1 0 1 1 x
0.086297244144261 1 1 0 0 0 0 1 1 1 1 1 1 0 1 0 1 1 x
0.083209134111689 0 1 0 0 0 1 0 0 1 0 0 1 1 1 0 0 1 x
0.068713303660215 1 0 0 0 0 1 0 0 0 1 0 0 1 1 1 0 0 x
0.119151885637795 0 1 0 0 1 0 1 0 0 1 1 0 1 1 0 1 0 x
0.092223538536303 0 1 0 1 0 0 0 1 0 1 1 1 0 1 1 0 1 x
0.114943887027545 1 0 0 0 0 1 1 0 0 1 1 1 0 0 1 0 1 x
0.070912789749167 0 1 0 0 0 0 0 0 1 0 0 0 0 0 1 1 1 x
0.091833501868776 0 0 0 0 0 1 0 0 0 0 0 0 1 1 0 0 1 x
0.167561286503239 1 1 0 0 1 0 1 0 0 1 1 1 1 1 1 0 0 x
0.109618757527124 1 1 0 0 0 0 0 0 1 0 1 0 1 0 0 0 1 x
0.080872133269533 1 0 0 0 1 0 0 0 1 0 0 1 0 1 1 0 0 x
0.079575311316922 0 0 0 0 0 1 0 0 0 0 0 0 1 0 0 1 0 x
0.084204525995984 0 0 1 0 0 1 0 0 0 0 1 0 1 0 1 0 1 x
0.075376188831825 1 0 0 0 1 0 0 0 1 1 1 0 0 1 1 0 1 x
0.059449983158961 1 0 0 0 0 0 0 1 0 0 0 1 0 1 1 0 0 x
0.091136050460643 1 0 1 0 0 0 1 0 0 1 1 1 0 1 0 1 0 x
0.094043468587946 1 0 0 1 0 0 0 0 1 1 1 0 1 1 1 0 0 x
0.093674264715172 0 1 0 1 0 0 0 1 0 0 1 1 1 0 1 0 1 x
0.076565703918961 1 0 0 0 0 1 0 1 0 0 1 0 1 1 1 0 1 x
0.030127496236335 1 0 0 0 0 0 0 0 0 0 1 0 0 1 0 0 1 x
0.129848902561323 0 0 0 1 0 1 0 0 1 0 0 1 1 0 0 1 1 x
0.101583076702868 0 0 0 0 1 1 0 0 0 0 0 0 1 0 1 1 0 x
0.158969310353013 1 1 0 1 0 1 0 1 1 1 1 1 1 1 0 0 0 x
0.079093404201231 1 0 0 0 1 0 0 1 0 0 1 1 1 0 1 1 0 x
0.126153011312109 1 0 0 1 1 0 0 0 1 1 1 1 0 1 1 1 0 x
0.038939393584189 1 0 0 0 0 0 0 0 0 0 0 0 1 0 0 0 1 x
0.051388943275104 1 0 0 0 0 0 0 0 0 1 1 0 1 0 0 1 1 x
0.064548467130106 0 0 0 1 0 0 0 0 0 0 0 0 0 1 1 1 0 x
0.075265142177661 1 0 0 0 0 1 0 0 0 0 1 0 1 0 0 1 0 x
0.081159745048282 0 1 0 0 0 0 1 0 0 1 0 0 1 1 0 1 0 x
0.109136147645310 1 0 0 0 1 0 1 0 1 0 1 1 1 0 1 1 1 x
0.100374729073676 0 1 0 0 0 1 0 1 0 1 1 1 0 1 1 0 1 x
0.102328217957794 0 1 0 0 0 0 0 1 0 0 1 1 1 0 1 1 0 x
0.083648517366088 0 1 0 0 0 0 1 1 0 0 0 1 1 1 0 1 1 x
0.142686275993281 0 0 1 0 1 0 1 0 1 1 1 1 1 1 1 1 1 x
0.123478330046811 0 1 1 0 0 1 0 0 0 1 1 1 1 0 1 0 1 x
0.149460599015467 0 1 1 0 1 0 0 0 0 1 1 1 1 1 0 1 0 x
0.164381430833887 1 1 1 0 0 0 0 1 0 1 1 1 1 0 0 1 0 x
0.086350548268996 0 0 0 1 0 0 1 0 0 0 0 1 1 0 1 0 1 x
0.031405439338888 0 1 0 0 0 0 0 0 0 0 0 0 0 1 0 1 0 x
0.121267721961133 0 0 0 0 1 1 0 0 1 0 0 0 1 1 1 1 0 x
0.094957959976592 1 0 1 0 0 0 1 0 1 1 1 0 1 0 1 1 0 x
0.157985684397477 0 0 1 1 0 0 1 0 0 1 1 1 0 0 1 1 1 x
0.100666384030766 1 1 0 0 0 1 0 0 1 1 1 1 1 0 0 1 0 x
0.081702206649968 0 0 1 0 0 1 0 0 0 0 0 0 1 0 1 1 0 x
0.027429320929304 0 1 0 0 0 0 0 0 0 0 0 0 0 1 1 0 0 x
0.074721392530205 0 0 0 1 0 0 0 0 0 0 1 0 1 0 1 0 1 x
0.090759301556281 1 0 0 0 1 0 0 0 1 0 1 1 1 0 0 1 0 x
0.108238861175167 1 1 0 0 1 0 0 1 1 1 1 1 0 1 0 0 1 x
0.052171678970199 0 0 1 0 0 0 0 0 0 0 1 1 0 0 0 1 1 x
0.049174706721239 1 0 0 0 0 0 0 1 0 0 0 1 1 0 0 1 1 x
0.099984338000443 0 0 1 0 1 0 0 0 0 1 1 0 1 1 0 0 1 x
0.059626130787486 0 1 0 0 0 0 0 0 1 1 0 0 0 1 1 0 1 x
0.112974995566160 0 1 0 1 0 0 1 0 0 0 1 1 1 0 1 0 1 x
0.111718126443372 1 0 0 1 0 1 0 0 1 1 1 1 0 1 0 1 1 x
0.078711448769266 0 1 0 0 0 0 1 0 0 0 0 0 0 1 1 0 0 x
0.088265366416666 1 0 0 0 0 0 1 1 0 0 1 0 0 1 0 1 1 x
0.136513168209322 1 1 0 1 0 0 0 1 1 1 1 0 1 1 0 1 0 x
0.102142371695515 0 0 1 0 0 1 0 0 0 1 0 0 1 1 0 0 1 x
0.105787390005737 0 0 1 0 1 0 0 1 0 0 1 1 1 1 0 1 1 x
0.081862496605950 0 1 0 0 1 0 0 0 1 0 1 1 0 1 1 0 1 x
0.158074874444398 0 1 0 1 1 0 0 0 0 0 1 1 0 1 1 0 0 x
0.065730142413946 1 0 0 0 0 1 0 0 1 0 1 1 0 1 1 0 1 x
0.045299810536640 0 0 1 0 0 0 0 0 0 0 0 1 0 0 1 1 0 x
0.112409451280933 0 1 0 1 0 0 0 1 0 1 1 1 0 0 1 1 1 x
0.075726760606517 0 1 0 0 1 0 0 0 0 1 1 1 0 1 0 1 1 x
0.031991387311395 0 0 1 0 0 0 0 0 0 0 0 0 0 1 1 0 0 x
0.109297523427524 0 1 1 0 0 0 0 1 0 1 0 0 1 1 1 0 0 x
0.109278798469726 0 0 0 0 1 1 0 0 0 1 0 1 1 1 0 1 1 x
0.119474659458369 0 0 0 0 1 1 0 0 0 0 1 0 1 0 0 1 1 x
0.111569145853973 0 1 1 0 0 0 0 0 0 0 1 0 0 1 1 0 0 x
0.092267430092364 0 1 1 0 0 0 0 0 0 1 0 1 0 1 1 0 0 x
0.105210916435778 0 0 0 1 1 0 0 0 0 0 0 0 1 0 1 1 0 x
0.078423705372149 0 0 1 0 0 0 1 0 0 0 0 0 1 1 1 0 0 x
0.091898669572196 1 0 1 0 0 0 1 0 1 1 1 1 1 1 0 1 1 x
0.103144371593583 1 0 0 1 0 0 1 0 0 1 0 1 1 0 1 0 1 x
0.108240380669701 0 1 1 0 0 0 0 1 1 0 0 1 1 1 0 0 1 x
0.066200534281427 0 1 0 0 0 1 0 0 0 0 0 0 1 1 1 0 0 x
0.046676975873416 1 0 0 0 0 0 0 0 1 1 0 0 0 1 0 1 1 x
0.051626684589949 0 1 0 0 0 0 0 0 0 0 1 0 1 0 0 1 1 x
0.081766571166686 0 0 0 0 1 0 0 1 0 0 0 0 1 1 0 1 1 x
0.100645890751330 0 1 0 0 1 0 0 1 0 1 1 0 1 1 0 1 1 x
0.052215116865027 0 0 0 0 1 0 0 0 0 0 0 0 1 0 0 1 1 x
0.086851820281814 0 0 0 0 1 0 0 0 0 0 0 0 1 1 0 1 0 x
0.137019277261536 0 0 0 0 1 0 0 0 1 1 0 0 1 0 0 1 1 x
0.103527646888762 0 0 0 1 1 0 0 0 0 0 0 1 1 0 0 1 1 x
0.126220988834520 0 0 1 0 1 0 0 0 0 0 1 0 1 0 0 1 0 x
0.139276099296591 0 0 0 1 1 0 1 0 0 0 1 1 1 1 0 1 1 x
0.075020769392787 0 1 0 0 1 0 0 0 0 0 1 1 1 0 0 1 1 x
0.099391938453883 0 0 0 0 1 0 1 0 0 0 1 0 1 1 0 1 1 x
0.129142820864840 0 0 0 0 1 0 1 1 0 0 0 1 1 1 1 1 1 x
0.091353903601366 0 0 1 0 0 1 0 0 0 0 0 1 0 1 1 0 0 x
0.093948680492807 0 0 1 0 0 0 1 0 0 0 0 1 0 1 1 0 0 x
0.111871962583560 0 0 1 0 0 0 1 0 0 1 1 0 1 0 1 0 1 x
0.135214948931430 1 0 1 0 0 1 0 0 0 1 0 0 1 1 1 0 0 x
0.087963709739770 0 0 0 1 0 0 0 0 0 0 0 1 0 1 1 0 0 x
0.148386960080234 1 1 1 0 0 0 1 0 1 1 1 1 1 0 0 0 1 x
0.100247945767436 0 0 0 0 0 0 0 0 0 0 0 0 1 0 0 0 1 x
0.073385600379289 0 0 0 0 1 0 0 0 0 0 1 0 0 1 0 1 1 x
0.090971222578468 1 0 0 0 1 0 0 0 0 1 0 1 1 1 1 0 0 x
0.089238194807869 1 0 0 0 1 0 0 1 0 0 1 0 1 1 1 0 1 x
0.054033635747434 1 0 0 0 0 0 0 1 0 1 0 0 0 1 0 1 1 x
0.059810519417772 0 0 0 0 1 0 0 0 0 0 0 0 0 1 1 0 0 x
0.078621689886476 1 0 0 0 0 0 1 1 0 1 0 1 0 1 1 0 1 x
0.077650686405922 0 0 0 0 1 0 0 0 1 0 0 0 0 1 1 0 1 x
0.127005460651637 1 0 1 0 0 0 1 1 1 0 1 0 1 1 1 1 0 x
0.087302837013504 0 1 0 0 0 1 0 1 0 1 1 1 1 1 0 1 1 x
0.067429985217664 0 0 0 0 1 0 0 0 0 0 0 0 1 1 0 0 1 x
0.038828187520990 0 0 0 0 1 0 0 0 0 0 0 0 0 1 0 0 1 x
0.076473606099207 1 0 0 1 0 0 0 0 1 0 1 1 0 0 1 1 0 x
0.096408293898041 0 0 1 0 1 0 0 0 0 0 1 1 0 1 0 0 1 x
0.194438095004826 1 1 0 1 1 0 0 1 0 1 1 1 1 1 0 0 0 x
0.063304747483083 1 0 0 0 0 0 1 0 0 1 0 0 1 1 0 1 0 x
0.097523826650287 0 0 1 0 1 0 0 0 0 1 0 0 1 1 1 0 0 x
0.096156655598918 0 1 0 0 1 0 0 0 1 0 1 1 0 0 1 1 0 x
0.101385511501843 0 0 0 0 1 1 0 0 0 0 0 0 0 1 1 0 1 x
0.047765081751399 1 0 0 0 0 0 0 0 0 1 0 0 1 0 1 0 0 x
0.069936270438187 0 0 0 0 1 0 0 0 1 0 0 0 0 1 0 1 1 x
0.109037958131241 1 0 0 0 1 1 0 0 1 1 1 0 1 1 1 0 1 x
0.093637153443349 0 0 1 0 0 0 1 0 0 1 0 0 1 0 1 1 0 x
0.079191840716642 1 0 0 0 0 1 0 0 1 0 1 1 0 0 1 1 0 x
0.096105568134590 1 0 1 0 0 0 1 0 1 1 1 1 0 0 1 0 1 x
0.080125927941051 1 0 0 0 1 0 0 0 0 1 0 1 0 0 1 0 1 x
0.106560932047657 1 0 0 0 0 1 1 1 0 0 1 1 1 1 0 1 1 x
0.124079656973944 1 0 1 0 0 0 0 1 0 0 0 1 1 0 0 0 1 x
0.086937645716155 0 1 0 1 0 0 0 0 1 1 0 1 1 0 1 0 1 x
0.136743554283885 0 1 0 0 1 1 0 0 0 0 1 1 0 1 1 1 0 x
0.136520461974937 0 0 1 0 1 0 0 0 1 1 0 0 0 1 1 0 1 x
0.109010074307571 0 0 1 0 0 0 0 1 1 0 0 0 1 0 0 1 1 x
0.066492332320561 1 0 0 0 1 0 0 0 0 0 0 1 1 0 1 0 0 x
0.091911570180308 1 1 0 0 0 0 1 0 1 1 0 1 1 1 0 0 1 x
0.084581087427165 1 0 1 0 0 0 0 0 1 1 0 0 1 1 0 1 0 x
0.067131853859478 1 0 0 1 0 0 0 0 0 0 1 1 1 0 0 0 1 x
0.121851488102231 0 0 1 0 1 0 0 0 0 1 0 0 1 0 1 1 1 x
0.108180780504333 1 0 1 0 1 0 0 1 1 1 1 1 1 1 0 0 1 x
0.091248536414392 0 0 0 0 1 0 1 0 0 0 0 0 0 1 0 1 1 x
0.086702635995343 0 1 0 1 0 0 0 0 0 1 0 0 1 1 1 0 0 x
0.096690733215546 1 0 1 0 0 0 1 1 0 1 1 1 1 0 1 1 0 x
0.100953233070201 0 1 0 0 1 0 1 0 0 1 1 1 1 1 0 1 1 x
0.083805994065911 1 0 0 1 0 0 0 1 1 1 1 1 0 1 1 1 0 x
0.039636227792385 0 1 0 0 0 0 0 0 0 0 1 0 0 1 0 1 0 x
0.064859581136836 0 1 0 0 0 0 0 0 1 0 1 0 1 0 1 0 1 x
0.120648733292156 0 0 0 1 1 0 0 0 1 0 1 1 1 0 1 0 1 x
0.098293062470956 1 0 0 0 1 0 1 0 0 1 1 0 1 1 1 1 0 x
0.107085626823064 0 1 1 0 0 0 0 0 1 0 0 1 1 0 0 1 0 x
0.063926896752507 1 0 0 0 0 0 1 0 0 1 1 0 0 0 1 1 1 x
0.037612999649432 0 0 0 0 1 0 0 0 0 0 0 0 0 0 1 1 0 x
0.068971357363023 0 0 0 0 1 0 0 0 0 1 0 0 0 1 0 1 1 x
0.097962148359935 0 0 0 0 1 0 1 0 0 0 0 0 1 0 1 1 0 x
0.066882603739715 1 0 0 0 0 1 0 0 0 0 1 0 0 1 1 0 0 x
0.127200538997332 0 0 0 1 1 0 0 0 0 0 0 1 0 0 1 0 1 x
0.143429680692781 1 0 1 0 1 0 1 0 0 1 1 1 1 1 0 0 1 x
0.091807196585801 0 0 0 0 1 0 0 0 1 0 0 0 0 0 1 1 0 x
0.102680123233605 1 0 0 0 1 0 1 0 1 1 1 0 1 1 0 1 1 x
0.084669056462034 0 1 0 0 0 1 0 0 1 1 0 1 1 1 1 0 1 x
0.063059241194566 0 1 0 0 0 0 0 0 0 0 0 0 0 1 0 0 0 x
0.071424254027612 0 0 0 0 1 0 0 0 0 0 0 0 0 0 1 1 1 x
0.051607905542952 1 0 0 0 0 0 0 1 0 1 0 0 1 0 0 1 1 x
0.102778629048872 0 0 1 0 0 1 0 0 0 1 0 1 1 1 1 1 0 x
0.074093910233955 1 0 0 0 1 0 0 0 1 1 0 1 1 1 0 1 1 x
0.137224366163428 1 0 1 0 1 0 1 1 1 1 1 1 1 1 1 0 0 x
0.114703063581960 1 0 0 1 1 0 0 0 1 1 1 1 1 0 1 1 0 x
0.085568730434054 0 0 0 0 1 0 1 0 0 0 0 0 0 1 1 1 0 x
0.046509885003417 1 0 0 0 0 0 0 0 1 0 1 0 0 0 1 1 0 x
0.088195007452639 1 0 0 0 1 0 1 0 0 0 1 1 1 1 0 1 0 x
0.086801637664196 0 1 0 0 1 0 0 0 1 0 0 1 1 0 1 0 1 x
0.130736308945953 0 0 1 0 1 0 0 1 0 0 0 0 1 1 1 0 0 x
0.098991776350540 0 0 1 1 0 0 0 0 0 0 0 0 1 1 1 0 0 x
0.168471721326309 0 0 1 1 0 1 0 1 0 1 1 1 0 1 1 1 0 x
0.061440046879125 1 0 0 0 0 1 0 0 0 1 1 0 0 1 1 0 1 x
0.074365912847880 0 0 0 1 0 0 0 1 0 0 0 1 0 0 1 1 1 x
0.074521176103919 0 0 0 0 1 0 0 0 0 0 0 1 0 0 1 1 0 x
0.108337462886819 1 0 1 0 0 1 0 1 1 1 1 1 1 1 0 1 1 x
0.090531473885957 1 0 0 0 1 0 0 1 0 0 1 1 0 1 1 0 0 x
0.029633885632623 0 1 0 0 0 0 0 0 0 0 0 0 1 0 1 0 0 x
0.092379970998396 0 1 0 0 0 0 1 1 0 0 0 1 1 0 1 0 1 x
0.104421975432173 1 1 0 0 0 0 1 1 1 1 0 1 1 1 1 0 0 x
0.147556726629890 0 1 0 1 1 0 0 0 1 1 1 1 1 1 0 1 1 x
0.069961196775563 0 1 0 0 0 1 0 0 0 0 1 1 0 1 1 0 1 x
0.129601982794436 0 0 0 1 1 0 0 1 0 0 1 1 1 0 1 1 1 x
0.066413312665863 0 1 0 0 0 0 0 1 0 0 0 0 1 1 1 0 0 x
0.037159082600522 0 1 0 0 0 0 0 0 0 0 1 0 0 0 1 1 0 x
0.073702016851955 0 0 0 0 1 0 0 0 0 0 0 1 0 1 0 0 1 x
0.044703215418209 1 0 0 0 0 0 0 1 0 0 0 1 0 1 0 0 1 x
0.122832619612182 1 0 0 1 1 0 0 0 1 0 1 1 1 1 0 0 1 x
0.037127255791891 1 0 0 0 0 0 0 0 0 0 1 0 0 0 1 0 1 x
0.120037670597846 0 0 0 0 1 1 0 0 1 0 0 1 1 1 1 0 1 x
0.078638014353893 0 0 1 0 0 1 0 0 0 0 1 1 1 0 0 1 1 x
0.142765784302195 0 0 0 1 0 0 1 1 1 0 1 1 1 1 1 1 1 x
0.078942079308379 1 1 0 0 0 0 0 1 1 1 1 1 0 0 1 1 0 x
0.092295343974959 0 1 0 0 1 0 0 0 1 0 0 0 1 1 1 0 0 x
0.074696772033282 1 0 0 0 0 0 1 0 1 0 0 1 0 0 1 1 1 x
0.089284883986796 0 1 0 1 0 0 0 0 1 0 1 1 1 0 1 1 0 x
0.092428221400106 1 1 0 0 0 0 0 0 1 0 0 1 1 0 1 0 0 x
0.089843052602713 0 1 0 0 1 0 0 0 1 1 0 1 0 1 1 0 1 x
0.112468315707634 0 0 1 0 0 1 0 1 0 1 1 1 1 0 1 1 1 x
0.062234957891823 0 0 0 0 0 1 0 0 0 0 0 0 0 1 0 1 0 x
0.079364137833215 1 0 0 0 1 0 0 1 0 0 0 1 1 1 0 1 0 x
0.115877083147074 0 1 1 0 0 0 1 0 1 1 0 1 1 1 1 0 0 x
0.067254994821171 1 0 0 0 0 0 1 0 1 1 0 0 1 1 1 0 1 x
0.073134158943783 0 0 0 0 1 0 0 0 0 0 0 0 1 0 1 1 0 x
0.134003519079587 0 0 0 0 1 1 0 0 0 0 0 1 0 1 0 0 1 x
0.128381969134983 0 1 1 0 1 0 0 1 1 1 1 1 1 1 0 0 1 x
0.066380916342067 1 0 0 0 0 0 1 0 0 0 0 1 1 0 1 0 0 x
0.139237793948211 1 1 1 0 0 0 0 1 1 1 1 1 0 1 0 0 1 x
0.036403909316423 0 0 0 1 0 0 0 0 0 0 0 0 0 0 1 0 1 x
0.242530977711182 1 0 1 1 1 1 0 1 1 1 1 1 1 1 1 0 0 x
0.105354581625389 0 1 1 0 0 0 1 0 1 1 1 1 1 1 0 1 1 x
0.044561362247653 1 0 0 0 0 0 0 1 0 0 0 1 0 0 1 0 1 x
0.074542071664168 1 1 0 0 0 0 0 0 1 1 1 1 0 0 0 1 1 x
0.084077337300641 0 0 0 0 1 0 0 1 0 0 0 0 0 1 1 1 0 x
0.102512602627630 1 0 0 1 0 1 0 0 1 0 1 1 1 1 0 0 1 x
0.136865657025708 0 0 0 1 0 1 0 0 1 0 1 0 0 1 1 0 1 x
0.084403109268186 1 0 0 1 0 0 0 0 1 1 0 1 0 1 1 1 0 x
0.077324321569416 1 0 1 0 0 0 0 0 1 1 0 1 1 1 0 0 1 x
0.095098678608805 0 1 0 0 1 0 0 1 0 0 1 1 0 1 1 0 1 x
0.087795405931851 1 0 0 0 1 0 0 1 0 0 1 1 0 1 0 1 1 x
0.067301958153331 1 0 0 0 0 1 0 0 1 1 0 1 1 1 0 1 1 x
0.115006998068062 0 0 0 1 1 0 0 0 0 0 1 0 1 0 0 1 1 x
0.074049623168923 1 0 0 0 0 1 0 0 1 1 0 1 1 1 1 0 1 x
0.093325344172836 1 0 0 0 1 0 0 1 0 1 0 0 1 1 1 1 0 x
0.079518140392452 1 0 0 1 0 0 0 1 1 0 1 1 1 0 1 0 1 x
0.102894753863972 0 1 0 0 0 1 0 0 0 1 0 1 1 1 1 0 0 x
0.085670484385998 1 0 0 0 0 1 0 0 0 0 0 0 1 0 1 0 0 x
0.115605197607058 0 0 1 0 1 0 0 0 1 1 0 1 1 1 0 0 1 x
0.081850632142373 0 1 0 0 0 1 0 0 1 0 0 1 1 0 1 0 1 x
0.071062898687769 1 0 0 0 0 0 1 0 1 0 1 0 1 0 0 1 1 x
0.089757947571598 1 0 0 0 0 1 1 0 0 1 1 0 1 1 1 1 0 x
0.042499498902455 0 0 1 0 0 0 0 0 0 0 0 0 1 1 0 0 1 x
0.095125980144986 0 0 0 0 1 1 0 0 0 0 0 1 0 1 1 1 0 x
0.065909366202087 0 0 1 0 0 0 0 0 0 1 0 0 0 1 1 1 0 x
0.122763535418402 0 0 1 0 0 1 1 0 0 0 1 0 1 1 1 1 0 x
0.109486311503763 0 0 1 0 0 1 0 0 1 1 1 0 1 1 1 0 1 x
0.077578941394937 1 0 0 0 0 1 0 0 1 0 1 0 1 1 0 1 0 x
0.087041249561144 0 1 0 0 0 0 1 1 0 0 0 1 0 1 1 1 0 x
0.096657584001877 0 0 0 0 0 1 0 1 0 0 0 0 1 1 0 1 1 x
0.092411135991733 1 0 0 0 0 1 0 1 1 0 0 0 1 1 1 1 0 x
0.054205488986756 0 0 0 0 1 0 0 0 0 0 0 0 0 0 0 1 0 x
0.069165470862345 0 1 0 0 0 0 0 1 1 0 0 0 1 1 0 1 1 x
0.123216249613056 0 1 0 0 1 0 1 1 0 1 1 1 1 1 1 1 0 x
0.092466217005909 0 1 0 1 0 0 0 1 1 1 1 1 1 1 1 0 1 x
0.099608254650934 1 0 1 0 0 0 1 0 0 1 1 0 1 1 1 0 0 x
0.085604226358617 1 0 0 1 0 0 0 0 1 0 1 1 0 1 0 1 1 x
0.073482727091116 1 0 0 0 1 0 0 1 0 0 1 1 1 0 1 0 1 x
0.081341380069937 0 0 1 0 0 0 0 0 0 1 0 1 0 1 1 0 1 x
0.069661169156787 1 0 0 0 1 0 0 0 0 1 0 1 0 1 0 1 0 x
0.094908174267700 1 0 0 0 0 1 1 0 1 1 1 1 1 1 1 1 1 x
0.075315188451910 0 1 0 0 0 0 0 0 1 0 0 0 1 1 1 0 0 x
0.034278956299711 1 0 0 0 0 0 0 0 0 0 1 1 0 0 0 0 1 x
0.071536858062554 0 0 0 1 0 0 0 0 0 1 0 0 1 0 1 0 1 x
0.040546305603504 0 1 0 0 0 0 0 0 0 0 0 0 0 1 0 0 1 x
0.098531542402954 1 0 0 0 1 1 0 0 0 1 1 1 1 1 0 1 0 x
0.066889177270592 1 0 0 0 0 0 0 0 0 0 0 0 1 0 0 0 0 x
0.114893299982389 1 0 1 0 0 1 0 0 0 1 1 1 0 0 1 1 0 x
0.108207128245961 0 1 0 0 0 1 0 1 1 0 0 1 1 1 0 1 1 x
0.035089616347780 0 0 0 0 1 0 0 0 0 0 0 0 0 0 1 0 1 x
0.121880879074852 0 1 0 0 1 0 1 0 1 0 0 1 1 1 1 0 0 x
0.189811606241173 0 1 1 1 0 0 1 1 0 1 1 1 1 1 1 0 0 x
0.068650268287850 1 0 0 0 1 0 0 0 0 1 1 1 0 0 0 1 1 x
0.137022072650117 1 0 1 0 1 0 0 0 1 1 1 1 0 1 1 1 0 x
0.060145820795492 0 0 0 0 1 0 0 0 0 0 0 0 0 1 1 0 1 x
0.068875366373918 1 0 0 0 1 0 0 0 0 0 1 1 0 0 1 0 1 x
0.106707697263568 1 0 0 0 1 0 1 0 1 1 1 1 0 1 1 1 1 x
0.074190448792225 0 0 0 0 1 0 0 0 0 1 0 0 0 0 1 0 1 x
0.136957859759706 1 1 0 0 1 1 0 1 1 1 1 1 1 1 0 0 1 x
0.063798513915602 1 0 0 0 0 0 0 1 1 1 0 0 1 1 0 1 1 x
0.092038769850966 1 0 0 0 0 1 0 1 0 1 1 0 1 0 1 1 0 x
0.039046298439295 0 0 0 0 1 0 0 0 0 0 0 0 0 0 0 1 1 x
0.145006071097519 0 0 0 0 1 0 1 0 0 0 1 0 0 0 1 0 1 x
0.081799206441931 1 0 0 0 1 0 0 0 1 0 0 1 1 0 0 1 1 x
0.045836816921972 0 0 0 0 1 0 0 0 0 0 0 0 0 1 0 1 0 x
0.056408543363907 1 0 0 0 0 1 0 0 0 0 0 1 1 1 0 0 1 x
0.056617252898975 0 0 0 1 0 0 0 0 0 0 0 0 0 0 0 1 0 x
0.123308904372691 0 0 1 0 1 0 0 1 1 1 1 1 1 1 1 1 1 x
0.123762260496269 0 0 1 1 0 0 0 1 1 1 1 1 1 1 1 1 1 x
0.081139439100146 0 1 0 0 1 0 0 0 1 1 1 1 1 0 1 1 1 x
0.108407834433618 0 1 0 0 1 0 0 1 1 0 1 0 1 1 1 0 1 x
0.061922178374781 1 0 0 0 0 0 0 1 0 1 0 0 0 0 1 1 0 x
0.084969490910853 0 1 0 0 1 0 0 0 1 1 0 1 1 1 0 1 1 x
0.078637090747116 0 0 1 0 0 1 0 0 0 0 0 0 1 1 1 0 0 x
0.134643498096240 0 0 0 1 0 1 0 0 0 0 1 0 0 1 0 1 0 x
0.089646098152607 0 1 1 0 0 0 0 1 0 1 1 1 1 0 0 1 1 x
0.083076934847583 1 1 0 0 0 0 1 1 1 1 1 1 0 1 1 0 1 x
0.086809466525508 1 0 0 0 1 0 0 0 1 1 1 1 0 0 1 0 1 x
0.070087653959059 1 0 0 1 0 0 0 0 0 1 1 1 0 0 1 1 0 x
0.082802713196656 1 0 0 0 0 1 1 0 0 0 1 1 1 0 1 1 0 x
0.087373585162136 0 0 0 1 0 0 0 1 0 0 0 0 0 0 1 1 0 x
0.104836601561891 1 0 0 1 0 1 0 0 0 1 1 1 0 1 1 0 0 x
0.046409030099026 0 0 1 0 0 0 0 0 0 0 0 1 0 0 0 1 0 x
0.078499186500035 1 0 1 0 0 0 0 0 1 0 1 1 1 0 0 1 0 x
0.065341621084687 0 1 0 0 0 0 1 0 0 0 1 0 0 1 1 1 0 x
0.085547520709409 0 1 0 1 0 0 0 0 0 0 1 0 1 1 1 0 0 x
0.091193985520811 0 1 0 1 0 0 0 0 0 0 0 1 0 1 1 0 0 x
0.100750305112784 1 0 0 0 1 1 0 0 0 1 1 1 1 0 0 1 1 x
0.057713216496181 0 0 0 0 1 0 0 0 0 0 0 0 1 0 1 0 1 x
0.047422437864856 1 0 0 0 0 0 0 0 0 0 1 0 1 0 1 0 0 x
0.059729238884127 0 1 0 0 0 0 1 0 0 0 0 0 1 0 1 1 0 x
0.067842647327346 1 0 0 1 0 0 0 0 0 1 1 0 1 1 0 0 1 x
0.088147155342460 0 1 0 0 0 0 1 1 0 0 1 0 1 1 0 1 1 x
0.130574051921410 1 1 0 0 1 0 1 1 1 1 1 0 1 1 1 0 0 x
0.073956086422269 0 1 0 0 0 0 1 0 0 0 1 1 0 0 1 1 0 x
0.097532805908127 0 1 0 0 1 0 0 1 1 0 1 1 1 1 0 1 1 x
0.108079069408273 0 0 1 1 0 0 0 1 0 0 1 1 1 0 1 1 0 x
0.062936014874930 0 1 0 0 0 0 1 0 0 0 0 0 1 1 1 0 0 x
0.237010351436246 1 1 0 1 1 1 0 1 1 1 1 1 1 1 1 0 0 x
0.089049682544441 1 0 0 0 0 1 0 1 0 0 1 1 0 0 1 1 1 x
0.104939516856432 0 0 0 0 1 0 0 0 0 0 1 0 1 0 0 0 1 x
0.041096870092683 1 0 0 0 0 0 0 0 1 0 0 1 0 0 0 1 1 x
0.066379221020213 1 0 0 0 0 1 0 0 0 1 1 0 0 1 0 1 1 x
0.084677687636248 0 1 0 1 0 0 0 0 0 1 1 1 0 1 0 1 0 x
0.140969323343734 0 0 1 1 0 0 1 0 0 0 1 1 0 1 1 0 1 x
0.057421119002281 0 1 0 0 0 0 0 1 0 0 1 0 0 1 1 0 1 x
0.071734744935917 0 0 0 1 0 0 0 0 1 0 0 0 1 0 1 0 1 x
0.091621218073643 1 1 0 0 0 0 1 0 1 1 1 0 1 1 0 1 0 x
0.081684650371176 0 1 0 0 1 0 0 0 0 1 0 0 1 1 1 0 0 x
0.077147025263193 0 1 0 0 0 1 0 0 0 0 0 1 0 1 1 1 0 x
0.083860974342029 1 1 0 0 0 0 0 1 1 0 1 1 0 1 0 0 1 x
0.068775630339422 1 0 0 0 0 1 0 0 0 1 0 0 0 1 1 1 0 x
0.106955484021150 0 0 0 0 0 1 0 0 1 0 0 0 1 1 0 1 1 x
0.101183344641660 1 0 0 0 1 0 1 0 1 1 0 1 1 1 1 1 0 x
0.108664984486522 1 1 0 0 0 0 1 1 1 0 1 1 1 0 1 0 0 x
0.068887833458911 0 0 1 0 0 0 0 0 0 0 0 0 0 1 0 0 0 x
0.067911064412310 1 0 0 0 0 0 0 0 0 0 0 1 1 1 0 0 0 x
0.137754292257644 0 0 1 0 0 1 1 0 0 1 0 1 0 1 1 1 0 x
0.067236949856609 1 0 0 0 0 1 0 0 0 1 1 0 1 1 0 0 1 x
0.041468594226879 0 1 0 0 0 0 0 0 0 0 0 0 0 0 1 1 0 x
0.083566225616900 1 0 0 0 0 0 1 0 1 0 0 1 0 1 0 0 1 x
0.064315899396855 1 0 0 0 1 0 0 0 0 1 1 0 1 0 1 0 1 x
0.084819973388340 1 1 0 0 0 0 1 1 1 1 1 1 1 1 0 0 1 x
0.142223410647148 0 1 1 0 0 0 1 0 0 0 0 1 1 0 1 0 0 x
0.063145422961928 0 1 0 0 0 0 0 0 1 0 1 1 0 0 0 1 1 x
0.097077280736032 1 0 1 0 0 0 0 1 1 0 1 1 0 1 0 1 1 x
0.092042787241244 1 0 0 1 0 0 0 1 0 0 1 1 0 1 1 0 1 x
0.069544835165355 1 0 0 0 0 1 0 0 1 0 0 1 1 0 0 1 1 x
0.044127660622779 0 0 1 0 0 0 0 0 0 0 1 0 0 0 1 1 0 x
0.094454951718156 1 0 0 1 0 0 1 0 1 0 1 1 1 0 1 1 0 x
0.121671625300646 1 0 0 1 0 1 0 1 1 0 1 1 1 0 1 1 0 x
0.127231876611411 0 1 1 0 0 0 1 1 1 1 1 0 1 1 1 1 0 x
0.038510166195753 1 0 0 0 0 0 0 0 1 0 0 1 0 0 1 0 1 x
0.077779795656290 1 0 0 0 0 0 1 1 0 1 0 0 1 1 1 1 0 x
0.070950282354907 0 0 0 1 0 0 0 0 1 0 0 1 0 0 1 1 1 x
0.131863588871121 1 0 1 0 1 0 0 0 1 1 0 1 1 1 0 1 0 x
0.088484157754271 0 1 1 0 0 0 0 0 1 1 1 0 1 0 1 0 1 x
0.112247628646762 0 0 1 1 0 0 0 0 1 0 1 1 1 0 1 1 1 x
0.051455241470655 0 1 0 0 0 0 0 0 1 0 0 0 0 1 0 1 0 x
0.080295017978323 0 1 0 0 0 0 1 0 1 0 0 1 0 1 0 1 1 x
0.097351455578199 1 0 0 1 0 0 1 0 0 1 1 1 0 1 1 1 0 x
0.072390438298686 0 1 0 0 0 0 0 0 1 0 1 0 0 1 1 1 0 x
0.103619552785097 0 0 0 0 1 0 0 1 0 0 0 0 0 0 1 0 1 x
0.109131669939298 0 1 0 0 0 0 1 1 1 1 0 1 1 1 1 1 1 x
0.055974830927436 0 0 1 0 0 0 0 0 1 0 0 0 1 0 1 0 1 x
