0.190600663423538 1 1 0 1 1 0 0 1 1 1 0 1 1 0 1 0 0
0.255165129899979 1 1 1 1 0 1 1 1 1 1 0 1 0 1 0 0 0
0.218017667531967 0 1 1 0 1 0 0 0 1 1 0 0 0 1 1 1 0
0.175628319382668 1 1 0 0 0 1 0 1 0 1 0 1 1 1 1 1 0
0.191063344478607 0 0 1 0 1 0 1 0 0 0 1 0 0 1 1 1 1
0.279925793409348 0 1 1 0 1 0 0 1 1 1 0 1 0 0 0 0 1
0.266833096742630 0 1 0 1 0 1 1 1 0 0 0 1 0 1 1 1 0
0.436270117759705 0 0 1 0 1 1 1 0 0 0 1 0 1 0 0 0 0
0.593523263931274 1 1 1 0 1 1 0 1 0 0 0 0 0 0 0 0 1
0.118945308029652 1 0 0 0 1 0 0 1 0 0 0 0 0 1 1 1 0
0.286695599555969 0 0 1 0 0 0 1 1 1 0 1 0 1 0 1 0 0
0.320210874080658 1 1 0 1 1 0 0 0 0 1 1 1 1 1 0 1 1
0.629928708076477 0 1 1 1 1 1 0 0 0 0 1 0 0 0 0 0 0
0.198534980416298 1 0 0 1 1 0 0 0 0 1 0 1 1 0 0 0 0
0.173330307006836 0 1 0 0 1 0 1 1 0 1 0 0 1 1 1 0 0
0.266071945428848 1 1 0 0 1 0 1 1 1 0 0 0 1 0 1 0 1
0.434785991907120 0 1 1 1 1 0 1 0 0 1 1 0 1 1 1 1 1
0.166689708828926 1 0 0 1 0 0 0 1 1 1 0 0 1 0 0 1 0
0.407978594303131 1 1 1 0 1 1 1 1 1 0 0 1 0 0 0 0 1
0.471736431121826 1 0 0 1 0 1 1 0 0 0 1 0 0 0 0 0 0
0.246165171265602 1 1 0 1 0 0 1 1 0 1 0 1 1 1 1 1 0
0.258376568555832 0 1 0 0 1 1 1 0 0 0 1 0 1 1 0 0 0
0.108770221471786 0 0 1 0 0 1 0 0 1 0 1 1 1 0 1 0 1
0.302790045738220 1 1 0 1 0 0 0 0 0 0 0 1 0 1 1 1 0
0.424602299928665 0 0 1 1 0 1 1 1 1 0 0 1 1 0 0 0 0
0.129554802541643 0 0 0 0 1 0 1 0 1 0 0 1 1 1 1 0 1
0.172607177081549 0 0 0 0 1 0 1 0 1 1 1 1 1 0 1 1 1
0.362131290391106 0 0 0 0 0 1 1 1 1 1 1 0 1 1 0 1 0
0.177712541819544 0 0 0 0 0 1 1 1 0 0 1 1 1 1 1 1 0
0.229828176741719 0 0 0 0 0 1 1 0 1 0 1 1 1 0 1 1 0
0.236962090013205 0 0 0 0 1 1 0 0 1 1 0 1 0 0 1 0 1
0.053006126684272 1 0 0 0 0 0 1 0 0 0 0 1 0 1 0 0 1
0.161422377404308 1 0 1 0 0 1 0 0 0 0 1 1 0 1 1 0 1
0.237594943333043 1 1 1 0 1 0 0 1 0 1 1 1 0 1 0 0 1
0.319093803954407 1 0 0 0 0 0 0 1 1 1 1 1 1 0 0 0 0
0.097707078405300 1 0 0 1 0 0 0 1 1 0 1 1 1 0 1 1 1
0.199789829156026 0 0 1 0 0 0 1 1 0 0 0 1 1 1 0 0 0
0.279417003265514 1 0 1 1 0 0 0 0 1 0 0 0 1 0 1 0 1
0.229945891812690 0 0 0 0 0 1 1 1 0 1 0 1 0 1 1 0 1
0.345979838818626 0 0 0 1 1 1 1 1 1 1 1 1 1 0 0 0 1
0.344354505841726 1 1 1 0 0 1 0 0 1 0 0 1 1 1 1 1 0
0.163589115908217 1 0 0 0 1 1 0 1 1 0 1 1 0 1 0 1 1
0.278674870759603 0 0 0 0 0 0 0 1 0 1 0 1 0 1 0 1 0
0.401076733672148 1 1 0 0 1 1 0 1 0 0 0 0 0 1 0 0 1
0.053204938991337 1 0 0 0 0 0 1 0 0 0 1 1 0 0 1 0 1
0.325597778511890 0 0 0 0 0 0 1 1 1 0 1 1 1 1 0 0 1
0.208217997930294 1 1 1 0 0 0 0 0 0 1 0 1 1 0 1 0 0
0.058229331195808 1 0 0 0 0 0 0 0 0 0 1 0 1 1 0 0 1
0.338202952698295 1 1 0 0 1 0 0 0 1 0 0 0 0 1 1 1 1
0.194704785508776 0 0 0 0 0 0 1 0 0 0 0 1 0 1 1 0 0
0.130067559130874 1 0 0 0 1 0 0 1 1 0 0 1 1 1 1 1 1
0.157996868563677 1 0 0 0 0 0 0 0 0 1 0 0 1 1 1 1 1
0.353818262872319 0 0 1 0 1 0 1 0 0 1 0 0 0 1 0 0 0
0.081467559060011 1 0 0 0 0 0 1 0 0 1 0 1 1 1 1 0 1
0.324517968577647 1 0 1 0 1 0 0 0 0 0 0 1 1 1 1 1 1
0.197111900842890 1 0 0 1 0 1 1 1 0 1 0 0 1 1 1 0 0
0.092439961434394 1 0 1 0 0 0 0 1 1 1 0 1 0 1 1 1 0
0.162320165462388 1 0 1 0 1 0 0 1 1 1 0 1 0 1 1 0 1
0.126147442421314 1 0 0 0 1 1 0 0 0 0 1 1 1 1 1 0 1
0.109656919140645 1 0 0 0 0 0 1 1 0 1 0 1 0 0 1 1 0
0.124406211980727 0 1 1 0 0 0 0 1 1 1 1 1 1 1 1 0 0
0.107366755039620 0 0 1 0 0 0 1 1 0 0 1 1 0 1 1 1 1
0.083010928172523 1 0 0 0 0 0 1 0 1 1 0 1 1 0 1 0 1
0.108964053340947 1 0 1 0 0 0 0 1 1 1 1 0 0 0 1 1 0
0.221672987824512 1 0 0 1 0 1 1 1 1 1 0 1 1 0 1 1 1
0.140880725199946 1 0 0 1 1 0 0 1 1 0 1 1 1 1 0 0 0
0.070368536432932 1 0 0 0 0 0 0 1 1 1 1 0 1 1 1 1 1
0.310307640245832 0 1 1 0 1 1 1 1 0 0 1 1 1 1 1 1 0
0.094087781194439 0 0 1 0 0 0 0 1 0 1 1 1 0 0 1 1 1
0.142570643810737 0 0 0 0 1 0 0 1 0 0 1 0 1 0 1 1 0
0.092873182258494 0 0 1 0 0 0 0 1 1 0 0 0 0 1 1 1 0
0.161020216958113 0 0 0 0 1 0 0 1 1 0 1 1 0 0 1 1 1
0.128948612299804 1 0 0 1 0 0 0 1 1 1 1 0 0 0 1 1 0
0.117627346443399 0 1 0 0 0 0 0 0 0 1 1 1 1 0 1 0 1
0.100488393781210 1 0 1 0 0 0 0 0 0 0 1 1 1 1 0 0 1
0.098789772918839 0 0 1 0 1 0 0 0 1 0 1 1 1 0 1 0 1
0.101434137063931 1 0 0 0 0 0 0 1 0 0 1 1 0 1 1 0 0
0.210619968320620 1 0 1 0 0 0 0 1 0 0 0 0 0 1 0 1 1
0.222937681454607 1 0 1 1 0 0 0 1 0 0 1 1 0 1 1 0 1
0.113533544959713 1 0 0 0 0 0 0 0 1 0 1 1 1 1 0 0 1
0.116191022420473 0 0 1 0 0 1 0 0 1 0 0 1 1 1 1 0 0
0.157820705730726 0 0 1 0 0 0 0 0 1 1 1 1 0 0 1 0 1
0.181968097446825 1 0 0 1 1 0 0 0 1 1 0 0 1 1 0 0 0
0.296767744926019 1 0 1 1 1 0 0 1 1 0 1 1 0 1 0 1 1
0.118974820942184 1 0 0 0 0 0 0 0 0 0 1 0 1 1 1 0 1
0.130867005800111 1 0 0 0 0 0 1 0 0 1 0 1 1 1 0 0 0
0.330229998572615 0 0 0 0 1 0 0 1 0 1 1 1 1 0 1 0 0
0.161534551198442 1 1 0 1 0 0 1 0 1 1 1 1 0 0 0 0 1
0.089546251201141 1 0 0 0 0 0 0 1 0 0 0 0 1 0 1 1 1
0.097092987556074 1 0 0 0 0 1 0 1 0 0 1 1 0 1 1 1 1
0.141882376141615 0 1 1 0 0 0 1 0 0 1 0 1 1 1 1 0 1
0.199398372101093 1 0 0 1 1 0 1 0 1 1 0 1 0 1 1 0 1
0.214067815345973 1 0 0 1 0 0 1 1 1 0 0 0 1 1 1 1 1
0.098703020072254 1 0 0 0 0 0 0 1 0 0 1 0 1 1 1 1 0
0.148068738769531 1 0 0 0 0 0 0 0 1 1 1 1 0 0 0 0 1
0.096734431747285 1 0 0 1 0 0 0 0 0 0 0 1 1 0 0 0 1
0.123076491018708 1 0 1 0 0 0 1 1 0 1 0 1 0 1 1 0 0
0.088843427931264 1 0 0 0 0 0 1 1 1 1 1 1 0 1 1 1 1
0.136421113730806 1 0 0 0 0 1 1 1 1 0 0 1 1 1 1 0 0
0.196226596934134 0 0 1 0 0 0 1 1 1 0 1 0 0 0 1 1 1
0.150157062112765 0 0 1 0 1 0 0 1 1 1 0 0 1 1 1 0 1
0.082854212003098 0 0 0 1 0 0 0 1 0 0 1 0 1 0 1 1 1
0.121582205075690 0 0 0 0 0 1 0 1 0 0 1 0 1 1 1 1 1
0.071775910296669 1 0 0 1 0 0 0 0 1 1 0 1 1 0 1 0 1
0.132177363462421 0 0 1 0 0 0 0 1 0 1 1 1 0 1 1 1 0
0.153785337751254 1 0 1 0 0 0 1 1 0 0 1 0 0 1 1 1 0
0.113762686674516 1 0 0 1 0 0 0 1 1 1 0 1 0 0 1 1 0
0.120242519666971 1 1 0 0 0 0 1 0 0 0 1 1 0 1 0 0 0
0.106191596366394 1 0 1 0 0 0 0 1 0 0 0 1 1 1 1 0 0
0.084914082950993 1 0 0 0 0 0 1 0 0 0 0 1 0 0 1 1 1
0.076307931492357 1 0 0 0 0 0 1 0 0 1 1 0 1 1 0 0 1
0.112974995566160 0 1 0 1 0 0 1 0 0 0 1 1 1 0 1 0 1
0.054018750063530 1 0 0 0 0 0 1 0 0 0 1 1 0 0 0 1 1
0.051388943275104 1 0 0 0 0 0 0 0 0 1 1 0 1 0 0 1 1
0.151884408181669 0 0 1 0 0 0 0 0 0 0 1 1 1 1 1 0 1
0.086109570786529 1 0 0 0 0 0 0 0 0 1 1 1 1 0 0 1 1
0.117847421159149 1 0 0 0 0 0 0 0 1 1 1 1 0 0 1 1 0
0.081202004700175 1 0 0 0 1 0 0 0 0 0 1 1 0 0 0 1 1
0.046547028120186 1 0 0 0 0 0 0 1 0 0 1 0 1 0 0 1 1
0.058790940829869 1 0 0 0 0 0 0 1 0 1 1 1 0 0 1 1 1
0.073555915075057 1 0 0 1 0 0 0 0 0 1 1 1 1 0 1 0 1
0.186965732899918 0 0 0 0 0 0 0 0 1 1 0 0 1 0 0 1 1
0.170749236619892 1 1 0 1 0 0 0 0 0 0 1 1 1 1 0 0 0
0.278419403219957 1 0 0 1 1 0 0 1 1 0 0 0 1 0 0 1 1
0.131273653036070 1 0 1 0 1 0 0 1 1 1 1 1 1 1 1 0 0
0.263665592161901 0 0 0 0 0 0 0 1 0 1 1 1 1 0 1 1 1
0.195969098539538 0 0 0 1 1 0 0 1 1 0 0 0 1 1 1 0 0
0.095338930267442 0 1 0 0 1 0 0 0 0 0 0 1 0 1 1 0 1
0.108876036679937 1 0 0 0 0 0 1 1 0 0 0 0 0 1 0 1 1
0.094049804377805 0 1 0 0 1 0 0 0 0 0 1 1 0 0 0 1 1
0.130049200172849 0 1 1 0 0 0 0 0 1 0 1 1 1 0 1 1 1
0.110670571294111 1 0 1 0 0 0 0 1 1 0 1 1 1 0 1 1 1
0.129553929775527 0 0 0 0 1 0 0 1 1 0 1 0 0 1 1 1 1
0.211067142584552 0 0 0 1 1 0 1 0 1 0 1 1 0 0 1 1 1
0.058213660161087 1 0 0 0 0 0 0 1 0 0 0 1 0 1 0 1 1
0.109434188907190 1 0 1 0 0 1 0 1 1 1 1 1 1 1 1 0 1
0.092558000381439 0 1 0 0 0 1 0 0 0 0 1 1 1 1 1 0 1
0.084716056245061 0 1 0 1 0 0 0 0 0 1 1 0 1 0 1 0 1
0.108124051805200 0 1 0 0 0 0 0 0 0 0 1 0 1 1 1 0 1
0.136098766462159 1 1 0 0 0 0 0 0 0 0 1 1 1 0 1 0 1
0.157028331808269 0 1 0 1 0 0 0 1 0 1 0 0 1 0 1 1 1
0.066123973558689 1 0 0 1 0 0 0 0 0 1 1 1 0 1 0 0 1
0.066444644221663 0 0 1 0 0 0 0 0 1 0 0 1 1 0 0 1 1
0.076761712184237 1 0 0 0 0 0 0 1 1 1 1 0 1 1 0 1 1
0.121347758440482 0 0 1 0 0 1 0 1 0 0 0 1 1 0 1 1 1
0.097268649268545 1 0 0 1 0 0 0 1 1 1 0 0 1 1 1 0 1
0.107911374566129 0 0 1 0 1 0 0 0 0 0 1 1 0 0 0 1 1
0.144176823944141 0 1 0 0 1 0 1 0 1 0 0 1 1 0 1 0 1
0.083787295568602 0 1 0 1 0 0 0 0 0 1 1 1 1 1 0 0 1
0.080219368699285 0 1 0 0 0 0 0 0 0 0 0 1 0 1 0 1 1
0.079617076079073 1 0 0 1 0 0 0 1 0 1 1 1 1 1 0 0 1
0.131075142071968 0 0 0 1 0 0 0 0 0 1 1 0 1 1 1 0 1
0.100310584690004 0 1 0 0 1 0 1 0 0 0 1 1 1 1 0 0 1
0.132059464506257 0 1 1 0 0 0 0 0 0 0 1 1 0 0 0 1 1
0.091943978105096 0 0 1 0 0 1 0 0 1 0 0 1 1 1 0 1 1
0.099244181321891 1 0 0 1 0 0 0 1 0 0 1 1 0 0 1 0 1
0.141660090880817 0 1 0 1 0 1 0 0 1 1 0 1 1 1 1 0 1
0.114376258464799 1 0 1 0 0 1 0 1 1 1 1 0 1 1 1 0 0
0.115735642078910 1 1 0 0 0 0 1 0 0 1 1 1 0 1 1 0 1
0.130179547373733 0 0 1 0 1 0 0 1 1 0 1 1 1 0 1 1 1
0.115399366579504 0 0 0 1 0 0 0 0 0 0 0 1 1 1 0 1 1
0.098308766436249 0 0 0 0 1 1 0 0 0 0 0 1 0 1 0 1 1
0.085045244799151 0 0 1 0 0 0 0 0 0 0 0 1 0 0 1 1 1
0.111380908426428 0 0 0 0 1 0 1 0 0 0 1 1 0 1 0 1 1
0.132222639876964 0 1 0 1 0 0 0 0 0 0 1 1 0 0 0 0 1
0.098079811510163 1 0 1 0 0 0 0 1 1 1 1 0 1 1 1 0 0
0.071199959847887 1 0 0 0 0 0 0 1 0 1 1 0 0 0 0 1 1
0.145072130996014 0 0 1 0 0 1 0 1 1 1 1 0 1 1 1 1 1
0.088696004423654 0 1 1 0 0 0 0 0 1 0 1 1 1 1 0 0 1
0.123653391647230 1 0 0 0 1 0 1 1 0 1 1 0 1 1 1 0 0
0.090978274981333 1 0 1 0 0 0 0 1 0 1 1 1 0 0 0 1 1
0.083227472497912 1 1 0 0 0 0 0 1 1 1 1 1 0 0 1 1 1
0.115224956584965 1 0 0 1 0 0 0 1 0 0 1 1 0 0 0 1 1
0.112680490498892 0 0 0 0 1 0 0 0 0 0 1 0 1 1 0 1 1
0.083125212943853 1 0 0 1 0 0 0 0 1 1 1 1 1 1 0 0 1
0.139078844780241 0 0 1 0 0 1 0 1 1 0 1 1 0 1 1 1 0
0.094978568066590 0 1 1 0 0 0 0 0 1 1 1 1 1 1 0 1 1
0.139968601781902 0 1 1 0 0 1 0 0 0 1 0 1 1 1 0 0 1
0.084836702523988 0 0 1 0 0 0 1 0 0 0 1 1 1 1 0 1 1
0.103898278592824 1 1 0 0 0 0 0 1 0 1 1 0 1 0 0 1 1
0.085401203262179 1 0 0 0 1 0 0 0 0 0 0 1 0 1 0 0 1
0.089284189921922 0 0 0 0 1 1 0 0 0 0 0 0 1 1 1 0 1
0.114251483804698 0 0 0 0 1 1 0 0 0 0 1 1 1 1 1 1 1
0.092492206888330 1 0 1 0 0 0 0 1 1 0 0 1 1 1 0 1 0
0.109540996176029 0 0 0 1 0 1 0 0 0 0 1 1 1 1 0 0 1
0.066709323464977 1 0 0 0 0 1 0 0 0 0 0 1 0 1 0 0 1
0.111590038168647 1 0 0 0 0 0 0 1 1 1 0 0 0 0 1 1 0
0.062444249380266 0 0 0 1 0 0 0 0 0 0 1 0 1 0 0 1 1
0.085611787189295 0 1 0 0 1 0 0 0 0 0 0 1 0 1 0 1 0
0.083579939710533 0 0 1 0 0 0 0 0 1 0 1 1 0 1 0 1 1
0.057994040186351 0 0 0 1 0 0 0 0 0 0 0 0 1 0 1 1 0
0.101645279934519 1 1 0 0 0 0 0 0 0 1 1 1 0 0 0 1 1
0.128862314047682 0 1 1 0 0 0 0 1 0 0 1 1 1 1 0 1 1
0.086065272781361 0 0 0 1 0 0 0 0 1 0 1 0 1 0 1 1 1
0.029486573960152 0 1 0 0 0 0 0 0 0 0 0 0 1 0 0 1 0
0.097550517046896 0 0 1 1 0 0 0 0 1 1 1 1 1 0 1 1 1
0.049888878438764 0 1 0 0 0 0 0 0 0 0 0 0 1 1 0 1 0
0.066495690413599 0 1 0 0 0 0 1 0 0 0 1 0 1 0 1 1 0
0.079570430719905 0 1 0 0 0 0 0 0 1 0 1 0 1 0 1 1 0
0.074844143600390 0 1 0 0 0 0 0 0 0 0 0 0 0 0 0 1 1
0.066021956527846 0 1 0 0 0 0 0 0 0 0 1 1 0 0 1 1 0
0.095534810826988 0 1 0 0 0 0 0 0 0 0 1 1 1 0 0 1 0
0.175979200202858 0 1 1 1 0 0 0 0 1 1 0 1 1 1 0 0 1
0.122329327324694 0 1 0 1 0 0 0 0 0 0 0 0 1 0 1 1 0
0.158572455039040 1 0 1 1 0 0 0 1 1 1 0 1 1 0 1 1 0
0.037159082600522 0 1 0 0 0 0 0 0 0 0 1 0 0 0 1 1 0
0.061749461829690 0 1 0 0 0 0 0 0 0 1 1 0 0 0 1 1 0
0.065365875043387 0 1 0 0 0 0 0 1 0 0 1 0 0 1 1 1 0
0.146978229136537 0 0 1 0 1 1 0 0 1 0 1 1 1 1 1 0 1
0.139315963460945 1 0 0 0 1 0 1 1 0 1 1 1 0 0 1 1 1
0.078541872017124 0 1 0 0 1 0 0 0 0 0 1 0 1 0 1 1 0
0.051626684589949 0 1 0 0 0 0 0 0 0 0 1 0 1 0 0 1 1
0.148800020840388 1 0 1 0 0 1 0 1 0 0 0 1 1 1 0 0 0
0.082489922926624 1 0 0 0 0 1 1 0 0 1 1 1 1 1 1 0 1
0.080690380015579 0 0 0 1 0 0 0 0 0 1 0 0 1 0 1 1 1
0.086937645716155 0 1 0 1 0 0 0 0 1 1 0 1 1 0 1 0 1
0.136055993107534 0 0 1 1 0 0 0 1 1 1 0 0 1 1 1 1 0
0.132831661614100 0 0 0 0 1 0 0 0 0 0 0 0 1 1 1 1 0
0.109842946696637 1 0 1 0 0 0 1 0 1 1 0 1 1 0 0 1 1
0.075165199849873 1 0 0 0 0 1 0 1 0 1 1 0 1 1 1 0 1
0.117574827557171 0 1 1 0 0 0 0 1 0 1 1 0 1 1 1 1 0
0.130721605473436 1 0 0 1 0 1 0 1 1 1 0 1 1 1 1 0 1
0.035388396976262 1 0 0 0 0 0 0 0 0 0 1 0 1 0 0 1 0
0.047498812448800 0 0 0 1 0 0 0 0 0 0 0 0 1 0 1 0 1
0.064069529847748 1 0 0 0 0 0 0 0 0 1 1 0 1 0 1 0 1
0.095151353227219 0 0 1 1 0 0 0 0 0 0 1 1 1 0 0 1 1
0.112410010023424 0 1 1 0 0 0 0 1 1 1 1 1 0 1 1 1 1
0.096912593459117 0 0 0 1 1 0 0 0 0 0 1 1 1 1 0 0 1
0.038939393584189 1 0 0 0 0 0 0 0 0 0 0 0 1 0 0 0 1
0.122924748513449 0 0 0 1 0 0 0 0 0 0 1 1 1 0 1 0 1
0.082729046708787 0 1 0 0 0 1 0 0 0 0 1 1 1 1 0 1 1
0.059602647389458 0 1 0 0 0 0 0 0 0 0 0 0 0 0 1 0 0
0.140764252462658 0 1 0 0 0 1 0 0 0 0 1 1 0 1 0 0 0
0.050153688550630 1 0 0 0 0 0 0 1 0 1 0 0 0 1 1 0 1
0.105441404043408 1 1 0 0 0 0 0 1 0 1 1 0 0 0 1 1 0
0.118299073997312 0 0 0 1 1 0 0 0 0 0 0 0 1 0 1 0 1
0.117582390966476 0 0 1 1 0 0 0 0 0 1 1 0 1 0 1 1 1
0.085570581523605 1 0 0 0 0 1 0 0 0 0 0 1 0 1 0 1 1
0.093034863078236 1 0 0 0 0 0 0 0 0 0 0 0 0 0 0 1 1
0.185308671018907 0 1 0 1 0 0 0 0 0 1 1 0 1 0 0 0 0
0.100162809209317 0 1 1 0 0 0 0 0 1 0 0 1 1 1 0 1 0
0.074489252619648 0 1 0 0 0 1 0 0 0 0 0 0 1 0 1 1 0
0.061226938734066 1 0 0 0 0 1 0 0 0 0 0 1 1 0 1 0 1
0.042058753811745 0 1 0 0 0 0 0 0 0 0 0 0 1 1 0 0 1
0.044561362247653 1 0 0 0 0 0 0 1 0 0 0 1 0 0 1 0 1
0.091905210344783 1 1 0 0 0 0 0 1 1 1 1 0 0 1 0 1 0
0.084051533634746 1 0 0 0 1 0 0 1 0 0 1 1 1 1 0 1 0
0.066492332320561 1 0 0 0 1 0 0 0 0 0 0 1 1 0 1 0 0
0.062199868205189 0 1 0 0 0 0 0 1 0 0 0 0 0 0 1 1 0
0.073257839475016 1 0 0 0 1 0 0 0 1 0 1 0 1 0 1 1 0
0.066958967199903 1 0 0 0 1 0 0 0 1 0 1 1 1 0 1 0 1
0.093245110001137 1 1 0 0 0 0 0 1 1 1 0 1 0 1 1 0 1
0.121468406966901 0 1 0 0 0 0 0 0 0 0 0 1 1 1 1 0 0
0.129646334479857 0 0 0 0 0 1 0 0 0 0 0 0 1 1 1 0 1
0.087419563165155 1 0 0 0 1 0 0 0 1 0 0 1 1 0 0 1 0
0.075640096516364 0 1 0 0 0 1 0 0 0 1 1 1 0 0 1 1 1
0.050818727543363 0 0 0 1 0 0 0 0 0 0 0 0 1 1 0 0 1
0.081615942231276 1 0 0 0 1 0 0 0 0 0 1 0 1 0 0 1 0
0.087099980788278 0 1 0 0 0 1 0 0 0 0 0 1 0 0 1 0 1
0.132279159856369 1 0 0 0 1 0 1 0 1 0 0 1 0 1 1 0 0
0.083661505450051 1 0 0 0 1 0 0 1 1 1 1 0 1 1 1 0 1
0.050233588189013 0 1 0 0 0 0 0 0 0 0 1 0 0 0 0 1 0
0.103645317445534 1 1 0 0 0 0 0 1 0 1 0 1 0 1 0 0 1
0.078200132924657 1 0 1 0 0 0 0 0 0 0 1 1 1 0 0 1 0
0.070943412687413 1 0 0 0 0 0 0 1 0 0 0 0 1 1 0 0 0
0.101976456946528 0 0 0 0 1 1 0 0 0 0 1 0 1 0 1 1 1
0.146600102347923 1 1 1 0 0 0 0 1 1 1 1 1 0 1 0 1 0
0.086407771608861 0 0 1 0 0 1 0 0 0 1 1 1 1 0 1 1 1
0.040944833825092 0 1 0 0 0 0 0 0 0 1 0 0 0 1 0 0 1
0.092952522530418 0 0 1 0 1 0 0 0 1 0 1 1 1 1 0 1 1
0.041019271768009 1 0 0 0 0 0 0 0 0 0 0 1 0 1 0 1 0
0.035890639397949 0 1 0 0 0 0 0 0 0 0 0 0 1 0 0 0 1
0.086547790196709 1 0 0 0 0 1 0 0 0 0 1 1 1 1 0 1 0
0.080388371652714 0 1 0 0 0 1 0 0 0 1 1 0 1 0 1 0 1
0.034483138311090 0 1 0 0 0 0 0 0 0 0 1 0 0 1 0 0 1
0.056419607207024 0 1 0 0 0 0 0 0 0 1 1 0 0 1 0 1 1
0.101630053505019 0 0 1 0 0 0 1 0 1 0 0 1 1 1 1 1 0
0.057713216496181 0 0 0 0 1 0 0 0 0 0 0 0 1 0 1 0 1
0.092054240260105 0 1 0 1 0 0 0 0 1 1 1 0 1 1 0 0 1
0.078638014353893 0 0 1 0 0 1 0 0 0 0 1 1 1 0 0 1 1
0.094493498732754 1 0 1 0 0 1 0 0 1 1 1 1 1 0 1 0 1
0.143830623863139 0 1 1 0 0 1 1 0 1 1 1 1 1 0 1 0 1
0.057849162534010 1 0 0 0 0 0 1 0 0 0 0 1 1 0 0 1 0
0.065710140582926 0 1 0 0 0 0 0 0 1 1 1 0 0 0 1 1 1
0.081610880143900 1 0 1 0 0 0 0 0 1 1 1 0 1 1 0 1 0
0.072179177165804 0 1 0 0 0 0 0 1 0 0 0 0 0 1 0 0 1
0.082668107943895 0 1 0 0 1 0 0 0 0 1 1 0 0 1 1 0 1
0.111756451939392 1 0 0 0 1 0 1 0 0 0 0 1 1 0 1 0 1
0.080965121118809 1 1 0 0 0 0 0 0 1 1 1 0 1 0 0 0 1
0.092180709143982 0 1 0 0 1 0 0 0 1 0 1 0 1 1 0 0 1
0.078375842748849 1 0 0 0 0 0 1 1 0 1 1 0 1 0 1 1 1
0.096787693612291 1 0 0 1 0 0 0 0 0 1 0 1 1 1 1 0 0
0.080828430179177 1 0 0 0 0 1 0 1 0 1 0 1 0 1 1 0 1
0.062510059236695 1 0 0 0 0 0 0 0 1 0 1 1 0 0 1 1 1
0.052103723765804 0 0 1 0 0 0 0 0 0 0 0 0 1 0 1 1 0
0.065575692234362 1 0 0 0 1 0 0 0 0 0 1 1 0 0 1 1 0
0.114141092025080 0 1 0 0 0 1 1 0 0 0 1 1 1 0 1 1 1
0.106196635668159 0 1 0 0 0 0 1 0 0 1 0 0 0 0 1 0 1
0.060530460669718 0 0 1 0 0 0 0 0 0 0 0 1 1 0 0 1 0
0.197884881684507 1 1 1 0 0 0 1 1 1 1 1 1 1 1 1 0 1
0.078054628720442 0 1 0 0 1 0 0 0 0 0 1 1 0 1 0 0 1
0.075461408079509 0 0 1 0 0 0 0 0 1 0 0 0 1 1 0 1 0
0.053748332238354 0 1 0 0 0 0 0 0 1 0 0 0 0 1 0 0 1
0.092826392787876 0 1 0 0 0 1 0 0 0 1 1 0 0 1 1 1 1
0.085272822786269 1 0 1 0 0 0 0 0 1 0 0 1 1 0 1 0 0
0.061115403955637 1 0 0 0 0 0 0 1 1 0 0 0 1 0 1 0 1
0.066938014372997 0 1 0 0 0 0 1 0 0 0 0 1 0 1 0 1 0
0.063059241194566 0 1 0 0 0 0 0 0 0 0 0 0 0 1 0 0 0
0.076141549863394 0 0 1 0 0 0 1 0 0 0 0 1 1 0 1 1 0
0.130411201107531 1 1 0 0 1 0 0 1 1 1 1 1 0 1 1 1 0
0.068504466285765 1 0 0 0 0 0 1 0 0 0 1 1 0 1 0 1 0
0.059919656161331 1 0 0 0 0 0 0 1 0 0 0 0 1 0 1 0 0
0.097773830057433 1 1 0 0 0 0 0 0 1 0 1 0 1 0 0 1 0
0.146831132416897 1 1 0 1 0 0 0 1 1 1 1 1 0 1 1 0 1
0.100726442369950 0 0 1 1 0 0 0 0 0 0 0 1 1 0 1 1 0
0.094669810582312 1 1 0 0 0 1 0 0 1 1 1 1 0 1 0 0 1
0.093834225443474 0 1 0 0 0 0 1 0 0 0 0 0 1 0 0 1 0
0.121238075962991 1 0 1 0 0 1 1 0 0 1 1 1 1 1 0 0 1
0.089682855035114 1 0 0 1 0 0 1 0 0 0 1 1 1 1 0 0 1
0.111252708542613 0 1 0 1 0 0 1 0 1 1 1 1 0 1 1 0 1
0.057824084624333 1 0 0 0 0 1 0 0 0 0 1 1 1 0 0 1 1
0.109378063692023 0 0 0 0 1 1 0 0 0 0 0 1 1 1 0 0 1
0.065913616720214 1 0 0 0 0 1 0 0 0 0 0 1 1 0 1 1 0
0.099671706776101 1 1 0 0 0 1 0 0 1 1 1 1 1 0 1 0 1
0.097038927273094 0 0 0 1 0 1 0 0 0 0 1 0 1 0 1 1 1
0.100723668520763 1 0 1 0 0 0 1 0 1 0 1 1 0 1 0 1 0
0.046167604192831 1 0 0 0 0 0 0 0 0 1 0 0 1 1 0 0 1
0.106165889519123 1 0 1 0 0 0 1 0 1 1 1 1 0 0 1 1 1
0.102886875653988 1 1 0 0 0 0 0 0 0 1 0 0 1 1 0 0 0
0.036048384613594 0 1 0 0 0 0 0 0 0 0 1 0 0 0 1 0 1
0.078817070869865 0 0 1 0 0 0 0 0 0 0 1 1 0 0 1 1 0
0.044654794267117 1 0 0 0 0 0 0 1 0 0 0 1 0 0 1 1 0
0.073671458540483 0 0 1 0 0 0 0 0 0 1 1 0 1 0 0 1 1
0.059626130787486 0 1 0 0 0 0 0 0 1 1 0 0 0 1 1 0 1
0.101786108281424 1 0 0 0 0 1 0 1 1 1 1 0 1 0 1 1 1
0.085233551007731 0 1 1 0 0 0 0 0 1 1 1 0 1 1 0 0 1
0.028902572345666 1 0 0 0 0 0 0 0 0 0 0 0 1 0 0 1 0
0.115967784352229 0 1 0 0 1 1 0 0 1 1 1 1 1 1 1 0 1
0.117583199129884 0 1 0 0 0 0 1 0 0 1 1 0 0 1 0 0 1
0.119505106222373 0 1 0 0 1 0 1 0 1 0 1 1 0 1 1 1 0
0.093024323047329 1 0 0 1 0 0 1 0 0 1 0 1 1 1 0 0 1
0.081419992982707 1 0 0 0 0 0 1 0 0 0 1 1 1 0 1 1 0
0.144332794477552 1 0 1 1 0 0 0 0 1 1 1 1 1 1 0 0 0
0.045393907441742 1 0 0 0 0 0 0 0 0 0 0 1 0 0 1 0 1
0.074232904563660 1 0 0 0 0 0 1 1 0 1 0 0 1 1 1 0 1
0.047080913528378 1 0 0 0 0 0 0 0 0 1 1 0 0 1 0 0 1
0.118838225014164 0 1 1 0 0 0 1 0 0 1 1 1 0 1 1 1 0
0.091731787196835 1 0 0 0 0 0 0 1 1 1 1 0 0 1 1 0 1
0.116965281571274 0 1 1 0 0 0 0 0 1 1 0 0 1 0 1 0 1
0.065246661495171 0 1 0 0 0 0 1 0 0 0 0 0 0 1 1 1 0
0.054648229265983 0 1 0 0 0 0 0 0 0 0 0 0 1 0 1 1 0
0.103421404579974 0 1 0 0 0 1 1 0 0 0 1 1 0 1 1 1 0
0.126244179101362 1 1 0 0 0 1 1 0 1 1 0 1 1 1 0 0 1
0.095475508838209 1 0 0 0 1 0 0 1 0 0 0 1 0 1 1 0 0
0.036367456055437 0 0 1 0 0 0 0 0 0 0 0 0 1 0 0 0 1
0.102526694751287 1 0 0 1 0 0 1 0 1 1 0 1 1 1 1 0 0
0.087825101458055 1 0 1 0 0 0 0 0 0 1 1 0 1 0 0 0 1
0.034710550917402 0 0 1 0 0 0 0 0 0 0 0 0 1 0 0 1 0
0.106560932047657 1 0 0 0 0 1 1 1 0 0 1 1 1 1 0 1 1
0.078668375471848 0 1 0 0 0 0 1 0 1 0 0 1 0 1 1 1 0
0.120427935021533 0 1 0 1 0 0 1 0 1 1 0 1 1 1 0 0 1
0.085831857574151 0 1 0 0 1 0 0 0 1 1 1 1 0 1 0 1 1
0.138520714495092 1 0 0 1 1 0 0 1 1 1 1 1 1 1 1 1 0
0.125097753538717 1 0 1 0 1 0 1 0 1 1 1 1 1 1 0 0 1
0.086360555433612 0 0 0 1 0 0 1 0 0 0 1 0 1 0 1 1 1
0.081940167195711 0 1 0 0 0 1 0 0 1 0 1 1 0 1 0 1 1
0.074198773296846 0 0 1 0 0 0 0 1 0 0 1 0 1 0 0 1 1
0.078962283538082 0 1 0 0 0 0 1 0 0 1 1 1 0 1 1 1 1
0.042499498902455 0 0 1 0 0 0 0 0 0 0 0 0 1 1 0 0 1
0.101492294532209 1 1 0 0 0 0 1 0 1 1 0 1 0 1 0 1 0
0.084619214618942 1 0 1 0 0 0 0 1 0 1 1 0 1 1 0 1 0
0.059692756567045 1 0 0 0 0 1 0 0 0 1 1 1 0 1 0 1 1
0.102746345206304 0 0 1 0 1 0 0 0 0 0 0 0 1 1 0 0 1
0.093710568430430 1 0 0 0 1 0 1 0 0 0 0 1 1 1 0 1 0
0.053445470902602 0 1 0 0 0 0 0 0 1 0 0 0 0 0 1 0 1
0.063618746539073 1 0 0 0 0 1 0 0 0 0 0 1 1 0 1 0 0
0.094688344270422 1 0 0 0 0 0 1 1 0 0 0 1 0 1 0 1 0
0.136763196579552 0 0 1 1 0 0 1 0 0 1 1 1 1 0 1 1 1
0.103749318896125 0 1 0 0 0 1 0 1 0 0 1 0 1 0 1 1 0
0.095078607499597 1 0 0 0 1 0 1 0 1 0 1 1 1 1 0 1 1
0.062687868475079 0 1 0 0 0 0 1 0 0 0 0 1 0 1 1 0 1
0.051851230281560 1 0 0 0 0 0 0 1 0 0 1 0 0 0 1 0 1
0.040695279371407 0 0 1 0 0 0 0 0 0 0 0 1 0 1 0 0 1
0.107745445197417 0 1 0 0 0 1 1 0 0 1 0 1 1 1 1 1 0
0.147375012357447 0 0 1 1 0 1 0 0 0 1 1 1 1 1 0 1 1
0.035331818902542 0 0 1 0 0 0 0 0 0 0 0 0 0 1 0 0 1
0.063469119940907 0 1 0 0 0 0 1 0 0 0 0 1 0 0 1 1 0
0.066484219222375 0 0 0 1 0 0 0 0 0 0 1 0 0 0 1 1 1
0.120208610712159 1 0 0 0 1 1 0 0 0 1 0 0 1 1 1 0 0
0.134405689296499 1 1 0 0 0 0 0 0 1 0 0 1 0 0 1 0 0
0.086563160589231 0 1 0 0 0 1 0 0 1 1 1 0 1 1 0 1 1
0.114716856663921 1 0 1 0 0 0 1 0 0 0 1 1 0 1 0 0 1
0.059606875215166 0 0 1 0 0 0 0 0 0 0 0 0 0 0 1 0 0
0.058324853375436 1 0 0 0 0 0 1 0 0 0 1 0 0 0 1 1 0
0.030625190610840 0 0 1 0 0 0 0 0 0 0 0 0 0 1 0 1 0
0.152033402157554 0 1 1 0 0 0 0 1 0 1 0 0 0 1 1 0 0
0.142982154206991 1 0 1 0 0 1 1 0 0 1 0 1 1 1 1 0 0
0.052903874202083 0 0 1 0 0 0 0 0 0 0 1 0 0 1 0 1 0
0.079561729806831 0 0 0 0 1 0 0 1 0 0 0 0 0 1 1 0 1
0.075929462667330 1 0 0 0 0 0 1 0 1 1 0 0 1 1 1 1 0
0.034563586971659 0 0 1 0 0 0 0 0 0 0 0 0 0 0 1 1 0
0.113151728542914 0 1 0 0 1 0 0 0 1 1 0 0 1 0 1 0 1
0.062578645737261 1 0 0 0 0 1 0 0 0 1 0 0 1 1 0 1 0
0.049068684080996 1 0 0 0 0 0 1 0 0 0 0 0 1 1 0 1 0
0.071186239795545 1 0 0 0 0 0 1 0 0 0 0 0 1 0 1 0 0
0.111557743575385 0 0 1 1 0 0 0 0 0 0 0 1 0 1 0 1 0
0.135972457151870 1 1 0 0 1 0 1 0 1 1 1 0 1 1 0 1 0
0.079824053521744 0 0 1 0 0 1 0 0 0 0 1 1 0 1 0 1 1
0.185418036438191 1 0 1 0 0 0 0 0 0 1 0 0 0 1 0 0 0
0.076352957135630 1 0 0 0 0 1 0 1 0 1 1 0 1 1 0 1 1
0.117128614304191 0 1 1 0 0 1 0 0 1 1 1 1 1 0 1 1 0
0.072592189209564 0 0 1 0 0 0 1 0 0 0 0 1 0 1 0 1 1
0.088807215468964 0 0 1 0 0 1 0 0 0 0 0 1 0 0 1 1 0
0.062234957891823 0 0 0 0 0 1 0 0 0 0 0 0 0 1 0 1 0
0.035278346719586 0 0 0 1 0 0 0 0 0 0 0 0 0 1 0 1 0
0.034511273836302 0 0 0 1 0 0 0 0 0 0 0 0 0 1 0 0 1
0.223799542863120 0 0 0 0 0 0 0 0 0 0 0 0 0 1 0 1 1
0.088800011002989 0 0 0 1 0 1 0 0 0 0 0 0 0 1 1 1 0
0.162296498070428 0 0 0 1 0 1 0 1 0 0 0 0 1 1 0 1 0
0.100632985352804 0 0 1 1 0 0 0 0 1 0 0 1 1 1 0 0 1
0.111001186571682 0 0 0 1 0 0 0 1 0 0 0 0 0 1 1 0 0
0.101164258329244 0 0 0 1 0 0 0 0 0 1 0 0 0 0 0 0 1
0.049099583867385 0 0 0 0 0 1 0 0 0 0 0 0 0 0 1 1 0
0.168935891403275 0 0 0 0 1 1 0 1 0 0 0 0 0 1 1 1 0
0.105043287560992 0 1 0 0 1 0 0 1 0 0 1 1 0 1 0 1 1
0.133393645446519 0 1 0 0 0 1 0 0 1 1 0 1 0 1 0 1 0
0.150317253277935 0 1 0 1 0 0 0 0 0 1 0 0 0 1 0 0 1
0.075625560592952 0 0 0 1 0 0 1 0 0 0 0 0 0 1 1 1 0
0.293137218687659 1 1 1 1 0 1 0 1 1 1 1 1 1 1 1 0 0
0.087060254714998 0 1 0 1 0 0 0 0 1 1 1 1 1 0 1 1 1
0.133078239000814 0 0 0 1 0 0 0 0 1 0 0 0 0 0 0 1 0
0.142322261368219 0 0 1 1 0 0 0 0 0 0 1 0 0 1 0 0 1
0.091793142751164 0 1 0 0 0 0 0 1 1 1 1 0 1 0 1 1 1
0.090989455773274 0 1 0 0 0 1 0 0 1 0 1 0 0 1 1 0 1
0.135596374478903 0 0 0 1 1 0 0 0 0 0 1 0 0 1 0 1 0
0.085309603293292 0 0 1 0 0 1 0 0 0 0 0 0 0 1 1 1 0
0.087166407854616 0 0 0 0 1 0 0 0 0 0 1 0 0 1 1 0 1
0.125368800279974 0 0 0 1 0 0 0 0 0 0 1 1 0 1 0 1 0
0.082737320417350 0 1 0 0 0 0 0 0 1 1 0 0 1 1 0 0 1
0.103283122364707 1 1 0 0 0 0 1 1 1 1 1 0 1 1 1 1 0
0.086664222209553 0 0 1 0 0 0 0 1 0 0 0 0 0 1 0 0 1
0.104203875065527 1 1 0 0 0 0 0 0 1 1 1 0 0 1 0 1 1
0.110055956979565 0 0 0 1 0 0 1 0 0 0 0 1 0 1 0 0 1
0.149713385065646 1 1 0 0 1 0 1 0 1 1 1 1 1 1 1 0 0
0.049760537573128 0 0 0 0 1 0 0 0 0 0 0 0 1 0 0 0 1
0.115436542917199 0 1 0 0 0 1 0 1 1 1 1 1 0 1 1 1 1
0.036403909316423 0 0 0 1 0 0 0 0 0 0 0 0 0 0 1 0 1
0.103480733183478 0 1 1 0 0 0 0 0 1 0 0 1 0 1 1 0 0
0.062352858199460 1 0 0 0 0 1 0 0 0 1 0 0 1 1 0 0 1
0.090599957337806 1 0 0 1 0 0 0 1 1 1 1 1 0 1 1 1 1
0.033499213741299 1 0 0 0 0 0 0 0 0 0 1 0 0 1 0 1 0
0.083474238073464 1 0 0 0 0 1 0 1 0 0 0 0 1 1 1 0 0
0.128143714161811 0 1 0 0 1 0 0 0 0 1 0 0 1 0 0 1 0
0.085785576344805 1 0 0 0 1 0 0 1 0 0 1 0 1 1 0 0 1
0.062722520939103 0 0 0 1 0 0 0 0 1 0 0 0 0 1 1 0 1
0.082749422392865 0 1 0 1 0 0 0 0 1 0 1 1 1 1 0 0 1
0.097324116418285 0 0 0 0 0 1 0 0 0 0 0 0 1 0 1 1 0
0.074762882174893 1 0 0 1 0 0 0 0 0 1 1 0 1 1 0 1 0
0.111676573858983 0 0 0 1 0 1 0 0 0 0 0 0 0 1 0 1 1
0.066030304846902 1 0 0 0 0 1 0 0 0 1 1 0 0 1 1 1 0
0.174334475030376 1 0 0 0 0 1 0 0 0 0 0 0 0 0 0 1 0
0.076325477224098 1 0 0 0 0 1 0 0 0 1 0 1 0 1 1 0 0
0.076557798240957 1 0 0 0 0 1 0 0 1 1 0 0 1 1 1 1 0
0.138240605417766 0 0 0 0 0 1 0 0 0 0 1 0 0 1 1 1 0
0.088890303044685 1 0 0 1 0 0 0 1 0 0 0 1 1 1 0 1 0
0.122042711127374 0 1 0 0 0 1 0 0 0 0 0 0 0 1 0 0 1
0.081919911388713 1 0 1 0 0 0 0 1 0 1 1 1 0 0 1 0 1
0.063587135724487 1 0 0 0 0 1 0 0 0 1 0 1 1 1 0 0 1
0.058254542970485 1 0 0 0 0 1 0 0 0 0 1 1 0 0 1 0 1
0.099677571602989 0 0 0 0 0 1 0 0 0 0 0 1 0 0 0 1 0
0.086121293318608 1 0 0 1 0 0 0 0 1 0 0 1 1 0 1 1 0
0.091882105181352 1 1 0 0 0 0 0 0 0 1 1 1 0 1 0 1 0
0.129534020864447 0 1 0 0 0 1 0 0 1 0 1 1 1 0 0 0 1
0.094943067286335 0 0 1 0 0 0 0 0 0 0 0 1 0 1 1 1 0
0.071488560612879 1 0 0 1 0 0 0 0 0 0 1 1 0 1 0 1 0
0.054205488986756 0 0 0 0 1 0 0 0 0 0 0 0 0 0 0 1 0
0.089045693599845 1 0 1 0 0 0 1 1 1 1 1 1 1 1 0 1 1
0.081144173108355 0 1 1 0 0 0 0 0 0 1 1 1 0 1 0 0 1
0.167084838182792 0 0 0 1 1 0 0 0 0 0 0 0 0 1 0 0 1
0.106213813723694 1 0 0 0 1 0 0 0 0 0 1 0 0 0 1 0 1
0.072773536655184 1 0 0 0 1 0 0 0 0 1 1 0 0 1 1 1 0
0.028534339455824 1 0 0 0 0 0 0 0 0 0 0 0 0 1 1 0 0
0.085795053713592 0 0 1 0 0 1 0 0 0 0 0 0 1 1 0 0 1
0.032582218757975 1 0 0 0 0 0 0 0 0 1 0 0 0 1 0 1 0
0.074003852263774 0 1 0 0 0 0 0 1 0 0 1 1 0 1 1 0 1
0.126130110816734 1 0 0 1 0 0 0 0 0 0 0 0 0 1 1 0 0
0.058550091885010 1 0 0 0 0 0 1 0 0 1 0 0 0 1 1 1 0
0.036569501621112 1 0 0 0 0 0 0 0 0 0 1 0 0 0 1 1 0
0.063283491119544 1 0 0 0 1 0 0 0 0 0 1 1 0 1 0 1 0
0.108407834433618 0 1 0 0 1 0 0 1 1 0 1 0 1 1 1 0 1
0.134907000854137 0 1 1 0 0 0 1 1 1 1 0 1 1 1 1 1 0
0.130966417703411 0 0 0 0 1 0 0 0 1 0 0 0 1 0 0 0 1
0.114606190182512 0 1 0 0 1 0 0 0 0 0 1 0 1 0 0 0 1
0.085711959445188 1 1 0 0 0 0 0 0 1 0 1 1 0 1 0 0 1
0.088507927678919 1 0 0 0 1 0 0 0 1 1 1 0 1 1 0 1 0
0.102601018294352 0 1 0 0 1 0 0 0 1 1 1 0 1 1 1 1 1
0.044913531439224 0 0 0 1 0 0 0 0 0 0 0 0 1 0 0 1 0
0.081716898476889 1 0 1 0 0 0 0 1 0 1 1 1 0 0 1 1 0
0.099803207727571 0 1 0 1 0 0 0 0 1 0 1 0 1 0 1 0 1
0.097871457123924 0 0 0 1 0 1 0 0 0 0 0 0 0 1 1 0 1
0.083634621375541 0 0 0 0 1 0 0 0 0 0 0 1 1 0 0 1 1
0.124018736063184 0 1 1 0 0 1 0 0 1 1 1 1 0 1 1 0 1
0.119462509845476 1 1 0 0 0 0 1 1 1 0 1 1 0 1 0 1 1
0.060959465096361 0 0 1 0 0 0 0 0 0 0 0 0 0 0 0 1 0
0.025940393041031 1 0 0 0 0 0 0 0 0 0 0 0 1 1 0 0 0
0.074206123876293 0 1 0 0 1 0 0 0 0 0 1 0 1 1 0 1 0
0.151650386078399 0 0 0 0 1 1 1 0 0 0 1 1 1 1 0 1 1
0.073855656322171 1 0 1 0 0 0 0 0 1 0 1 1 1 0 0 0 1
0.060045149955268 0 0 0 0 1 0 0 0 0 0 0 0 1 0 0 1 0
0.072303253678307 1 0 0 0 0 1 0 0 1 0 1 1 1 0 1 1 1
0.037612999649432 0 0 0 0 1 0 0 0 0 0 0 0 0 0 1 1 0
0.056837415519756 0 1 0 0 0 0 0 0 1 0 0 1 0 1 0 0 1
0.052420828758840 0 0 1 0 0 0 0 0 0 0 0 0 1 0 0 1 1
0.118516177786298 0 0 1 0 0 1 0 0 0 0 0 0 0 1 0 1 0
0.067818694120862 0 0 0 1 0 0 0 1 0 0 0 0 0 1 1 0 1
0.136826319272020 0 0 1 1 0 0 0 0 1 0 0 0 0 1 1 1 0
0.117174757934562 0 0 0 1 0 1 0 0 1 0 0 1 1 1 1 1 1
0.121575940555762 0 0 1 1 0 0 0 1 0 1 0 1 1 1 0 1 1
0.143816936429521 0 1 1 0 0 0 0 0 0 0 0 0 1 1 0 0 0
0.078829494832054 0 0 1 0 0 1 0 0 0 0 0 1 0 1 1 0 1
0.119105275853519 1 0 1 0 1 0 0 0 1 1 1 1 1 0 0 1 1
0.068713303660215 1 0 0 0 0 1 0 0 0 1 0 0 1 1 1 0 0
0.088598509895100 1 0 0 1 0 0 0 0 1 1 1 0 1 0 1 1 1
0.091828416690515 0 1 0 0 0 1 0 0 1 0 1 0 1 0 1 1 1
0.084532178001057 1 0 0 0 1 0 0 1 0 1 1 1 1 1 0 0 1
0.073285401611039 0 1 0 0 0 0 0 1 0 0 0 0 0 0 1 0 1
0.123726242555018 1 0 1 0 0 1 0 1 1 1 1 1 1 1 1 1 0
0.051076271503280 1 0 0 0 0 0 0 0 1 0 0 0 1 1 0 1 0
0.081549325396260 1 0 0 0 1 0 0 0 0 0 1 0 1 1 0 0 0
0.064517071030833 0 0 0 0 1 0 0 0 0 0 0 0 0 0 1 0 0
0.082022505799305 0 1 0 0 0 1 0 0 0 1 1 0 1 0 0 1 1
0.109377710281274 0 0 1 1 0 0 0 0 0 0 0 0 1 1 0 1 0
0.043084278695657 0 0 1 0 0 0 0 0 0 0 0 0 0 0 1 0 1
0.063526355392098 1 0 0 0 0 1 0 0 0 1 1 1 0 0 1 1 1
0.110245602410464 0 0 0 1 0 1 0 0 0 1 1 1 0 0 1 1 1
0.114795631340107 1 0 1 0 1 0 0 0 1 1 1 1 1 0 1 0 1
0.120578814107081 0 1 1 0 0 0 0 0 1 0 1 0 0 1 0 1 0
0.151644656359736 1 1 1 0 0 0 0 0 1 1 1 1 1 0 0 0 1
0.105080971222590 0 0 0 1 0 0 1 0 0 0 0 0 0 0 1 1 0
0.191095759643760 0 0 0 1 0 1 1 1 0 1 1 1 1 1 1 1 1
0.060830539416481 1 0 0 0 0 0 0 0 0 0 0 0 0 0 1 0 0
0.089770337242866 0 0 1 0 0 0 0 1 0 0 1 0 0 0 1 1 0
0.082322627828155 1 0 0 1 0 0 0 0 1 1 0 1 1 1 0 1 0
0.100220763066218 1 0 1 0 0 0 1 0 1 0 1 1 1 0 1 1 0
0.091743531492324 0 1 0 0 0 0 1 1 0 0 0 1 1 1 1 1 0
0.100495816941268 0 0 1 0 0 1 0 1 0 0 1 1 1 1 0 1 1
0.155060268388432 1 1 0 1 0 0 0 0 1 1 1 1 1 0 1 0 1
0.179083455823289 1 1 0 1 1 0 1 1 1 1 1 1 1 1 0 0 0
0.095609235126357 1 0 0 1 0 1 0 0 0 1 1 1 1 1 0 0 1
0.102155451766990 0 0 0 0 1 0 1 0 0 0 1 0 0 0 1 1 1
0.078453597364402 1 0 0 1 0 0 0 0 1 1 1 0 0 1 1 1 0
0.125509284425355 0 1 0 1 0 1 0 0 1 1 1 1 1 0 0 1 1
0.031991387311395 0 0 1 0 0 0 0 0 0 0 0 0 0 1 1 0 0
0.157920842745736 1 0 1 0 1 0 0 1 0 0 1 1 1 0 0 0 1
0.090699431767410 0 0 0 1 0 0 1 0 0 0 0 0 1 1 0 1 0
0.075206665785677 0 1 0 0 0 0 0 1 0 1 1 0 1 1 0 1 1
0.030245791434311 1 0 0 0 0 0 0 0 0 0 0 1 1 0 0 0 1
0.101051758204485 1 1 0 0 0 0 0 1 1 1 1 0 0 0 1 0 1
0.040894389893913 0 0 0 1 0 0 0 0 0 0 0 0 1 0 0 0 1
0.090558311608839 0 0 0 1 0 1 0 0 0 0 0 1 1 0 0 1 1
0.052125764543596 1 0 0 0 0 0 0 1 0 0 0 1 1 0 1 0 1
0.045648813690072 1 0 0 0 0 0 0 0 1 0 1 0 1 0 0 1 1
0.092655664396086 1 0 0 0 0 1 1 0 0 1 0 1 0 1 1 1 0
0.048565386833888 0 0 1 0 0 0 0 0 0 1 0 0 0 0 1 1 0
0.103561629574872 1 1 0 0 0 0 1 0 0 1 1 0 1 1 0 1 0
0.054232743120044 0 0 1 0 0 0 0 0 0 1 0 0 0 1 1 0 1
0.177213588809745 0 0 0 1 1 1 0 0 1 0 1 1 1 1 0 1 1
0.077019148737322 1 0 0 0 1 0 0 1 0 1 1 1 0 1 0 1 1
0.074051072491282 0 0 1 0 0 0 1 0 0 0 0 0 0 1 1 0 1
0.077400231990360 1 0 0 0 1 0 0 0 1 1 1 0 1 0 1 1 1
0.078390420129856 0 1 0 0 0 0 0 1 0 1 1 0 0 1 1 0 1
0.086899156566582 0 0 1 0 1 0 0 0 0 0 0 1 1 0 1 0 1
0.051437462093452 1 0 0 0 0 0 0 0 1 0 0 1 1 0 0 1 1
0.079415061523637 1 0 0 0 0 1 0 0 1 1 1 0 0 1 1 1 1
0.076007396938265 0 0 0 1 0 0 0 0 0 0 0 0 0 1 0 0 0
0.039452279819540 0 1 0 0 0 0 0 0 0 0 0 1 0 0 1 0 1
0.103583690558913 0 1 0 1 0 0 0 1 1 0 1 1 1 1 0 1 0
0.108810534346670 1 0 0 1 1 0 0 0 1 1 1 1 1 0 1 0 1
0.158415855085355 0 1 1 0 1 0 0 0 1 1 1 1 1 1 1 0 1
0.103473553248374 0 1 0 0 1 0 0 0 0 0 1 0 0 0 1 1 0
0.103203195193587 0 1 0 0 0 0 0 0 0 1 1 1 0 1 0 0 1
0.055353399346983 1 0 0 0 0 0 0 1 0 1 0 0 0 1 1 1 0
0.084936613503503 0 1 0 1 0 0 0 0 0 0 1 0 1 1 0 1 0
0.127314911836020 0 1 1 0 0 0 0 0 1 0 0 1 0 1 0 0 1
0.086927939232980 0 1 0 0 1 0 0 0 0 1 0 0 1 1 0 0 1
0.113336779308809 0 0 1 1 0 0 0 0 1 1 0 1 1 0 0 1 1
0.042895397826375 0 1 0 0 0 0 0 0 0 1 0 0 0 1 0 1 0
0.164934235487486 0 1 1 1 0 0 0 0 1 1 1 1 1 0 1 1 0
0.068854949311339 0 0 1 0 0 0 1 0 0 0 0 0 0 1 1 1 0
0.130079547084119 0 1 0 0 0 0 1 1 1 0 1 0 0 1 1 1 1
0.059089799939846 0 0 1 0 0 0 0 0 0 1 0 0 0 1 0 1 0
0.107958301141897 1 1 0 0 0 0 0 0 1 0 0 1 1 0 0 0 1
0.148686620940297 0 1 0 1 1 0 0 1 1 1 1 1 1 1 1 0 1
0.106661714056091 0 1 0 1 0 0 1 0 0 0 1 1 1 1 0 1 0
0.081752100638633 1 0 1 0 0 0 0 1 1 1 0 1 1 0 1 0 1
0.121318440781488 0 0 1 0 0 1 0 0 0 1 0 0 0 0 1 1 1
0.130342425340409 0 1 1 0 0 1 0 0 0 0 1 1 1 0 1 0 0
0.049174706721239 1 0 0 0 0 0 0 1 0 0 0 1 1 0 0 1 1
0.109679578234071 1 1 0 0 1 0 0 1 1 1 1 1 1 1 0 0 1
0.048065556970982 1 0 0 0 0 0 0 1 0 0 1 1 0 0 0 1 1
0.103625915724236 0 1 0 0 0 1 0 1 1 0 0 1 1 1 1 1 0
0.080702590430949 0 0 0 1 0 0 0 0 0 1 0 0 0 1 0 1 0
0.137610233697336 1 1 0 0 1 0 0 1 1 0 1 1 1 1 0 1 0
0.087043083427667 0 1 1 0 0 0 0 0 0 1 1 1 0 0 1 0 1
0.038522276038598 1 0 0 0 0 0 0 0 0 1 0 0 0 1 1 0 0
0.063395611103382 0 1 0 0 0 0 0 1 0 0 1 1 0 0 1 1 1
0.093931548280850 0 0 1 1 0 0 0 0 0 1 0 1 1 0 1 0 1
0.053305812258652 0 0 1 0 0 0 0 0 1 0 0 0 0 1 1 0 1
0.091615863235234 1 0 0 1 0 0 1 0 0 1 1 1 0 1 1 0 1
0.035089616347780 0 0 0 0 1 0 0 0 0 0 0 0 0 0 1 0 1
0.112229939623093 1 1 0 0 0 1 0 0 1 1 1 0 1 1 1 0 0
0.062832843702033 1 0 0 0 1 0 0 0 0 0 1 1 1 0 0 0 1
0.111286220665715 1 0 0 0 0 1 1 0 1 1 1 0 1 1 1 1 1
0.079858512629015 1 0 0 0 0 0 0 0 1 0 0 1 1 0 1 1 0
0.047571497260192 0 0 1 0 0 0 0 0 0 0 0 1 1 0 0 0 1
0.095834427402465 0 0 0 0 0 1 0 0 0 0 0 1 0 0 1 1 1
0.045909595325213 0 1 0 0 0 0 0 0 0 1 0 0 1 0 0 1 1
0.127299853768162 1 0 0 1 0 1 0 0 1 1 0 1 0 1 1 1 0
0.089542552715523 0 1 0 1 0 0 0 1 0 0 1 1 1 1 0 0 1
0.123373010468554 0 0 0 1 1 0 0 0 0 0 0 1 1 0 0 1 0
0.079620758781729 0 0 0 1 0 0 1 0 0 0 0 0 0 1 1 0 1
0.074190448792225 0 0 0 0 1 0 0 0 0 1 0 0 0 0 1 0 1
0.073904023925293 1 0 1 0 0 0 0 1 1 1 1 1 0 1 0 1 1
0.100210397166410 0 0 1 0 1 0 0 0 0 0 0 0 1 0 1 1 0
0.076056376601692 0 1 0 0 0 1 0 0 0 0 0 1 0 0 1 1 0
0.058510002292805 1 0 0 0 0 0 0 0 0 0 0 0 0 1 0 0 0
0.122094549204840 1 1 0 0 1 0 0 1 1 1 1 0 1 1 1 0 0
0.107813620247385 1 1 0 0 0 1 0 1 1 0 1 1 1 1 0 0 1
0.055773445107876 1 0 0 0 0 0 1 0 0 0 0 1 0 1 1 0 0
0.082316715158086 1 0 0 0 1 0 0 0 1 1 1 0 0 1 0 1 1
0.097726101208278 0 1 1 0 0 0 0 1 0 1 1 1 1 0 1 1 0
0.062096054720601 1 0 0 0 0 0 0 0 0 1 0 0 1 1 0 1 0
0.118009832658957 1 1 0 0 0 1 0 1 0 1 1 0 1 1 0 0 1
0.145362921897922 0 0 1 0 0 1 1 0 1 0 1 1 1 1 1 1 1
0.072123840266674 1 0 0 0 0 0 1 1 0 0 0 1 1 1 0 0 1
0.051455241470655 0 1 0 0 0 0 0 0 1 0 0 0 0 1 0 1 0
0.132446467364246 1 1 0 0 0 1 1 1 0 1 1 1 1 1 1 0 0
0.071948145855335 1 0 0 0 0 1 0 1 0 0 1 1 1 0 1 0 1
0.096063697968986 0 1 0 1 0 0 0 0 1 0 1 1 0 1 0 1 1
0.068861329385805 0 1 0 0 0 0 0 0 0 0 0 0 0 1 1 0 1
0.085935653437764 1 0 0 1 0 0 0 0 1 1 1 0 0 1 0 1 1
0.070949777410781 0 1 0 0 0 1 0 0 0 0 1 0 1 1 0 1 0
0.108089570953724 0 1 0 0 1 0 0 0 0 1 0 1 0 0 1 1 1
0.067842647327346 1 0 0 1 0 0 0 0 0 1 1 0 1 1 0 0 1
0.090437382954194 1 0 1 0 0 0 0 1 1 1 1 0 1 0 0 1 1
0.051417573930919 1 0 0 0 0 0 0 0 1 1 1 0 0 0 1 1 1
0.060818278708909 0 0 0 1 0 0 0 0 0 0 1 0 0 1 0 0 1
0.076414865060173 1 0 0 1 0 0 0 0 1 0 1 0 1 1 0 1 0
0.094337879802594 1 0 0 1 0 0 1 0 1 1 1 1 0 1 0 1 1
0.110194361583070 0 0 0 1 0 1 0 0 0 0 0 1 0 1 0 1 0
0.071492919341869 0 1 0 0 0 0 0 1 0 0 1 0 1 1 0 0 1
0.110051909759977 1 0 1 0 0 0 1 0 1 0 0 1 1 1 0 0 1
0.121276636006280 0 1 0 0 1 0 1 0 0 0 1 1 1 1 1 1 0
0.085772818455193 1 0 0 0 1 0 1 0 0 1 1 1 0 1 1 0 1
0.075265569397343 0 1 0 0 0 0 0 0 1 0 1 1 0 0 1 0 1
0.108207849281527 0 1 1 0 0 0 0 0 0 1 1 0 1 0 0 1 1
0.126800082408874 1 0 1 1 0 0 0 1 1 1 1 1 0 1 0 1 0
0.071377658035115 1 0 0 0 1 0 0 0 0 1 0 0 1 1 0 0 1
0.069551867115895 1 0 0 0 1 0 0 0 0 0 0 1 1 1 0 0 0
0.068348019535941 1 0 0 1 0 0 0 0 0 0 1 1 1 0 0 1 0
0.076042269390564 1 0 0 1 0 0 0 0 1 1 1 1 0 0 1 1 1
0.139295145774408 1 0 1 0 1 0 0 0 1 0 1 1 1 1 0 1 0
0.058486765889507 1 0 0 0 0 0 1 0 0 1 0 0 0 1 1 0 1
0.067689916065724 1 0 0 0 0 0 1 0 1 0 1 0 0 1 1 1 0
0.105538323339402 1 1 0 0 0 1 0 0 1 1 1 0 1 1 0 1 0
0.085259199403956 1 0 0 0 1 0 0 0 1 1 0 0 1 1 1 0 0
0.097306898561162 1 0 0 0 1 1 0 0 1 1 1 1 1 1 0 1 1
0.125221979836915 1 1 0 1 0 0 0 1 1 1 1 1 0 1 0 1 0
0.104423174705305 1 0 0 1 0 0 1 1 1 1 1 1 1 0 1 0 1
0.069544835165355 1 0 0 0 0 1 0 0 1 0 0 1 1 0 0 1 1
0.142641689216323 0 1 0 0 1 0 1 0 1 1 0 1 0 1 1 0 1
0.136976722012899 1 0 1 1 0 0 0 1 0 1 1 1 1 0 0 0 1
0.137235730079525 0 1 0 0 1 1 0 0 1 0 1 1 1 1 0 1 1
0.039636227792385 0 1 0 0 0 0 0 0 0 0 1 0 0 1 0 1 0
0.076712521723016 1 0 0 0 0 0 1 1 0 0 1 1 0 0 1 1 1
0.069661169156787 1 0 0 0 1 0 0 0 0 1 0 1 0 1 0 1 0
0.044710529183169 0 0 1 0 0 0 0 0 0 0 1 0 0 1 0 0 1
0.116762922320372 0 0 0 0 1 0 1 0 0 0 0 0 0 0 1 1 0
0.117444208054294 0 1 0 1 0 0 1 0 1 1 1 0 1 1 1 1 0
0.171211164878988 0 0 0 1 1 0 1 1 0 0 1 1 1 1 1 0 1
0.085028001512535 0 0 1 0 0 0 0 0 1 1 0 0 0 1 1 1 0
0.178534152652180 1 1 0 1 0 1 1 0 1 1 1 1 1 1 0 0 1
0.172049932112944 1 1 1 0 0 1 1 1 1 1 1 1 1 1 0 0 0
0.040785560585609 0 1 0 0 0 0 0 0 0 1 0 0 0 0 1 0 1
0.092248542921240 0 1 0 0 0 0 1 1 0 0 1 1 0 1 1 1 0
0.065325701281957 0 1 0 0 0 0 0 1 0 1 0 1 0 0 1 1 1
0.061871887663434 0 1 0 0 0 0 1 0 0 0 0 1 1 1 0 0 1
0.064811194874703 0 1 0 0 0 0 0 1 0 0 0 1 0 1 0 1 0
0.058036140724211 1 0 0 0 0 0 1 0 0 1 1 0 0 1 0 1 1
0.081990113757770 1 1 0 0 0 0 0 1 0 1 1 1 0 0 1 0 1
0.176874837189953 0 0 0 1 0 1 0 0 1 1 0 0 1 0 1 0 1
0.147076236731452 1 0 0 0 1 0 1 1 1 1 1 0 1 1 1 1 1
0.070259384659982 0 0 1 0 0 0 1 0 0 0 0 1 1 0 0 1 1
0.142984282422421 0 1 0 1 1 0 0 0 1 0 1 1 1 1 0 1 0
0.091806277255243 1 0 0 0 1 0 0 0 1 1 0 1 0 0 1 1 1
0.094797098999088 1 0 1 0 0 1 0 0 1 1 1 1 1 1 0 0 1
0.106687902770773 0 0 1 0 1 0 0 0 1 0 0 1 0 1 1 0 1
0.105175127075954 0 1 0 1 0 0 0 1 1 0 1 1 0 1 1 0 1
0.067803553407327 1 0 0 0 0 1 0 0 0 0 1 1 1 1 0 0 1
0.092295343974959 0 1 0 0 1 0 0 0 1 0 0 0 1 1 1 0 0
0.067352315063139 0 1 0 0 0 0 0 1 0 0 0 1 1 1 0 0 1
0.104128452248852 0 1 0 0 0 1 1 0 0 0 0 1 1 1 1 0 0
0.100592282722085 1 0 0 0 1 0 1 0 1 1 1 1 0 1 0 1 1
0.093402687654534 1 0 0 0 1 1 0 0 0 1 1 1 1 0 1 0 1
0.080841130568708 1 0 0 0 1 0 0 1 0 1 0 1 1 0 1 0 1
0.084871331338876 0 1 0 0 0 1 0 0 0 1 0 1 1 0 1 1 1
0.054235265521936 1 0 0 0 0 0 1 0 0 0 1 0 1 0 0 1 1
0.060807386468438 1 0 0 0 0 0 1 0 1 0 0 1 0 1 1 0 1
0.059059042442598 1 0 0 0 0 0 0 0 1 1 0 0 0 1 1 1 0
0.091387018180735 1 0 1 0 0 0 1 1 0 1 1 1 1 0 1 0 1
0.038828187520990 0 0 0 0 1 0 0 0 0 0 0 0 0 1 0 0 1
0.082562715107953 0 0 1 0 0 0 1 0 0 1 0 1 1 0 1 1 1
0.091319689399980 0 0 1 0 1 0 0 0 0 1 1 1 1 0 1 1 1
0.109376808878501 1 1 0 0 0 0 0 1 1 0 1 1 0 1 1 1 0
0.076482581178185 0 0 1 0 0 0 0 1 0 1 0 0 1 0 1 1 1
0.104513442572739 1 1 0 0 0 0 1 0 1 1 1 0 0 1 1 1 0
0.077102113114303 0 0 1 0 0 0 1 0 0 0 1 1 0 0 1 1 1
0.087185111421499 1 0 1 0 0 0 0 1 0 1 1 0 1 0 1 0 1
0.073702016851955 0 0 0 0 1 0 0 0 0 0 0 1 0 1 0 0 1
0.132222100251299 1 1 0 0 0 1 0 0 0 0 1 1 1 0 0 0 1
0.088136826673877 1 0 0 0 0 1 1 0 0 0 0 1 1 1 0 0 1
0.099230276349889 0 0 1 0 0 1 0 0 0 0 1 1 0 1 0 0 1
0.064877821962251 1 0 0 0 0 0 0 1 1 0 1 0 0 0 1 1 1
0.078972573551975 1 1 0 0 0 0 1 1 1 1 1 1 1 0 1 0 1
0.081635789236418 1 1 0 0 0 0 0 1 1 1 0 1 1 0 1 0 1
0.115505406360530 1 1 0 0 0 0 0 1 0 0 0 1 1 0 0 1 0
0.109534630698031 0 0 0 0 1 0 0 1 0 0 0 0 1 1 0 0 1
0.067310948666673 1 0 0 0 0 0 1 0 1 0 1 1 1 0 0 1 1
0.043281769954576 0 1 0 0 0 0 0 0 0 1 0 1 0 0 0 1 1
0.086223229954814 1 0 0 0 0 1 0 1 1 0 0 1 1 1 0 1 1
0.079546149792447 1 0 0 1 0 0 0 0 1 1 0 1 0 1 1 0 1
0.076028065754913 1 1 0 0 0 0 0 1 1 1 1 0 1 1 0 0 1
0.106408830426400 0 1 0 0 0 1 0 1 0 1 1 0 1 1 1 1 1
0.108257832496144 0 0 1 0 1 0 0 0 1 1 0 1 1 0 1 1 1
0.040565190278122 0 1 0 0 0 0 0 0 0 0 0 1 0 0 0 0 1
0.141131447102377 1 0 0 1 1 0 0 0 0 0 1 1 1 1 0 1 0
0.056790193259996 1 0 0 0 0 0 1 0 0 1 0 1 0 1 0 1 1
0.095110109582955 0 1 0 1 0 0 0 0 0 1 0 1 1 0 0 1 1
0.106535413472600 1 1 0 0 0 0 0 1 0 0 1 0 1 0 1 0 0
0.103668718485450 0 1 0 1 0 0 1 0 1 1 1 1 1 1 0 1 1
0.038555512073216 1 0 0 0 0 0 0 0 0 1 0 1 0 0 0 1 1
0.072472470650728 0 0 1 0 0 0 0 0 0 1 0 1 1 0 0 1 1
0.082435333801300 1 0 0 0 1 0 1 0 0 0 1 1 1 1 0 0 1
0.135196379843036 1 0 1 1 0 0 1 1 1 1 1 1 1 1 0 0 1
0.054571308178235 0 1 0 0 0 0 0 1 0 0 0 1 1 0 0 1 1
0.109479297410167 1 1 0 0 0 0 1 0 1 0 1 0 1 1 0 0 1
0.098315690585480 0 1 1 0 0 0 0 1 0 1 1 1 0 1 0 1 0
0.061440046879125 1 0 0 0 0 1 0 0 0 1 1 0 0 1 1 0 1
0.069196596732238 0 1 0 0 0 0 1 0 0 0 1 1 0 0 1 1 1
0.093013403826052 0 1 0 1 0 0 0 0 1 1 1 0 0 1 1 1 0
0.151164957575695 0 0 1 1 1 0 0 0 1 1 1 1 1 0 1 1 0
0.113702621789965 1 0 0 0 1 1 0 0 0 1 1 1 0 1 0 0 1
0.066262619266383 1 0 0 0 0 0 0 0 1 0 0 0 1 1 1 0 0
0.185778403996627 1 1 1 0 1 0 1 1 1 1 1 1 1 0 1 0 0
0.055408843973958 0 1 0 0 0 0 0 0 1 0 0 1 1 0 0 1 1
0.107987409150734 0 0 0 1 1 0 0 0 0 1 1 1 1 0 0 1 1
0.086162633728034 1 0 0 1 0 0 0 1 0 1 1 0 1 0 1 0 1
0.077694024087532 0 1 0 0 0 0 0 1 0 0 0 0 1 0 0 1 0
0.093233769305680 1 0 1 0 0 0 0 1 1 0 1 1 0 1 1 0 0
0.065028382278900 1 0 0 0 0 0 1 0 0 0 1 0 0 1 1 0 0
0.048266572577432 0 0 0 0 0 1 0 0 0 0 0 0 0 0 0 0 1
0.145587949316193 0 0 0 0 0 1 0 1 0 0 1 0 1 0 0 1 1
0.070000418806342 1 0 0 0 0 1 0 0 0 1 0 1 0 0 1 0 1
0.032946902629742 0 0 0 1 0 0 0 0 0 0 0 0 0 0 1 1 0
0.088883204781413 0 0 0 0 1 0 0 0 0 0 1 0 0 0 0 0 1
0.086994291960310 1 0 1 0 0 0 0 0 1 1 1 0 0 1 1 1 0
0.117781095183499 0 1 0 1 0 1 0 0 0 1 1 1 1 0 1 0 1
0.130238238566845 0 1 1 0 0 1 0 1 0 1 1 1 1 0 1 0 1
0.085039698230751 0 1 0 0 1 0 0 0 1 0 0 1 1 0 1 1 0
0.074904599625149 0 1 0 0 0 0 1 0 0 1 0 1 1 0 1 1 1
0.086588920550774 1 0 1 0 0 0 1 0 1 1 1 1 0 1 1 0 1
0.095775070164919 0 0 1 0 0 0 1 0 1 0 0 1 0 1 1 0 1
0.109660100420738 0 1 1 0 0 0 0 0 0 1 0 1 0 0 1 1 0
0.040055202495237 0 0 0 0 0 1 0 0 0 0 0 0 0 0 1 0 1
0.143601712415216 1 1 0 0 1 1 0 1 1 1 1 1 1 0 1 0 1
0.033970819018702 1 0 0 0 0 0 0 0 0 1 0 0 0 0 1 1 0
0.162583616962217 0 0 0 0 1 1 0 0 0 0 1 0 0 1 0 0 1
0.059439122147151 1 0 0 0 0 1 0 0 0 1 0 1 1 0 0 1 1
0.052936127992520 0 0 0 0 0 0 0 0 0 0 0 0 0 0 0 0 1
0.091468667880364 1 1 0 0 0 0 0 1 1 0 1 1 0 0 1 0 1
0.093613513992449 1 1 0 0 0 0 1 1 0 1 1 1 1 0 0 0 1
0.038635457159930 1 0 0 0 0 0 0 0 0 0 0 1 1 0 0 1 0
0.116629189849886 1 0 1 0 0 1 0 1 0 1 1 1 1 0 1 0 0
0.080432788879000 0 1 1 0 0 0 0 0 0 1 1 1 1 0 0 0 1
0.114495187469828 0 0 0 1 1 0 0 0 0 0 1 0 1 0 1 1 1
0.069729005784799 0 0 0 1 0 0 0 1 0 0 0 0 0 1 1 1 0
0.066819597573202 0 0 0 1 0 0 0 0 0 0 0 1 1 0 0 0 1
0.070087653959059 1 0 0 1 0 0 0 0 0 1 1 1 0 0 1 1 0
0.087652674080257 1 0 0 0 1 0 0 1 1 0 1 1 1 0 0 1 1
0.079865292500545 1 1 0 0 0 0 1 0 1 1 1 1 1 0 0 1 1
0.046107611764732 1 0 0 0 0 0 0 0 1 1 0 0 1 0 0 1 1
0.111152434846580 0 0 0 0 1 1 0 0 0 1 0 0 1 1 0 1 1
0.146041328854617 1 0 1 0 1 1 0 1 1 1 1 1 1 1 0 0 1
0.086254292970603 1 1 0 0 0 0 0 1 1 1 0 1 1 0 0 1 1
0.091555890865481 0 0 1 0 0 1 0 0 0 0 0 0 1 0 1 0 1
0.040120355688968 0 0 1 0 0 0 0 0 0 0 1 0 0 0 1 0 1
0.087902078572527 0 0 1 0 0 1 0 0 0 0 1 1 0 0 1 1 1
0.175933456193188 1 0 1 1 1 0 0 1 1 1 1 1 1 0 1 0 0
0.064464881852936 1 0 0 0 0 0 0 1 1 1 0 0 1 0 1 1 1
0.090900172288582 1 0 1 0 0 0 0 0 0 1 1 0 1 0 1 1 0
0.056066697107931 0 0 1 0 0 0 0 0 0 0 1 0 1 0 0 0 1
0.092958087067653 1 1 0 0 0 0 1 0 1 1 1 0 1 0 1 1 0
0.105348467526249 1 0 0 1 0 1 0 0 0 1 1 1 1 0 1 1 0
0.097390369178032 1 0 1 0 0 1 0 0 1 1 1 1 1 0 0 1 1
0.044463813042104 1 0 0 0 0 0 0 0 0 1 0 1 0 1 0 0 1
0.105635549476941 0 1 0 1 0 0 0 1 1 1 1 1 0 1 0 1 1
0.111670901180404 1 0 0 0 1 1 0 0 0 1 0 1 1 0 1 1 0
0.088868415255761 0 0 1 0 1 0 0 0 0 1 1 1 0 1 0 1 1
0.108512115470241 1 0 1 0 0 0 1 0 0 1 1 1 0 1 0 1 1
0.078744012671513 1 0 0 0 0 0 1 1 0 0 1 0 0 1 1 0 1
0.092336598992217 1 0 1 0 0 0 0 0 0 0 1 1 0 0 1 0 0
0.087413743767668 0 0 0 0 1 0 1 0 0 0 0 0 0 1 1 0 1
0.147352984183198 0 0 1 1 1 0 0 0 0 1 1 1 1 1 0 0 1
0.076401152241653 0 0 0 0 0 1 0 0 0 1 0 0 0 0 0 1 1
0.035941458110666 0 1 0 0 0 0 0 0 0 0 0 1 0 0 0 1 0
0.058280554354409 0 0 1 0 0 0 0 0 0 0 0 0 0 1 1 0 1
0.086823283541051 0 1 0 0 0 1 0 0 1 0 1 0 0 1 1 1 0
0.136886215836009 0 1 0 1 0 0 1 0 1 0 0 1 1 1 1 0 1
0.045836816921972 0 0 0 0 1 0 0 0 0 0 0 0 0 1 0 1 0
0.080932149505651 1 0 0 0 0 1 1 0 0 0 1 1 1 0 1 0 1
0.055545445657209 0 0 1 0 0 0 0 0 0 1 0 0 1 0 1 0 1
0.125732540927924 1 1 0 1 0 0 1 1 1 1 1 1 1 0 0 0 1
0.136218476252723 0 0 1 0 0 1 0 0 0 1 0 0 0 1 1 0 0
0.090451837996247 1 0 0 1 0 0 1 0 0 1 1 1 1 0 1 1 0
0.046939169099102 1 0 0 0 0 0 0 0 0 0 0 1 0 0 1 1 0
0.038640431314247 0 1 0 0 0 0 0 0 0 1 0 0 0 0 1 1 0
0.095943913028961 0 0 1 0 0 0 0 1 0 1 1 0 0 1 0 1 1
0.063749907032427 0 0 0 1 0 0 0 0 0 1 0 0 0 0 1 1 0
0.059810519417772 0 0 0 0 1 0 0 0 0 0 0 0 0 1 1 0 0
0.084266236437962 1 0 1 0 0 0 0 1 0 1 0 1 1 1 0 0 1
0.067406360277630 1 0 0 0 0 1 0 0 0 1 1 0 1 0 1 1 0
0.065875120797883 0 0 1 0 0 0 0 0 0 1 0 0 1 1 0 0 1
0.119718536737475 1 1 0 0 1 0 0 1 1 1 1 1 1 0 1 1 0
0.072853858646919 1 0 0 0 0 1 0 0 1 1 0 1 0 1 0 1 1
0.172465889511189 1 0 0 1 1 1 0 1 0 1 1 1 1 1 0 0 1
0.035361203930038 0 1 0 0 0 0 0 0 0 0 0 1 1 0 0 0 1
0.034608270083214 1 0 0 0 0 0 0 0 0 1 0 0 1 0 0 0 1
0.097013844922232 1 0 0 0 0 1 0 0 0 1 1 0 1 0 0 0 1
0.065407596399319 1 0 0 0 1 0 0 0 0 1 1 1 0 0 1 0 1
0.078342758050568 0 0 1 0 0 0 0 0 1 0 0 0 0 1 1 0 0
0.069874329726768 1 0 0 0 1 0 0 0 1 0 1 1 0 1 1 0 1
0.068750295742438 1 0 0 0 0 1 0 0 1 0 0 1 0 1 1 0 1
0.064167553773658 1 0 0 1 0 0 0 0 1 1 1 1 1 0 0 1 1
0.132458224888464 0 1 0 0 1 1 0 0 1 1 1 0 1 1 1 1 0
0.129453882266222 1 0 0 0 1 1 0 0 1 1 1 1 0 1 1 1 1
0.072643972259148 0 0 1 0 0 0 1 0 0 0 0 0 1 1 0 1 0
0.137768566761023 0 1 0 0 1 1 0 0 0 1 1 1 1 0 1 1 1
0.096931994644381 0 1 0 1 0 0 0 1 0 1 1 1 0 1 1 1 0
0.048198842715834 1 0 0 0 0 0 0 0 0 1 1 0 0 0 1 1 0
0.104395744098666 1 0 0 1 0 1 0 0 1 1 1 1 1 1 0 1 1
0.086321421442936 1 0 0 0 0 1 1 0 0 0 1 1 0 1 1 0 1
0.037784339196908 1 0 0 0 0 0 0 0 0 1 0 0 0 0 1 0 1
0.047091245605338 0 1 0 0 0 0 0 0 1 0 0 0 0 0 1 1 0
0.074076921879464 0 1 0 0 0 0 0 1 1 0 0 1 0 1 1 0 1
0.087925937545359 0 1 1 0 0 0 0 1 1 1 1 1 1 0 0 1 1
0.064135827130092 0 0 0 0 1 0 0 0 0 1 0 0 0 0 0 1 1
0.112296200570161 0 1 0 0 1 0 0 0 1 0 1 0 0 1 0 1 1
0.096447519447221 1 0 1 0 0 0 0 0 1 0 1 0 1 0 0 1 0
0.127362478170937 0 1 0 0 1 1 0 0 0 0 0 1 1 1 1 0 0
0.073201663923951 0 0 1 0 0 0 0 0 1 1 0 0 1 0 1 1 1
0.110672238287912 1 0 1 0 0 1 0 0 1 0 1 1 1 0 1 0 0
0.106875390948933 0 1 0 1 0 0 0 0 1 1 0 1 0 0 1 1 0
0.143838091717733 0 1 1 0 1 0 0 0 1 0 1 1 1 0 1 0 0
0.064548467130106 0 0 0 1 0 0 0 0 0 0 0 0 0 1 1 1 0
0.069280495990686 1 0 0 0 0 1 0 0 1 0 1 0 1 1 0 1 1
0.086251918435429 1 0 1 0 0 0 0 0 1 0 1 1 0 0 1 0 1
0.031405439338888 0 1 0 0 0 0 0 0 0 0 0 0 0 1 0 1 0
0.180700438706538 0 0 1 1 0 1 0 0 1 0 0 1 1 1 1 0 1
0.062644685690688 0 0 1 0 0 0 0 0 0 1 1 0 0 0 1 1 1
0.053528633190087 0 0 1 0 0 0 0 0 0 0 0 0 1 1 0 0 0
0.099608254650934 1 0 1 0 0 0 1 0 0 1 1 0 1 1 1 0 0
0.070474673042214 1 0 0 0 1 0 0 0 0 1 0 1 1 0 0 1 1
0.136584587430967 1 1 0 1 0 0 1 1 1 1 1 1 1 0 1 0 0
0.121252334247410 1 1 0 0 1 0 0 0 1 1 1 1 0 0 1 0 1
0.088994428241484 1 0 0 1 0 0 0 1 1 0 0 1 1 1 0 0 1
0.115175421917646 1 1 0 0 0 1 1 0 1 1 1 1 1 0 1 1 0
0.073482727091116 1 0 0 0 1 0 0 1 0 0 1 1 1 0 1 0 1
0.077650686405922 0 0 0 0 1 0 0 0 1 0 0 0 0 1 1 0 1
0.115397739354200 0 0 0 0 0 1 0 1 0 0 0 0 0 0 1 0 1
0.052959013472324 1 0 0 0 0 0 1 0 0 0 0 0 1 1 1 0 0
0.154100489161283 1 0 1 1 0 0 1 0 1 1 1 1 1 1 0 1 0
0.086777283627916 1 0 0 0 0 0 1 0 1 0 1 0 1 1 0 1 0
0.068089730608741 1 0 0 0 0 0 1 0 1 1 1 0 1 0 1 1 1
0.116768118228689 0 0 1 1 0 0 0 1 1 0 1 1 1 1 0 1 1
0.096119730363682 1 1 0 0 0 0 0 0 0 0 1 0 1 1 0 0 0
0.144356516145761 0 1 0 1 0 0 1 0 0 1 1 1 0 1 1 1 1
0.108164024334033 0 1 0 1 0 0 0 1 1 1 0 1 1 1 1 1 0
0.074497922870270 1 0 0 0 1 0 0 0 0 1 0 0 1 0 1 1 0
0.054606889367995 1 0 0 0 0 0 1 0 0 1 0 1 1 0 0 1 1
0.149877370391381 0 1 1 1 0 0 0 1 1 1 1 1 1 0 1 0 1
0.113920284681269 0 0 0 1 1 0 0 0 1 1 1 1 1 1 1 1 1
0.110081503692609 1 1 0 0 0 0 1 1 0 1 0 1 1 0 1 0 0
0.090488589118730 0 0 0 0 1 0 0 0 0 1 1 0 0 0 1 1 1
0.048670670522081 0 0 0 0 0 1 0 0 0 0 0 0 0 1 0 0 1
0.080010329814259 0 1 0 0 0 1 0 0 0 0 0 1 1 0 0 1 0
0.109275241019937 1 1 0 0 0 0 1 1 0 1 1 0 1 0 1 0 1
0.127769845871674 1 0 0 1 1 0 1 0 1 1 1 1 1 1 0 0 1
0.086756440757954 0 0 1 0 0 0 0 1 0 0 0 1 0 1 0 1 0
0.057239309297549 1 0 0 0 0 0 0 1 0 0 1 0 0 1 0 1 0
0.098518092129135 0 0 0 0 0 1 1 0 0 0 0 0 0 1 1 1 0
0.082879421745075 1 0 0 0 1 0 0 0 1 0 0 1 0 1 1 1 0
0.149513917932031 1 1 0 0 1 1 0 0 1 1 1 1 1 1 0 0 1
0.058478413626563 1 0 0 0 0 0 0 1 1 0 0 1 0 1 1 0 1
0.100047764303558 0 1 0 0 0 0 0 1 1 1 0 0 0 1 1 1 0
0.089374682854160 1 0 0 0 0 1 1 0 0 1 0 1 1 0 1 1 0
0.082027363362111 0 1 0 0 0 1 0 0 1 0 0 1 1 0 1 1 0
0.090040115507311 0 0 1 0 0 1 0 0 0 1 0 1 0 1 0 1 1
0.132820176427738 0 1 0 1 0 1 0 0 1 1 1 1 1 1 1 1 0
0.112448463026690 1 0 0 0 1 0 1 0 0 1 1 1 1 0 0 0 1
0.082441627062021 0 0 0 0 0 1 0 0 0 0 0 0 0 1 1 0 0
0.083392268874103 1 0 0 1 0 0 0 0 0 1 1 0 1 0 1 0 0
0.079991824963947 0 0 1 0 0 0 1 0 0 0 1 0 1 0 1 0 1
0.102480596931834 0 0 0 1 0 0 0 1 1 0 0 1 1 0 1 1 1
0.085604226358617 1 0 0 1 0 0 0 0 1 0 1 1 0 1 0 1 1
0.122151232180349 0 0 1 0 0 1 1 0 0 0 0 1 1 1 1 1 0
0.124600637218349 1 1 0 0 0 1 1 0 1 1 1 1 0 0 1 0 1
0.062655096959921 0 1 0 0 0 0 1 0 0 0 1 0 0 1 1 0 1
0.090137190374967 1 0 0 1 0 0 0 1 0 1 1 0 0 1 1 1 0
0.044703215418209 1 0 0 0 0 0 0 1 0 0 0 1 0 1 0 0 1
0.032458041302926 1 0 0 0 0 0 0 0 0 1 0 0 0 1 0 0 1
0.071444621843728 1 0 0 0 0 1 0 0 1 0 1 0 1 0 1 0 1
0.062258013975411 0 1 0 0 0 0 0 0 1 1 0 1 0 0 1 1 1
0.132479908864702 0 0 1 1 0 0 0 1 1 1 1 1 0 1 1 1 1
0.072857878633293 0 1 0 0 1 0 0 0 0 0 0 1 1 1 0 0 1
0.096150398449982 0 1 0 1 0 0 0 1 0 0 1 1 1 0 1 1 0
0.075534089244511 1 0 0 1 0 0 0 0 0 1 0 1 0 1 0 1 0
0.042683934635445 1 0 0 0 0 0 0 0 1 0 1 0 0 0 1 0 1
0.163072170186518 1 1 1 0 0 1 0 1 1 1 1 1 0 0 1 0 0
0.107828885500755 0 1 0 1 0 0 0 0 1 0 0 1 0 1 0 1 0
0.114885149645333 0 0 0 1 0 0 1 0 1 1 0 1 1 1 1 1 1
0.086882977082039 1 0 0 0 0 1 0 1 1 0 1 0 1 1 1 1 0
0.158370275626410 0 1 0 1 1 0 1 0 1 1 1 1 1 1 1 0 0
0.085036121132389 1 0 0 1 0 0 0 1 0 1 0 1 1 0 1 1 0
0.048181349783096 1 0 0 0 0 0 0 0 1 1 0 0 0 1 1 0 1
0.071208280319875 0 1 0 0 0 0 0 0 0 1 0 0 0 0 0 1 0
0.055974830927436 0 0 1 0 0 0 0 0 1 0 0 0 1 0 1 0 1
0.085856468448657 1 0 1 0 0 0 0 1 0 0 1 1 1 0 0 0 1
0.110732579794376 1 1 0 0 0 0 1 1 1 1 0 1 1 1 0 1 1
0.153799166476485 1 0 0 0 1 1 1 1 0 1 1 1 1 1 1 0 1
0.049764248508003 0 0 0 1 0 0 0 0 0 0 1 0 0 0 1 0 1
0.102466119775883 0 0 0 1 0 0 0 1 0 0 0 0 0 1 0 0 1
0.077087140614268 1 0 0 0 1 0 0 0 0 0 0 0 1 1 0 1 0
0.063802211591120 0 0 0 1 0 0 0 0 0 1 0 0 0 1 1 0 1
0.114253074159840 0 1 1 0 0 0 0 1 1 0 0 1 1 0 1 1 0
0.081791589582779 0 0 1 0 1 0 0 0 0 0 0 1 1 1 0 1 0
0.058828391891890 0 1 0 0 0 0 1 0 0 0 0 1 1 0 1 0 1
0.126521749165290 0 0 1 0 1 0 1 0 0 0 1 1 1 1 0 1 1
0.063145422961928 0 1 0 0 0 0 0 0 1 0 1 1 0 0 0 1 1
0.069184912937181 0 1 0 0 0 0 1 0 0 1 0 0 1 1 1 0 1
0.134736101834854 0 1 1 0 1 0 0 1 1 1 1 1 1 1 0 1 0
0.105563982392573 1 1 0 0 0 1 0 1 1 1 1 1 0 1 0 1 1
0.089994202251110 0 1 0 0 0 0 1 1 0 1 0 1 1 1 1 0 1
0.097964360759786 1 0 1 0 0 0 1 0 1 1 1 0 1 0 1 0 1
0.106765276517352 0 0 0 0 1 0 0 0 0 1 0 0 0 1 0 1 0
0.087887224432496 0 0 1 0 1 0 0 0 0 0 0 1 1 1 1 0 0
0.030127496236335 1 0 0 0 0 0 0 0 0 0 1 0 0 1 0 0 1
0.110624749362790 0 1 0 0 1 0 1 0 0 1 1 0 1 1 1 0 1
0.074879680523457 1 0 0 0 1 0 0 0 0 1 0 1 0 1 1 0 1
0.058598866048858 0 1 0 0 0 0 0 1 0 0 0 1 1 0 1 0 1
0.163554383179233 0 0 0 1 0 1 0 1 1 0 1 1 0 1 1 1 1
0.076802530767386 1 0 0 1 0 0 0 0 1 1 1 0 0 1 1 0 1
0.042441223078808 1 0 0 0 0 0 0 0 1 0 0 0 0 1 0 0 1
0.071767626907071 0 0 1 0 0 0 0 1 0 0 0 0 1 1 0 1 0
0.096040248681616 0 0 1 0 0 0 1 0 0 1 1 1 0 1 0 1 1
0.099233770182201 0 0 1 0 1 0 0 0 1 0 1 1 0 1 1 1 0
0.067802789711402 1 0 0 0 1 0 0 0 1 0 0 1 1 1 0 0 1
0.079121591632685 1 0 1 0 0 0 0 0 0 1 0 1 1 0 1 0 0
0.035595273759895 1 0 0 0 0 0 0 0 0 0 0 1 0 1 0 0 1
0.062330618045103 1 0 0 0 0 0 1 0 1 0 1 1 0 1 0 1 1
0.024393312035890 1 0 0 0 0 0 0 0 0 0 0 0 1 0 1 0 0
0.064321346372286 0 0 1 0 0 0 0 0 1 0 0 0 1 1 0 0 1
0.101553625689562 0 1 1 0 0 0 0 1 0 0 1 1 0 1 1 0 0
0.090967254832792 1 0 0 1 0 0 0 0 0 0 1 0 1 0 1 1 0
0.085740244277197 0 0 1 0 1 0 0 0 0 0 1 0 1 1 0 1 0
0.127541624765208 1 1 0 0 1 0 0 1 1 1 1 1 0 0 0 1 1
0.082393847301742 1 0 1 0 0 0 0 1 1 1 1 0 1 1 0 0 1
0.104389755824028 1 1 0 0 0 0 1 0 1 1 0 0 1 1 1 0 0
0.111077297085392 0 0 1 0 1 0 0 0 0 0 1 0 0 1 1 0 0
0.114475454552577 1 1 0 0 0 1 0 1 1 0 1 1 0 1 1 0 0
0.063995310847055 0 1 0 0 0 0 1 0 0 0 1 1 0 1 0 1 1
0.082746450457838 0 1 0 0 1 0 0 0 0 0 0 1 1 0 1 0 0
0.081639223747029 0 1 0 0 0 0 1 1 0 0 1 1 1 1 0 1 1
0.052720782452810 1 0 0 0 0 0 0 0 1 0 1 0 0 1 1 0 1
0.051348509573067 1 0 0 0 0 0 0 0 0 0 0 1 1 0 1 0 0
0.090554852814815 0 1 1 0 0 0 0 1 0 1 1 1 1 1 0 0 1
0.119281567804470 0 1 0 0 0 1 1 0 1 0 1 0 1 1 1 1 0
0.090497586609976 1 1 0 0 0 0 0 0 0 1 1 0 0 1 1 0 0
0.102512591026287 1 0 0 1 0 0 1 0 1 0 0 1 1 1 0 1 0
0.114884140974953 0 0 1 0 0 0 1 1 0 1 1 0 1 1 1 1 1
0.094791930184544 0 0 0 1 0 1 0 0 0 1 0 1 1 1 0 1 1
0.072187820910847 0 1 0 0 0 1 0 0 0 1 0 1 0 1 1 0 1
0.078423705372149 0 0 1 0 0 0 1 0 0 0 0 0 1 1 1 0 0
0.046799972616379 0 1 0 0 0 0 0 0 0 1 0 0 1 0 1 0 1
0.079032999290832 1 0 0 0 0 1 0 0 1 0 0 0 0 1 1 1 0
0.068189243068846 1 0 1 0 0 0 0 0 1 1 1 1 1 0 0 1 1
0.103365248942701 0 0 0 0 1 0 0 0 0 0 0 0 1 1 0 0 0
0.086911213653560 1 0 0 1 0 0 1 0 0 1 1 1 1 0 0 1 1
0.057847838744178 0 0 0 1 0 0 0 0 0 0 1 0 0 0 1 1 0
0.051728137603536 0 1 0 0 0 0 0 0 0 1 0 0 0 1 1 0 0
0.089033827023423 0 1 0 0 1 0 0 0 0 1 0 1 0 1 1 0 0
0.096562744233316 0 1 0 0 0 1 1 0 0 1 1 1 1 1 1 0 1
0.056466017303403 0 1 0 0 0 0 0 1 0 0 0 1 0 0 1 1 0
0.106651911070879 1 1 0 0 0 0 1 0 1 0 1 1 0 0 1 1 0
0.111839887736710 0 1 0 1 0 0 1 0 0 1 0 1 1 1 1 0 0
0.072103375018583 0 1 0 0 0 0 1 0 0 0 0 1 0 1 1 0 0
0.113469877513571 1 1 0 0 0 1 0 0 0 1 1 1 0 1 1 0 0
0.107304216419078 0 1 0 1 0 0 0 1 1 0 1 1 1 0 0 1 1
0.077150212118870 0 1 0 0 0 0 1 0 0 1 0 1 0 1 1 1 0
0.080624144506736 1 0 0 1 0 0 0 0 0 0 1 0 1 1 0 0 0
0.093177907896013 1 0 0 0 1 0 0 1 0 1 1 1 0 0 1 1 0
0.093421681826165 1 0 0 0 1 0 0 0 0 1 1 0 1 0 1 0 0
0.117494890866227 1 0 0 0 1 0 0 1 1 0 1 1 0 1 0 0 1
0.154657471949633 1 1 1 0 0 1 1 1 1 1 1 1 1 0 0 0 1
0.224927150734231 0 1 1 1 1 0 0 1 0 1 1 1 1 0 1 0 0
0.100750305112784 1 0 0 0 1 1 0 0 0 1 1 1 1 0 0 1 1
0.149845663758508 1 1 1 0 0 0 1 1 1 1 1 1 0 0 1 0 0
0.142226980938887 1 0 1 1 0 0 1 1 1 1 1 1 0 1 1 0 0
0.135993329461331 0 1 1 0 0 1 0 0 0 1 1 1 1 1 1 0 0
0.115896563053955 1 0 0 0 1 1 0 0 1 0 0 1 1 1 0 1 0
0.071308648399585 0 1 0 0 0 0 1 0 0 1 1 0 1 1 0 1 1
0.153167211562227 0 1 1 1 0 0 0 1 1 1 1 1 1 1 0 1 0
0.075596385861954 0 0 1 0 0 0 0 0 1 0 1 0 1 0 1 1 1
0.064330837552853 0 1 0 0 0 0 0 0 1 0 0 0 1 0 0 1 0
0.057393624187922 1 0 0 0 0 0 0 1 0 1 0 1 0 0 0 1 1
0.037697585207304 1 0 0 0 0 0 0 0 0 1 0 0 1 0 0 1 0
