0.235832393169403 0 0 0 1 0 1 0 0 0 1 1 1 1 1 0 0 0
0.251710087060928 0 1 1 1 1 0 1 1 0 1 1 1 1 0 0 1 0
0.207717031240463 1 1 1 0 0 0 0 1 1 1 0 0 1 0 1 1 0
0.465106427669525 1 1 1 1 1 1 1 1 0 0 1 1 0 1 1 1 0
0.411831647157669 1 1 1 1 0 1 0 0 1 1 1 0 1 0 1 1 1
0.337493449449539 0 0 0 1 1 1 1 1 0 1 0 0 1 1 1 0 1
0.104930885136127 1 0 0 0 1 0 1 1 0 0 1 1 1 1 0 0 1
0.285733997821808 1 1 0 1 0 0 0 1 0 0 0 0 1 1 0 0 1
0.495896220207214 1 1 1 0 1 0 0 0 0 0 0 0 1 0 0 1 1
0.566343605518341 1 1 1 1 1 0 0 0 0 1 0 0 1 0 1 1 1
0.337083250284195 1 0 0 1 1 1 1 1 1 0 0 0 1 1 1 1 0
0.427354067564011 1 1 0 1 1 0 1 1 0 0 0 1 1 0 1 1 1
0.083973057568073 1 0 0 1 0 0 0 1 0 1 0 1 1 0 1 0 1
0.173041686415672 1 0 0 0 0 0 1 1 1 1 0 1 0 1 0 1 0
0.352315187454224 1 1 1 1 1 0 0 1 1 1 0 1 1 0 1 1 0
0.432993799448013 1 1 0 1 1 1 1 0 0 1 1 0 0 0 0 0 1
0.137372851371765 0 0 0 0 0 0 0 0 0 0 0 0 1 0 1 0 0
0.354212194681168 0 0 0 0 0 0 0 0 1 1 1 0 0 0 1 0 0
0.277130752801895 0 0 0 1 0 1 1 0 1 1 1 1 0 1 0 0 1
0.272057056427002 1 0 0 1 1 1 1 0 1 0 1 0 1 1 0 0 0
0.219964131712914 0 0 1 0 1 0 0 0 0 1 1 1 1 0 0 0 0
0.200554460287094 0 1 1 1 0 0 1 1 1 1 1 1 0 1 0 0 0
0.138794168829918 0 1 0 1 0 0 1 0 1 1 0 0 1 1 1 0 0
0.407386153936386 1 1 1 1 1 0 1 0 0 1 0 1 1 0 0 0 1
0.329275429248810 0 0 0 0 0 0 0 0 1 0 1 1 0 0 1 0 0
0.172064512051721 1 0 0 0 0 0 1 1 1 0 1 1 1 0 0 1 0
0.156587849253412 0 1 0 0 0 0 1 0 0 0 0 1 1 0 0 0 0 x
0.140627832909322 0 0 1 0 0 0 1 1 0 1 0 1 1 0 1 1 0 x
0.129136386393196 0 0 0 1 0 0 1 0 0 0 0 1 1 0 0 0 1 x
0.185818437070458 1 1 0 0 0 0 1 1 1 1 0 1 1 0 0 0 0 x
0.333921875504472 0 0 1 1 0 0 1 1 1 1 0 1 0 0 1 0 0 x
0.083874752945948 1 0 0 0 0 0 1 0 0 0 1 1 1 0 0 1 0 x
0.041661696309233 1 0 0 0 0 0 0 1 0 0 0 0 1 1 0 0 1 x
0.223784591199042 1 0 1 0 0 0 1 0 0 0 1 0 0 1 1 1 1 x
0.085543325533121 1 0 0 0 0 0 0 1 0 0 1 1 0 0 0 0 1 x
0.146128504039060 1 0 0 1 0 0 1 1 0 0 0 1 1 1 0 0 0 x
0.085334840259992 1 0 0 0 0 1 0 1 0 0 0 1 1 1 0 1 1 x
0.090297827965074 1 0 0 0 0 0 0 1 0 1 0 1 1 1 1 0 1 x
0.119747233793721 1 0 0 1 0 0 0 0 0 0 0 1 1 0 0 1 1 x
0.104232171834506 1 0 0 0 0 0 1 1 1 0 0 1 1 1 0 0 1 x
0.075521750493081 1 0 0 0 0 0 1 1 0 0 0 1 1 0 0 1 1 x
0.184993119024062 0 1 0 1 0 0 1 1 0 0 0 1 1 0 1 0 0 x
0.110640036355338 1 1 0 0 0 0 1 0 1 0 1 1 1 1 0 1 0 x
0.117954794845205 1 0 0 0 0 0 0 1 0 0 0 1 1 0 0 0 0 x
0.155443175821240 0 1 1 0 0 0 1 0 1 0 0 1 1 0 0 1 0 x
0.198030888980106 1 0 0 0 0 1 1 1 0 0 0 1 1 0 0 0 1 x
0.137446203772669 1 0 0 1 0 0 1 0 0 0 1 1 1 1 1 1 0 x
0.303889083924269 1 0 1 0 1 0 1 1 0 0 0 1 0 1 0 1 1 x
0.274976770901037 0 0 0 0 0 0 0 1 0 0 1 1 1 1 0 1 1 x
0.073479026030173 1 0 0 0 0 1 0 0 1 0 1 0 1 1 0 0 1 x
0.162317618200187 0 1 0 0 0 1 0 0 1 0 0 0 1 1 0 0 0 x
0.071732277138220 1 0 0 0 0 0 1 0 0 0 1 1 1 0 0 0 1 x
0.273965592605993 0 1 0 0 1 0 1 1 0 0 0 0 1 1 0 0 0 x
0.055268880097874 1 0 0 0 0 1 0 0 0 0 1 0 1 1 0 0 1 x
0.199143171903597 1 0 1 0 0 1 1 1 0 0 0 1 1 1 0 0 1 x
0.193049410904751 1 1 0 0 0 0 0 0 0 0 0 0 1 0 0 1 0 x
0.163096204649468 1 0 0 1 1 0 0 1 0 0 1 1 1 0 0 0 1 x
0.074639579313483 1 0 0 1 0 0 0 0 1 0 1 1 1 1 0 0 1 x
0.135119770321126 1 0 0 1 0 0 1 0 0 1 0 1 0 1 0 1 1 x
0.151131587536611 1 1 0 0 0 0 0 1 1 0 0 1 1 1 1 1 0 x
0.061600835568570 1 0 0 0 0 0 1 0 0 0 0 1 1 0 1 1 0 x
0.156165306555419 0 1 0 0 0 0 1 1 1 0 1 0 1 1 0 1 0 x
0.140868122011393 1 1 0 0 0 1 1 0 1 0 1 0 1 1 1 0 0 x
0.281500241725537 1 0 1 0 0 0 1 1 0 0 0 0 0 0 1 0 1 x
0.075834224640248 1 0 0 0 0 0 0 0 0 0 0 1 1 1 0 0 1 x
0.078765352957185 1 1 0 0 0 0 0 0 1 1 1 0 1 1 0 0 1 x
0.087064156142038 1 0 0 0 0 0 1 0 1 0 1 0 1 1 1 1 1 x
0.111542798902714 1 0 0 0 0 0 1 1 0 1 1 0 1 1 0 0 1 x
0.121939761685644 0 1 0 0 1 0 1 0 1 1 1 1 1 1 0 0 1 x
0.116606186169795 1 0 0 1 0 0 0 0 1 0 0 0 1 1 1 0 1 x
0.071520218591393 0 1 0 0 0 0 0 0 0 1 0 1 0 0 0 1 0 x
0.097700824110032 0 1 0 0 0 0 1 0 0 1 1 1 1 0 1 0 1 x
0.118629216779239 0 1 0 0 0 0 1 0 1 1 0 0 1 0 0 1 1 x
0.136031541429162 1 1 0 0 0 1 0 0 1 1 1 1 1 1 1 0 1 x
0.072246984794428 1 0 0 0 0 0 0 0 0 1 0 1 1 0 0 1 0 x
0.129697528021477 0 1 0 0 0 0 1 1 1 1 0 0 1 1 1 0 1 x
0.058455719740968 0 1 0 0 0 0 0 0 0 1 0 0 1 0 1 1 0 x
0.109724780918142 1 0 0 0 0 1 1 0 0 0 0 0 1 1 1 1 0 x
0.144346278454816 1 0 0 1 0 1 0 1 0 0 1 1 1 1 1 0 1 x
0.176254757959709 0 1 0 0 0 0 1 1 1 1 1 0 1 0 1 1 0 x
0.134293420742155 0 0 0 1 0 0 0 0 0 1 0 1 1 0 1 1 0 x
0.202295036030326 0 1 1 0 0 1 1 0 0 1 0 1 1 0 0 1 0 x
0.090673986978369 0 1 0 0 0 0 1 0 0 1 0 0 0 0 1 1 1 x
0.122142926153290 1 1 0 0 0 0 0 0 1 0 1 0 0 1 0 0 1 x
0.090015218326955 1 0 0 0 1 0 0 0 1 1 1 1 1 1 0 0 1 x
0.203639796849227 1 1 1 0 0 0 0 0 1 1 0 1 1 1 0 0 1 x
0.095225926412503 1 0 0 1 0 0 0 0 0 1 1 1 0 0 0 0 1 x
0.075317512554583 1 0 0 0 1 0 0 0 0 1 1 1 0 0 1 1 1 x
0.075100815851696 1 0 0 0 0 0 1 0 0 1 0 0 1 0 1 1 1 x
0.082730457769315 0 1 0 1 0 0 0 0 1 1 1 1 0 1 0 1 1 x
0.114902083274515 1 1 0 0 0 0 0 0 1 1 0 0 0 1 0 1 0 x
0.205365393894219 0 1 0 1 0 1 1 0 1 1 0 1 1 1 0 1 1 x
0.118429384105513 0 1 1 0 0 0 0 1 0 1 0 1 1 0 0 1 1 x
0.154975101467441 0 1 0 0 0 0 0 1 0 1 1 0 1 0 0 1 0 x
0.170431598441215 1 1 0 0 0 0 0 0 1 1 1 1 1 1 1 1 1 x
0.190421170845098 0 1 1 1 0 0 0 0 0 1 1 1 1 1 1 0 0 x
0.075688570578480 1 0 0 0 0 0 0 1 0 1 1 1 1 0 1 1 1 x
0.054717032254887 1 0 0 0 0 0 0 0 0 0 0 0 1 1 0 1 0 x
0.086789241777700 1 0 0 0 0 1 0 0 0 1 1 1 1 1 0 0 1 x
0.290782963746861 0 0 0 0 0 0 0 0 0 1 0 1 1 0 1 0 1 x
0.087841270560400 0 0 1 0 0 1 0 0 0 0 0 0 1 1 1 1 0 x
0.088111278188872 0 1 0 1 0 0 0 0 0 0 1 0 1 1 0 0 1 x
0.090073602987764 0 1 1 0 0 0 0 0 1 1 1 1 1 1 0 0 1 x
0.164909309927234 0 0 0 0 1 0 1 0 0 1 0 0 1 1 0 1 0 x
0.123147103502473 0 1 0 0 0 0 0 0 1 1 1 0 0 1 0 0 1 x
0.239353506985816 0 1 1 1 0 0 1 1 1 0 1 0 1 1 0 0 1 x
0.101593121521488 1 0 1 0 0 1 0 0 0 1 1 1 1 0 0 1 0 x
0.094997641295562 0 1 0 1 0 0 0 0 1 1 0 1 1 1 1 0 1 x
0.152148739670344 1 1 0 0 0 0 0 0 1 1 1 1 1 1 1 0 0 x
0.139017111637682 0 1 0 1 0 0 0 0 0 0 0 0 1 1 1 1 0 x
0.155176489288819 1 0 0 0 1 1 0 0 0 0 1 0 1 1 0 1 1 x
0.175425822572095 0 1 0 1 0 0 1 0 0 0 1 1 0 1 1 1 1 x
0.132702514834504 1 0 0 0 1 0 0 0 0 0 1 1 1 1 1 1 0 x
0.139878417352250 0 1 0 1 0 0 0 1 1 1 0 1 0 1 1 1 1 x
0.153688150940611 0 1 0 1 0 0 0 0 0 1 0 1 1 0 0 0 0 x
0.180447997596336 1 0 0 0 0 0 0 0 0 0 0 0 0 1 1 1 1 x
0.086614880066415 1 0 0 0 0 0 0 0 0 0 1 1 0 1 0 1 1 x
0.059692756567045 1 0 0 0 0 1 0 0 0 1 1 1 0 1 0 1 1 x
0.085238444996306 0 1 0 0 0 0 0 0 0 1 1 0 0 1 1 1 0 x
0.118974820942184 1 0 0 0 0 0 0 0 0 0 1 0 1 1 1 0 1 x
0.131535462168914 1 0 0 0 1 0 0 1 0 1 1 0 0 1 0 0 1 x
0.133262689568121 1 0 0 0 1 0 1 0 0 1 1 0 1 1 1 1 1 x
0.175503276723586 0 1 0 0 0 0 1 0 1 1 1 1 0 1 0 1 0 x
0.109218679996638 0 1 0 0 0 1 0 0 0 0 0 0 0 0 1 1 0 x
0.136877650799836 0 1 1 0 0 0 0 0 0 1 0 0 0 1 1 1 0 x
0.179533192843924 1 0 1 0 0 1 0 0 0 1 0 0 1 1 1 1 0 x
0.119850223813383 0 0 1 1 0 0 0 0 1 0 0 0 1 1 0 1 0 x
0.197023448095725 0 0 0 0 0 0 1 0 0 0 0 0 1 1 1 1 0 x
0.258526300792842 0 0 1 1 0 0 1 0 0 0 0 0 1 0 0 1 0 x
0.089613580337351 1 0 1 0 0 0 0 0 1 1 0 1 1 1 0 1 0 x
0.115530299316617 0 1 1 0 0 0 0 1 1 1 0 1 1 1 1 1 0 x
0.141770446021172 0 0 0 1 1 0 0 0 1 0 1 0 1 1 0 0 1 x
0.090849877659960 0 0 1 0 0 1 0 0 0 0 0 1 0 1 0 1 0 x
0.091343946899583 0 0 1 0 0 1 0 0 1 0 1 1 1 1 0 1 1 x
0.157646246369704 1 0 0 0 1 0 1 0 0 1 0 1 0 0 0 1 1 x
0.203946748242756 0 1 1 0 0 0 0 0 0 0 0 1 0 0 1 1 1 x
0.116685835149341 0 0 1 0 0 0 0 0 1 0 0 1 1 1 0 1 0 x
0.120439077777800 1 0 0 1 0 0 0 0 1 1 0 0 1 1 0 0 0 x
0.148221094465476 1 0 1 0 0 1 0 0 1 0 1 1 0 1 0 0 0 x
0.084787764531503 0 1 0 0 1 0 0 0 0 1 1 1 0 0 1 1 0 x
0.191953294086184 0 1 1 0 1 0 0 0 1 1 0 1 1 1 0 1 1 x
0.132876626327442 0 0 1 0 0 1 0 1 0 0 1 0 1 1 0 1 0 x
0.097390369178032 1 0 1 0 0 1 0 0 1 1 1 1 1 0 0 1 1 x
0.099190436276443 1 0 1 0 0 0 0 1 0 1 1 1 1 1 0 1 1 x
0.099830960049947 1 0 0 0 0 0 1 0 0 1 1 1 1 1 1 1 1 x
0.090687153901725 1 0 1 0 0 0 1 0 1 1 1 1 1 0 1 1 0 x
0.124041149523295 0 1 0 1 1 0 0 0 1 1 1 1 1 1 0 0 1 x
0.180136803143736 1 0 1 1 0 0 0 0 1 1 1 1 1 1 0 1 1 x
0.143318304681729 0 0 1 0 0 1 0 0 1 1 0 0 1 1 0 1 0 x
0.152690830364479 0 1 1 0 0 1 0 0 0 1 1 1 0 1 0 1 1 x
0.151424365882484 0 1 0 1 0 0 0 0 1 0 1 1 0 0 0 0 1 x
0.077944930688301 1 1 0 0 0 0 0 1 0 1 1 1 0 1 0 0 1 x
0.044913531439224 0 0 0 1 0 0 0 0 0 0 0 0 1 0 0 1 0 x
0.107787014207765 1 1 0 0 0 1 0 1 0 1 1 1 0 1 0 1 0 x
0.098553970239909 1 0 0 0 1 0 0 1 0 1 0 1 1 0 1 1 1 x
0.122770476757068 0 1 1 0 0 0 1 0 0 1 1 1 1 1 0 1 1 x
0.068399779526717 1 0 0 0 0 0 1 0 0 0 1 0 1 1 0 1 1 x
0.073755130097927 0 0 0 1 0 0 0 0 1 0 0 0 1 1 0 1 1 x
0.056823599080974 1 0 0 0 0 0 0 0 0 0 1 0 1 0 0 1 1 x
0.093687333555641 1 0 0 0 1 0 1 0 1 0 1 1 1 0 1 0 1 x
0.089745245271891 0 0 1 0 0 1 0 0 0 0 1 1 1 0 1 1 0 x
0.105210916435778 0 0 0 1 1 0 0 0 0 0 0 0 1 0 1 1 0 x
0.090790583876903 0 0 0 1 0 1 0 0 0 0 0 0 1 0 1 1 0 x
0.051607905542952 1 0 0 0 0 0 0 1 0 1 0 0 1 0 0 1 1 x
0.167786826641663 1 1 1 0 0 0 1 1 1 1 1 1 1 1 0 1 0 x
0.080086220588336 1 0 0 1 0 0 0 1 0 1 1 1 0 1 0 1 1 x
0.226157767638123 1 0 1 0 0 1 1 0 1 0 1 1 1 1 1 1 1 x
0.063039057600271 1 0 0 0 0 1 0 0 0 1 0 0 1 0 1 1 0 x
0.154065865795465 1 0 0 0 1 0 0 0 1 1 0 1 0 0 1 0 0 x
0.078061640944306 0 1 0 0 0 0 0 0 0 1 0 0 1 1 0 1 1 x
0.147448701005069 1 0 1 0 0 0 0 0 0 1 1 1 0 0 0 0 0 x
0.081404917644485 0 0 1 0 0 1 0 0 0 0 0 1 1 0 0 1 1 x
0.071695712594918 1 0 0 0 0 1 0 0 0 0 1 0 0 0 1 1 0 x
0.110972721267745 1 1 0 0 0 0 1 1 1 0 1 0 1 1 0 0 1 x
0.082903471843117 1 0 0 0 0 1 0 0 0 1 1 0 0 1 0 1 0 x
0.087080626740381 1 0 0 0 1 0 1 0 0 1 1 1 1 0 1 1 0 x
0.143153330446703 1 0 0 1 0 0 1 1 1 1 0 1 1 0 1 1 1 x
0.093815412226323 1 0 0 0 0 1 0 0 0 0 0 0 1 0 0 1 0 x
0.088932198105695 0 1 0 1 0 0 0 0 1 1 1 0 1 1 0 1 1 x
0.076007396938265 0 0 0 1 0 0 0 0 0 0 0 0 0 1 0 0 0 x
0.058131010582638 1 0 0 0 0 0 0 1 0 1 0 0 1 0 1 1 0 x
0.058519636423550 1 0 0 0 0 0 0 1 1 0 0 0 1 1 0 1 1 x
0.204728064712386 0 0 1 1 0 1 0 0 0 0 0 1 1 1 0 1 1 x
0.126891525454038 0 0 1 0 0 1 0 0 0 0 1 0 0 0 0 1 1 x
0.096447519447221 1 0 1 0 0 0 0 0 1 0 1 0 1 0 0 1 0 x
0.100433488722381 0 0 1 0 0 1 0 0 1 0 0 1 1 0 1 1 0 x
0.098821492843082 0 1 0 1 0 0 0 0 0 1 0 1 0 1 0 0 1 x
0.072968723490963 1 0 0 0 0 0 0 1 0 1 0 1 1 1 0 1 1 x
0.111324588905629 1 0 0 0 1 1 0 0 0 1 1 1 0 0 1 1 0 x
0.154480893091249 0 0 0 1 0 0 0 1 1 0 0 0 1 1 0 1 0 x
0.126876496452578 0 1 1 0 0 0 1 1 1 1 1 1 1 0 1 1 1 x
0.105563982392573 1 1 0 0 0 1 0 1 1 1 1 1 0 1 0 1 1 x
0.084674436519877 1 0 0 0 0 0 1 0 1 1 0 0 1 0 1 1 0 x
0.101940387393348 0 1 0 0 0 0 0 0 1 0 1 1 1 1 0 1 1 x
0.112611452293332 0 1 0 0 1 0 1 0 0 1 1 1 1 0 1 1 1 x
0.077118931558592 0 1 0 0 0 1 0 0 0 1 0 1 0 1 1 1 0 x
0.109150548685626 1 0 0 0 0 1 0 1 0 1 1 0 0 0 1 1 1 x
0.090745808631605 1 0 1 0 0 0 0 0 1 1 1 0 1 1 0 1 1 x
0.096008531078549 1 0 0 1 0 0 0 1 1 0 1 0 1 1 0 0 1 x
0.074009508438109 1 0 0 0 0 1 0 0 0 1 1 1 0 0 1 1 0 x
0.125065593784302 0 1 0 0 0 1 0 0 0 0 1 0 1 1 1 1 1 x
0.101583076702868 0 0 0 0 1 1 0 0 0 0 0 0 1 0 1 1 0 x
0.076122415758160 0 1 0 0 1 0 0 0 0 1 1 1 0 1 1 0 1 x
0.076969337252174 1 0 0 1 0 0 0 0 1 1 1 0 1 1 0 1 1 x
0.158591190647884 0 1 1 0 1 0 1 0 1 1 1 1 1 1 1 0 0 x
0.101885570256966 1 1 0 0 0 0 1 0 0 1 1 1 1 1 0 0 1 x
0.046107611764732 1 0 0 0 0 0 0 0 1 1 0 0 1 0 0 1 1 x
0.092665331459779 1 0 1 0 0 0 1 0 0 1 1 1 1 0 0 1 1 x
0.114147937103918 0 1 1 0 0 0 0 1 0 1 1 1 1 0 1 0 0 x
0.093105820920985 0 1 0 0 0 0 0 0 0 1 0 1 0 1 1 0 0 x
0.144833514968067 0 1 0 0 1 1 0 0 0 1 0 1 0 1 1 1 0 x
0.080032085394139 1 0 0 0 1 0 0 0 1 1 1 0 1 0 0 1 1 x
0.079575311316922 0 0 0 0 0 1 0 0 0 0 0 0 1 0 0 1 0 x
0.131887346368433 0 0 0 1 0 1 0 0 0 0 0 0 0 1 0 1 0 x
0.040894389893913 0 0 0 1 0 0 0 0 0 0 0 0 1 0 0 0 1 x
0.075640096516364 0 1 0 0 0 1 0 0 0 1 1 1 0 0 1 1 1 x
0.124027431599184 0 1 1 0 0 0 0 0 1 1 1 1 0 0 0 1 0 x
0.069506127515726 0 1 0 0 0 0 0 0 0 1 0 1 0 0 1 1 1 x
0.092250476670127 0 1 0 0 0 1 0 1 0 1 1 1 1 1 1 0 1 x
0.097059660738953 0 1 0 1 0 0 0 1 0 1 1 1 1 1 1 0 1 x
0.106417304011681 1 0 1 0 0 0 0 0 0 1 1 1 1 0 1 1 0 x
0.123275984728734 1 1 0 0 1 0 0 0 1 1 1 1 1 1 0 0 1 x
0.128679825127111 1 0 1 0 0 0 0 1 1 1 0 0 1 0 0 1 1 x
0.154238626081953 1 0 0 1 1 0 0 0 1 1 1 1 0 0 1 1 1 x
0.057824084624333 1 0 0 0 0 1 0 0 0 0 1 1 1 0 0 1 1 x
0.079200411892772 1 0 0 0 0 0 1 0 1 0 1 0 1 1 0 0 1 x
0.072410367492931 0 1 0 0 0 1 0 0 0 1 1 1 0 1 0 1 1 x
0.111447017817110 0 1 0 0 0 1 0 0 0 0 1 1 1 1 1 0 0 x
0.095934586347546 1 0 0 0 0 0 0 0 1 1 1 1 1 0 0 1 1 x
0.070880987290774 1 0 0 0 0 0 1 1 0 0 1 1 1 0 1 1 1 x
0.091083715087007 0 0 0 1 0 0 0 0 0 0 1 0 1 1 0 0 1 x
0.086547790196709 1 0 0 0 0 1 0 0 0 0 1 1 1 1 0 1 0 x
0.175917106634451 0 1 1 0 0 0 1 1 0 1 0 1 0 0 1 1 0 x
0.094416228430210 0 1 1 0 0 0 0 0 1 0 1 0 1 1 0 1 0 x
0.093092651513161 1 0 1 0 0 0 1 0 1 1 1 0 1 1 0 1 0 x
0.089400614696299 0 1 0 0 1 0 0 0 0 1 1 1 0 0 0 1 1 x
0.076912541679230 0 1 0 0 0 0 0 0 0 1 0 0 0 0 1 0 0 x
0.047498812448800 0 0 0 1 0 0 0 0 0 0 0 0 1 0 1 0 1 x
0.090534548032368 0 1 0 0 0 1 0 1 0 0 1 1 0 1 1 0 1 x
0.096783114101801 0 1 0 0 1 0 0 1 1 1 1 1 1 1 1 0 1 x
0.080896118618609 0 0 0 1 0 0 0 0 1 0 0 0 1 0 1 1 0 x
0.110574592236715 1 1 0 0 0 1 0 0 0 1 1 1 0 1 0 0 1 x
0.053078616785518 0 0 1 0 0 0 0 0 0 0 0 0 1 1 0 1 0 x
0.065131990590847 1 0 0 0 0 1 0 0 0 0 1 1 0 0 0 1 1 x
0.080510436114345 1 0 0 1 0 0 0 0 0 1 1 1 1 1 0 0 1 x
0.067852261912645 1 0 0 0 1 0 0 0 0 1 1 1 1 0 1 0 1 x
0.087821898377505 0 0 1 0 0 0 0 0 1 0 0 0 1 0 0 1 0 x
0.093215038234961 0 1 1 0 0 0 0 1 1 0 1 1 1 1 0 0 1 x
0.095795623695656 1 0 0 0 0 1 0 0 0 0 1 0 1 0 1 1 1 x
0.111136723285618 0 1 0 1 0 0 0 0 0 1 0 0 1 0 1 0 1 x
0.130345530542937 1 1 0 0 0 1 0 1 0 1 1 0 0 1 1 0 0 x
0.080290911068421 1 0 0 0 0 0 1 0 0 0 1 0 1 0 1 0 0 x
0.101821288289287 0 1 0 0 1 0 0 0 1 1 1 0 1 0 1 0 1 x
0.120043006247480 0 0 1 0 1 0 0 0 1 0 0 0 1 0 1 1 0 x
0.129914588162527 0 1 0 0 1 1 0 0 1 1 1 1 0 1 1 0 1 x
0.100007985387945 0 1 0 1 0 0 0 0 1 0 1 0 1 1 1 0 1 x
0.097078659217097 0 1 1 0 0 0 0 1 1 1 1 0 1 1 1 0 1 x
0.077377680524736 0 0 1 0 0 0 0 0 0 0 1 0 1 0 1 1 0 x
0.136718911421512 0 1 1 0 0 1 0 1 1 0 1 1 1 1 1 0 0 x
0.093826065259280 1 0 0 0 1 0 0 1 1 1 1 1 1 0 1 0 1 x
0.068155363641019 0 0 1 0 0 0 0 0 0 1 0 0 1 0 1 1 0 x
0.060045149955268 0 0 0 0 1 0 0 0 0 0 0 0 1 0 0 1 0 x
0.075367663746486 0 1 0 0 1 0 0 0 0 1 0 1 1 0 1 0 1 x
0.046167604192831 1 0 0 0 0 0 0 0 0 1 0 0 1 1 0 0 1 x
0.074460606689451 0 1 0 0 0 1 0 0 0 0 0 1 1 0 0 1 1 x
0.084413438552571 0 0 0 1 0 0 0 0 0 0 0 0 1 1 1 0 0 x
0.063130853956943 0 0 1 0 0 0 0 1 0 0 0 0 1 0 1 1 0 x
0.109872592016549 1 0 1 0 0 0 1 0 0 0 1 1 1 1 0 1 0 x
0.136200399981265 1 1 0 0 0 0 1 1 0 1 0 1 1 1 1 0 1 x
0.160045832790755 0 1 0 0 0 1 0 1 0 1 0 1 0 0 0 1 1 x
0.068352675966392 0 0 0 1 0 0 0 0 0 0 0 1 1 0 0 1 1 x
0.056132557703813 1 0 0 0 0 0 0 0 0 1 0 0 0 0 0 1 0 x
0.085795053713592 0 0 1 0 0 1 0 0 0 0 0 0 1 1 0 0 1 x
0.093947511088816 1 0 1 0 0 0 0 1 1 1 1 0 1 1 1 1 0 x
0.051626684589949 0 1 0 0 0 0 0 0 0 0 1 0 1 0 0 1 1 x
0.067530522539174 0 0 1 0 0 0 0 0 0 0 0 0 1 1 1 0 0 x
0.031405439338888 0 1 0 0 0 0 0 0 0 0 0 0 0 1 0 1 0 x
0.128265066666968 0 0 0 0 1 1 0 0 0 0 0 1 0 0 0 1 1 x
0.114567078898792 0 0 1 0 1 0 0 1 0 1 1 1 1 1 1 1 0 x
0.100579839665910 0 0 1 0 0 1 0 1 0 0 1 1 1 1 1 0 1 x
0.086918609579559 0 0 0 1 0 1 0 0 0 0 0 1 1 0 1 0 1 x
0.134476566704501 0 1 1 0 1 0 0 1 1 1 1 1 1 0 1 0 1 x
0.194906895089139 0 0 1 0 1 1 0 1 0 1 0 1 1 0 1 1 0 x
0.059945604310198 0 1 0 0 0 0 0 0 0 0 1 0 1 1 0 0 1 x
0.112281270290883 0 0 1 0 0 0 0 1 1 0 1 0 1 1 1 1 0 x
0.092155353155503 0 1 0 0 0 0 1 0 1 0 0 0 1 0 1 0 1 x
0.166336553048424 0 0 1 0 1 0 1 0 1 1 1 0 1 1 1 1 1 x
0.129001691578926 0 0 1 0 0 1 0 0 0 0 0 0 1 0 1 0 0 x
0.151354193131590 0 1 1 0 0 0 0 1 0 1 0 0 1 1 0 0 0 x
0.095873666848548 0 1 0 0 0 0 0 0 0 0 0 1 1 1 0 1 0 x
0.097353205512413 0 1 0 0 0 0 0 0 1 0 0 0 0 0 0 1 0 x
0.052215116865027 0 0 0 0 1 0 0 0 0 0 0 0 1 0 0 1 1 x
0.044583764221194 0 1 0 0 0 0 0 0 0 0 1 1 0 0 0 1 1 x
0.083768000233709 0 1 0 0 0 0 0 0 0 0 0 0 0 1 0 1 1 x
0.032946902629742 0 0 0 1 0 0 0 0 0 0 0 0 0 0 1 1 0 x
0.037612999649432 0 0 0 0 1 0 0 0 0 0 0 0 0 0 1 1 0 x
0.050233588189013 0 1 0 0 0 0 0 0 0 0 1 0 0 0 0 1 0 x
0.092741371911867 0 0 1 0 1 0 0 0 0 0 1 0 0 1 1 1 0 x
0.041468594226879 0 1 0 0 0 0 0 0 0 0 0 0 0 0 1 1 0 x
0.072464258402910 0 1 0 0 1 0 0 0 0 0 1 1 1 0 1 0 1 x
0.064381285757676 0 0 1 0 0 0 0 0 0 0 0 0 0 1 1 1 0 x
0.100954907707048 0 0 0 0 1 0 0 0 0 0 1 0 0 0 0 1 0 x
0.137008687191476 0 0 1 0 1 1 0 0 0 0 1 1 1 1 0 0 1 x
0.118395278715789 1 0 1 0 0 0 0 0 1 0 0 0 1 1 0 0 0 x
0.111406348455406 0 1 0 0 0 1 1 0 0 0 1 1 1 0 0 1 1 x
0.081168348716646 0 0 0 0 1 0 0 0 1 0 0 0 1 0 1 1 1 x
0.154348946490193 1 0 0 1 1 0 1 1 1 1 1 1 1 1 1 0 1 x
0.108264121664847 1 1 0 0 0 0 1 1 0 0 1 1 0 1 1 0 0 x
0.086296630143213 0 1 0 0 0 1 0 0 0 0 1 1 1 0 0 0 1 x
0.130679988733505 0 1 0 1 0 0 0 0 0 1 0 0 0 1 0 1 0 x
0.103917204115743 0 0 1 0 1 0 0 1 0 0 1 1 1 1 1 0 1 x
0.073468820806599 1 0 0 0 0 1 0 0 1 1 0 0 1 1 0 1 1 x
0.104395744098666 1 0 0 1 0 1 0 0 1 1 1 1 1 1 0 1 1 x
0.077765106148083 1 0 0 1 0 0 0 1 1 1 1 1 0 1 1 0 1 x
0.116762922320372 0 0 0 0 1 0 1 0 0 0 0 0 0 0 1 1 0 x
0.127378376692473 0 0 0 1 1 0 0 0 0 0 0 1 0 0 1 1 1 x
0.132834005698089 1 1 0 1 0 0 0 1 1 1 1 1 1 1 0 0 1 x
0.052420828758840 0 0 1 0 0 0 0 0 0 0 0 0 1 0 0 1 1 x
0.103403144052204 0 1 0 0 1 0 0 0 1 1 0 0 0 1 1 1 0 x
0.061170979288140 0 0 0 1 0 0 0 0 0 1 0 0 1 0 0 1 1 x
0.070804042156886 0 0 1 0 0 0 0 0 0 0 1 0 1 1 0 0 1 x
0.046445888807069 0 0 0 1 0 0 0 0 0 0 0 0 0 0 0 1 1 x
0.076246800305335 0 0 0 1 0 0 0 1 0 0 0 0 1 0 1 1 1 x
0.177122698693742 0 0 1 1 1 0 0 0 1 0 1 1 0 1 1 0 0 x
0.047554136081520 0 0 0 0 0 0 0 0 0 0 0 0 0 0 0 1 0 x
0.127192125483472 1 0 0 1 0 0 0 1 0 0 1 1 0 0 1 0 0 x
0.066719764931639 0 0 1 0 0 0 0 1 0 0 0 0 1 1 0 0 1 x
0.038939393584189 1 0 0 0 0 0 0 0 0 0 0 0 1 0 0 0 1 x
0.095095723258028 0 0 1 0 1 0 0 0 0 1 0 0 1 1 1 0 1 x
0.159939555721349 0 1 1 0 0 0 1 0 0 1 1 0 1 0 0 0 1 x
0.088011103661346 1 0 0 0 1 0 0 0 1 1 0 0 1 0 1 0 1 x
0.095797812170661 0 0 0 1 0 1 0 0 0 0 1 1 0 0 1 1 1 x
0.131006259426839 0 1 0 1 0 1 0 0 0 1 1 1 0 1 1 0 1 x
0.083624603017471 1 0 1 0 0 0 0 1 1 1 1 1 1 1 0 0 1 x
0.091454476639193 0 0 1 0 0 0 0 1 0 1 0 0 1 1 1 1 1 x
0.074488199290816 0 0 0 0 1 0 0 0 0 0 0 0 0 1 1 1 0 x
0.113453866896407 1 0 1 0 0 0 1 1 0 1 1 1 1 1 1 0 0 x
0.123980127225468 1 0 1 0 1 0 0 0 1 1 1 0 1 1 1 0 0 x
0.076362174472480 0 1 0 1 0 0 0 0 0 1 1 1 1 0 0 1 1 x
0.073257839475016 1 0 0 0 1 0 0 0 1 0 1 0 1 0 1 1 0 x
0.086471114356139 1 0 0 1 0 0 0 1 1 1 0 1 1 1 0 0 1 x
0.077322072715962 1 0 0 0 0 1 0 1 0 0 1 1 0 1 1 1 0 x
0.098659784910705 0 1 0 0 1 0 0 0 1 0 1 1 0 0 1 1 1 x
0.127502719952828 0 0 1 0 1 0 0 0 1 0 0 0 1 1 0 0 1 x
0.177984153346982 0 1 1 1 0 0 0 1 1 1 1 1 1 1 0 1 1 x
0.101049236615593 1 1 0 0 0 0 1 1 1 1 1 0 0 1 1 1 0 x
0.106380223238389 1 0 0 0 1 0 0 1 1 0 0 0 1 1 1 0 0 x
0.098871853846494 1 1 0 0 0 0 1 0 0 1 1 1 0 0 1 1 0 x
0.048557153664538 0 0 0 1 0 0 0 0 0 0 0 0 1 0 0 1 1 x
0.092241666983200 0 0 0 1 0 0 0 1 0 0 0 1 0 0 1 0 1 x
0.071831914067361 1 0 0 0 1 0 0 0 1 0 1 0 1 1 0 0 1 x
0.081252477832571 1 0 0 0 0 1 0 0 1 0 1 0 1 1 1 1 0 x
0.128661276386137 0 0 1 1 0 0 0 0 1 1 0 0 1 1 0 0 1 x
0.035890639397949 0 1 0 0 0 0 0 0 0 0 0 0 1 0 0 0 1 x
0.105718007906835 1 0 0 0 1 0 1 0 1 0 1 0 1 1 1 1 0 x
0.105363022078897 1 0 0 1 0 0 1 0 1 0 1 1 1 1 0 1 1 x
0.058598866048858 0 1 0 0 0 0 0 1 0 0 0 1 1 0 1 0 1 x
0.116789918357943 1 0 1 0 1 0 0 1 1 1 1 1 1 0 1 1 0 x
0.073376178481773 0 0 1 0 0 0 0 0 1 0 0 0 1 0 1 1 1 x
0.027429320929304 0 1 0 0 0 0 0 0 0 0 0 0 0 1 1 0 0 x
0.066413312665863 0 1 0 0 0 0 0 1 0 0 0 0 1 1 1 0 0 x
0.091215424021266 0 1 0 0 1 0 0 0 0 0 1 0 0 1 1 0 0 x
0.057847838744178 0 0 0 1 0 0 0 0 0 0 1 0 0 0 1 1 0 x
0.088445922700584 0 0 1 0 0 1 0 0 0 1 1 1 1 1 0 1 1 x
0.106246279296984 0 0 1 1 0 0 0 0 1 0 1 0 1 1 1 0 1 x
0.063304747483083 1 0 0 0 0 0 1 0 0 1 0 0 1 1 0 1 0 x
0.090248095976195 1 1 0 0 0 0 0 1 0 1 1 1 1 0 1 0 1 x
0.049760537573128 0 0 0 0 1 0 0 0 0 0 0 0 1 0 0 0 1 x
0.050672006803068 0 1 0 0 0 0 0 0 0 0 0 0 1 0 1 0 1 x
0.081035523369816 0 1 0 0 0 0 1 0 1 0 0 0 0 1 1 1 0 x
0.063059241194566 0 1 0 0 0 0 0 0 0 0 0 0 0 1 0 0 0 x
0.076450133067043 1 0 0 0 0 0 1 0 0 1 1 0 0 0 1 1 0 x
0.074497922870270 1 0 0 0 1 0 0 0 0 1 0 0 1 0 1 1 0 x
0.148255225162859 0 0 1 1 0 0 0 1 0 0 0 0 1 1 1 0 1 x
0.110357098421724 0 0 1 1 0 0 0 0 1 1 1 0 0 1 1 1 0 x
0.035089616347780 0 0 0 0 1 0 0 0 0 0 0 0 0 0 1 0 1 x
0.073417888586786 0 0 0 1 0 0 0 0 1 0 0 0 0 0 1 0 1 x
0.065422513175365 0 0 1 0 0 0 0 1 0 0 0 1 1 0 0 1 1 x
0.169955447089044 0 0 0 1 1 0 0 0 0 0 0 0 0 0 1 0 1 x
0.168498465094293 0 0 1 1 1 0 0 0 1 1 1 0 1 1 0 1 0 x
0.057713216496181 0 0 0 0 1 0 0 0 0 0 0 0 1 0 1 0 1 x
0.061115403955637 1 0 0 0 0 0 0 1 1 0 0 0 1 0 1 0 1 x
0.107950879519699 0 0 1 1 0 0 0 0 1 0 1 1 0 1 0 1 1 x
0.097540961069457 1 0 0 1 0 0 0 0 1 0 1 0 0 1 0 1 0 x
0.104541431201841 0 0 1 0 1 0 0 0 1 1 1 1 0 1 1 1 1 x
0.095790766593693 1 0 0 0 1 0 0 1 0 0 1 1 0 0 1 0 1 x
0.040695279371407 0 0 1 0 0 0 0 0 0 0 0 1 0 1 0 0 1 x
0.038828187520990 0 0 0 0 1 0 0 0 0 0 0 0 0 1 0 0 1 x
0.095410732825984 0 0 1 0 0 0 0 1 1 0 0 1 0 1 1 0 1 x
0.104972622083883 0 0 0 0 1 0 0 0 1 0 0 0 0 1 0 0 1 x
0.053425708991815 0 0 1 0 0 0 0 0 0 1 0 0 0 1 0 1 1 x
0.088340417694344 0 0 1 0 0 0 1 0 0 0 0 1 0 1 0 0 1 x
0.078711448769266 0 1 0 0 0 0 1 0 0 0 0 0 0 1 1 0 0 x
0.124344696187604 0 1 0 0 0 0 0 1 1 0 0 0 0 1 1 0 0 x
0.038046900033816 0 0 0 0 0 1 0 0 0 0 0 0 0 0 0 1 1 x
0.102133990765429 1 0 1 0 0 1 0 1 1 1 1 1 1 0 1 1 0 x
0.048670670522081 0 0 0 0 0 1 0 0 0 0 0 0 0 1 0 0 1 x
0.126717509644222 1 0 0 1 1 0 0 0 1 0 1 1 1 1 0 1 0 x
0.075463189532314 1 0 0 1 0 0 0 0 1 1 1 0 1 0 1 1 0 x
0.124777497717621 0 1 0 1 0 0 1 0 0 1 1 1 1 0 0 0 1 x
0.053856034415253 0 0 1 0 0 0 0 0 0 1 0 1 0 0 0 1 1 x
0.097707078405300 1 0 0 1 0 0 0 1 1 0 1 1 1 0 1 1 1 x
0.040055202495237 0 0 0 0 0 1 0 0 0 0 0 0 0 0 1 0 1 x
0.146317139896263 0 0 0 0 1 1 0 0 0 0 0 0 0 0 1 0 1 x
0.074584117219635 0 0 0 0 0 1 0 0 0 0 0 0 0 0 1 1 1 x
0.072400727693246 0 0 1 0 0 0 0 0 0 0 0 0 0 0 0 0 1 x
0.110902422371627 0 0 1 0 1 0 0 0 0 0 0 1 0 1 0 0 1 x
0.094782898361715 1 1 0 0 0 0 1 1 1 1 1 1 0 0 1 0 1 x
0.078537793069548 0 0 1 0 0 1 0 0 0 0 1 1 0 1 1 0 1 x
0.060869100348397 0 0 0 1 0 0 0 0 0 0 0 1 0 0 0 1 0 x
0.087651107694299 0 0 1 0 0 0 0 1 0 0 1 1 0 1 1 0 1 x
0.029486573960152 0 1 0 0 0 0 0 0 0 0 0 0 1 0 0 1 0 x
0.048266572577432 0 0 0 0 0 1 0 0 0 0 0 0 0 0 0 0 1 x
0.087664801608405 1 0 0 0 0 1 0 1 0 0 1 0 1 1 1 0 0 x
0.052936127992520 0 0 0 0 0 0 0 0 0 0 0 0 0 0 0 0 1 x
0.072187820910847 0 1 0 0 0 1 0 0 0 1 0 1 0 1 1 0 1 x
0.137360690474523 0 0 0 1 0 1 0 0 1 0 0 0 0 1 1 0 1 x
0.092628735892234 0 1 0 0 1 0 0 0 1 0 0 1 1 1 1 0 1 x
0.105004565730208 0 0 0 1 1 0 0 0 0 1 1 1 0 1 0 1 1 x
0.105348467526249 1 0 0 1 0 1 0 0 0 1 1 1 1 0 1 1 0 x
0.206704200637914 0 0 1 1 1 0 0 0 1 1 1 1 1 1 1 1 1 x
0.103619552785097 0 0 0 0 1 0 0 1 0 0 0 0 0 0 1 0 1 x
0.080378143704514 0 0 1 0 0 0 0 0 0 0 1 1 0 1 0 1 1 x
0.119835072854798 0 1 0 0 1 1 0 0 1 1 1 1 1 1 0 1 1 x
0.065459499173919 1 0 0 0 0 1 0 0 0 1 1 0 1 1 0 1 1 x
0.134802008416495 1 1 0 0 0 1 1 1 1 1 1 1 1 1 1 1 0 x
0.058280554354409 0 0 1 0 0 0 0 0 0 0 0 0 0 1 1 0 1 x
0.064135827130092 0 0 0 0 1 0 0 0 0 1 0 0 0 0 0 1 1 x
0.069419232813618 0 1 0 0 0 0 1 0 0 0 0 1 0 0 1 0 1 x
0.064517071030833 0 0 0 0 1 0 0 0 0 0 0 0 0 0 1 0 0 x
0.064463181038402 0 0 0 0 0 1 0 0 0 0 0 1 0 0 0 1 1 x
0.053204938991337 1 0 0 0 0 0 1 0 0 0 1 1 0 0 1 0 1 x
0.053706628807610 0 0 0 1 0 0 0 0 0 0 0 1 0 1 0 0 1 x
0.082857742459313 1 0 0 0 0 1 0 0 0 1 0 0 0 1 1 0 0 x
0.098366790490597 0 0 1 1 0 0 0 0 0 0 1 1 0 1 0 0 1 x
0.085772818455193 1 0 0 0 1 0 1 0 0 1 1 1 0 1 1 0 1 x
0.055773445107876 1 0 0 0 0 0 1 0 0 0 0 1 0 1 1 0 0 x
0.096787501862644 0 1 1 0 0 0 0 0 1 0 1 0 1 1 1 0 0 x
0.071377658035115 1 0 0 0 1 0 0 0 0 1 0 0 1 1 0 0 1 x
0.061548777317486 1 0 0 0 0 0 1 0 0 0 0 0 0 1 1 0 0 x
0.072368102030051 1 0 0 0 0 1 0 1 0 0 1 1 0 1 1 0 1 x
0.093924280236443 1 0 1 0 0 0 1 0 1 1 1 1 0 1 0 0 1 x
0.097572168736014 0 0 1 0 1 0 0 0 0 1 1 0 0 1 1 0 1 x
0.090483324215664 0 0 0 1 1 0 0 0 0 0 0 1 1 1 0 0 1 x
0.067718549222000 1 1 0 0 0 0 0 1 1 1 1 1 1 0 0 1 1 x
0.085819418275752 1 0 1 0 0 0 0 1 1 1 1 1 0 0 1 1 0 x
0.100126061254079 1 0 1 0 0 0 1 0 0 1 0 1 1 1 0 0 1 x
0.039311064543113 0 0 1 0 0 0 0 0 0 0 0 1 0 0 1 0 1 x
0.082676657369637 0 0 0 0 1 0 0 0 0 0 0 1 0 0 1 1 1 x
0.110920761049209 1 0 0 0 1 1 0 0 1 1 1 0 1 1 1 1 0 x
0.171542679067251 0 1 1 0 1 0 0 0 1 1 1 0 1 1 1 1 0 x
0.081341380069937 0 0 1 0 0 0 0 0 0 1 0 1 0 1 1 0 1 x
0.085965439168532 0 1 0 0 0 1 0 0 1 1 0 0 1 1 1 0 1 x
0.064850802946923 0 0 1 0 0 0 0 0 1 0 0 1 0 0 1 1 1 x
0.067429985217664 0 0 0 0 1 0 0 0 0 0 0 0 1 1 0 0 1 x
0.053006126684272 1 0 0 0 0 0 1 0 0 0 0 1 0 1 0 0 1 x
0.117795785067727 0 0 1 0 0 0 0 0 1 0 1 1 1 0 1 0 1 x
0.096351828012684 1 0 0 0 0 1 0 1 1 1 0 0 1 1 1 0 1 x
0.113640749063211 1 1 0 0 0 0 1 0 0 1 1 1 0 0 0 1 1 x
0.046409030099026 0 0 1 0 0 0 0 0 0 0 0 1 0 0 0 1 0 x
0.091615863235234 1 0 0 1 0 0 1 0 0 1 1 1 0 1 1 0 1 x
0.113472802706903 0 0 0 1 1 0 0 0 0 0 0 1 0 1 0 1 0 x
0.085039698230751 0 1 0 0 1 0 0 0 1 0 0 1 1 0 1 1 0 x
0.097252120526852 0 0 1 1 0 0 0 0 0 0 1 1 0 0 1 1 0 x
0.062832843702033 1 0 0 0 1 0 0 0 0 0 1 1 1 0 0 0 1 x
0.051217165592508 1 0 0 0 0 0 1 0 0 0 0 1 0 1 0 1 0 x
0.071565323690266 0 0 0 1 0 0 0 0 0 1 0 0 0 1 0 0 1 x
0.086321421442936 1 0 0 0 0 1 1 0 0 0 1 1 0 1 1 0 1 x
0.156430375395314 1 0 1 0 1 1 0 0 1 1 1 1 1 1 0 1 0 x
0.105692521503537 0 1 0 0 0 1 0 1 1 0 1 1 1 0 1 1 1 x
0.104463919696012 1 1 0 0 0 0 1 0 1 1 1 0 0 1 1 0 1 x
0.070087653959059 1 0 0 1 0 0 0 0 0 1 1 1 0 0 1 1 0 x
0.114748183301850 1 0 1 0 0 0 1 0 0 1 0 1 0 1 0 1 0 x
0.045299810536640 0 0 1 0 0 0 0 0 0 0 0 1 0 0 1 1 0 x
0.046509885003417 1 0 0 0 0 0 0 0 1 0 1 0 0 0 1 1 0 x
0.061095987062766 0 0 0 1 0 0 0 0 0 1 0 0 0 0 1 1 1 x
0.048238326392200 1 0 0 0 0 0 0 0 0 0 1 0 0 1 0 0 0 x
0.063832466897442 1 0 0 0 0 0 1 0 1 0 1 1 0 0 1 1 1 x
0.048648661836047 1 0 0 0 0 0 0 1 0 0 0 0 0 1 1 0 0 x
0.040918464338645 1 0 0 0 0 0 0 0 1 0 0 0 0 1 1 0 0 x
0.080052641062417 1 0 0 0 0 0 1 0 1 0 1 1 0 1 1 1 0 x
0.107682381072892 0 1 0 0 0 1 1 0 0 1 1 1 0 1 1 0 1 x
0.104866710564185 0 1 1 0 0 0 1 0 1 1 1 1 0 1 1 0 1 x
0.070867129525671 0 1 0 0 0 0 1 0 0 0 1 1 0 0 0 1 1 x
0.106860454009934 1 0 0 1 0 0 0 1 0 1 1 0 1 0 1 1 1 x
0.065949803982090 0 1 0 0 0 0 1 0 0 0 0 1 1 0 1 1 0 x
0.177213588809745 0 0 0 1 1 1 0 0 1 0 1 1 1 1 0 1 1 x
0.042616561641859 0 1 0 0 0 0 0 0 0 0 0 1 0 0 1 1 0 x
0.060830539416481 1 0 0 0 0 0 0 0 0 0 0 0 0 0 1 0 0 x
0.062647768708304 1 0 0 0 1 0 0 0 0 0 1 1 0 1 0 0 1 x
0.061745254386384 1 0 0 0 0 1 0 0 0 1 1 0 1 0 1 0 1 x
0.042441223078808 1 0 0 0 0 0 0 0 1 0 0 0 0 1 0 0 1 x
0.038325774336743 1 0 0 0 0 0 0 0 1 0 0 0 0 1 0 1 0 x
0.090964145530624 0 0 1 0 1 0 0 0 0 1 1 0 1 1 0 1 1 x
0.070718456625511 1 0 0 0 0 1 0 0 1 1 1 0 1 0 1 1 1 x
0.058510002292805 1 0 0 0 0 0 0 0 0 0 0 0 0 1 0 0 0 x
0.063561799191025 1 0 0 0 0 0 0 1 1 0 1 0 0 1 1 0 1 x
0.057183069396091 1 0 0 0 0 0 0 0 1 0 1 0 0 1 0 1 0 x
0.100917051086450 1 0 0 0 0 1 0 0 1 0 1 0 0 1 1 0 0 x
0.045216508745698 1 0 0 0 0 0 0 0 1 0 0 0 1 0 0 1 0 x
0.081765834693444 1 0 0 1 0 0 0 0 0 1 1 0 1 0 0 1 0 x
0.084403109268186 1 0 0 1 0 0 0 0 1 1 0 1 0 1 1 1 0 x
0.090911364835623 1 0 0 0 1 0 0 0 0 1 1 0 1 0 0 0 1 x
0.081799206441931 1 0 0 0 1 0 0 0 1 0 0 1 1 0 0 1 1 x
0.054875837680897 0 0 0 1 0 0 0 0 0 0 0 0 0 1 1 0 1 x
0.086537918918153 1 0 1 0 0 0 0 0 1 1 1 0 0 1 1 0 0 x
0.103004497405468 1 0 0 1 0 0 1 0 1 0 1 1 0 1 1 0 1 x
0.050473833094733 0 1 0 0 0 0 0 0 0 0 1 0 0 1 1 0 0 x
0.136959138610998 1 1 0 0 1 0 1 0 1 1 1 1 1 0 1 1 0 x
0.084330160004673 1 0 0 0 1 0 0 0 1 1 0 0 0 1 1 1 0 x
0.093233769305680 1 0 1 0 0 0 0 1 1 0 1 1 0 1 1 0 0 x
0.117997712155799 0 0 1 1 0 0 0 0 1 0 0 1 0 1 1 0 1 x
0.091842761263966 0 1 0 0 0 0 0 0 1 0 0 0 1 1 1 1 0 x
0.142581793238105 1 0 0 1 1 0 1 0 0 1 1 1 1 1 0 0 0 x
0.094125565794602 1 1 0 0 0 0 1 1 1 1 1 1 1 0 1 1 1 x
0.129522207230077 1 0 1 0 1 0 0 0 1 1 1 1 0 1 1 0 1 x
0.059059042442598 1 0 0 0 0 0 0 0 1 1 0 0 0 1 1 1 0 x
0.065791516460613 1 0 0 0 0 0 1 0 1 0 0 0 0 1 1 1 0 x
0.096370435565833 0 0 1 0 1 0 0 0 0 1 1 1 0 0 1 1 1 x
0.058478413626563 1 0 0 0 0 0 0 1 1 0 0 1 0 1 1 0 1 x
0.115455652062153 0 1 0 0 0 1 1 0 0 1 0 0 1 1 1 1 0 x
0.072627377195671 1 0 0 0 0 0 0 1 1 0 0 1 0 0 1 1 0 x
0.109882578945972 1 0 0 0 1 1 0 0 1 1 1 1 1 0 1 1 1 x
0.104695592551074 0 0 1 0 0 0 0 0 0 1 1 0 0 1 0 1 0 x
0.064994961899915 0 0 0 0 1 0 0 0 0 0 1 0 0 0 1 0 1 x
0.055952947382904 0 0 1 0 0 0 0 0 1 0 0 0 0 1 0 1 1 x
0.074473861574995 0 0 0 1 0 0 0 0 1 0 1 0 0 0 1 1 1 x
0.115760911260585 0 1 0 1 0 0 1 0 1 1 1 1 1 0 1 1 1 x
0.086203569497111 0 1 0 0 1 0 0 0 0 1 0 0 1 0 1 1 0 x
0.144176823944141 0 1 0 0 1 0 1 0 1 0 0 1 1 0 1 0 1 x
0.158150698296294 0 0 0 1 0 1 0 0 0 0 0 0 1 0 0 0 1 x
0.078942079308379 1 1 0 0 0 0 0 1 1 1 1 1 0 0 1 1 0 x
0.115110492467583 1 0 0 0 0 0 0 1 0 1 1 0 0 1 1 0 0 x
0.081631309550495 0 1 0 0 1 0 0 0 1 0 1 1 1 0 0 1 1 x
0.042683934635445 1 0 0 0 0 0 0 0 1 0 1 0 0 0 1 0 1 x
0.064706125489688 1 0 0 0 0 0 1 0 0 0 1 0 0 1 0 0 1 x
0.069874329726768 1 0 0 0 1 0 0 0 1 0 1 1 0 1 1 0 1 x
0.106291154425663 0 0 0 1 0 0 0 0 0 1 0 0 0 0 0 1 0 x
0.077334688542813 0 0 1 0 0 0 0 0 1 1 0 0 1 1 0 1 1 x
0.062367562434224 1 0 0 0 0 0 0 0 1 0 1 0 1 0 0 0 1 x
0.103243453599315 1 0 1 0 0 1 0 1 0 1 1 1 1 1 0 0 1 x
0.159834309769622 0 0 1 1 0 1 0 0 1 0 1 1 1 1 1 1 0 x
0.053821461721999 1 0 0 0 0 0 0 0 1 1 0 0 0 0 1 0 1 x
0.105354395896680 0 0 0 1 0 1 0 0 0 1 0 1 0 1 1 1 1 x
0.060807386468438 1 0 0 0 0 0 1 0 1 0 0 1 0 1 1 0 1 x
0.066524624096404 0 1 0 0 0 1 0 0 0 0 0 1 1 0 1 0 1 x
0.150227397393809 0 1 1 0 0 1 0 0 1 1 0 1 1 1 1 0 1 x
0.128081267128607 0 1 0 0 0 1 1 0 1 0 1 1 1 1 1 1 1 x
0.072339968748962 1 0 0 1 0 0 0 1 0 1 1 1 1 0 0 1 1 x
0.059112686616424 1 0 0 0 0 1 0 0 0 1 0 1 1 0 1 0 1 x
0.085938793800620 0 0 1 0 0 0 0 0 1 1 1 0 0 0 1 1 1 x
0.081752100638633 1 0 1 0 0 0 0 1 1 1 0 1 1 0 1 0 1 x
0.039046298439295 0 0 0 0 1 0 0 0 0 0 0 0 0 0 0 1 1 x
0.035361203930038 0 1 0 0 0 0 0 0 0 0 0 1 1 0 0 0 1 x
0.064770427095499 0 1 0 0 0 0 0 0 0 0 0 1 1 0 0 1 1 x
0.081220721242228 1 0 0 0 1 0 0 0 1 1 0 0 1 1 0 1 0 x
0.036048384613594 0 1 0 0 0 0 0 0 0 0 1 0 0 0 1 0 1 x
0.069962408639673 1 0 1 0 0 0 0 0 1 1 1 1 0 0 1 0 1 x
0.050317126868522 0 1 0 0 0 0 0 0 0 0 1 1 0 0 1 0 1 x
0.085318874559365 0 0 0 0 0 1 0 0 0 0 1 0 0 0 1 0 1 x
0.075954709396600 1 0 0 0 0 1 0 0 0 0 0 1 0 0 1 0 1 x
0.077755060857902 0 1 0 0 0 1 0 0 0 1 0 1 1 0 1 1 0 x
0.085620790576627 0 0 0 1 0 1 0 0 0 0 0 1 0 1 1 1 0 x
0.108214011207843 1 0 0 1 0 0 1 0 1 1 1 0 1 0 1 0 1 x
0.183282191477884 0 1 0 1 1 0 1 0 1 1 1 1 1 1 1 1 0 x
0.059990651326750 1 0 0 0 0 0 1 0 0 1 0 1 1 0 1 0 1 x
0.076042269390564 1 0 0 1 0 0 0 0 1 1 1 1 0 0 1 1 1 x
0.099209864205841 1 1 0 0 0 1 0 0 1 1 1 1 1 0 0 1 1 x
0.085024454634550 1 0 0 0 0 1 1 0 0 1 1 1 1 0 1 1 1 x
0.081635789236418 1 1 0 0 0 0 0 1 1 1 0 1 1 0 1 0 1 x
0.050463296260505 1 0 0 0 0 0 0 1 0 0 0 0 0 1 0 1 0 x
0.157882445101854 1 1 0 1 0 0 1 0 1 1 1 0 1 1 1 0 0 x
0.040565190278122 0 1 0 0 0 0 0 0 0 0 0 1 0 0 0 0 1 x
0.029633885632623 0 1 0 0 0 0 0 0 0 0 0 0 1 0 1 0 0 x
0.061493022288601 0 1 0 0 0 0 0 1 0 0 1 0 1 0 1 0 1 x
0.071926475081164 0 0 1 0 0 0 0 0 1 0 1 0 0 1 1 0 1 x
0.075839453453165 0 1 0 0 0 0 1 0 0 0 1 0 0 0 1 1 0 x
0.066865420614310 0 0 0 0 1 0 0 0 0 0 0 1 0 0 0 0 1 x
0.080854127305336 1 0 1 0 0 0 0 1 1 1 1 1 1 0 1 1 1 x
0.071528808657767 1 0 0 0 0 0 1 1 0 0 0 1 0 1 1 1 0 x
0.076626894127521 0 1 0 0 0 1 0 0 0 1 1 0 0 1 1 0 1 x
0.081865049965841 1 1 0 0 0 0 0 1 1 0 1 1 1 0 0 0 1 x
0.098462795861294 1 0 0 0 0 1 0 0 0 1 0 0 0 1 0 0 1 x
0.049099583867385 0 0 0 0 0 1 0 0 0 0 0 0 0 0 1 1 0 x
0.077340056474905 1 0 0 0 0 1 0 0 1 0 0 1 0 1 0 1 1 x
0.110357550437245 0 0 0 1 1 0 0 0 0 1 0 0 1 1 0 1 1 x
0.038890188567126 1 0 0 0 0 0 0 0 0 0 1 0 0 0 0 1 0 x
0.100176741573968 1 0 1 0 0 0 1 0 1 0 1 1 0 1 1 0 0 x
0.047571497260192 0 0 1 0 0 0 0 0 0 0 0 1 1 0 0 0 1 x
0.061061671495863 1 0 0 0 0 0 1 0 0 0 1 0 0 1 0 1 0 x
0.130436149038401 1 0 1 1 0 0 0 1 1 1 1 1 0 1 1 0 0 x
0.082746450457838 0 1 0 0 1 0 0 0 0 0 0 1 1 0 1 0 0 x
0.085036121132389 1 0 0 1 0 0 0 1 0 1 0 1 1 0 1 1 0 x
0.087631854936262 0 1 1 0 0 0 0 0 0 0 1 1 1 0 0 0 1 x
0.071763307111595 1 0 0 0 0 0 0 1 0 0 1 0 1 0 0 1 0 x
0.076516859760786 1 0 0 0 0 1 0 1 1 0 1 1 1 1 0 1 1 x
0.108874099650571 0 0 1 1 0 0 0 0 0 0 1 1 1 1 0 0 0 x
0.068070156703944 1 0 0 0 0 1 0 0 1 0 0 1 1 0 1 1 0 x
0.080462114692570 1 0 0 0 0 1 0 1 0 1 0 1 0 1 1 1 0 x
0.088801593799302 0 0 0 0 0 1 0 0 1 0 0 0 0 0 0 1 1 x
0.036733732464442 1 0 0 0 0 0 0 0 0 1 1 0 0 0 0 1 1 x
0.098289426859992 1 0 0 0 1 0 1 0 0 0 0 1 1 1 0 0 1 x
0.156806530821203 1 1 1 0 0 0 0 1 1 1 1 1 1 0 1 0 0 x
0.116906824915236 1 1 0 0 0 0 1 0 1 1 0 1 0 1 1 1 0 x
0.083254381474961 1 0 0 0 0 1 0 1 0 0 0 1 1 1 1 0 0 x
0.044452412203475 0 0 0 0 0 0 1 0 0 0 0 0 0 0 0 1 1 x
0.090918047689514 0 1 0 0 0 0 1 0 1 1 1 0 0 1 1 1 1 x
0.125788450095161 0 0 1 0 0 0 1 0 0 1 1 1 0 0 0 1 1 x
0.059800797425357 1 0 0 0 0 0 1 0 0 1 1 0 1 0 0 1 1 x
0.145186624552019 0 0 0 0 0 0 0 0 0 0 0 0 0 0 0 1 1 x
0.140789100086999 0 0 0 0 0 0 1 0 0 1 0 0 0 0 0 0 1 x
0.197448861492251 1 0 1 0 1 1 1 0 0 1 1 1 1 1 1 0 0 x
0.163176357990500 0 0 1 0 0 1 1 0 0 0 0 1 0 1 0 1 1 x
0.119324604230195 1 0 1 0 0 1 0 0 1 1 1 1 1 1 1 0 1 x
0.109171581016297 0 0 0 0 0 1 1 0 0 0 0 1 1 1 0 1 1 x
0.097932930270900 0 0 0 0 1 0 1 0 0 0 0 0 1 0 0 1 1 x
0.098477427303427 0 0 1 0 0 1 0 0 0 1 0 1 0 0 1 1 1 x
0.134289500981683 0 0 0 1 0 0 1 0 1 0 0 0 0 1 0 1 1 x
0.194982051807854 0 0 0 0 0 1 1 1 0 0 0 0 0 0 1 1 1 x
0.157788856189282 0 0 1 0 1 0 0 1 0 1 0 0 1 0 1 1 1 x
0.130939554016247 0 0 0 1 1 0 0 0 1 0 0 1 1 0 0 1 1 x
0.110765657546025 1 0 0 1 0 1 0 0 1 1 0 1 1 1 1 0 0 x
0.062234957891823 0 0 0 0 0 1 0 0 0 0 0 0 0 1 0 1 0 x
0.165126228579080 1 0 1 1 0 0 1 0 1 1 1 1 1 1 1 0 0 x
0.184541202358273 1 1 1 0 0 1 1 0 1 1 1 1 1 1 0 0 0 x
0.077957908784069 0 0 1 0 0 0 1 0 0 0 0 1 1 1 0 1 1 x
0.117582390966476 0 0 1 1 0 0 0 0 0 1 1 0 1 0 1 1 1 x
0.079601127727828 0 0 1 0 0 0 1 0 0 1 0 0 1 1 0 1 1 x
0.082990988347759 0 1 0 0 0 0 1 0 0 0 0 0 0 1 0 1 0 x
0.139162179789687 1 1 0 0 1 1 0 1 1 1 1 1 1 0 1 0 0 x
0.079235746909924 1 0 0 0 1 0 0 1 1 0 1 1 1 1 0 1 1 x
0.126733970284636 1 0 0 0 1 1 1 0 0 1 1 1 1 1 1 0 0 x
0.081139439100146 0 1 0 0 1 0 0 0 1 1 1 1 1 0 1 1 1 x
0.144769447161789 1 1 0 0 1 0 1 1 1 1 1 1 1 1 1 0 1 x
0.175402001666271 1 0 1 1 0 1 0 0 0 1 1 1 1 1 0 0 0 x
0.187482741091689 1 0 1 1 1 0 0 0 1 1 1 1 1 1 0 0 0 x
0.115106844003366 0 1 1 0 0 0 1 0 1 1 1 0 1 1 1 0 0 x
0.187821337917974 1 1 0 1 0 1 0 0 1 1 1 1 1 1 0 1 0 x
0.106320958137296 0 1 0 0 0 0 0 1 0 0 1 1 1 0 0 0 1 x
0.056970556250971 0 0 0 0 0 0 1 0 0 0 0 0 0 0 0 1 0 x
0.174698888683597 0 1 1 0 1 1 0 0 1 1 1 1 1 1 0 0 1 x
0.087156533105844 0 0 1 0 0 1 0 0 0 0 0 1 1 1 1 0 1 x
0.116218362308009 0 1 0 1 0 0 1 0 1 1 1 0 1 1 1 0 1 x
0.109495792176208 1 0 0 1 0 0 1 0 0 1 0 1 1 0 1 0 0 x
0.106229109407816 0 1 1 0 0 0 0 1 0 0 1 1 1 0 1 1 0 x
0.093478913653084 1 0 0 1 0 0 0 1 1 0 0 1 1 1 1 0 0 x
0.119718536737475 1 1 0 0 1 0 0 1 1 1 1 1 1 0 1 1 0 x
0.098992901605610 0 1 0 0 1 0 0 0 0 0 1 0 1 1 0 1 1 x
0.093733819936372 1 1 0 0 0 1 0 1 1 1 1 1 1 1 0 0 1 x
0.129125819266870 1 0 0 1 0 1 1 0 0 1 1 1 1 1 1 0 0 x
0.148544979015146 0 0 1 0 1 1 0 0 0 1 1 0 1 1 1 1 0 x
0.100488393781210 1 0 1 0 0 0 0 0 0 0 1 1 1 1 0 0 1 x
0.118815937375709 0 0 0 1 1 0 0 1 0 0 1 1 1 1 0 1 1 x
0.065949655082386 1 0 0 0 0 0 1 0 1 0 0 1 1 1 0 1 1 x
0.061160969269647 0 0 0 1 0 0 0 0 0 0 0 0 0 0 1 0 0 x
0.096080072634155 0 0 0 0 0 1 1 0 0 0 0 0 0 1 0 1 1 x
0.095881729852829 0 1 0 0 1 0 0 0 0 0 0 1 1 0 0 0 1 x
0.116721182116955 0 0 1 0 0 0 1 0 1 0 0 0 0 1 0 1 1 x
0.071838112636117 1 0 0 0 0 0 0 1 1 0 0 0 1 1 1 1 0 x
0.113104618514343 1 0 1 0 0 0 0 0 1 0 0 1 0 0 1 1 0 x
0.111380908426428 0 0 0 0 1 0 1 0 0 0 1 1 0 1 0 1 1 x
0.111632548550941 0 0 0 1 0 1 0 0 1 0 0 1 1 0 1 1 1 x
0.123656830605713 1 1 0 0 0 0 0 1 0 1 1 0 0 1 0 1 1 x
0.172872539104404 1 0 0 1 1 1 0 0 0 1 1 1 1 1 1 0 0 x
0.099006606513383 1 0 1 0 0 0 1 0 1 1 1 1 1 1 1 0 1 x
0.127442197087493 0 1 0 1 0 1 0 0 0 1 0 1 1 1 1 0 0 x
0.078136028540202 1 1 0 0 0 0 0 0 0 1 1 1 1 0 0 0 1 x
0.063904202314384 0 0 0 0 0 0 1 0 0 0 0 0 0 1 0 0 1 x
0.097126476754550 0 1 1 0 0 0 0 0 1 1 1 0 1 0 0 1 1 x
0.129598884310331 0 1 1 0 0 0 1 1 1 0 1 1 1 1 1 0 1 x
0.117512370142136 0 0 0 1 0 0 1 0 0 1 1 0 0 0 1 1 1 x
0.079267939362129 1 0 0 0 1 0 0 1 0 0 0 1 1 1 0 0 1 x
0.097180724424582 1 0 0 0 1 0 1 0 0 0 1 1 0 1 1 0 0 x
0.114637166932460 1 1 0 0 0 1 0 1 1 1 0 1 1 0 1 1 0 x
0.160944862970799 0 1 0 0 1 1 1 0 1 1 1 1 1 1 1 1 0 x
0.083123031202005 0 1 0 0 0 1 0 0 1 0 1 1 1 0 0 1 1 x
0.082274663121738 0 0 1 0 0 0 0 1 0 0 0 0 0 1 0 1 0 x
0.097313292968406 0 0 1 0 0 0 0 0 0 1 0 1 1 0 1 1 1 x
0.131637849820739 0 0 1 0 0 1 0 0 1 0 0 0 0 1 1 1 1 x
0.073178911604205 1 0 1 0 0 0 0 0 1 1 1 1 0 0 0 1 1 x
0.116707218900166 1 1 0 0 0 0 1 0 1 0 1 0 1 0 1 0 0 x
0.072451948527387 0 1 0 0 0 0 1 0 0 0 1 0 1 1 1 0 1 x
0.092168257711476 0 1 0 0 1 0 0 1 0 0 1 1 1 0 1 1 0 x
0.123528025436738 0 0 1 0 0 1 0 1 0 1 0 1 0 1 1 1 0 x
0.045505856338272 0 0 0 0 0 0 1 0 0 0 0 0 0 0 0 0 1 x
0.136925760858262 1 0 0 0 1 1 0 0 1 0 0 1 1 1 1 1 0 x
0.100943304657387 0 1 0 1 0 0 0 0 0 0 1 0 1 0 1 0 0 x
0.097736683420533 0 1 0 0 0 0 1 1 0 0 1 1 0 0 1 1 1 x
0.124423266514736 0 1 0 0 1 0 1 0 1 0 1 0 1 1 1 1 0 x
0.068994800168899 1 0 0 0 0 1 0 0 1 0 1 1 1 0 1 0 1 x
0.093956536131508 1 0 0 1 0 1 0 0 1 1 1 1 1 0 1 0 1 x
0.147540274202026 0 1 0 1 0 1 1 0 1 1 1 1 1 1 1 0 0 x
0.050146254396666 1 0 0 0 0 0 1 0 0 0 0 0 1 1 0 0 1 x
0.030127496236335 1 0 0 0 0 0 0 0 0 0 1 0 0 1 0 0 1 x
0.094172576609101 0 1 1 0 0 0 0 1 1 1 1 1 0 1 0 1 1 x
0.057421119002281 0 1 0 0 0 0 0 1 0 0 1 0 0 1 1 0 1 x
0.122286977621447 0 0 1 1 0 0 0 1 0 1 1 0 1 1 0 1 1 x
0.086910511600542 1 0 0 0 0 1 1 0 0 1 0 1 1 1 1 0 1 x
0.201475103177766 0 1 0 1 1 1 0 0 1 0 1 1 1 1 1 0 0 x
0.140715379075987 0 0 1 0 1 0 0 0 0 0 1 0 1 1 1 1 1 x
0.083227472497912 1 1 0 0 0 0 0 1 1 1 1 1 0 0 1 1 1 x
0.079156189159962 1 0 0 0 0 0 1 0 1 0 0 0 1 0 0 1 1 x
0.145812180134946 1 1 0 0 1 1 0 1 1 1 1 1 1 1 0 1 0 x
0.058510009265165 0 0 1 0 0 0 0 0 1 0 0 0 0 0 1 1 0 x
0.175139252492956 0 0 1 1 0 0 0 0 1 1 0 0 0 0 1 1 1 x
0.102201384939730 0 0 1 0 1 0 0 0 0 1 0 0 0 1 1 1 0 x
0.060848667546034 1 0 0 0 1 0 0 0 0 1 1 1 1 0 0 1 1 x
0.114072720697920 1 0 0 1 0 0 1 0 1 1 1 1 0 1 1 0 0 x
0.086121293318608 1 0 0 1 0 0 0 0 1 0 0 1 1 0 1 1 0 x
0.105538323339402 1 1 0 0 0 1 0 0 1 1 1 0 1 1 0 1 0 x
0.114521698842579 0 0 1 1 0 0 0 0 0 0 1 0 0 1 1 0 0 x
0.100199910298756 1 0 1 0 0 0 0 1 1 1 0 1 1 1 1 0 0 x
0.137224366163428 1 0 1 0 1 0 1 1 1 1 1 1 1 1 1 0 0 x
0.068352900916464 0 1 0 0 0 0 1 0 0 1 0 1 0 1 0 1 1 x
0.120182589707451 0 0 0 0 1 1 0 0 0 1 1 0 1 0 1 1 1 x
0.101142163051380 1 0 0 1 0 0 1 0 1 1 0 1 1 1 1 0 1 x
0.054205488986756 0 0 0 0 1 0 0 0 0 0 0 0 0 0 0 1 0 x
0.084778370421623 0 0 0 0 0 0 1 0 0 0 0 1 0 0 0 1 1 x
0.117128614304191 0 1 1 0 0 1 0 0 1 1 1 1 1 0 1 1 0 x
0.051804801993102 0 1 0 0 0 0 0 0 0 1 0 0 0 1 1 0 1 x
0.111201588695206 0 1 1 0 0 0 1 0 1 1 0 1 1 1 0 0 1 x
0.079032999290832 1 0 0 0 0 1 0 0 1 0 0 0 0 1 1 1 0 x
0.099319974830213 0 1 1 0 0 0 0 0 0 0 0 1 1 0 1 0 0 x
0.077154430656679 1 0 0 0 0 0 0 0 0 1 1 0 1 0 0 1 0 x
0.099223155955311 0 1 0 1 0 0 0 0 0 1 1 1 0 0 1 1 1 x
0.081314318030306 1 0 0 0 0 0 1 1 0 1 1 1 0 0 1 1 1 x
0.131613112283058 0 1 0 1 0 1 0 1 1 1 1 1 1 1 1 0 1 x
0.105511619944951 1 0 0 1 1 0 0 0 1 1 1 1 1 1 0 0 1 x
0.087543881457281 1 0 0 0 0 1 1 0 0 0 1 1 1 1 0 1 1 x
0.132605914478159 1 0 1 0 1 0 1 0 1 1 1 1 1 1 0 1 0 x
0.073101329619436 0 1 0 0 0 0 0 1 0 1 1 1 0 0 1 1 1 x
0.084496335387103 1 0 0 0 1 0 0 0 1 1 0 0 1 1 0 1 1 x
0.070217920846072 0 0 1 0 0 0 1 0 0 0 0 1 1 0 1 0 1 x
0.192448524590568 1 1 1 0 0 1 0 1 1 1 1 1 1 1 0 1 0 x
0.070563418382652 0 1 0 0 0 0 0 0 0 0 1 0 1 0 1 1 0 x
0.134575892039947 0 1 1 0 0 1 1 0 1 1 1 1 1 1 0 0 1 x
0.074221471094405 1 0 1 0 0 0 0 1 1 1 1 1 0 1 1 0 1 x
0.084202431184110 1 0 1 0 0 0 0 0 1 1 0 1 0 1 0 0 1 x
0.071554153574810 1 0 0 1 0 0 0 0 1 1 1 1 1 0 1 0 1 x
0.082441627062021 0 0 0 0 0 1 0 0 0 0 0 0 0 1 1 0 0 x
0.126397307562131 1 0 0 1 1 0 0 0 1 1 0 1 1 1 1 0 0 x
0.075670263523772 1 0 0 0 1 0 0 0 1 1 0 1 1 0 1 1 0 x
0.046010322306857 0 0 0 1 0 0 0 0 0 0 1 0 0 0 0 1 1 x
0.105809664519958 0 0 0 1 0 1 0 0 0 1 1 0 1 1 1 1 1 x
0.072614612264104 1 0 0 0 0 0 1 1 0 0 0 1 1 1 1 0 1 x
0.107155166803768 1 0 0 0 1 1 0 0 0 1 1 1 1 1 1 0 1 x
0.080478338490963 1 1 0 0 0 0 0 1 1 1 0 1 1 1 0 0 1 x
0.135354207419556 1 1 0 1 0 0 1 0 1 1 1 1 1 0 0 1 0 x
0.149311144450079 0 1 1 0 0 1 1 0 0 1 1 1 1 1 1 0 0 x
0.092671668324928 0 0 0 0 0 1 0 0 0 0 1 0 0 1 0 1 1 x
0.106736876130828 0 1 0 0 1 0 0 1 0 1 1 1 0 1 1 1 1 x
0.045466720298480 0 0 1 0 0 0 0 0 0 0 0 0 1 0 1 0 1 x
0.078719923051044 1 0 1 0 0 0 0 0 1 0 1 1 0 1 0 1 0 x
0.054606889367995 1 0 0 0 0 0 1 0 0 1 0 1 1 0 0 1 1 x
0.115381646401324 1 0 1 0 0 0 0 0 1 0 1 0 0 1 0 0 1 x
0.084250171008622 1 1 0 0 0 0 0 0 1 1 1 1 0 0 0 0 1 x
0.095684739807666 1 0 0 0 1 0 1 0 0 1 0 1 1 1 1 0 0 x
0.070994417694181 0 1 0 0 0 0 0 0 0 1 0 1 1 0 0 0 1 x
0.014507959556698 0 0 0 0 0 0 0 0 0 0 0 0 0 0 0 0 0 x
0.124095839966288 0 1 0 1 0 0 1 1 1 1 1 1 1 1 0 1 1 x
0.123430413172220 0 0 1 1 0 0 0 0 0 0 0 1 1 0 0 0 1 x
0.096221402563355 0 0 0 1 0 0 0 1 0 0 1 1 0 1 0 1 1 x
0.129586825802143 1 1 0 1 0 0 0 1 1 1 1 1 0 0 1 1 0 x
0.122483988245020 1 0 1 0 1 0 0 1 0 1 1 1 1 1 0 0 1 x
0.044550511297878 0 0 0 0 0 0 0 0 0 0 0 0 0 1 0 0 0 x
0.154350894179856 1 0 1 1 0 0 0 0 0 1 1 1 0 1 0 1 0 x
0.094262954421760 0 1 0 0 1 0 0 0 0 0 0 1 0 1 1 1 0 x
0.114958506870084 0 0 1 0 1 0 1 0 0 1 1 1 1 1 1 0 1 x
0.116393600892956 1 0 1 0 0 1 1 0 1 1 1 1 1 1 0 1 0 x
0.082734362200341 0 0 1 0 0 0 1 0 0 0 0 1 0 0 1 1 1 x
0.078252393846748 0 0 1 0 0 0 1 0 0 0 1 0 1 1 1 0 1 x
0.119183832001400 0 1 1 0 0 0 0 0 1 0 0 1 1 0 0 0 1 x
0.167090996478553 0 1 1 0 1 0 0 1 0 0 1 1 1 1 1 0 0 x
0.134220445295208 1 1 0 1 0 0 1 1 1 1 1 1 1 0 1 0 1 x
0.115844154604558 0 0 1 0 0 0 1 1 0 0 1 0 1 0 1 1 1 x
0.168939623464253 0 0 1 1 1 0 0 0 0 0 1 1 1 1 0 0 1 x
0.059606875215166 0 0 1 0 0 0 0 0 0 0 0 0 0 0 1 0 0 x
0.129610937737472 1 1 0 0 1 0 0 1 1 0 1 1 0 1 1 0 0 x
0.047558073468602 0 1 0 0 0 0 0 0 0 1 1 0 0 0 0 1 1 x
0.118235009362013 0 0 1 1 0 0 0 1 0 1 1 1 1 1 1 1 0 x
0.148266607665261 0 0 1 0 1 0 0 1 1 0 1 1 0 1 0 1 1 x
0.082385717943276 0 0 0 1 0 0 0 0 0 1 1 0 0 1 0 1 1 x
0.082022505799305 0 1 0 0 0 1 0 0 0 1 1 0 1 0 0 1 1 x
0.142984282422421 0 1 0 1 1 0 0 0 1 0 1 1 1 1 0 1 0 x
0.160769313678607 0 1 0 0 1 1 1 0 0 1 1 1 1 1 1 0 1 x
0.112750558741649 1 1 0 0 0 1 1 0 1 1 1 1 0 1 0 1 0 x
0.082207268467683 0 1 0 0 0 0 0 0 0 1 1 1 0 1 0 1 1 x
0.071308648399585 0 1 0 0 0 0 1 0 0 1 1 0 1 1 0 1 1 x
0.179083455823289 1 1 0 1 1 0 1 1 1 1 1 1 1 1 0 0 0 x
0.077813097108640 1 1 0 0 0 0 0 1 1 1 1 1 0 1 1 0 1 x
0.134650572122320 0 1 0 1 0 0 0 0 0 1 1 0 0 0 0 1 1 x
0.069209617523443 0 0 1 0 0 0 1 0 0 0 0 0 1 0 1 1 0 x
0.153670899264565 0 1 1 0 1 0 1 1 1 1 1 1 1 1 0 0 1 x
0.137166095912441 0 0 0 1 0 1 0 1 0 1 1 1 1 0 1 1 1 x
0.141830050852240 0 1 1 0 0 0 1 0 1 0 1 0 1 1 1 1 0 x
0.086541847595994 1 0 0 0 0 1 1 0 0 1 1 1 0 1 1 1 0 x
0.142502151895932 0 0 1 1 0 1 0 0 0 1 1 1 1 1 1 0 1 x
0.080656822240119 0 0 0 0 1 0 0 0 0 1 0 0 0 1 1 0 1 x
0.115444599466336 0 1 0 1 0 0 0 0 1 0 0 1 1 1 0 1 1 x
0.102155451766990 0 0 0 0 1 0 1 0 0 0 1 0 0 0 1 1 1 x
0.135690786319403 0 0 1 0 1 0 1 0 0 0 1 0 1 1 1 0 0 x
0.182927015452445 1 1 0 0 1 1 0 0 1 1 1 1 0 1 1 1 0 x
0.063463880910779 0 1 0 0 0 1 0 0 0 0 0 1 1 1 0 0 1 x
0.108525388728363 0 1 0 1 0 0 1 0 1 0 1 1 1 1 0 0 1 x
0.091193985520811 0 1 0 1 0 0 0 0 0 0 0 1 0 1 1 0 0 x
0.060390355253827 1 0 0 0 0 0 1 0 0 1 1 1 0 1 0 1 1 x
0.220876280626977 1 1 1 1 0 0 1 1 1 1 1 1 1 1 0 0 0 x
0.125439591869393 0 1 0 1 0 0 1 0 0 1 0 1 1 1 1 0 1 x
0.080875002553007 0 1 0 1 0 0 0 0 0 0 1 1 0 1 0 1 0 x
0.134899268691520 1 1 0 1 0 0 1 1 1 1 1 1 0 1 1 0 0 x
0.097905850902813 0 0 0 1 0 0 1 0 0 0 1 0 1 0 0 1 1 x
0.125264507934862 0 1 0 1 0 1 0 0 1 1 1 1 0 1 1 1 0 x
0.121371523407758 0 1 0 1 0 0 0 0 1 0 1 1 1 1 1 1 0 x
0.071488560612879 1 0 0 1 0 0 0 0 0 0 1 1 0 1 0 1 0 x
0.078736666611680 0 1 0 0 0 1 0 0 0 1 0 0 1 1 0 1 0 x
0.090271740748479 0 0 1 1 0 0 0 0 0 1 1 1 0 1 1 0 1 x
0.085379234591036 1 0 0 0 1 0 0 0 1 0 1 1 1 0 1 1 1 x
0.102015174540602 0 1 0 0 0 1 0 1 0 0 0 0 1 1 1 0 1 x
0.135175006878730 0 1 0 1 0 1 0 0 0 1 1 1 1 1 0 1 1 x
0.136452074453988 1 0 1 0 0 1 0 0 0 1 1 1 0 1 0 1 1 x
0.054213198133404 0 0 0 0 0 1 0 0 0 0 0 0 0 0 0 1 0 x
0.120460798926486 1 1 0 0 0 1 1 0 0 1 1 1 1 0 1 0 0 x
0.114850860927712 0 1 0 0 1 0 1 0 1 0 1 1 1 1 0 1 1 x
0.086297244144261 1 1 0 0 0 0 1 1 1 1 1 1 0 1 0 1 1 x
0.106946405946815 0 0 1 1 0 0 0 0 0 1 0 1 0 1 0 1 0 x
0.049764248508003 0 0 0 1 0 0 0 0 0 0 1 0 0 0 1 0 1 x
0.082322627828155 1 0 0 1 0 0 0 0 1 1 0 1 1 1 0 1 0 x
0.111147804153556 1 0 0 0 1 1 0 1 0 1 1 1 1 0 1 1 0 x
0.082802713196656 1 0 0 0 0 1 1 0 0 0 1 1 1 0 1 1 0 x
0.081817537045620 0 1 0 0 0 1 0 0 1 0 1 0 1 1 0 1 1 x
0.078292707757340 1 0 1 0 0 0 0 1 0 1 1 1 1 0 1 0 1 x
0.136694087758010 0 1 0 0 1 0 1 0 0 1 1 0 0 1 1 0 1 x
0.095329517693114 0 0 0 0 0 0 0 1 0 0 0 0 0 0 0 0 0 x
0.061871887663434 0 1 0 0 0 0 1 0 0 0 0 1 1 1 0 0 1 x
0.097912970108763 0 0 1 0 0 1 0 0 0 0 0 1 0 1 0 0 1 x
0.085785535849425 1 1 0 0 0 0 0 1 1 0 1 1 0 1 0 1 0 x
0.129126795589138 0 0 1 0 0 1 1 0 0 1 1 0 1 1 1 0 1 x
0.105617834510721 1 1 0 0 0 1 1 0 1 1 1 1 1 1 0 0 1 x
0.105097628092607 1 0 0 0 1 0 0 1 0 0 0 1 1 0 0 1 0 x
0.065875120797883 0 0 1 0 0 0 0 0 0 1 0 0 1 1 0 0 1 x
0.046866205866714 1 0 0 0 0 0 0 0 0 0 1 0 0 0 0 0 1 x
0.125855543372509 0 0 1 0 1 0 1 0 0 1 1 1 0 1 1 1 0 x
0.076401152241653 0 0 0 0 0 1 0 0 0 1 0 0 0 0 0 1 1 x
0.070114531623950 1 0 0 0 0 1 0 0 1 1 0 1 0 1 1 0 1 x
0.035278346719586 0 0 0 1 0 0 0 0 0 0 0 0 0 1 0 1 0 x
0.164236940175588 1 1 0 1 0 1 1 0 1 1 1 1 1 0 1 0 0 x
0.110645577320569 0 1 1 0 0 0 0 1 1 1 1 1 0 0 1 0 1 x
0.051417573930919 1 0 0 0 0 0 0 0 1 1 1 0 0 0 1 1 1 x
0.102150567303843 0 0 0 1 0 0 0 0 0 0 0 1 0 1 1 1 0 x
0.087875741043676 1 0 1 0 0 0 0 0 1 1 1 0 0 0 1 1 0 x
0.163891520607500 0 0 0 1 1 1 0 0 0 1 0 1 1 1 1 1 0 x
0.114013865645442 1 1 0 0 0 1 0 1 1 0 1 1 1 0 1 0 0 x
0.113920284681269 0 0 0 1 1 0 0 0 1 1 1 1 1 1 1 1 1 x
0.128481297147139 0 0 1 1 0 0 0 1 0 0 1 1 0 1 0 1 0 x
0.070243909399449 1 0 0 0 0 0 1 1 0 0 1 1 0 1 0 1 1 x
0.083675036234123 1 1 0 0 0 0 1 0 1 1 1 1 1 0 1 0 1 x
0.130238238566845 0 1 1 0 0 1 0 1 0 1 1 1 1 0 1 0 1 x
0.081209936458187 0 1 0 0 0 1 0 0 1 1 0 1 1 1 0 1 1 x
0.146393822440385 0 1 1 0 0 1 0 1 1 1 1 0 1 1 1 1 0 x
0.055615289697200 0 1 0 0 0 0 0 1 0 0 0 0 0 1 1 1 0 x
0.154853687432841 1 0 0 1 0 0 1 0 0 0 1 1 0 0 0 1 0 x
0.136708254577699 0 1 1 0 0 1 0 0 0 0 1 1 1 1 0 0 1 x
0.083980256840674 1 0 0 0 0 0 1 0 1 1 1 0 0 1 1 0 1 x
0.113806352991951 1 0 1 0 0 1 0 1 1 0 1 1 1 1 0 1 0 x
0.108961870738907 1 1 0 0 0 0 1 1 1 0 1 1 0 0 1 1 0 x
0.078168968988373 1 0 0 1 0 0 0 0 0 1 0 0 1 1 1 0 0 x
0.090325383886390 1 1 0 0 0 0 0 0 1 1 1 1 0 1 0 1 1 x
0.219706587712978 0 1 1 1 0 1 1 0 1 1 1 1 1 1 1 0 0 x
0.105767070244626 1 0 0 1 0 1 0 0 1 1 1 1 0 1 1 1 0 x
0.074105620108534 1 0 0 1 0 0 0 0 0 1 0 1 0 1 1 0 0 x
0.184637765143412 0 1 1 1 0 0 0 0 1 0 1 1 0 1 0 1 0 x
0.076057544953111 1 1 0 0 0 0 0 1 1 1 1 0 1 0 1 0 1 x
0.082607029455529 0 0 1 0 0 0 0 1 0 1 0 1 0 1 0 1 1 x
0.065586201647515 0 0 0 0 1 0 0 0 0 1 0 0 0 0 1 1 1 x
0.138269128334528 0 1 1 0 0 0 0 0 0 1 0 0 1 0 0 1 0 x
0.081013682996587 1 0 0 0 1 0 0 0 0 0 1 0 0 1 0 1 0 x
0.076189568826747 0 1 0 0 0 0 1 0 1 0 0 1 0 1 1 0 1 x
0.113366382117977 1 0 1 0 1 0 0 0 1 1 1 1 0 1 0 1 0 x
0.039507926064088 1 0 0 0 0 0 0 0 1 0 0 0 0 0 1 1 0 x
0.111152434846580 0 0 0 0 1 1 0 0 0 1 0 0 1 1 0 1 1 x
0.097286313034675 0 0 1 0 1 0 0 0 0 0 1 1 0 1 1 0 0 x
0.039277107694448 0 1 0 0 0 0 0 0 0 0 0 1 0 0 1 0 0 x
0.052265187466068 0 1 0 0 0 0 0 1 0 0 0 0 1 0 1 1 0 x
0.132322622979367 0 1 1 0 0 0 0 1 0 0 1 0 0 1 1 0 0 x
0.133550986077954 1 1 1 0 0 0 1 1 1 1 1 1 1 0 0 0 1 x
0.202353224304198 0 1 1 1 1 0 0 1 1 1 1 1 1 1 0 0 0 x
0.094871300974876 0 0 0 1 0 0 0 0 0 1 1 0 1 0 1 1 1 x
0.081762625176734 1 0 0 0 1 0 0 1 0 1 1 1 0 1 1 1 0 x
0.073685709671833 1 0 1 0 0 0 0 0 1 1 1 0 1 0 1 0 1 x
0.098286272873258 0 1 0 0 0 1 0 1 0 0 0 1 1 1 1 1 0 x
0.094572594020719 0 1 1 0 0 0 0 0 1 0 1 1 1 0 0 1 1 x
0.076802530767386 1 0 0 1 0 0 0 0 1 1 1 0 0 1 1 0 1 x
0.135768879564134 0 1 0 1 0 0 0 1 0 0 1 0 0 1 1 0 0 x
0.140559242078000 1 1 0 0 1 0 1 1 0 1 1 1 0 1 0 1 0 x
0.126076845571561 1 0 1 0 1 0 0 1 0 1 1 1 0 1 1 0 0 x
0.083014531009977 1 0 0 0 0 1 0 0 1 0 0 0 1 0 1 0 1 x
0.131052993241332 1 0 1 0 0 1 1 0 0 1 1 1 1 0 1 0 1 x
0.086899156566582 0 0 1 0 1 0 0 0 0 0 0 1 1 0 1 0 1 x
0.184055771786076 1 1 1 0 1 0 1 1 1 1 1 1 0 1 0 0 0 x
0.073741531510905 0 0 1 0 0 0 1 0 0 0 0 0 1 1 0 0 1 x
0.142421547574823 1 1 0 1 0 0 0 0 1 1 1 1 1 0 1 0 0 x
0.133514767694117 1 0 1 1 0 0 0 0 1 1 1 1 1 0 1 0 0 x
0.163338835037996 0 0 0 0 1 1 0 1 1 0 1 1 1 1 1 1 1 x
0.090149714735363 1 0 0 0 1 0 1 0 0 1 0 1 1 1 0 1 0 x
0.100172748554361 0 0 0 1 0 0 0 1 0 1 0 0 1 1 1 0 1 x
0.113340500289559 1 0 0 1 0 1 0 0 0 1 1 1 0 1 1 0 1 x
0.099510543693812 0 0 0 0 1 0 0 1 0 0 0 0 1 0 1 1 0 x
0.072704423093466 0 0 1 0 0 0 0 0 0 0 0 1 0 1 0 0 0 x
0.098288281360643 0 1 0 0 1 0 0 0 0 0 1 0 0 1 0 1 0 x
0.096336756247859 0 0 1 0 0 0 1 0 0 0 1 0 0 0 1 1 0 x
0.083648517366088 0 1 0 0 0 0 1 1 0 0 0 1 1 1 0 1 1 x
0.157888497337235 1 0 1 0 0 1 1 0 0 1 1 0 1 1 0 0 0 x
0.099038384249826 0 0 0 1 1 0 0 0 0 0 1 0 0 1 1 1 0 x
0.076455697584263 1 0 0 0 1 0 0 0 0 1 1 1 0 1 0 1 0 x
0.082305411073892 1 0 0 1 0 0 0 0 1 0 1 1 0 1 1 0 0 x
0.087826755284656 0 0 1 0 0 1 0 0 0 1 1 0 1 1 1 0 1 x
0.088919327781332 0 1 1 0 0 0 0 0 0 1 1 1 1 0 1 0 1 x
0.104323146390538 1 1 0 0 0 1 0 1 1 1 1 1 0 0 1 0 1 x
0.094590360758071 1 0 1 0 0 0 1 0 1 1 1 1 0 1 1 1 0 x
0.138178757279790 1 1 0 0 1 0 1 0 1 1 1 1 1 1 0 0 0 x
0.073754072434936 0 1 0 0 0 1 0 0 0 0 0 1 0 1 0 1 0 x
0.127772499250215 1 0 1 0 0 1 0 0 0 0 1 1 1 0 0 0 1 x
0.109812995859564 1 0 1 0 0 0 0 0 0 1 0 1 1 0 0 1 1 x
0.079891319459945 1 0 0 1 0 0 0 0 0 1 0 0 1 1 0 1 0 x
0.038878481075905 1 0 0 0 0 0 0 0 0 1 1 0 0 0 1 0 1 x
0.087036682319934 0 1 0 0 0 0 1 1 0 0 0 0 1 1 1 1 0 x
0.119465133535685 0 1 0 0 1 0 0 1 1 0 1 0 1 1 0 1 1 x
0.143150251977061 1 0 0 1 1 0 0 1 0 1 1 1 0 1 1 1 0 x
0.089301012806682 0 0 1 0 0 1 0 0 0 1 0 0 1 1 0 1 1 x
0.116136355862981 0 1 0 0 0 1 1 0 1 1 0 1 1 1 1 0 1 x
0.075322212957161 1 0 0 0 0 1 0 1 0 0 0 1 1 0 1 1 0 x
0.062472782624642 0 0 0 1 0 0 0 0 0 0 0 0 0 0 0 0 1 x
0.062906369259650 0 0 0 0 0 1 0 0 0 0 0 0 1 0 0 0 1 x
0.073385600379289 0 0 0 0 1 0 0 0 0 0 1 0 0 1 0 1 1 x
0.093478118871499 0 0 0 0 1 0 1 0 0 0 0 1 0 1 1 0 1 x
0.114722366823736 0 0 1 1 0 0 0 0 0 1 0 0 1 1 1 1 0 x
0.035941458110666 0 1 0 0 0 0 0 0 0 0 0 1 0 0 0 1 0 x
0.074224789413321 0 1 0 0 0 0 1 0 1 0 0 1 1 1 0 1 1 x
0.098645791400101 0 0 0 1 1 0 0 0 0 1 0 1 1 1 1 0 1 x
0.085408784369454 1 1 0 0 0 0 0 1 1 1 1 0 1 1 0 1 0 x
0.144774405952194 0 1 0 1 1 0 0 0 0 1 1 1 1 1 1 0 0 x
0.081025342722850 0 0 0 1 0 0 0 1 0 0 1 0 0 0 1 1 1 x
0.091146275450378 1 1 0 0 0 0 0 1 1 1 0 1 0 1 1 0 0 x
0.034819599524762 0 1 0 0 0 0 0 0 0 0 0 1 0 1 0 0 1 x
0.068794379326979 1 0 0 0 0 1 0 0 0 1 1 1 0 0 1 0 1 x
0.040120355688968 0 0 1 0 0 0 0 0 0 0 1 0 0 0 1 0 1 x
0.093853421030187 0 0 1 0 0 0 1 0 0 0 1 1 0 0 1 0 1 x
0.073450404666012 1 0 0 0 1 0 0 0 0 0 1 0 0 1 1 0 0 x
0.074879680523457 1 0 0 0 1 0 0 0 0 1 0 1 0 1 1 0 1 x
0.078423705372149 0 0 1 0 0 0 1 0 0 0 0 0 1 1 1 0 0 x
0.113752617499228 0 1 0 1 0 0 0 1 1 0 1 1 1 0 1 1 1 x
0.106084296381570 1 0 1 0 0 0 1 0 1 1 0 0 1 1 1 0 0 x
0.107727303302855 0 0 1 1 0 0 0 1 0 1 1 1 1 0 1 0 1 x
0.128315109460268 1 0 1 1 0 0 0 1 1 1 1 1 1 0 1 0 1 x
0.097244215080710 0 1 1 0 0 0 0 0 0 0 1 1 0 1 0 0 1 x
0.036569501621112 1 0 0 0 0 0 0 0 0 0 1 0 0 0 1 1 0 x
0.067719734770647 0 0 1 0 0 0 0 0 0 0 1 0 0 1 1 0 0 x
0.058000915554942 1 0 0 0 0 0 1 0 0 1 0 1 0 1 1 0 1 x
0.069078822697256 0 1 0 0 0 0 1 0 0 0 0 1 0 1 1 1 0 x
0.080998051878861 1 0 0 0 0 1 0 0 1 1 0 1 0 0 1 1 1 x
0.056466017303403 0 1 0 0 0 0 0 1 0 0 0 1 0 0 1 1 0 x
0.050708763661482 1 0 0 0 0 0 1 0 0 0 1 0 1 0 1 0 1 x
0.138367064808212 1 1 1 0 0 0 1 1 1 1 1 1 0 1 0 0 1 x
0.140745490624774 1 1 0 1 0 0 1 0 1 1 1 1 0 1 0 0 1 x
0.050600282913254 1 0 0 0 0 0 0 0 0 1 0 1 0 0 1 1 0 x
0.095969372252901 0 0 0 0 1 0 0 0 0 0 0 1 0 1 1 0 1 x
0.071948145855335 1 0 0 0 0 1 0 1 0 0 1 1 1 0 1 0 1 x
0.107941455508673 0 0 0 1 0 0 0 1 0 0 0 1 1 1 0 0 1 x
0.092963234857518 0 0 1 0 1 0 0 0 0 1 0 1 1 1 0 1 1 x
0.096657584001877 0 0 0 0 0 1 0 1 0 0 0 0 1 1 0 1 1 x
0.072145097403535 0 1 0 0 0 0 1 0 0 1 1 0 1 0 1 1 1 x
0.070839174070986 1 0 1 0 0 0 0 0 0 1 1 1 0 1 0 0 1 x
0.115091262497288 1 0 0 0 1 0 1 1 0 1 0 1 1 1 1 1 0 x
0.154548096081578 1 0 1 1 0 1 0 1 1 1 1 1 1 0 0 1 0 x
0.059044636300238 0 0 0 1 0 0 0 0 0 1 0 0 0 0 1 0 1 x
0.108054922246515 1 0 0 1 0 0 0 0 1 1 0 0 1 0 0 1 1 x
0.084875596408498 0 1 0 1 0 0 0 0 0 0 1 1 1 0 1 0 1 x
0.139836405277430 1 0 1 0 1 0 0 1 1 0 1 1 1 0 1 0 1 x
0.082222110040068 0 1 0 0 1 0 0 0 0 1 1 0 1 1 1 0 1 x
0.146739873448444 0 1 0 0 1 1 0 0 1 0 1 0 1 1 1 1 0 x
0.088276978804851 1 0 0 1 0 0 0 1 0 0 1 1 1 1 0 1 0 x
0.120615697976378 0 1 0 0 1 0 1 0 0 1 0 1 0 1 1 1 0 x
0.080700474594082 0 1 0 0 0 1 0 0 1 0 1 1 0 1 1 0 1 x
0.107697556787603 0 0 0 0 0 1 1 0 0 0 0 0 1 0 0 1 1 x
0.046676975873416 1 0 0 0 0 0 0 0 1 1 0 0 0 1 0 1 1 x
0.087769033673794 1 1 0 0 0 0 0 0 1 1 1 0 0 0 1 1 0 x
0.123872154020966 0 1 1 0 0 1 0 0 1 1 1 1 0 1 1 0 0 x
0.083190287552851 1 0 0 0 1 0 1 0 1 1 1 1 1 1 0 1 1 x
0.041503782861817 1 0 0 0 0 0 0 0 0 0 1 0 0 1 1 0 0 x
0.097949450616367 1 0 0 0 0 1 1 0 0 0 1 1 1 1 1 0 0 x
0.154789505005355 1 1 1 0 0 0 1 0 1 1 1 1 0 0 1 0 0 x
0.094980153239312 0 0 0 1 0 1 0 0 0 1 0 0 1 1 1 0 1 x
0.100955708358302 1 0 0 1 0 0 1 1 0 1 1 1 1 1 0 1 1 x
0.066623687436712 1 0 0 0 0 0 1 0 1 1 0 0 1 1 0 1 1 x
0.078054628720442 0 1 0 0 1 0 0 0 0 0 1 1 0 1 0 0 1 x
0.094999643778808 0 0 1 1 0 0 0 0 0 0 1 1 1 0 0 1 0 x
0.108711771113397 1 1 0 0 0 0 1 0 1 1 1 0 1 1 0 1 1 x
0.177342971109683 1 1 1 0 0 1 1 1 1 1 1 1 1 0 1 0 1 x
0.084994866895409 1 0 0 1 0 0 0 0 0 0 1 0 0 1 1 0 0 x
0.135960268506501 1 0 1 1 0 0 0 1 0 1 1 1 1 0 0 1 0 x
0.106684691154010 0 1 0 0 1 0 0 1 0 1 0 1 0 1 1 0 1 x
0.060651466770606 1 0 0 0 0 0 0 1 0 1 0 1 0 0 1 0 1 x
0.087707949906465 0 0 0 1 0 0 1 0 0 0 0 0 1 0 1 1 1 x
0.088807215468964 0 0 1 0 0 1 0 0 0 0 0 1 0 0 1 1 0 x
0.094740231990270 0 0 0 1 1 0 0 0 0 0 1 1 1 0 0 1 1 x
0.111085216224745 0 0 0 0 1 0 1 0 0 1 0 1 1 0 1 1 1 x
0.029576219904272 1 0 0 0 0 0 0 0 0 0 0 1 0 0 0 1 0 x
0.038555512073216 1 0 0 0 0 0 0 0 0 1 0 1 0 0 0 1 1 x
0.058142737779571 1 0 0 0 0 0 1 0 0 0 1 1 0 0 1 1 0 x
0.144280694101592 1 1 0 0 0 1 1 1 0 0 1 1 1 1 0 0 1 x
0.114741997658423 0 1 1 0 0 0 0 1 0 1 1 0 1 1 0 1 1 x
0.123943486595482 1 0 0 0 1 1 0 1 1 0 1 1 1 1 0 0 1 x
0.142736655312253 1 0 1 1 0 0 0 1 1 0 1 1 1 1 0 0 0 x
0.082258066560843 1 1 0 0 0 0 0 0 0 1 1 1 0 0 0 1 0 x
0.146543122395942 0 0 0 0 1 1 0 0 1 1 0 1 1 0 1 1 1 x
0.079811730041403 1 0 0 0 0 0 0 1 0 0 1 1 0 1 0 1 0 x
0.051698033409777 0 0 0 0 0 0 1 0 0 0 0 0 0 0 1 0 1 x
0.068348019535941 1 0 0 1 0 0 0 0 0 0 1 1 1 0 0 1 0 x
0.091421185316050 0 0 0 1 0 1 0 0 0 0 1 1 1 1 0 1 1 x
0.066340379279471 1 0 0 0 1 0 0 0 1 1 1 1 0 1 0 1 1 x
0.079546149792447 1 0 0 1 0 0 0 0 1 1 0 1 0 1 1 0 1 x
0.095722289994285 0 0 1 0 0 0 1 0 0 1 0 0 1 0 1 0 1 x
0.098087528908977 1 0 1 0 0 0 0 1 1 1 0 1 0 1 0 1 0 x
0.080237845902254 0 0 1 0 0 0 0 1 0 0 1 0 1 0 1 0 1 x
0.114155790649105 1 1 0 0 0 1 0 0 1 1 0 1 0 1 1 0 0 x
