0.391296118497849 0 0 1 0 1 1 1 1 1 0 1 0 1 1 0 0 0 1 1
0.324655473232269 0 1 1 0 1 0 1 0 0 0 0 1 0 1 0 0 0 1 0
0.276983946561813 0 0 1 0 1 0 1 0 1 0 0 0 1 1 1 0 1 1 1
0.323128968477249 1 1 0 1 0 0 1 0 0 1 1 0 1 0 1 1 0 1 1
0.151943415403366 1 1 0 0 0 1 1 0 1 1 1 1 1 1 1 0 0 0 0
0.377660989761353 0 0 0 1 1 1 1 1 0 0 1 0 1 1 1 0 0 1 1
0.120271101593971 1 0 0 1 0 0 1 0 0 1 0 1 0 1 1 0 0 0 0
0.246429532766342 0 0 1 0 1 0 1 0 1 1 0 0 1 1 0 1 0 1 1
0.323480755090714 0 1 1 1 1 1 0 0 0 1 1 1 0 1 0 0 0 1 0
0.327897608280182 0 0 0 0 1 1 1 1 1 1 1 1 0 1 1 1 1 0 1
0.489662319421768 0 0 1 1 1 1 1 0 1 0 1 1 1 1 1 1 1 1 1
0.599437236785889 0 0 1 0 1 0 1 1 0 1 0 0 0 0 0 0 0 0 0
0.261596143245697 1 0 1 1 0 1 0 0 0 1 1 0 0 1 1 0 0 1 0
0.187861531972885 0 0 0 1 1 0 1 1 1 0 1 1 1 1 1 1 0 0 0
0.203011661767960 0 1 0 0 0 0 1 0 1 1 1 0 0 0 0 1 0 1 0
0.515178918838501 1 1 1 1 0 0 0 1 1 0 0 0 0 1 0 0 0 1 1
0.501706540584564 0 1 0 1 1 1 0 1 0 0 0 1 0 0 0 0 0 1 0
0.099459923803806 0 0 0 0 1 0 0 0 0 0 1 1 1 0 0 1 1 1 0
0.115637034177780 1 0 0 1 0 0 1 1 1 1 1 1 0 1 1 0 0 1 0
0.221616312861443 1 1 0 0 1 0 1 1 1 0 0 0 1 1 1 0 1 0 0
0.331815361976624 1 0 1 1 1 1 0 1 1 1 0 0 0 1 1 1 0 0 0
0.294719666242599 1 0 0 1 0 1 0 0 1 0 0 0 1 0 0 0 0 1 0
0.340039014816284 1 1 0 1 1 0 1 0 1 0 0 1 0 1 0 0 0 1 0
0.132674515247345 0 1 0 0 1 1 0 0 0 0 0 1 1 1 0 1 0 0 0
0.189426630735397 0 0 0 0 0 0 0 1 1 1 0 0 0 1 1 1 0 0 1
0.280975949894820 1 1 0 0 0 1 1 0 1 0 1 0 0 1 0 1 1 0 1
0.165145064136892 1 1 0 0 0 0 1 1 0 1 1 1 0 0 1 1 1 1 0
0.148061152115981 0 0 1 0 1 0 0 1 0 0 0 1 1 0 0 1 0 1 0
0.180527943899787 0 1 0 0 0 0 1 0 0 1 1 1 1 1 0 1 0 0 0
0.266938610412420 0 1 0 0 0 0 0 1 1 1 0 1 1 0 1 0 0 0 0
0.232480997957430 0 1 1 0 0 1 1 0 1 0 0 1 1 0 0 1 0 0 0
0.232858481782918 1 0 1 1 0 0 0 0 0 1 0 1 1 1 0 1 1 0 0
0.132738904700541 1 0 0 0 1 1 0 1 1 1 1 1 1 0 0 1 1 0 0
0.131768185886980 0 0 1 1 0 0 0 1 0 1 0 1 1 1 1 0 1 1 0
0.191840022345852 0 1 0 0 1 0 1 0 1 0 1 0 1 0 0 1 0 1 0
0.150996953379200 0 0 0 0 1 0 1 0 1 0 1 1 0 1 0 1 1 1 0
0.105542055639347 1 0 0 0 1 0 0 1 0 1 0 1 1 1 0 1 1 1 0
0.318733533736505 0 0 0 0 0 0 0 0 1 1 1 1 1 1 1 0 1 1 0
0.122324848284264 1 0 0 0 1 1 0 0 1 0 0 1 1 1 0 0 1 0 0
0.313314395146796 1 1 0 1 0 0 1 1 0 0 0 1 1 0 1 0 1 0 1
0.220703429318374 1 1 1 0 0 1 1 0 1 1 0 1 1 1 1 0 0 0 0
0.211543433058996 1 0 0 0 1 1 0 0 1 0 0 1 1 1 0 0 1 1 1
0.037991432126041 0 0 0 0 0 1 0 0 0 0 0 0 0 0 0 1 1 0 0
0.070994428756992 1 0 0 0 0 0 1 0 1 0 0 1 1 0 0 1 1 1 0
0.119712994979274 0 0 0 0 1 0 1 0 0 0 0 0 0 0 1 1 1 1 0
0.262865344979594 0 0 0 0 0 0 0 0 1 0 1 1 1 1 1 0 0 1 1
0.100642747881418 0 0 0 0 0 0 1 1 0 0 0 0 1 1 0 1 1 1 0
0.051742743524971 1 0 0 0 0 0 0 1 0 0 1 1 0 0 1 1 0 1 0
0.196591296665456 0 0 0 0 0 0 0 1 0 0 0 1 0 1 1 1 1 1 0
0.494801260210024 1 0 0 1 1 1 1 1 0 0 0 0 1 0 1 1 1 1 0
0.063477624491366 1 0 0 0 0 1 0 0 0 0 1 0 1 1 0 1 0 1 0
0.319380969819232 1 1 1 1 1 0 1 0 1 1 1 1 1 1 0 0 1 0 0
0.204522932339948 0 0 1 0 0 0 1 1 1 0 0 0 1 0 1 1 0 0 0
0.140376837663657 1 0 0 0 0 0 0 1 0 0 0 0 0 0 1 1 0 1 1
0.202320658033048 1 1 0 0 0 1 1 0 0 0 0 1 1 0 1 0 0 1 0
0.182075526019798 1 0 0 0 1 1 0 0 0 0 0 1 1 1 1 1 0 1 0
0.169540809351350 1 1 0 0 0 1 1 0 0 0 1 0 1 1 0 0 1 0 0
0.227560690534358 1 0 0 0 1 1 1 0 0 0 0 1 1 0 0 1 0 0 0
0.172550551295966 1 1 0 0 0 0 0 0 1 0 0 0 1 0 0 1 0 1 0
0.214794069466761 1 0 1 0 0 1 0 1 0 0 0 0 1 1 0 1 1 0 0
0.117235811467467 1 0 0 0 0 1 0 0 1 1 1 0 1 0 1 1 0 0 0
0.097869046284619 1 0 1 0 0 0 0 0 1 1 0 1 1 0 1 1 0 1 0
0.117749951493152 1 0 1 0 0 1 0 0 1 0 1 1 1 0 0 1 1 0 0
0.122278861162504 0 1 0 0 0 1 0 0 1 0 1 0 1 1 0 0 0 1 0
0.046678060044283 1 0 0 0 0 0 0 1 0 0 0 0 1 0 0 1 1 0 0
0.094311675842777 1 0 0 1 0 0 0 1 1 1 0 1 1 0 1 1 1 0 0
0.090114995318431 0 1 0 0 0 1 0 0 1 0 1 1 0 0 1 1 0 1 0
0.085940986358949 1 0 0 1 0 0 0 1 1 0 1 1 1 1 1 0 0 1 0
0.245376651090991 1 0 0 0 0 1 0 0 1 1 1 0 0 0 0 1 0 0 0
0.122500723001173 1 0 0 0 0 0 0 0 0 0 0 0 1 0 1 1 1 0 0
0.173743280863446 0 0 1 1 0 0 0 0 1 0 0 0 0 0 1 1 1 0 0
0.219795281849376 0 1 0 0 1 1 0 0 1 0 0 1 1 0 0 1 1 1 0
0.233629740955739 1 1 0 0 0 0 0 0 0 0 1 0 1 1 1 1 0 1 0
0.160822445039504 0 0 0 1 0 1 0 1 1 1 1 1 1 1 1 0 1 1 0
0.150187842963773 0 1 0 0 1 1 0 1 1 1 1 1 1 1 1 1 0 1 0
0.396332910534792 0 0 0 0 0 0 0 1 1 1 1 1 1 0 0 1 1 0 0
0.124964815145266 0 1 0 1 0 0 0 0 0 1 1 1 1 1 1 1 0 1 0
0.099426809972240 1 0 0 0 1 0 0 0 1 1 1 1 1 0 1 1 1 1 1
0.200460710657818 1 0 0 0 0 0 0 1 1 0 1 1 0 0 0 0 0 1 0
0.116977929133523 1 0 0 1 1 0 0 1 1 1 1 1 1 1 1 0 0 1 0
0.274516654317893 0 0 0 0 0 0 0 0 1 0 1 0 0 1 0 1 0 0 0
0.134880766029408 0 0 0 0 0 1 0 0 0 0 1 1 0 1 1 0 1 1 0
0.067165972209424 1 0 0 0 0 0 1 0 1 0 1 0 0 1 1 1 0 1 0
0.127970933576927 0 0 0 1 0 0 1 0 0 1 0 0 0 0 1 1 1 1 0
0.195263263023156 1 0 0 0 1 0 1 1 0 0 0 0 1 0 1 1 0 1 0
0.120231243351431 0 1 0 0 1 1 0 0 0 1 1 1 1 0 1 0 0 1 0
0.160388653380788 1 0 0 0 1 0 1 0 0 0 1 1 0 0 0 1 1 1 0
0.389411503052367 1 1 1 0 1 0 0 0 1 1 0 1 1 0 1 1 0 1 1
0.144875664863569 1 0 0 1 0 0 0 0 1 1 0 1 0 0 1 1 0 1 1
0.338921651760839 0 0 0 0 0 1 0 0 1 0 1 1 1 1 0 1 0 0 0
0.095158466952465 0 1 0 0 0 1 0 0 0 0 1 0 1 0 0 1 0 0 1
0.210821775842133 0 1 0 1 0 1 0 0 0 0 1 0 1 1 1 0 1 1 0
0.107699305404578 1 0 0 0 1 0 0 1 1 0 0 1 1 1 1 1 0 1 0
0.153131623591502 0 1 0 0 0 1 0 0 0 1 0 0 0 1 1 1 1 1 0
0.113584064661982 0 1 0 0 1 0 1 0 0 1 1 1 1 1 1 1 0 1 0
0.114706516332588 1 0 0 0 0 1 1 0 0 0 0 1 1 0 0 1 0 1 0
0.070414038607230 1 0 0 0 0 0 1 0 1 0 1 1 1 0 1 1 1 1 0
0.105335401957757 0 0 0 0 0 1 0 1 0 0 1 0 1 0 1 1 1 1 0
0.147966293639754 0 1 0 0 0 1 0 1 1 0 1 0 1 0 1 0 1 1 0
0.116947679525639 1 0 0 0 1 1 0 1 1 0 1 1 1 1 1 0 0 1 0
0.233129063929787 0 0 0 1 0 0 1 1 0 1 1 0 0 1 1 1 1 1 1
0.125494147796231 1 1 0 0 0 1 0 0 0 0 1 1 1 1 0 0 0 1 0
0.088830158390449 1 0 0 0 0 0 0 1 1 1 1 0 1 1 1 1 1 0 0
0.068245262867054 0 0 0 0 0 1 0 0 0 0 0 1 0 0 0 1 0 1 0
0.186901617731056 0 1 1 0 0 1 0 0 0 0 1 0 1 1 0 1 0 1 0
0.105212829534817 1 0 0 0 1 0 0 0 1 1 1 0 1 1 1 1 0 0 0
0.149872298868165 0 0 0 0 0 0 0 1 0 0 0 0 1 0 1 1 1 1 1
0.136550390377233 1 0 1 0 0 1 0 1 1 0 1 1 1 0 1 1 0 1 0
0.102448286447543 0 1 0 1 0 0 0 0 1 1 1 0 0 1 1 1 0 1 0
0.122539095631442 0 1 0 0 0 1 1 0 0 1 0 0 1 1 1 0 0 1 0
0.190318198573444 1 0 1 0 1 0 0 0 1 0 0 1 1 1 0 1 0 1 0
0.100376848131880 1 0 0 0 0 1 0 1 0 1 1 1 0 0 1 1 1 1 0
0.089969550989954 0 0 0 0 1 0 0 1 0 0 0 0 0 1 0 1 0 1 0
0.108832534890212 0 1 0 0 0 1 0 1 0 1 1 0 1 0 1 1 0 1 0
0.131374953856440 1 0 0 1 0 0 0 0 1 1 0 0 0 1 1 0 1 1 0
0.131218220272463 0 1 0 1 0 0 1 0 0 1 1 0 0 1 1 0 1 0 0
0.117607764058541 1 0 0 0 0 1 0 0 1 0 1 0 0 0 1 0 1 0 0
0.217579177456754 1 0 0 0 0 1 0 1 1 0 0 0 0 0 0 1 1 1 0
0.104574295315568 0 1 0 0 1 0 0 0 1 0 1 0 0 1 1 0 0 1 0
0.175201368418536 0 1 1 1 0 0 0 0 1 1 1 1 1 1 1 0 0 1 0
0.249792340513768 0 1 1 0 1 0 0 0 0 0 0 1 1 1 0 0 1 1 0
0.262281545816301 0 1 1 1 0 0 1 0 0 1 1 1 0 1 1 1 0 1 0
0.166126312314069 0 1 0 1 0 0 1 0 1 0 1 0 1 1 1 0 0 1 1
0.102710875894876 0 0 0 1 0 0 0 0 0 0 1 0 1 1 0 0 0 1 0
0.161897756085924 1 0 1 1 0 0 0 0 1 1 1 1 1 0 1 0 1 1 0
0.144346918908638 0 0 1 0 0 1 0 0 0 1 1 1 1 0 1 1 0 0 0
0.045314162979005 0 0 1 0 0 0 0 0 0 0 0 1 1 1 0 0 0 1 1
0.201440373746426 0 0 0 1 0 0 0 0 0 1 1 1 0 0 1 1 0 0 0
0.058916563332050 0 0 1 0 0 0 0 0 1 0 1 0 1 1 1 0 0 1 1
0.248963738793624 0 0 0 0 0 0 0 0 0 0 1 0 1 1 0 0 0 1 0
0.123944111098442 0 0 0 1 0 0 1 0 0 0 1 0 1 0 1 0 1 0 0
0.116149657492334 0 0 0 0 1 0 1 0 0 0 0 0 1 1 0 0 1 1 1
0.145964223363782 0 0 0 0 0 1 1 0 0 0 0 0 0 0 0 1 1 0 0
0.243244469198182 1 0 1 0 0 0 0 0 0 0 1 1 1 0 1 1 1 1 1
0.156067101758736 0 0 1 1 0 0 0 0 1 1 1 0 1 0 0 1 0 0 1
0.083788410064158 1 0 0 0 1 0 0 0 1 1 1 0 0 1 1 0 1 1 0
0.078139952933590 0 0 1 0 0 0 0 0 1 1 0 0 1 0 0 1 1 0 1
0.259103729684025 0 0 0 0 1 1 0 0 0 0 1 1 0 0 0 0 1 0 0
0.231155872450312 0 0 0 1 1 0 0 1 0 1 0 0 1 0 0 1 0 1 0
0.156748861294459 0 0 0 1 0 0 0 1 1 1 0 0 1 1 1 1 1 1 1
0.143291656972111 0 1 1 0 0 1 0 0 1 1 1 1 0 1 1 1 0 1 0
0.125339269505809 0 0 0 1 0 0 1 1 0 0 0 1 1 1 0 1 1 1 0
0.124715758728013 0 0 1 0 0 1 0 0 1 1 0 0 1 0 1 1 0 1 0
0.185799234355713 0 1 0 0 0 1 0 1 1 0 1 0 0 1 0 1 1 0 1
0.076671059707222 0 0 0 0 0 1 0 0 0 1 0 0 1 0 0 1 0 1 1
0.084579264341540 0 0 1 0 0 0 0 0 1 0 0 1 1 1 0 1 1 1 0
0.112358106050875 0 0 1 0 0 0 0 1 1 0 0 1 1 1 1 1 1 1 1
0.081304450903924 1 0 0 0 0 1 0 1 0 1 0 1 1 1 0 1 1 0 0
0.083649795102768 1 0 0 0 1 0 0 0 1 0 0 1 0 1 1 1 0 0 0
0.126855860671659 0 1 0 0 0 1 0 0 0 0 0 1 1 1 0 0 0 0 0
0.105406806979095 1 0 1 0 0 0 0 0 1 0 1 0 1 1 0 0 1 1 0
0.102886948694444 0 0 0 0 1 0 0 0 0 1 0 0 1 0 1 1 1 1 1
0.088166012917293 1 0 0 0 0 0 1 1 0 1 1 0 1 1 0 0 1 1 0
0.179841131950040 1 1 0 0 1 1 0 0 1 0 1 1 1 1 0 1 0 0 0
0.060513048358473 0 0 1 0 0 0 0 0 0 1 0 0 1 0 0 1 0 1 1
0.213400908123160 0 0 0 0 1 1 0 1 0 0 0 0 1 0 0 1 1 0 0
0.042670233054790 0 0 0 0 0 1 0 0 0 0 0 0 0 0 1 0 0 1 0
0.106785596406499 1 0 0 0 0 0 1 1 1 0 0 1 0 0 1 1 1 0 0
0.073110030169527 0 0 0 0 1 0 0 0 0 1 0 1 0 1 0 1 0 1 1
0.194047445277260 1 0 0 1 1 0 0 0 1 0 1 1 0 1 1 1 1 0 0
0.126520119195771 1 0 1 0 0 0 0 0 1 0 1 1 0 1 1 1 0 1 0
0.101493421639868 0 0 0 0 1 0 0 0 1 0 0 1 0 1 1 1 0 1 0
0.271266381063362 0 1 0 0 1 0 0 0 0 0 1 1 0 0 0 0 0 0 0
0.186776099786626 0 0 0 0 0 1 0 1 0 1 1 0 0 1 0 1 0 1 1
0.208857803636772 0 0 1 0 0 1 0 0 1 0 1 0 0 0 1 0 1 1 1
0.129985949571791 0 1 0 0 1 0 1 0 1 0 1 1 0 1 1 1 0 0 1
0.117310868527098 0 0 0 1 0 1 0 0 0 0 0 0 0 1 0 1 0 1 0
0.174007069272129 0 0 0 0 0 1 1 0 0 1 0 0 1 1 1 1 0 0 0
0.135984736882027 0 0 0 1 0 1 0 0 1 0 0 0 0 1 1 1 0 0 0
0.214545907229715 0 1 0 0 0 1 1 1 0 0 1 1 1 0 0 1 0 1 1
0.065233334036227 1 0 0 0 0 0 1 0 0 0 0 1 1 1 0 1 0 1 0
0.126226236651810 0 0 0 0 1 0 0 0 0 0 1 0 0 1 1 1 1 1 1
0.077779878545654 0 0 1 0 1 0 0 0 0 0 1 1 1 1 0 0 0 1 1
0.122678042200901 1 0 0 0 1 0 1 0 1 0 1 1 0 0 1 1 0 1 0
0.161331396830927 1 0 0 0 0 0 0 0 0 0 0 0 0 1 0 1 1 1 0
0.144288842343981 1 0 1 0 0 0 1 0 1 0 1 1 1 1 0 0 0 0 0
0.089816477486495 0 1 0 0 0 0 1 0 1 0 0 0 0 1 1 1 0 1 0
0.208784578979375 0 1 0 1 0 0 1 0 1 1 0 1 0 1 1 1 1 1 0
0.117263237201707 0 0 1 1 0 0 0 0 1 0 0 0 1 1 1 1 0 0 0
0.050365965225030 0 1 0 0 0 0 0 0 1 0 1 0 0 1 1 0 0 1 1
0.103943627846972 0 1 0 0 0 0 1 0 1 0 1 0 0 1 1 1 0 0 0
0.100461014820979 0 1 0 0 1 0 0 0 0 0 1 0 1 1 1 0 0 1 1
0.123706976280632 0 1 0 0 0 1 0 0 1 1 1 0 0 1 1 1 0 1 1
0.076792065650003 0 0 1 0 0 0 0 0 0 0 1 0 1 1 0 1 1 0 1
0.207110333071682 0 1 1 0 0 0 0 0 1 0 1 0 0 1 1 1 0 1 1
0.124110963551579 0 1 0 0 0 0 1 0 0 0 0 0 1 1 0 0 1 1 1
0.101033510977019 1 1 0 0 0 0 0 0 1 0 1 1 0 1 1 0 0 1 0
0.060191538584850 0 0 0 0 0 1 0 0 0 0 0 0 0 0 0 0 0 1 1
0.128668994964354 0 0 1 0 0 1 0 0 0 0 0 0 1 1 0 1 0 1 1
0.112719331763956 0 0 1 0 1 0 0 0 1 1 1 1 1 1 1 0 0 1 0
0.085520355340705 1 0 0 0 0 0 0 0 0 0 1 1 1 0 0 1 1 1 0
0.151006832298208 0 1 0 1 0 0 0 0 0 0 1 0 1 1 0 1 0 1 1
0.090544205492478 0 0 0 0 1 0 0 1 0 0 1 1 1 1 1 1 0 1 1
0.159715397747092 0 1 0 1 1 0 0 0 1 1 1 1 1 1 1 0 0 0 0
0.056818067593373 1 0 0 0 0 0 0 1 1 0 0 1 1 0 0 1 1 0 1
0.090736478737952 1 0 0 0 0 1 0 1 0 1 1 1 1 1 1 0 0 1 0
0.136155434899147 1 0 0 1 0 0 0 1 0 0 1 1 1 1 0 0 0 0 0
0.344490767686270 1 1 1 0 0 1 0 0 1 0 1 1 0 1 1 1 1 0 0
0.082605880041865 1 0 0 0 1 0 0 1 0 0 1 1 0 1 1 0 1 0 0
0.066504959616294 1 0 0 0 0 0 1 0 0 0 1 1 0 0 1 0 0 1 0
0.062084867298996 0 0 1 0 0 0 0 0 1 0 1 1 1 1 0 0 1 1 1
0.180684913842454 1 0 0 0 0 0 1 1 1 0 0 0 1 1 0 0 0 0 1
0.071411221291708 1 0 0 0 0 0 0 1 1 0 0 1 1 0 0 1 0 1 0
0.203430699912161 1 1 0 0 1 0 0 0 1 0 0 1 0 1 1 0 0 0 1
0.138292430836089 1 0 0 0 0 0 0 0 1 0 1 1 0 1 1 1 0 0 0
0.106866229069028 0 0 0 1 0 0 1 0 0 0 1 1 1 1 1 1 0 1 0
0.112904562920167 1 0 1 0 0 0 0 1 1 0 0 1 1 1 1 0 0 0 0
0.120430096714451 0 0 1 1 0 0 0 0 0 0 1 0 1 0 1 1 0 1 0
0.129022898417965 1 0 0 0 0 0 1 1 0 0 1 0 0 0 1 1 1 1 0
0.088096214763319 1 0 0 0 1 0 0 1 1 0 1 1 1 0 1 1 1 0 0
0.113523212399108 1 0 0 0 0 0 1 0 1 0 0 1 0 1 1 1 1 1 0
0.068392581645579 0 1 0 0 0 0 0 0 0 0 0 0 0 0 1 0 0 0 1
0.080224859063211 1 0 0 0 1 0 0 0 0 0 1 1 0 0 1 1 0 1 0
0.086545729950530 0 0 0 0 0 1 0 0 0 1 0 0 0 0 0 0 1 1 0
0.049276484553439 0 0 1 0 0 0 0 0 0 0 1 1 1 0 0 1 0 1 1
0.082393402748462 1 0 0 0 0 0 1 1 1 1 1 1 1 1 1 1 0 1 0
0.144510261541779 0 1 0 0 0 1 0 0 0 0 1 0 0 0 1 0 0 0 1
0.056451810800326 0 0 0 0 0 1 0 0 0 0 0 1 0 0 0 0 1 0 1
0.112336588454581 1 0 0 0 1 0 1 0 0 0 0 1 0 1 1 0 1 0 0
0.170079408799560 0 1 0 0 1 0 1 0 0 1 0 0 1 0 1 1 0 0 1
0.130648347905433 1 0 0 0 0 1 0 1 1 0 1 0 1 0 1 1 1 1 0
0.072462448709231 1 0 0 0 1 0 0 0 1 0 1 1 1 1 0 1 0 1 0
0.104838206087330 1 0 0 1 0 0 0 1 0 0 1 1 0 0 1 1 0 1 0
0.111697876492518 0 1 0 0 0 0 0 0 1 0 0 0 0 1 1 1 1 0 1
0.140297808579954 1 0 0 0 0 0 0 0 1 1 0 1 1 0 0 0 1 0 0
0.054331843024593 0 0 0 0 0 1 0 0 0 0 0 1 0 0 1 0 0 1 1
0.138617949094011 1 0 0 1 0 0 1 0 1 0 1 0 1 1 1 1 0 1 0
0.126191271254966 0 0 1 1 0 0 0 0 1 0 1 0 1 1 0 0 0 1 0
0.071381049922210 0 0 0 0 0 1 0 0 0 0 0 0 0 1 0 1 1 0 1
0.131327130306476 1 0 0 0 0 1 0 0 0 0 0 1 0 0 1 0 0 0 0
0.055209977037324 0 1 0 0 0 0 0 0 0 0 0 0 0 1 0 1 0 0 1
0.055765811313097 0 0 1 0 0 0 0 0 1 0 0 1 1 0 1 0 0 1 1
0.114050813234478 0 1 0 0 0 0 0 0 0 0 0 1 0 0 1 1 0 1 1
0.186227159070513 0 0 0 0 0 0 0 0 0 0 0 0 0 0 0 1 1 0 1
0.159284645109760 0 1 0 1 0 0 0 0 1 0 0 0 0 1 1 0 0 0 1
0.079740218861165 0 1 0 0 0 0 1 0 0 0 0 0 0 1 1 0 0 0 1
0.132126980860493 1 0 0 0 0 1 0 1 0 0 1 1 1 0 0 1 1 1 1
0.044565551355760 0 1 0 0 0 0 0 0 1 0 0 0 0 1 1 0 0 1 0
0.223943291599768 0 1 0 0 0 1 0 0 1 0 0 1 0 0 1 0 0 0 0
0.086404516941893 1 0 0 0 1 0 0 1 0 0 1 1 1 1 0 1 1 0 1
0.088639076695021 0 0 0 0 0 1 0 1 0 0 0 0 0 0 1 1 1 0 0
0.135760345485929 0 0 0 1 0 1 0 0 0 0 0 0 1 0 0 1 1 0 1
0.124550191185243 1 0 1 0 0 0 1 0 1 0 1 0 1 0 1 0 0 1 0
0.129517886387715 0 1 1 0 0 0 0 0 1 0 1 0 1 1 1 1 0 0 1
0.046772584431055 0 1 0 0 0 0 0 0 0 0 1 0 0 1 1 0 0 1 0
0.095761297475389 1 0 0 0 1 0 0 1 0 0 1 1 0 1 1 1 0 1 0
0.040053002352796 0 0 0 1 0 0 0 0 0 0 0 0 0 1 1 0 0 1 0
0.079871328664985 0 1 0 0 0 1 0 0 0 0 0 0 1 1 0 1 0 0 1
0.168799348779802 0 0 0 1 0 0 1 1 0 1 0 0 1 1 1 0 0 1 0
0.164649865160127 1 0 0 1 1 0 0 1 1 0 1 1 1 1 1 1 0 0 1
0.086612695360031 1 0 0 0 0 0 1 1 0 0 1 1 1 0 0 1 1 0 0
0.078778384496558 0 0 1 0 0 0 1 0 0 0 1 1 1 1 0 0 1 1 0
0.111831393173746 0 0 1 1 0 0 0 0 1 0 1 1 0 1 1 1 0 1 0
0.055605044607835 0 1 0 0 0 0 0 1 0 0 1 0 0 1 1 1 0 0 1
0.103305372222240 0 0 0 0 0 1 1 0 0 0 0 1 1 0 1 1 1 1 0
0.132245862391792 0 0 1 1 0 0 0 0 1 0 1 1 1 1 1 1 1 0 1
0.106491220717922 1 0 1 0 0 0 0 1 1 0 1 0 1 0 0 1 1 0 0
0.084220251571300 0 0 0 1 0 0 0 0 1 0 1 0 0 1 1 1 0 1 0
0.099918851477307 1 0 0 0 0 1 0 0 0 0 1 0 0 0 1 0 0 1 0
0.160268319378510 0 0 0 1 1 0 0 0 0 0 1 0 1 1 1 1 1 1 0
0.064197560261858 1 0 0 0 0 0 0 1 0 0 0 0 0 0 1 0 1 0 0
0.187316489459416 0 0 0 0 1 0 1 0 0 1 1 0 0 1 1 0 0 1 0
0.160947019953177 1 0 0 0 1 0 0 1 1 0 0 0 0 0 1 1 1 0 0
0.087720187271656 0 0 0 0 1 0 1 0 0 0 0 1 1 1 0 1 0 1 1
0.066663544332841 0 0 1 0 0 0 0 0 0 1 0 0 1 1 1 0 0 0 1
0.129293353717393 1 0 1 0 0 0 0 1 1 1 1 1 1 0 0 0 0 1 0
0.125437843648225 0 0 1 0 0 1 0 0 0 1 0 1 1 0 0 0 1 0 1
0.093322357896263 1 0 0 0 0 1 1 0 0 1 1 1 0 1 1 0 0 1 0
0.153667574252688 0 0 0 1 0 1 0 0 0 0 0 0 0 0 1 0 1 0 0
0.136750725580095 0 0 0 0 1 0 0 1 0 0 0 1 1 0 0 0 0 1 1
0.100340556126012 0 0 0 0 0 1 0 0 0 0 0 0 1 0 1 1 1 0 1
0.095623858329536 1 0 1 0 0 0 1 0 1 1 1 1 1 1 1 0 0 1 0
0.126140041188630 0 0 0 0 0 1 0 0 0 0 0 0 0 0 0 1 1 1 1
0.144824366280732 0 1 0 0 1 0 0 0 0 0 0 0 0 1 1 1 0 1 0
0.053711737787463 0 0 1 0 0 0 0 0 0 0 1 1 1 0 1 0 0 1 1
0.072517968062805 1 0 0 0 1 0 0 1 1 0 1 1 1 1 1 0 1 0 1
0.094683099602951 1 0 0 0 1 0 0 0 0 0 1 1 1 1 1 0 0 1 0
0.117226186150202 1 1 0 0 0 0 1 1 0 0 1 1 0 1 1 0 0 0 0
0.102509406185588 1 0 0 0 1 1 0 0 0 1 1 1 0 1 1 0 1 0 0
0.142524059240382 0 0 0 1 0 0 1 0 1 0 0 1 0 1 1 0 0 1 0
0.180251171438228 0 1 0 1 0 0 1 0 0 0 1 0 1 1 1 1 1 0 0
0.104231904321308 1 0 0 0 1 0 1 0 1 0 1 1 1 1 1 0 1 1 0
0.064109924173395 0 1 0 0 0 1 0 0 0 0 1 1 1 0 1 0 0 1 1
0.115694969853985 0 0 0 0 1 0 1 0 0 0 1 1 1 0 1 1 1 1 1
0.124831844182122 0 0 0 1 0 1 0 0 0 1 1 1 1 0 1 0 0 1 1
0.088698728448416 1 0 0 0 0 1 0 1 0 0 1 0 0 1 1 0 1 0 0
0.134200854673829 0 0 0 0 0 1 0 0 0 0 0 0 0 1 0 0 0 0 0
0.104695328843510 1 0 0 1 0 0 0 1 1 0 1 0 1 1 1 0 1 0 1
0.085436567528574 1 0 0 0 0 0 1 1 0 0 1 1 0 1 1 0 1 0 0
0.088145679833952 1 0 0 0 0 1 0 1 0 0 1 1 1 0 1 0 1 0 0
0.090851906997004 0 0 1 0 0 0 0 0 1 0 0 1 1 1 1 1 0 0 1
0.095548538082235 0 0 0 0 1 0 1 0 0 0 0 0 1 1 0 1 1 1 0
0.116789174044211 0 0 1 0 0 0 1 0 0 0 0 1 1 1 0 1 1 1 1
0.097663676667962 0 0 1 1 0 0 0 0 0 0 1 0 1 1 0 0 1 0 0
0.215121727944677 1 0 1 0 1 1 0 0 1 0 1 1 1 1 1 0 1 0 0
0.137662942645709 0 1 0 0 0 1 0 0 0 1 0 0 1 0 0 0 1 0 1
0.088832602577042 0 0 1 0 0 0 0 0 0 1 0 0 1 1 1 0 1 1 0
0.077795959180362 0 1 1 0 0 0 0 0 0 0 1 1 1 1 0 0 0 0 1
0.109313859224204 1 0 0 1 0 0 1 0 0 1 1 1 0 1 1 1 0 1 0
0.099968411670279 0 0 0 0 0 1 0 0 0 0 0 0 0 1 1 1 0 1 0
0.203268450012626 0 0 0 1 0 1 0 0 1 0 0 1 0 0 1 0 0 1 0
0.059807997549097 0 0 1 0 0 0 0 0 0 0 0 1 0 1 1 0 0 1 0
0.040900079081515 0 1 0 0 0 0 0 0 0 0 0 1 0 1 1 0 0 0 1
0.240642279263336 0 0 1 1 0 1 0 0 0 1 0 0 0 1 0 1 1 0 0
0.112192663992390 0 1 1 0 0 0 0 0 0 0 1 0 0 1 1 0 0 0 0
0.091317252552505 0 0 1 0 0 0 0 1 0 0 1 0 1 0 0 0 1 1 0
0.103975668274890 0 0 1 0 0 0 0 1 0 0 1 1 1 1 0 1 0 1 0
0.085266876327801 1 1 0 0 0 0 1 0 1 1 1 1 0 1 1 0 0 1 0
0.192293227548008 0 0 1 0 0 1 0 0 0 1 1 1 1 0 0 0 0 1 0
0.085355011191499 0 1 0 0 0 0 0 1 0 0 0 0 0 1 0 0 1 0 1
0.081710347979913 1 0 0 0 1 0 0 1 1 1 1 1 1 0 1 0 1 1 0
0.052674187346332 0 0 1 0 0 0 0 0 1 0 0 0 1 1 0 0 1 0 1
0.083544765499829 0 1 0 0 1 0 0 0 0 1 1 1 1 1 1 1 0 0 1
0.050335186460149 0 0 0 1 0 0 0 0 0 0 0 0 0 1 1 0 1 0 0
0.081787896528999 0 0 0 0 1 0 0 0 0 0 0 1 1 0 1 1 0 1 1
0.081017056336344 0 0 1 0 0 0 0 0 1 0 1 0 1 0 1 1 1 1 0
0.035015864701610 0 0 1 0 0 0 0 0 0 0 0 0 0 1 1 0 0 0 1
0.061257681380930 0 0 1 0 0 0 0 0 0 0 0 0 1 0 1 0 1 0 1
0.088257305228686 0 0 1 1 0 0 0 0 0 0 1 1 0 1 1 0 0 0 1
0.034814199349261 0 0 0 1 0 0 0 0 0 0 0 0 0 1 1 0 0 0 1
0.073765722040207 0 0 1 0 0 0 0 0 1 1 0 1 0 1 1 0 1 0 1
0.035619310320543 0 1 0 0 0 0 0 0 0 0 1 0 0 1 1 0 0 0 1
0.041054979744653 0 0 1 0 0 0 0 0 0 0 0 1 0 1 0 0 1 0 1
0.046187212679893 0 0 0 1 0 0 0 0 0 0 0 0 1 1 0 0 1 0 1
0.056014270536672 0 0 0 1 0 0 0 0 0 0 0 0 1 0 1 0 0 1 1
0.063347041534370 0 1 0 0 0 0 1 0 0 0 1 1 1 0 1 0 1 1 0
0.090422446920704 1 0 0 0 0 1 0 0 0 0 0 0 1 1 0 0 1 0 1
0.067409578172148 0 0 1 0 0 0 0 1 0 0 0 1 1 1 1 0 1 0 1
0.038547164617843 0 0 1 0 0 0 0 0 0 0 0 0 1 0 0 1 0 0 1
0.061652892254739 1 0 1 0 0 0 0 1 1 1 1 1 1 0 1 0 1 0 1
0.080858220475798 0 0 1 0 0 0 0 0 0 0 0 1 1 0 0 1 1 1 0
0.076674332619691 1 0 1 0 0 0 0 1 1 1 0 1 1 1 0 0 1 0 1
0.084303205568409 1 0 0 0 0 0 0 1 0 1 1 1 1 0 1 1 0 1 0
0.079062638015441 1 0 0 0 1 0 0 0 1 1 0 1 0 1 1 0 1 0 1
0.122489221101503 0 0 1 0 1 0 0 0 1 1 1 1 1 1 0 1 1 1 1
0.124819937354810 1 0 0 1 0 1 0 0 1 1 1 1 1 1 1 1 0 1 0
0.072725269278428 1 0 0 0 0 1 0 0 0 1 0 0 1 0 0 1 1 0 0
0.087144811905002 0 1 0 0 0 0 1 0 0 0 1 0 0 0 1 0 1 1 0
0.095534730015710 1 0 0 0 0 0 1 1 1 0 0 0 1 1 0 1 1 0 0
0.092652172005891 1 1 0 0 0 0 0 1 1 1 1 1 0 1 1 0 1 0 0
0.107425057590855 0 0 0 1 1 0 0 0 0 0 0 1 0 1 1 0 0 0 1
0.116937709993859 0 1 1 0 0 0 1 0 0 1 1 1 1 1 1 0 1 0 1
0.075214831395742 0 0 1 0 0 0 0 0 1 0 0 0 1 0 0 1 0 1 1
0.104959739563871 1 0 0 0 0 1 1 0 1 1 1 0 1 1 1 0 1 1 0
0.040798042762174 0 0 1 0 0 0 0 0 0 0 0 1 0 1 0 1 0 0 1
0.075391324405990 1 0 1 0 0 0 0 0 1 0 1 1 1 0 0 0 1 0 1
0.095886594730992 1 0 1 0 0 0 0 1 1 1 0 1 1 0 0 1 0 0 1
0.058507675904550 0 0 0 1 0 0 0 0 0 0 0 1 0 1 1 0 0 1 1
0.050483602473359 0 0 0 1 0 0 0 0 0 0 0 0 1 1 0 1 0 0 1
0.099653570875735 0 0 1 0 0 0 0 1 1 0 1 0 0 1 1 0 1 1 0
0.069149456755091 0 1 0 0 0 0 0 0 0 1 0 0 0 1 1 1 0 0 0
0.145963281948675 0 1 1 0 0 0 1 0 1 0 1 1 1 1 1 0 1 1 0
0.100001943484551 0 0 1 1 0 0 0 0 0 0 0 1 1 1 0 1 0 0 1
0.081406110467821 1 0 0 0 1 0 0 0 1 1 1 1 0 1 1 0 0 1 0
0.073835921877457 0 0 0 0 1 0 0 0 0 0 0 0 1 1 0 1 0 1 1
0.087851297919012 0 1 0 0 0 1 0 0 0 1 1 1 0 1 1 0 0 1 0
0.147946798055040 0 0 1 0 0 1 0 0 0 0 0 1 0 0 0 1 0 0 1
0.112593643253868 0 1 1 0 0 0 0 0 0 1 0 1 1 0 1 1 0 0 1
0.045414349008513 1 0 0 0 0 0 0 1 0 1 0 1 1 0 1 0 1 0 1
0.104083499195752 0 0 1 0 1 0 0 0 0 1 1 1 0 1 1 1 0 1 1
0.071650357471181 0 0 0 1 0 0 0 0 0 1 0 0 1 1 1 0 1 0 1
0.094684923242925 1 0 0 0 0 0 1 1 0 0 0 1 1 0 0 0 1 1 0
0.059346988045808 1 0 0 0 1 0 0 0 0 1 0 1 1 1 0 0 1 0 1
0.076933762583781 0 0 1 0 0 0 0 0 0 0 0 0 0 1 0 0 0 1 1
0.080172293993074 1 0 0 0 0 0 0 1 1 1 0 0 1 0 1 0 1 0 1
0.046033570185893 1 0 0 0 0 0 0 1 0 1 0 1 0 1 1 0 1 0 1
0.041484245117606 1 0 0 0 0 0 0 1 0 0 0 1 1 1 0 0 1 0 1
0.074416077005912 1 1 0 0 0 0 0 1 0 1 1 1 1 1 0 0 1 0 1
0.095837559645535 0 0 0 0 0 0 1 0 0 0 0 0 1 0 1 0 1 1 0
0.081687263115582 1 0 0 1 0 0 0 1 0 1 0 1 1 1 0 0 1 0 1
0.066366626992761 0 0 0 1 0 0 0 0 0 0 0 0 1 0 1 0 1 1 0
0.088720101942634 0 1 0 0 1 0 0 0 0 1 1 1 1 0 1 0 1 1 1
0.099127957424596 1 1 0 0 0 0 1 0 1 1 1 1 1 0 1 0 1 0 0
0.088322113413723 1 0 0 0 1 0 0 1 1 1 0 1 1 1 0 1 1 0 0
0.084398017275867 0 0 0 1 0 0 0 1 0 0 0 0 0 1 1 1 0 0 0
0.068374495046231 1 0 0 0 1 0 0 1 0 1 1 1 1 0 1 0 1 0 1
0.070023036783497 0 0 1 0 0 0 0 0 0 1 0 1 1 1 0 0 1 0 1
0.056160902517155 0 0 1 0 0 0 0 0 0 1 0 0 0 1 1 1 0 0 1
0.088754821832147 1 0 0 0 1 1 0 0 1 1 1 1 1 1 1 0 0 0 1
0.057720859110147 1 0 0 0 0 0 1 0 0 1 0 1 0 0 1 1 0 1 0
0.112497210194328 0 1 0 0 1 0 1 0 0 0 1 1 1 1 1 0 1 0 1
0.097053079010725 1 1 0 0 0 0 1 1 1 0 1 1 1 1 0 0 1 1 0
0.100341476042536 1 0 1 0 0 1 0 0 1 1 1 0 1 1 1 0 0 0 1
0.110240914382976 1 0 0 1 0 0 0 1 0 1 1 1 1 1 1 0 1 0 0
0.059660418780640 0 1 0 0 0 0 0 1 0 0 0 0 0 1 1 0 0 0 1
0.093574358790885 1 0 0 0 0 1 0 1 0 1 1 0 1 1 0 0 1 0 1
0.067437897836745 0 0 0 0 1 0 0 0 0 0 0 0 0 1 1 1 0 0 1
0.121497010094622 1 1 0 0 0 0 1 0 0 1 1 1 0 1 1 0 1 0 1
0.053951405801972 0 0 0 1 0 0 0 0 0 0 0 0 0 1 0 0 0 0 1
0.256876870870372 0 1 1 0 1 1 0 0 0 1 1 1 1 1 1 1 0 0 1
0.091894111104801 1 0 1 0 0 0 0 0 1 1 0 1 0 0 1 0 1 0 0
0.136294254990849 1 1 0 0 0 0 0 1 0 0 1 1 1 0 0 1 1 0 1
0.080851019197074 0 1 0 0 0 0 0 0 0 0 0 0 1 0 1 0 0 1 1
0.071558913437121 1 0 0 0 1 0 0 1 0 1 0 1 1 1 1 0 0 0 1
0.060189988553297 1 0 0 0 0 0 0 1 0 1 0 1 0 0 1 1 1 0 0
0.068258082808379 1 0 0 0 1 0 0 0 0 1 0 1 1 0 0 1 0 0 1
0.110127806491662 1 0 1 0 0 1 0 0 1 1 1 1 1 1 1 0 0 1 0
0.064130176474925 0 1 0 0 1 0 0 0 1 1 1 1 1 1 1 0 0 1 1
0.094698087462493 0 0 1 0 0 0 0 1 0 0 0 0 1 1 0 0 1 1 1
0.108846468479981 1 0 0 0 1 1 0 0 1 1 1 0 1 1 1 0 1 0 0
0.066690748924542 1 0 0 0 0 0 0 1 0 1 0 1 1 0 0 1 0 0 1
0.095781724642621 1 0 1 0 0 0 1 0 1 1 1 1 1 0 1 0 1 0 0
0.162125466187116 0 0 1 1 1 0 0 0 1 1 1 1 1 1 1 0 0 1 1
0.093861458825829 0 1 1 0 0 0 0 0 1 0 1 1 1 0 0 0 1 0 1
0.084521312137058 0 1 0 1 0 0 0 0 0 0 1 1 0 1 1 0 0 1 0
0.087494424027542 0 0 0 1 1 0 0 0 0 0 0 1 1 1 0 1 0 0 1
0.077782114245359 1 0 0 0 1 0 0 0 0 0 0 1 0 1 1 0 0 0 1
0.046387251163264 0 0 1 0 0 0 0 0 0 0 0 0 0 1 1 0 1 0 0
0.088890252897418 0 0 0 1 0 0 1 0 0 0 0 0 1 1 0 0 1 0 1
0.133671587381177 0 1 1 0 0 0 0 0 0 1 0 1 0 1 0 0 1 0 1
0.074907800060659 0 1 0 0 0 1 0 0 0 0 0 1 0 1 0 1 1 0 0
0.062331892077822 0 1 0 0 1 0 0 0 0 1 1 1 1 1 0 0 0 1 1
0.101680954303221 1 0 1 0 0 0 0 0 1 1 1 0 1 1 1 0 1 0 0
0.063392953029808 1 0 0 0 0 1 0 0 0 1 1 1 0 0 1 0 1 0 1
0.081505493014900 0 1 0 0 0 1 0 0 0 0 0 1 1 0 1 1 0 1 0
0.106612090880652 0 0 0 1 1 0 0 0 0 1 1 1 1 1 0 0 1 1 1
0.048937880864563 0 0 0 0 0 1 0 0 0 0 0 0 1 0 0 0 1 1 0
0.110995508850076 1 0 0 0 0 1 0 1 1 1 0 1 1 0 1 1 1 0 1
0.073871179269528 1 0 0 0 0 1 0 0 0 0 1 1 1 0 1 1 0 1 0
0.085660500618931 0 0 0 1 0 1 0 0 0 0 0 1 1 1 0 0 1 0 1
0.050234638203111 0 1 0 0 0 0 0 0 0 0 0 0 0 1 1 0 1 0 0
0.091111878254636 1 0 1 0 0 0 0 0 0 1 0 1 0 1 1 0 0 0 1
0.122168708660147 0 1 0 0 1 1 0 0 0 1 1 1 1 1 0 0 0 1 1
0.051417396946451 0 1 0 0 0 0 0 0 0 0 1 1 0 0 1 0 0 1 0
0.053100709325819 1 0 0 0 1 0 0 0 0 1 1 1 1 1 0 1 0 1 1
0.077984280988921 0 0 1 0 0 0 0 0 0 0 1 1 0 1 1 0 0 0 1
0.069037311282861 1 0 0 0 1 0 0 0 0 1 1 1 1 0 0 0 0 1 1
0.070674256392917 1 0 0 1 0 0 0 0 0 0 1 1 1 1 0 0 0 1 1
0.070519378535959 0 1 0 0 0 1 0 0 0 0 1 1 1 0 0 0 1 1 0
0.053175913523858 1 0 0 0 0 1 0 0 0 1 1 0 1 1 1 0 0 1 1
0.061386187871853 1 0 0 1 0 0 0 0 0 1 1 1 0 1 1 0 0 0 1
0.083673985256252 1 0 0 0 1 0 0 0 1 1 1 0 1 1 0 0 0 1 1
0.043618903245911 1 0 0 0 0 1 0 0 0 0 1 1 1 1 0 0 0 1 1
0.070301309701435 0 0 0 0 0 1 0 0 0 0 0 1 0 0 1 0 1 1 0
0.036258098443888 0 0 1 0 0 0 0 0 0 0 0 0 0 1 0 1 0 0 0
0.058601368608993 1 0 0 0 0 1 0 0 0 1 1 1 1 1 1 0 1 0 1
0.066505862172412 1 0 0 0 0 1 0 1 0 1 1 1 1 1 1 1 0 0 1
0.047882771846602 1 0 0 0 0 0 1 0 0 0 1 1 1 1 0 1 0 1 1
0.050532050768083 1 0 0 1 0 0 0 0 1 1 1 1 1 1 1 0 0 1 1
0.043114714052294 1 0 0 0 0 0 0 1 0 0 1 1 1 1 0 1 0 1 1
0.146203183542783 1 0 1 1 0 0 0 0 1 1 1 1 1 1 1 0 0 0 1
0.062759966388307 1 0 0 0 0 1 0 0 0 0 1 1 0 1 1 0 0 1 1
0.120128562998940 0 0 0 1 0 0 1 0 0 1 1 1 1 0 1 0 1 1 1
0.082029779105074 1 0 0 0 1 0 0 0 0 1 1 1 1 1 0 0 0 0 1
0.101423666027344 0 1 0 0 1 0 0 1 0 0 1 1 1 1 0 1 0 1 1
0.081482532092876 1 0 0 1 0 0 0 1 0 1 1 1 0 1 1 0 0 1 1
0.078070136865727 0 1 0 1 0 0 0 0 0 0 1 1 1 1 0 0 1 0 1
0.094599932144602 1 0 0 0 0 1 1 0 1 1 1 1 1 1 1 1 0 1 1
0.062976563726232 1 0 0 1 0 0 0 0 0 1 1 1 1 0 1 0 0 0 1
0.043924447351585 1 0 0 0 0 1 0 0 0 1 1 1 1 1 0 1 0 1 1
0.070072782212709 0 1 0 0 0 0 0 0 0 0 1 1 1 1 0 0 1 0 1
0.069082690458868 0 1 1 0 0 0 0 0 1 1 1 1 1 0 1 0 0 1 1
0.075033930902829 0 1 0 0 0 0 1 0 0 1 1 1 1 0 1 0 0 1 1
0.059050119808636 1 1 0 0 0 0 0 0 1 1 1 1 1 0 1 0 0 1 1
0.087075653803264 1 1 0 0 0 0 0 1 1 1 1 1 1 1 1 0 0 0 1
0.056180608659758 1 1 0 0 0 0 0 0 1 1 1 1 1 1 0 0 0 1 1
0.104354370170887 1 1 0 0 1 0 0 0 1 1 1 1 1 1 0 0 0 1 1
0.080155144484184 1 0 0 0 0 0 0 0 0 0 0 1 1 0 0 1 0 1 1
0.055656023724167 0 0 1 0 0 0 0 0 1 0 0 0 0 1 1 0 0 1 0
0.089813474130945 0 0 1 0 0 0 0 0 1 1 1 0 1 0 1 0 1 1 1
0.086639916859418 1 0 0 0 0 1 1 0 0 1 1 1 1 1 0 1 1 1 0
0.065280249422272 0 1 0 0 0 0 0 0 1 1 1 0 0 1 1 0 1 1 0
0.082220613963681 1 1 0 0 0 0 0 1 1 1 1 1 1 1 1 0 1 1 1
0.091799111664982 0 1 0 0 1 0 0 0 1 0 1 1 1 1 0 0 1 1 1
0.061216487263265 0 1 0 1 0 0 0 0 0 1 1 1 1 1 0 0 0 1 1
0.049226885810823 1 0 1 0 0 0 0 0 1 1 1 1 1 1 0 0 0 1 1
0.095928128445410 1 0 0 1 0 1 0 0 0 1 1 1 1 1 1 0 0 0 1
0.077946305895257 1 0 0 0 0 0 1 1 1 0 1 1 1 1 0 1 1 1 0
0.074182706193251 0 1 0 1 0 0 0 0 1 1 1 1 1 1 0 0 1 1 0
0.054567921639063 1 0 0 1 0 0 0 0 1 1 1 1 1 0 1 0 1 0 1
0.057539106821028 1 0 0 0 0 0 0 1 0 0 0 1 0 0 1 0 1 0 1
0.052332448553961 1 0 0 0 0 0 0 1 0 0 0 0 0 1 1 1 0 0 0
0.068207379360589 0 0 1 0 0 0 0 1 0 0 0 0 0 1 1 1 0 0 0
0.044060321938185 0 0 1 0 0 0 0 0 0 0 0 0 0 0 1 0 0 1 0
0.068129247266717 1 0 0 0 0 1 1 0 0 1 1 1 1 1 1 0 0 1 1
0.049982116953249 1 0 0 0 0 0 0 1 0 0 0 1 1 1 0 1 0 0 1
0.074628173539821 0 0 1 0 0 0 0 0 0 0 0 0 1 0 1 1 0 1 0
0.064649408074345 1 0 0 0 0 1 0 0 0 0 1 1 1 0 0 1 1 0 0
0.086911522515429 0 0 1 0 1 0 0 0 0 0 1 1 0 1 0 1 0 1 0
0.098706478198696 0 1 0 1 0 0 0 0 1 1 1 0 1 0 1 0 1 1 0
0.042346802516169 1 0 0 0 0 0 1 0 0 1 1 1 1 1 0 0 1 1 1
0.043740342489600 0 0 0 1 0 0 0 0 0 0 0 1 0 1 0 0 1 0 1
0.056048164602994 1 0 1 0 0 0 0 1 1 1 1 1 1 1 1 0 0 1 1
0.095207754407315 1 0 0 1 0 0 0 1 0 0 1 1 1 0 0 0 1 0 1
0.054941075459992 1 0 0 1 0 0 0 0 1 1 1 1 1 1 0 0 1 0 1
0.041905994712206 0 0 0 0 0 1 0 0 0 0 0 0 0 1 0 0 1 0 1
0.051083173551795 0 1 0 0 0 0 0 0 0 1 1 1 0 1 1 0 0 1 1
0.071776374057063 1 0 0 0 0 0 0 1 1 1 1 0 1 1 0 1 0 1 1
0.081474175814789 1 0 1 0 0 0 1 0 1 1 1 1 1 1 0 1 0 1 1
0.073691583894670 0 0 0 0 0 1 0 0 0 0 0 0 1 0 0 1 1 0 0
0.081837935549986 1 1 0 0 0 0 1 0 0 1 1 1 1 1 0 0 0 1 1
0.088629456157685 0 0 0 1 0 0 1 0 0 0 1 0 0 1 1 0 1 1 0
0.061255053078800 0 0 0 1 0 0 0 0 0 0 1 0 0 0 1 0 0 1 0
0.101257817564064 0 1 0 0 0 1 1 0 0 1 1 1 1 0 1 1 0 1 0
0.075386446926697 0 1 0 0 0 0 0 1 1 0 1 0 0 1 1 1 0 1 0
0.070064751141636 1 0 0 1 0 0 0 1 1 1 1 1 1 1 1 1 0 0 1
0.058127785309642 1 0 0 0 0 0 0 1 0 0 1 1 1 0 1 1 0 0 1
0.098426417098761 1 1 0 0 0 0 1 0 1 1 1 1 1 0 0 0 1 1 1
0.079531608212946 0 0 0 1 0 0 1 0 0 0 0 0 1 0 1 1 0 1 0
0.047153367779041 1 0 0 0 0 0 1 0 0 1 1 1 0 1 1 0 0 1 1
0.093908978879959 0 0 0 1 0 1 0 0 0 1 1 0 1 1 1 1 0 0 1
0.073513241574190 1 0 0 0 0 0 1 1 0 1 0 1 0 1 1 1 0 0 1
0.100010615802400 0 0 0 1 1 0 0 0 0 0 1 1 0 1 0 1 0 1 0
0.092905182700446 1 1 0 0 0 0 0 0 1 0 1 1 1 1 0 0 1 0 1
0.054117675085651 0 0 0 0 0 1 0 0 0 0 0 0 1 0 1 0 0 1 1
0.045327606820485 1 0 0 0 0 0 1 0 0 1 1 0 1 1 1 0 0 1 1
0.069412917869483 0 0 0 1 0 0 0 0 0 0 0 1 1 1 0 0 1 1 1
0.066954655083074 1 0 0 0 0 0 1 1 0 1 1 0 1 1 1 1 0 0 1
0.131448141169491 0 0 1 1 0 0 0 0 0 1 0 0 0 1 1 0 0 1 0
0.053114661026374 1 0 0 0 0 0 1 0 0 1 1 1 1 0 1 0 1 0 1
0.077834066034461 1 0 0 1 0 0 1 0 1 1 1 1 1 1 1 0 1 0 1
0.054769622103523 0 0 1 0 0 0 0 0 0 1 0 0 1 1 0 1 0 0 1
0.080930713443082 0 1 0 0 0 1 0 0 0 1 0 1 1 0 0 1 0 1 0
0.056367854464774 1 0 0 0 1 0 0 0 0 1 1 1 1 1 0 0 1 1 1
0.071497379979701 1 0 1 0 0 0 0 0 1 1 0 1 1 0 1 0 0 0 1
0.060444983288612 0 0 1 0 0 0 0 1 0 0 0 0 1 0 1 1 0 0 1
0.061527108087275 1 0 0 0 0 0 1 0 1 1 1 1 1 0 1 1 0 1 1
0.033775362308621 0 1 0 0 0 0 0 0 0 0 0 0 0 1 0 0 1 0 0
0.120971140680535 0 0 1 1 0 0 0 1 1 0 1 1 1 1 1 0 1 0 0
0.107836599570475 0 0 1 0 0 0 0 0 1 0 0 1 0 1 0 0 1 0 0
0.053283214978772 0 1 0 0 0 0 0 0 0 0 0 1 0 1 0 0 1 1 0
0.093536018286664 0 1 1 0 0 0 0 0 0 1 1 0 1 0 1 0 0 0 1
0.037624036410773 0 1 0 0 0 0 0 0 0 0 1 1 1 0 0 0 0 1 1
0.062506449998088 1 0 0 0 0 0 1 1 0 1 0 1 1 1 1 0 1 0 1
0.070258058481452 0 1 0 1 0 0 0 0 0 1 1 1 1 0 1 0 0 1 1
0.079718636058729 0 0 0 0 1 0 0 0 0 1 1 0 0 0 1 1 0 1 1
0.090242955057552 0 0 1 0 1 0 0 0 0 1 1 1 1 0 1 1 0 1 1
0.044192405464170 0 1 0 0 0 0 0 0 0 0 0 1 0 1 0 0 1 0 1
0.085213127939209 1 0 0 0 1 0 1 0 0 1 1 1 1 1 1 1 0 0 1
0.050382249309663 0 1 0 0 0 0 0 0 0 0 0 1 0 1 0 0 0 1 1
0.064891444911699 1 1 0 0 0 0 0 1 1 1 1 1 1 0 0 0 1 1 0
0.079422620883080 1 0 1 0 0 0 1 0 0 1 1 1 1 1 0 0 1 0 1
0.061981918887947 1 0 0 0 0 1 0 0 0 1 1 1 0 1 0 0 1 0 1
0.121038906676176 0 0 1 0 0 1 0 0 0 0 0 0 1 0 1 0 0 0 1
0.048188879465980 1 0 0 0 0 1 0 0 0 1 1 1 1 0 1 0 0 1 1
0.066985302746322 0 1 0 0 0 0 1 0 0 0 0 1 1 0 0 0 1 1 0
0.053490560812799 0 1 0 0 0 0 0 1 0 0 1 1 1 0 1 0 0 1 1
0.048804199130126 1 0 0 0 0 0 0 1 1 0 1 0 1 1 1 0 0 1 1
0.054170220706875 0 0 1 0 0 0 0 0 0 1 0 1 0 0 1 0 0 1 1
0.047223248625623 1 0 0 0 1 0 0 0 1 1 1 1 1 1 1 0 0 1 1
0.046862555394692 0 0 0 1 0 0 0 0 0 0 0 0 0 1 0 0 1 1 0
0.118237133173027 0 1 1 0 0 0 0 0 0 0 1 1 1 0 0 0 0 1 1
0.038416934016751 0 1 0 0 0 0 0 0 0 0 1 0 1 0 0 0 1 1 0
0.058788461382117 0 0 1 0 0 0 0 0 0 0 0 1 0 0 1 1 0 1 0
0.094614858073568 1 0 0 0 1 1 0 0 0 1 1 1 1 0 1 1 0 0 1
0.065778642555793 0 1 0 0 0 0 1 0 0 0 1 1 1 1 0 0 1 1 0
0.083452282976948 0 1 0 0 0 1 0 0 0 0 1 0 0 1 0 1 0 1 0
0.094122836058774 0 0 0 1 0 0 0 0 0 0 1 0 1 1 1 0 0 0 1
0.187465363406941 0 1 0 1 1 0 1 0 0 1 1 1 1 1 0 0 1 1 0
0.129912183187551 0 0 1 0 0 0 0 1 1 1 1 1 1 0 1 1 0 1 1
0.038332438946624 1 0 0 0 0 0 0 1 0 0 1 1 1 0 1 0 0 1 1
0.046655220110409 0 1 0 0 0 0 0 0 0 1 1 1 1 0 0 0 1 1 1
0.040436728763038 1 0 0 0 0 0 0 1 0 0 0 1 0 1 1 0 0 0 1
0.056199773511047 1 0 0 0 0 0 1 0 0 1 0 1 1 1 0 1 1 0 1
0.049606636202842 0 1 0 0 0 0 0 0 1 0 1 1 1 0 1 0 1 1 1
0.053162254491639 1 0 0 0 0 0 1 1 0 0 1 1 1 1 1 0 0 1 1
0.110114464703547 0 1 0 1 0 1 0 0 0 1 1 1 1 1 0 1 0 0 1
0.060367320762410 1 0 0 0 0 0 1 0 1 1 1 0 1 1 1 0 1 0 1
0.030701962991582 0 0 1 0 0 0 0 0 0 0 0 0 0 0 1 1 0 0 0
0.064554725589311 1 1 0 0 0 0 0 1 1 1 1 1 0 1 1 0 0 1 1
0.066704059557820 0 1 0 0 0 0 0 0 1 0 0 0 0 0 1 0 1 1 0
0.083156442991210 1 1 0 0 0 0 0 1 1 1 0 1 1 1 0 0 1 1 0
0.061027722083737 0 0 0 0 1 0 0 0 0 0 0 0 0 1 1 0 0 1 1
0.075353578263515 1 0 0 0 0 0 0 1 0 1 1 0 0 1 1 0 0 0 1
0.069095317116981 1 0 0 1 0 0 0 0 1 1 0 1 1 1 1 0 0 0 1
0.087949766442957 0 1 1 0 0 0 0 0 1 1 0 1 1 1 0 0 0 0 1
0.080799676943255 0 0 0 0 0 1 0 0 0 0 1 0 0 0 1 1 0 1 0
0.062714547329075 1 0 1 0 0 0 0 0 0 1 1 1 1 0 0 1 0 0 1
0.048017690263847 0 0 0 1 0 0 0 0 0 0 0 0 0 1 0 1 0 0 0
0.053754690910863 1 0 0 0 0 0 0 1 1 0 1 1 0 1 1 0 1 0 1
0.085300094164601 1 0 1 0 0 0 1 0 0 1 1 1 1 0 0 1 0 1 0
0.086614016274404 0 0 0 1 0 0 1 0 0 1 0 0 1 1 1 1 0 0 1
0.146271704174751 0 0 0 1 1 0 0 0 1 1 1 0 0 1 1 1 0 0 1
0.103306512380308 1 0 1 0 0 0 0 1 0 1 0 1 0 0 1 1 0 0 0
0.085202194773243 1 0 1 0 0 0 0 1 0 0 1 1 1 1 0 0 0 1 1
0.048486188778089 1 0 0 0 0 0 0 1 0 0 0 1 0 1 1 0 0 1 0
0.040011799647930 1 0 0 0 0 0 0 1 0 0 1 1 0 1 1 0 0 1 1
0.142748915832973 0 0 0 1 0 1 0 0 0 1 0 1 0 1 0 0 1 0 1
0.054893982864421 1 0 0 0 0 0 0 1 1 1 0 1 1 1 1 0 0 1 1
0.099353678219096 0 0 1 0 0 0 1 0 1 0 1 0 1 1 0 1 1 1 0
0.074222284776247 1 0 0 0 1 0 0 0 0 1 1 1 1 0 0 1 1 0 0
0.075108283384801 0 1 0 0 0 0 0 1 1 0 1 1 1 1 0 0 1 1 1
0.119008311604384 1 0 0 1 1 0 0 0 0 1 1 1 1 1 0 0 1 0 1
0.061302900963727 1 0 0 0 0 0 1 0 0 1 1 0 1 0 0 1 1 1 0
0.133586555004841 1 1 0 1 0 0 0 0 1 1 1 1 1 1 0 0 0 1 1
0.076024602191749 1 0 0 1 0 0 1 0 0 1 1 1 1 1 0 1 0 0 1
0.059275756305174 0 1 0 0 0 0 0 1 0 0 1 1 0 0 1 0 1 1 0
0.061400544752258 1 0 0 0 0 0 1 0 0 1 0 0 0 1 1 0 0 1 0
0.193395261564649 1 0 0 1 1 1 0 0 1 1 1 1 1 1 1 1 0 0 0
0.041173513133292 0 0 0 1 0 0 0 0 0 0 0 0 0 1 0 1 0 1 0
0.053486396130671 1 0 0 0 0 0 0 1 0 1 1 1 1 1 0 1 1 0 1
0.109562209782032 0 0 1 0 0 1 0 0 1 1 1 0 1 1 1 1 1 0 0
0.067308989103769 1 0 0 1 0 0 0 0 0 1 1 0 1 1 0 1 0 0 1
0.050118628436687 0 1 0 0 0 0 0 0 1 0 0 0 1 1 0 0 1 1 0
0.072032841795978 0 1 0 0 0 0 0 1 0 0 1 1 1 0 0 0 1 1 0
0.077075273280958 0 1 0 0 0 1 0 0 0 1 1 1 1 1 1 1 0 0 1
0.078333671575407 0 1 1 0 0 0 0 0 1 1 1 1 0 1 1 0 0 0 1
0.056340435241551 0 1 0 0 0 0 0 0 0 0 1 0 0 1 0 1 1 0 0
0.087556929468301 1 0 0 0 0 1 1 0 0 1 1 1 1 0 1 1 1 0 0
0.064924133184827 0 0 1 0 0 0 0 1 0 0 0 1 0 1 1 0 0 1 1
0.067544228345479 0 1 0 0 0 1 0 0 0 0 1 1 0 1 0 1 0 0 1
0.085558543538571 1 1 0 0 0 0 0 0 1 1 1 0 1 1 0 0 1 1 0
0.112275824395217 0 0 1 0 1 0 0 1 0 0 1 1 1 1 1 0 1 1 0
0.077430222497981 0 1 0 0 0 0 0 0 1 1 1 0 1 0 1 0 0 1 1
0.050938266411959 0 1 0 0 0 0 0 1 0 0 1 1 0 1 1 0 0 1 1
0.084291395119909 1 1 0 0 0 0 0 1 1 0 1 1 1 0 1 0 0 1 1
0.082344442843387 1 1 0 0 0 0 0 1 0 1 1 1 0 0 1 0 0 1 0
0.082060925435377 0 1 0 1 0 0 0 0 0 1 1 1 0 1 0 0 1 0 1
0.076042047178454 1 0 0 0 0 0 0 1 1 1 1 1 1 0 1 0 1 1 1
0.108096014210669 0 0 1 1 0 0 0 0 0 0 1 1 0 1 0 0 1 1 0
0.149765087140008 0 0 0 0 1 1 0 0 0 1 0 0 0 0 1 1 0 1 0
0.054951581737025 1 0 0 0 0 1 0 0 0 1 1 0 1 1 0 1 0 0 1
0.053560239856972 0 1 0 0 0 0 0 0 1 0 1 0 0 1 0 0 1 1 0
0.081977510354380 0 1 1 0 0 0 0 0 1 1 1 1 1 1 1 0 1 0 1
0.088388885439930 0 1 0 1 0 0 0 0 0 0 1 1 0 1 0 1 0 0 1
0.142832553151352 1 1 0 0 1 0 0 0 0 1 1 1 1 0 0 0 1 1 0
0.056736544273117 0 1 0 0 0 0 0 0 1 0 1 0 1 0 0 1 1 1 0
0.072766120127239 0 1 1 0 0 0 0 0 0 1 1 1 1 0 0 1 0 0 1
0.120994141447885 1 1 0 0 0 1 0 0 0 1 1 1 1 1 0 1 0 0 1
0.040064372797262 0 1 0 0 0 0 0 0 0 0 1 1 0 0 1 0 0 1 1
0.062148024162090 1 0 0 0 1 0 0 0 1 1 1 1 1 0 0 1 1 0 1
0.059010228666447 0 1 0 0 0 0 0 0 0 0 1 1 0 1 0 0 0 0 1
0.087550825261047 0 1 0 1 0 0 0 0 0 0 1 1 1 0 0 0 1 1 0
0.087822947663189 1 0 0 0 1 1 0 0 0 1 1 1 1 1 0 0 1 0 1
0.081960461322732 0 0 1 0 0 0 0 1 0 1 0 0 1 0 1 1 1 0 0
0.042139177843091 0 0 1 0 0 0 0 0 0 0 1 0 0 0 0 1 1 0 0
0.102989414356758 0 0 1 0 1 0 0 0 1 0 1 0 1 1 0 1 0 1 0
0.058001249105476 1 0 0 0 0 0 0 1 1 1 0 0 1 1 1 1 0 0 1
0.152825266289576 1 1 1 0 0 0 1 0 1 1 1 1 1 1 0 0 0 0 1
0.077291991708977 0 1 0 0 1 0 0 1 0 1 1 1 1 1 1 0 0 1 1
0.067628311130005 0 0 0 1 0 0 0 0 0 0 0 0 0 1 1 1 0 0 1
0.088993324144071 0 0 1 0 0 0 0 1 1 0 0 0 1 1 1 0 0 1 1
0.083997507747704 0 1 0 0 0 0 0 1 0 0 0 0 0 1 0 1 0 0 0
0.049446338284424 0 0 1 0 0 0 0 0 0 0 0 0 0 1 0 1 1 0 0
0.080989817124363 1 0 1 0 0 0 0 0 1 1 1 1 0 0 1 0 0 1 1
0.093645599829499 0 0 0 0 1 0 0 1 0 0 0 1 1 1 0 1 1 1 1
0.079678322932486 0 0 0 1 0 0 0 0 1 0 0 0 1 1 0 1 1 1 0
0.133761895844335 0 0 1 1 0 0 0 0 0 0 1 0 0 1 0 1 0 0 0
0.068095521689173 1 0 0 0 1 0 0 0 0 1 1 1 0 0 1 0 1 1 0
0.196923024271814 0 0 1 1 0 1 0 1 1 0 1 1 1 1 1 1 0 1 0
0.135119912688711 0 1 0 1 1 0 0 0 0 1 1 1 1 1 0 1 0 0 1
0.039005891129974 0 0 1 0 0 0 0 0 0 0 0 1 0 0 1 0 0 0 1
0.064874624577349 1 0 0 0 1 0 0 0 0 1 1 1 0 1 1 1 0 0 1
0.071611904323741 0 0 1 0 0 0 0 0 0 1 1 0 0 0 1 1 1 0 0
0.065141538705380 0 0 1 0 0 0 1 0 0 0 0 1 1 1 1 0 0 1 1
0.106940472979833 0 0 1 1 0 0 0 0 0 1 0 1 1 0 1 0 1 0 1
0.068554707727533 1 0 0 0 1 0 0 1 1 1 1 1 1 1 1 1 0 0 1
0.126571805496793 0 0 1 1 0 0 0 0 1 0 1 1 1 1 1 0 1 1 1
0.054662443895159 0 0 1 0 0 0 0 0 1 0 0 1 0 1 1 0 0 1 1
0.075981837675240 1 0 0 0 0 0 1 1 0 1 0 1 1 1 0 1 0 1 1
0.046474434010636 1 0 0 0 0 0 1 0 1 0 1 1 1 1 1 0 0 1 1
0.098436906572803 1 0 1 0 0 0 0 1 1 0 1 1 0 1 1 0 1 0 1
0.102083265461513 0 0 0 1 0 1 0 0 0 1 0 0 1 1 0 1 1 0 0
0.085047071470869 0 1 0 0 0 1 0 0 1 1 1 1 1 0 1 1 1 1 0
0.050447466514925 0 0 1 0 0 0 0 0 0 0 0 1 0 0 1 0 1 0 1
0.070867287589205 1 0 0 0 0 0 1 0 1 1 0 0 1 1 1 1 0 1 0
0.044680317712978 0 0 1 0 0 0 0 0 0 0 1 0 0 0 0 1 0 1 0
0.058031685390018 1 0 0 0 1 0 0 0 1 1 1 1 1 0 1 0 1 0 1
0.074769422374930 1 0 0 1 0 0 0 0 0 1 0 1 1 1 0 1 0 0 1
0.093127645957227 0 1 0 1 0 0 1 0 0 1 1 1 1 1 1 0 0 0 1
0.062531575086220 1 0 0 0 0 1 0 0 1 1 1 1 0 1 1 0 1 0 1
0.080228987648969 0 0 0 0 1 0 0 0 0 0 0 0 0 1 1 0 1 1 0
0.139250008048667 0 1 0 1 0 1 0 0 1 1 1 1 1 1 1 1 0 1 0
0.101428080710942 1 0 0 1 0 0 0 1 1 0 0 1 0 1 1 0 1 0 0
0.055413098166211 1 0 0 0 0 0 1 0 0 1 0 1 1 0 1 0 1 1 0
0.101812094568597 0 0 0 1 1 0 0 0 0 0 1 1 1 0 1 0 0 1 1
0.157353001106821 1 1 0 0 1 1 0 1 1 1 1 1 1 1 1 0 0 1 0
0.057536559160324 1 0 0 0 0 1 0 0 1 0 1 1 1 1 0 1 1 0 1
0.067110103180323 0 0 0 1 0 0 0 0 0 0 0 1 1 0 1 0 0 0 1
0.077080591109520 1 0 0 0 0 1 1 0 0 0 1 1 1 1 0 0 1 0 1
0.069666595252399 0 1 0 0 0 1 0 0 0 1 1 1 1 1 0 0 0 1 1
0.093172380940555 0 0 1 0 0 1 0 0 0 0 1 0 1 0 0 1 1 0 0
0.061145023707004 0 0 0 1 0 0 0 0 0 0 1 1 1 0 0 1 0 1 1
0.113723325305354 0 0 1 1 0 0 1 0 0 0 1 1 1 1 1 0 0 0 1
0.052321696529586 1 0 0 1 0 0 0 0 1 1 1 1 1 1 0 1 0 1 1
0.081068903927026 0 0 0 1 0 0 0 1 0 0 0 1 1 1 0 0 1 0 1
0.107404627054741 1 0 0 1 0 1 0 0 1 1 1 1 1 1 0 1 1 0 1
0.081147363472974 1 0 0 0 0 0 1 1 0 0 0 1 0 1 1 1 0 1 0
0.065047292552790 0 0 0 0 0 1 0 0 0 0 0 1 1 0 0 0 1 1 1
0.047145815206187 0 0 0 1 0 0 0 0 0 0 0 1 1 0 0 0 0 1 1
0.086144963243367 1 0 0 0 1 0 1 0 1 1 1 1 1 1 0 1 1 0 1
0.084568151641218 0 1 0 0 0 1 0 0 0 1 1 0 0 1 0 1 1 0 0
0.080290731630023 1 0 1 0 0 0 1 0 0 1 1 1 1 0 1 0 0 0 1
0.095292466259072 0 1 1 0 0 0 0 0 1 1 1 0 1 0 0 1 1 0 0
0.106204197526420 1 0 1 0 0 1 0 0 1 1 1 1 1 1 0 1 0 1 1
0.067004029986718 1 0 1 0 0 0 0 0 1 1 1 0 1 1 0 1 0 0 1
0.113644737776208 0 0 0 1 1 0 0 0 1 0 1 1 1 1 0 1 0 1 1
0.082355335501924 0 0 1 0 0 0 1 0 0 0 1 1 1 0 0 1 0 1 1
0.065680190955881 1 0 0 1 0 0 0 0 1 1 1 1 1 0 0 1 1 1 0
0.101352380809427 0 0 0 1 0 0 1 0 0 1 1 0 1 1 0 1 1 1 0
0.054142005202298 0 1 0 0 0 0 0 1 0 0 1 1 0 1 1 0 1 0 1
0.085764965122980 0 1 1 0 0 0 0 1 0 1 1 1 1 0 1 0 1 0 1
0.037097944582034 0 1 0 0 0 0 0 0 0 1 0 0 0 1 1 0 0 0 1
0.068436341459811 1 0 0 1 0 0 0 0 0 1 1 1 1 0 0 1 0 1 1
0.058272950053649 1 0 0 0 0 0 1 0 0 1 1 1 1 1 0 0 0 1 1
0.059210004349908 1 0 0 1 0 0 0 0 1 1 1 1 1 0 0 1 1 0 1
0.042207097673542 0 0 0 1 0 0 0 0 0 0 0 1 0 0 0 1 0 1 0
0.081142775985697 0 0 1 0 0 0 0 0 0 0 0 0 0 0 0 1 0 0 0
0.057200262716443 0 0 1 0 0 0 0 0 0 0 1 0 0 0 1 1 0 0 0
0.074478229456132 0 1 0 1 0 0 0 0 1 1 1 1 1 1 0 1 0 0 1
0.051114005774247 1 0 0 0 0 0 1 0 0 1 0 1 1 0 1 0 0 1 1
0.050384881789245 1 0 0 0 0 1 0 0 0 1 1 1 1 0 0 1 1 0 1
0.073466691756059 1 0 1 0 0 0 0 0 1 1 1 1 1 0 0 1 1 1 0
0.052048629928830 0 1 0 0 0 0 0 0 1 0 0 1 0 1 0 1 0 1 0
0.071620282117458 0 0 1 0 0 0 1 0 0 0 0 0 0 1 1 1 0 0 0
0.065337044773610 0 0 1 0 0 0 1 0 0 0 0 1 1 1 0 0 1 0 1
0.063723757689825 0 0 1 0 0 0 0 0 0 0 1 0 1 1 0 0 1 1 0
0.118460734772275 1 0 1 0 1 0 0 0 1 1 1 1 1 0 1 0 0 1 1
0.051644971447751 0 1 0 0 0 0 0 0 1 0 1 1 1 1 0 1 0 1 1
0.058674248659356 0 0 0 1 0 0 0 0 0 0 1 0 0 0 0 1 1 1 0
0.098070772697220 0 0 1 0 0 1 0 0 0 1 0 0 0 1 1 1 0 0 0
0.067312723127044 0 0 1 0 0 0 0 1 0 0 1 1 0 1 0 1 1 0 1
0.083251837131887 0 0 1 0 0 0 0 0 0 0 1 0 0 1 0 1 1 1 0
0.070542090106054 0 0 1 0 0 0 0 1 0 0 1 1 1 0 0 1 1 0 1
0.050266397461571 0 0 1 0 0 0 0 0 0 0 1 0 1 0 0 0 0 1 1
0.071042614943592 0 0 1 0 0 0 0 0 1 0 0 0 0 1 1 1 0 0 0
0.062420550342121 0 1 1 0 0 0 0 0 1 1 1 1 1 1 0 0 0 1 1
0.044319537855085 0 1 0 0 0 0 0 0 0 0 0 0 0 1 0 0 0 1 0
0.075799777760490 0 0 0 1 0 0 0 0 0 0 1 1 0 1 0 0 1 1 0
0.072682499859132 0 1 0 0 1 0 0 0 0 0 0 1 1 1 0 0 0 1 0
0.052190788520501 1 0 0 0 0 0 0 1 0 1 0 1 1 0 0 1 1 1 0
0.085040029625543 0 1 0 1 0 0 0 0 1 0 1 1 1 0 0 1 0 1 0
0.080519079836686 0 1 0 0 1 0 0 0 1 1 0 1 1 1 0 1 0 0 1
0.044732101797931 0 1 0 0 0 0 0 0 0 1 0 1 1 1 0 0 0 1 1
0.105000346345117 0 1 1 0 0 1 0 0 1 1 1 1 1 1 0 1 0 0 1
0.078292398787156 0 1 0 0 0 0 1 0 1 0 0 1 1 1 1 0 1 1 0
0.066577907927468 0 1 0 0 0 0 0 1 0 1 1 0 0 1 1 0 1 0 1
0.075416108567761 0 1 0 0 0 1 0 0 0 0 1 1 0 1 0 0 1 0 1
0.068184936693122 0 0 0 0 0 1 0 0 0 0 0 1 0 1 0 0 1 0 1
0.061777627734692 1 0 1 0 0 0 0 0 1 1 1 1 1 0 0 1 1 0 1
0.042356858185963 0 0 1 0 0 0 0 0 0 0 1 0 0 1 0 0 1 0 1
0.051255594640573 0 0 0 1 0 0 0 0 0 0 0 1 0 0 1 0 0 1 1
0.132571076849011 0 0 1 0 1 0 0 0 0 0 1 1 0 0 1 0 0 1 1
0.052054614727756 0 1 0 0 0 0 0 0 1 1 0 1 1 1 0 0 1 1 1
0.081540341142597 1 0 0 0 1 0 0 0 0 1 1 0 1 0 1 0 0 1 1
0.051186000878273 0 0 1 0 0 0 0 0 0 1 0 0 1 0 1 1 0 0 1
0.081202728340328 0 1 1 0 0 0 0 1 0 1 1 1 1 1 0 1 0 0 1
0.063408179388784 0 0 0 1 0 0 0 0 0 0 0 1 1 0 0 1 0 1 0
0.036358282270689 0 1 0 0 0 0 0 0 0 0 1 0 0 0 1 0 1 0 0
0.041324607562809 0 1 0 0 0 0 0 0 0 0 1 0 0 1 0 0 1 0 1
0.044607610304339 1 0 0 0 0 0 0 0 1 1 1 0 0 1 1 0 0 1 1
0.031399211616854 1 0 0 0 0 0 0 0 0 1 0 0 0 1 1 0 0 0 1
0.076686085393826 0 1 0 0 0 1 0 0 0 0 1 1 0 0 1 1 1 0 0
0.115142942713370 0 0 1 0 1 0 0 1 0 1 1 1 1 1 0 1 0 1 1
0.041721687476458 1 0 0 0 0 0 0 0 0 1 0 1 0 0 1 0 0 1 1
0.066173347222484 0 1 0 0 0 0 1 0 0 0 0 1 1 1 0 1 0 1 0
0.055449126723455 1 0 0 0 0 0 1 0 0 1 1 0 0 1 1 0 1 0 1
0.078783282850111 1 0 0 0 1 0 0 0 0 1 0 0 0 1 1 1 0 0 0
0.048326228335619 1 0 0 0 0 0 0 0 0 0 1 0 1 1 0 0 1 0 1
0.073327482250017 0 1 1 0 0 0 0 1 1 1 1 1 1 1 1 0 0 1 1
0.109094134223962 1 0 1 0 0 0 0 0 1 1 1 0 1 0 0 1 0 1 1
0.076979709817629 1 0 0 0 0 0 0 0 0 0 1 1 0 1 1 0 1 0 1
0.043593848655469 0 1 0 0 0 0 0 0 1 0 0 1 1 1 0 0 0 1 1
0.039003611041821 1 0 0 0 0 0 0 0 1 1 0 1 0 1 1 0 0 1 1
0.096976616032545 0 0 0 0 1 0 0 1 0 0 1 0 0 0 1 1 1 1 0
0.057865793299941 0 1 0 0 0 0 0 0 0 0 1 0 0 0 1 0 1 1 0
0.065199856261599 1 0 0 0 1 0 0 0 1 1 0 1 1 0 1 1 0 0 1
0.083901631970981 1 0 0 0 0 1 0 0 0 1 1 0 0 1 1 1 1 0 0
0.097146830651100 0 1 0 1 0 0 0 0 1 1 1 1 1 0 0 0 1 0 1
0.052312618682214 0 1 0 0 0 0 0 0 0 1 1 1 0 0 1 0 1 0 1
0.056734261205507 0 1 0 0 0 0 0 0 1 0 1 1 0 0 1 0 1 1 0
0.049168647981980 0 0 0 0 0 1 0 0 0 0 0 0 0 0 1 0 1 0 0
0.094768715557467 1 0 1 0 0 1 0 0 1 1 1 1 1 0 1 1 0 0 1
0.068119325730706 1 0 0 1 0 0 0 0 1 1 1 1 0 1 0 1 0 1 0
0.081377806609946 0 0 1 0 1 0 0 0 0 0 0 1 1 1 0 1 0 0 1
0.085428423430148 0 1 0 1 0 0 0 0 0 0 0 1 1 1 0 0 0 0 1
0.156571982769964 0 0 0 0 1 0 1 1 0 1 0 1 1 1 1 1 1 1 0
0.103089395152480 0 0 0 1 0 1 0 0 0 0 1 0 0 1 0 1 1 0 0
0.049719258716392 0 1 0 0 0 0 0 0 1 0 1 0 0 1 1 0 1 0 1
0.048264063518531 0 0 1 0 0 0 0 0 0 0 1 0 0 0 1 0 1 0 0
0.042229482105269 0 1 0 0 0 0 0 0 0 1 0 0 1 0 0 0 1 1 0
0.091804645119480 1 1 0 0 0 0 0 0 0 1 1 0 1 0 0 0 1 0 0
0.060647946776785 1 0 0 0 0 0 0 1 1 1 1 1 0 1 1 1 0 1 1
0.066142462500682 1 0 0 0 0 0 0 1 0 1 0 0 1 1 0 1 1 0 0
0.052717087037675 1 0 0 0 0 0 1 0 0 0 1 0 1 1 0 0 1 1 0
0.084894505186875 1 0 0 0 1 0 0 0 1 1 0 1 1 0 0 1 1 1 0
0.062403322984863 1 0 0 0 1 0 0 0 1 1 0 1 1 1 0 1 0 0 1
0.125342117371750 1 0 1 0 0 1 1 0 0 1 1 1 1 1 0 1 0 0 1
0.068440175383075 0 0 1 0 0 0 1 0 0 0 0 0 1 1 0 1 0 1 0
0.064474964686019 1 0 0 1 0 0 0 0 0 1 1 1 0 1 0 0 1 0 1
0.080783919939699 0 0 0 1 0 1 0 0 0 0 0 1 1 1 0 1 0 0 1
0.050817796321680 0 1 0 0 0 0 0 0 1 0 0 1 1 0 0 0 1 1 0
0.036650708138799 1 0 0 0 0 0 0 0 1 0 0 0 0 1 1 0 0 0 1
0.109069622756811 0 0 0 1 1 0 0 0 1 0 0 1 1 1 1 0 1 0 1
0.067300523288761 1 0 0 0 0 1 0 0 1 0 1 0 1 1 1 1 0 0 1
0.089307377829776 0 1 0 1 0 0 0 0 1 0 1 1 0 1 0 1 0 1 0
0.083596706951938 1 0 0 1 0 0 0 0 1 1 1 0 0 1 1 0 0 0 1
0.061259470715810 0 1 0 0 0 0 0 1 0 0 1 0 0 0 1 1 1 0 0
0.066773251104735 1 0 0 1 0 0 0 0 1 0 1 1 1 1 0 1 0 0 1
0.092710179422905 0 1 0 0 1 0 0 0 1 1 1 0 1 1 0 0 1 1 0
0.045407640627063 0 0 1 0 0 0 0 0 0 0 1 1 0 0 1 0 0 1 1
0.038548634121354 1 0 0 0 0 0 0 0 1 0 0 0 0 1 1 0 0 1 0
0.107706245245680 0 1 1 0 0 0 0 1 0 1 1 1 0 0 1 1 1 0 0
0.058385309722195 1 1 0 0 0 0 0 1 1 1 1 1 1 0 1 0 1 0 1
0.091308498795412 0 0 0 1 0 0 0 0 1 1 0 0 1 0 0 1 1 1 0
0.116120614913053 1 0 0 1 0 0 1 0 1 1 1 1 0 0 1 0 1 1 0
0.093391811502035 1 0 1 0 0 0 0 1 0 1 0 1 1 0 0 1 1 0 0
0.045066864428710 1 0 0 0 0 0 0 0 1 1 0 0 0 1 1 0 1 0 1
0.080305670200962 1 0 0 0 1 0 0 0 0 1 1 1 0 0 1 0 0 1 1
0.109221080669392 0 1 0 0 0 1 1 0 0 0 1 1 1 1 1 0 1 1 0
0.042028230670613 0 0 0 1 0 0 0 0 0 0 0 0 0 1 0 0 1 0 0
0.076322939222036 1 0 0 0 1 0 0 0 1 0 1 0 1 1 0 0 1 0 1
0.059742103529682 1 0 0 0 0 0 0 1 1 0 0 1 0 0 1 1 0 1 0
0.069872342900789 0 1 0 0 0 0 0 1 0 1 0 1 1 0 1 0 1 1 1
0.055671916186583 1 0 0 0 0 1 0 0 0 0 1 1 1 0 0 0 1 0 1
0.060271580990813 0 0 0 0 1 0 0 0 0 0 1 0 0 1 0 1 0 1 1
0.075839199205758 0 1 0 0 0 1 0 0 0 0 1 0 0 1 1 1 0 0 0
0.110422758359781 0 0 1 0 0 1 0 0 0 1 0 0 0 0 1 1 1 0 0
0.075570314634209 1 0 0 1 0 0 0 1 1 1 1 1 1 1 0 1 0 1 0
0.083048308951450 1 0 0 0 0 0 1 1 0 1 0 1 1 0 1 1 1 0 1
0.061766903183670 1 0 0 0 0 0 0 0 0 0 0 0 1 1 1 0 0 0 1
0.089457248556958 0 1 1 0 0 0 0 0 1 1 1 1 1 1 0 1 0 1 0
0.069392087553175 1 0 0 0 0 0 1 0 0 0 0 0 0 1 1 0 0 0 1
0.064162811945083 1 0 0 0 1 0 0 0 1 0 1 1 1 0 1 0 0 1 1
0.089614837071261 0 1 1 0 0 0 1 0 1 1 1 1 1 1 0 1 0 0 1
0.066912281793622 0 1 0 0 0 0 0 0 1 1 1 0 0 1 1 1 0 0 1
0.094023712669155 1 0 1 0 0 0 0 1 0 1 1 1 0 0 1 0 1 1 0
0.068907386440893 0 0 0 0 0 1 0 0 0 0 1 0 1 0 0 0 1 1 1
0.108968220635896 1 1 0 0 0 0 1 1 0 1 1 1 1 1 1 0 0 1 0
0.081652389193221 1 0 0 0 0 1 0 0 0 1 0 0 0 1 1 0 0 0 1
0.132685410131354 1 0 1 0 1 0 0 0 1 1 1 1 1 0 1 1 0 0 0
0.065684531941983 1 0 1 0 0 0 0 1 1 1 1 1 1 1 0 1 1 0 1
0.052378405217856 1 0 0 0 0 0 0 1 1 0 0 1 1 1 1 0 1 0 1
0.131668917697776 1 0 1 0 0 1 0 0 1 1 1 0 1 1 1 1 0 0 0
0.075399549014819 0 0 0 0 0 1 0 0 0 0 0 0 1 0 0 1 1 1 0
0.053023587102632 0 0 0 1 0 0 0 0 0 0 1 0 0 0 0 1 0 1 0
0.048015278593103 0 1 0 0 0 0 0 0 0 1 1 0 1 0 1 0 1 0 1
0.040269740930098 0 0 1 0 0 0 0 0 0 0 1 0 0 1 0 1 0 0 1
0.103410731103328 0 1 0 0 0 0 1 1 1 0 1 1 1 1 1 1 0 1 1
0.050819949589743 1 0 0 0 0 1 0 0 1 1 1 1 1 1 1 0 0 1 1
0.061257652113188 1 0 0 0 0 1 0 0 0 0 1 1 1 1 0 0 1 1 0
0.104529650255939 1 0 1 0 0 1 0 1 1 1 1 1 1 1 1 0 1 0 1
0.047625775241602 1 0 0 0 0 0 0 0 0 1 1 1 1 0 1 0 0 1 1
0.055044412987341 1 0 0 0 0 0 1 0 0 1 1 0 1 1 0 0 1 0 1
0.090472290886147 0 1 0 0 1 0 0 0 1 1 1 1 1 0 1 1 1 1 0
0.044821770987249 0 1 0 0 0 0 0 0 0 1 0 0 0 0 1 0 1 0 0
0.071002983435849 1 0 0 0 0 1 0 1 0 0 1 1 1 1 0 1 0 1 0
0.078841706722029 0 0 1 0 0 0 1 0 0 0 0 0 1 0 1 1 1 0 0
0.107708323242827 0 0 1 1 0 0 0 0 0 0 0 1 1 0 1 0 0 0 1
0.079691276792353 0 0 1 0 0 0 0 1 1 0 0 1 1 1 0 1 1 0 1
0.092961663229934 0 1 0 0 1 0 0 0 1 1 0 1 1 1 0 1 0 1 1
0.081189483832550 0 1 0 0 0 1 0 0 0 1 1 0 1 0 1 1 1 0 0
0.077368414112670 1 0 1 0 0 0 0 0 1 0 1 1 1 0 1 0 0 1 0
0.058155263357007 0 0 0 1 0 0 0 0 0 0 0 0 0 0 0 0 1 1 0
0.054706413074155 0 1 0 0 0 0 0 1 0 0 1 0 1 0 1 0 1 0 1
0.075477885852751 0 1 0 0 1 0 0 0 0 0 0 1 1 1 0 0 0 0 1
0.048155649824743 0 0 0 1 0 0 0 0 0 0 1 0 0 1 0 0 1 0 1
0.043302057897347 0 1 0 0 0 0 0 0 0 0 0 0 1 0 0 1 1 0 0
0.141377967240010 0 0 1 1 0 1 0 0 1 1 1 1 1 1 1 0 1 0 0
0.052550314088656 1 0 0 0 0 0 0 1 1 0 1 0 1 1 0 1 1 0 1
0.065880787318051 0 1 0 0 0 0 0 1 0 0 0 1 1 0 0 1 1 1 0
0.076050231061504 0 0 0 0 0 1 0 0 0 1 0 0 0 0 1 1 0 0 1
0.051663140659351 0 1 0 0 0 0 0 0 0 1 0 1 1 0 1 0 1 0 1
0.095010661503161 0 0 1 0 0 1 0 0 0 0 1 1 0 1 0 0 1 0 1
0.090272419346775 0 1 0 1 0 0 0 0 0 1 1 0 1 0 0 1 1 0 0
0.108879525090493 1 1 0 0 0 0 0 1 0 1 0 1 0 0 1 0 1 0 0
0.089508283095264 0 1 0 0 1 0 0 0 0 1 1 0 1 0 1 1 1 0 0
0.061205028913148 0 1 0 0 0 0 0 0 1 1 0 1 1 0 0 1 1 1 0
0.074075387415066 1 1 0 0 0 0 0 1 1 1 1 1 0 0 1 0 1 1 0
0.081657607042596 0 1 0 1 0 0 0 1 1 1 1 1 1 1 1 0 1 0 1
0.047045263919350 0 0 0 0 0 1 0 0 0 0 0 0 0 1 0 0 1 1 0
0.071588969443774 1 0 0 0 1 0 0 1 0 0 1 1 1 1 0 0 0 1 1
0.045631549587809 1 0 0 0 0 0 0 0 1 1 0 0 0 1 1 1 0 0 1
0.053169113181754 0 1 0 0 0 0 0 0 1 0 1 1 1 0 0 1 1 0 1
0.119987951317009 0 0 1 0 0 1 1 0 0 0 0 1 1 1 1 0 1 0 0
0.034560963897548 0 1 0 0 0 0 0 0 0 0 0 1 1 0 0 1 0 0 1
0.069002172361691 0 0 0 0 0 1 0 0 0 0 1 0 0 0 0 0 1 1 0
0.102983079142218 0 0 0 0 0 1 1 0 0 0 0 0 1 1 0 0 1 1 0
0.034172243038529 0 1 0 0 0 0 0 0 0 0 1 0 1 0 0 1 0 0 1
0.044494840205614 0 1 0 0 0 0 0 0 0 0 1 1 1 0 0 1 0 1 1
0.035013335210410 0 1 0 0 0 0 0 0 0 0 0 1 1 0 0 0 1 0 1
0.040660591039168 0 1 0 0 0 0 0 0 0 1 0 0 1 0 0 1 0 0 1
0.060289040006962 0 0 1 0 0 0 0 0 0 0 1 0 1 0 0 1 1 0 0
0.063884405291728 0 0 0 1 0 0 0 0 0 0 1 0 1 0 0 0 1 1 1
0.055362342099562 0 1 0 0 0 0 0 1 0 0 0 1 1 1 0 1 0 0 1
0.054250953248173 0 1 0 0 0 0 0 0 1 1 0 1 0 1 1 0 0 1 1
0.076341024241345 0 1 0 0 0 0 0 1 0 1 0 0 1 0 0 1 1 0 1
0.070935134350326 1 0 0 0 0 1 0 0 0 0 0 1 0 1 0 1 1 0 0
0.080807812386430 0 0 0 0 1 0 0 0 0 0 1 0 1 0 1 0 1 1 0
0.098392510614756 0 0 1 0 0 1 0 0 1 1 1 1 1 1 1 0 0 1 1
0.064551633188154 1 0 0 0 0 0 0 1 1 0 0 0 0 1 1 0 1 0 0
0.101305987253202 0 1 0 0 1 0 0 1 1 0 1 1 1 1 1 0 1 1 0
0.066581744538464 0 1 0 0 0 0 0 1 1 0 1 1 1 0 1 1 1 0 1
0.056592581733225 0 1 0 0 0 0 0 0 0 0 1 0 1 0 1 1 0 0 1
0.058598691650069 1 0 0 0 0 0 1 0 0 1 1 1 0 0 1 0 1 1 0
0.085199141001618 0 1 0 1 0 0 0 0 1 1 1 1 1 0 1 1 1 0 1
0.044077006544046 0 1 0 0 0 0 0 0 1 0 0 0 1 1 0 1 0 0 1
0.099924593462355 1 0 0 0 0 1 1 0 0 0 1 1 0 1 1 0 1 0 1
0.121905889839001 0 0 1 0 0 1 0 0 1 0 1 0 1 1 0 0 1 0 1
0.073321466959087 1 0 0 1 0 0 0 0 0 1 1 1 0 0 1 0 0 1 0
0.093329543280396 0 1 1 0 0 0 0 0 1 0 1 1 0 1 0 1 0 0 1
0.084425047269675 1 0 0 0 1 0 0 1 0 0 0 1 1 1 0 0 1 0 0
0.048139812207813 0 0 0 0 1 0 0 0 0 0 0 0 0 0 1 1 0 1 0
0.098409931022065 1 0 0 0 1 1 0 0 0 1 1 1 1 1 0 0 0 1 0
0.051295533827693 0 0 0 1 0 0 0 0 0 0 0 0 0 0 1 1 0 1 0
0.081329922665641 1 0 1 0 0 0 0 0 1 0 1 1 1 1 0 1 0 0 1
0.083324641448265 0 1 0 1 0 0 0 1 0 1 1 1 1 0 1 1 0 0 1
0.037792692496040 0 0 0 1 0 0 0 0 0 0 0 0 1 0 0 1 0 0 1
0.049384327694002 1 0 0 0 0 0 0 1 0 0 1 0 1 0 0 1 0 1 0
0.076656136730092 1 0 0 1 0 0 0 0 0 1 1 1 0 0 1 0 1 0 1
0.059837908451007 1 1 0 0 0 0 0 1 1 1 1 1 1 1 0 1 0 1 1
0.105760516806954 1 0 0 0 1 1 0 0 1 1 1 1 1 0 1 1 1 0 0
0.074067527867947 0 0 1 0 0 0 0 0 1 1 0 1 1 1 1 0 0 1 1
0.041844982390851 1 0 0 0 0 0 1 0 0 0 1 1 1 0 1 0 0 1 1
0.082061558303092 1 1 0 0 0 0 0 1 1 1 1 0 1 0 0 1 1 0 0
0.143072600876870 0 1 1 0 0 1 1 0 0 1 1 1 1 1 1 0 0 0 1
0.078816371137497 1 1 0 0 0 0 1 0 1 1 1 1 1 1 0 1 0 0 1
0.043740008190207 0 0 0 1 0 0 0 0 0 0 0 0 1 0 0 1 1 0 0
0.106083088313022 1 0 0 0 1 1 0 0 0 1 1 1 0 1 0 1 1 0 0
0.057149447985960 1 0 0 0 0 0 0 1 0 0 1 0 1 0 0 0 1 0 1
0.090090906063236 1 0 0 1 0 0 0 0 0 1 0 1 1 0 0 0 1 0 1
0.131419956259195 1 1 0 1 0 0 0 1 1 1 1 1 0 1 1 0 0 1 0
0.077185431196553 1 0 0 1 0 0 0 1 1 1 1 1 0 1 1 0 1 0 1
0.093824735740162 1 1 0 0 0 0 1 0 1 1 1 1 1 1 0 1 0 1 0
0.048529209235180 1 0 0 0 0 0 0 1 0 0 1 0 1 1 0 0 1 1 0
0.044902118022732 1 0 0 0 0 0 0 1 0 0 0 0 1 0 1 0 0 1 0
0.036571482876023 1 0 0 0 0 0 0 0 0 1 0 1 0 0 1 0 0 0 1
0.082709064223526 0 0 0 0 1 0 0 0 1 0 1 0 0 1 1 1 0 1 1
0.079021486305227 0 0 0 1 0 0 0 0 1 0 0 0 1 0 1 1 1 0 0
0.052037830487594 1 0 0 0 0 0 0 1 0 0 1 0 1 0 1 0 1 1 0
0.055677240715574 1 0 0 0 0 1 0 0 0 1 0 1 1 0 1 1 0 0 1
0.083591033270081 0 0 1 0 0 0 1 0 0 0 1 1 0 1 0 1 0 1 0
0.086653363625089 1 0 0 1 0 0 0 0 1 0 1 1 0 1 1 0 0 1 1
0.027920037530157 0 1 0 0 0 0 0 0 0 0 0 0 1 1 0 0 0 0 1
0.153590618000950 0 0 0 1 0 1 1 0 0 0 0 1 1 1 1 1 1 0 0
0.077286932073516 1 0 1 0 0 0 0 0 0 1 1 1 0 0 1 0 1 0 0
0.060078693738861 0 0 1 0 0 0 0 0 0 1 1 1 0 1 0 1 0 1 1
0.098849026287778 0 0 1 0 1 0 0 0 0 0 0 0 0 1 1 1 0 0 0
0.075338583720994 0 1 0 0 0 0 1 0 1 0 1 1 0 1 1 0 1 0 1
0.071110629303699 1 0 0 0 0 0 1 0 0 1 0 1 1 1 1 1 0 0 1
0.046404987316594 0 1 0 0 0 0 0 0 0 1 0 0 1 1 0 1 0 0 1
0.044914244682069 1 0 0 0 0 0 0 1 0 0 0 1 1 0 1 0 0 0 1
0.059216122758847 0 1 0 0 0 0 1 0 0 0 0 1 0 1 1 0 0 1 0
0.039545659603483 1 0 0 0 0 0 0 0 0 1 0 0 0 0 1 0 0 1 0
0.056961531756157 1 0 0 0 0 0 1 0 1 1 1 1 1 1 0 1 1 0 1
0.060015215925143 0 0 0 1 0 0 0 0 0 0 0 1 1 0 0 1 1 0 1
0.085489725039098 0 0 0 1 0 0 0 1 0 0 1 0 1 0 0 1 1 1 0
0.066062334175065 1 0 0 0 0 1 0 0 1 1 0 1 1 1 0 1 0 0 1
0.066304141838717 1 0 0 0 0 0 1 0 1 1 0 1 0 1 1 0 1 0 1
0.081419850829434 1 0 1 0 0 0 0 1 1 1 1 1 1 1 1 0 1 1 0
0.074221577528304 0 1 0 0 1 0 0 0 1 0 1 1 1 0 1 1 0 0 1
0.064936024912577 1 0 0 0 0 1 0 0 0 0 1 0 1 1 0 0 1 0 0
0.066664386155065 0 1 0 0 0 1 0 0 0 1 1 1 1 0 1 1 0 1 1
0.064624280644950 1 0 0 0 1 0 0 0 0 1 1 0 1 1 0 0 1 1 0
0.066455822776237 0 1 0 0 0 0 0 0 1 0 1 0 1 0 0 0 1 0 1
0.056033965455399 0 1 0 0 0 0 0 1 0 0 0 0 1 1 0 0 1 1 0
0.056991164778976 0 1 0 0 0 0 0 1 0 0 1 0 1 1 0 1 0 0 1
0.030695975698580 1 0 0 0 0 0 0 0 0 0 0 1 0 0 1 0 0 1 0
0.030915331953138 1 0 0 0 0 0 0 0 0 0 1 0 0 0 1 0 0 1 0
0.054798005066125 0 1 0 0 0 0 1 0 0 0 0 1 1 1 0 1 0 0 1
0.066641437994948 0 0 0 1 0 0 0 0 1 0 0 0 0 1 0 1 1 0 0
0.077613846264086 1 1 0 0 0 0 0 0 1 1 1 0 0 1 1 0 0 0 1
0.068947775266705 0 0 0 1 0 0 0 1 0 0 0 0 1 0 1 1 0 0 1
0.055717986210337 1 0 0 0 0 0 1 0 0 0 1 0 1 0 1 0 0 1 0
0.092388037386673 1 0 0 0 0 1 0 1 0 0 1 1 0 1 0 1 1 0 1
0.138192643443220 0 0 0 1 1 0 0 0 0 0 1 0 1 0 0 1 1 0 1
0.069780349671921 1 1 0 0 0 0 0 1 1 1 1 0 1 1 0 0 1 0 1
0.080864412303225 1 0 0 1 0 0 0 0 1 1 1 0 1 0 0 1 1 0 0
0.091389843001410 0 0 0 0 1 0 0 1 0 0 1 0 1 1 1 0 1 1 1
0.073467604968685 1 0 1 0 0 0 0 0 0 1 1 1 0 1 0 0 1 0 1
0.056865377449399 1 0 0 0 0 1 0 0 0 1 1 1 0 1 1 1 0 0 1
0.048387579152296 0 1 0 0 0 0 0 0 1 0 1 1 0 1 0 1 0 1 1
0.055853657408723 0 1 0 0 0 0 1 0 0 0 1 1 1 1 0 0 0 1 1
0.040265552023991 1 0 0 0 0 0 0 0 0 0 1 0 1 1 0 0 0 1 1
0.068672662258761 1 0 0 0 0 1 0 0 0 1 0 1 0 0 1 1 0 1 0
0.078948546942059 0 1 0 1 0 0 0 0 0 0 1 1 1 0 0 1 0 0 1
0.084845995134155 0 0 0 0 1 0 0 1 0 0 0 1 0 1 1 1 0 1 1
0.067113418954597 1 0 0 0 0 1 0 0 1 1 1 1 1 0 1 0 1 0 1
0.034486261138647 1 0 0 0 0 0 0 0 0 0 0 0 0 0 1 1 0 0 0
0.053442325248243 0 0 1 0 0 0 0 0 0 0 1 1 0 0 0 0 1 0 1
0.052987225657227 1 0 0 0 0 0 0 0 0 0 1 0 1 0 1 0 0 1 1
0.062498422100625 0 0 0 0 0 1 0 0 0 0 1 0 0 0 1 0 1 0 1
0.030132283167418 1 0 0 0 0 0 0 0 0 0 1 0 0 0 1 0 1 0 0
0.036884225921187 1 0 0 0 0 0 0 0 0 0 1 0 0 0 1 0 0 0 1
0.045486475870702 1 0 0 0 0 0 0 1 0 0 1 0 1 1 0 1 0 0 1
0.039606932638604 1 0 0 0 0 0 0 0 0 1 1 1 0 0 1 0 1 0 1
0.072373676052212 1 0 0 0 0 0 1 0 0 0 1 0 0 0 1 0 1 0 0
0.075170264362678 1 1 0 0 0 0 0 1 1 1 1 1 0 1 0 1 1 0 1
0.056913405205305 1 0 0 0 0 1 0 0 0 0 1 1 1 1 0 1 0 0 1
0.074863810580687 1 0 1 0 0 0 0 1 1 1 1 1 0 1 0 1 0 1 0
0.076197241092186 1 0 0 0 1 0 0 0 1 1 1 1 0 1 0 1 0 1 1
0.069302698257064 0 0 1 0 0 0 1 0 0 0 0 0 1 1 0 1 0 0 1
0.092320844084191 0 1 1 0 0 0 0 1 1 1 1 1 0 1 1 0 1 0 1
0.129018017543564 0 0 1 0 0 1 1 0 0 0 1 0 1 1 1 0 0 1 0
0.073144186192464 1 0 0 0 1 0 0 0 0 1 1 0 0 1 0 1 1 0 0
0.113625099308798 0 0 0 1 0 1 0 0 1 0 1 0 1 1 1 0 1 0 1
0.101150332069683 1 0 1 0 0 0 1 0 0 1 1 1 0 1 0 1 1 0 0
0.051309919135402 1 0 0 0 0 0 0 1 0 0 1 0 0 1 0 1 1 0 0
0.056028711024687 1 0 0 0 0 1 0 0 0 1 1 0 1 0 1 1 0 0 1
0.064249988776024 1 0 0 0 1 0 0 0 0 1 0 1 1 0 1 0 0 1 0
0.112246875416495 1 0 0 1 0 0 0 1 0 0 0 1 0 1 0 1 0 0 0
0.079072051792591 1 0 0 1 0 0 1 0 1 1 1 1 1 0 1 1 0 0 1
0.038183521934810 1 0 0 0 0 0 0 0 0 1 1 1 0 1 0 1 0 1 1
0.054276737263910 1 0 0 0 0 0 0 1 1 1 0 1 1 1 0 1 1 0 1
0.054786185992051 1 0 0 0 0 0 0 1 0 0 0 1 1 1 1 0 0 1 1
0.046741557341383 0 1 0 0 0 0 0 0 1 0 0 1 0 1 0 0 1 0 1
0.035381140263770 1 0 0 0 0 0 0 0 0 1 1 0 0 0 1 1 0 0 1
0.061557462878656 1 0 0 0 0 1 0 0 0 1 0 1 0 1 0 1 0 1 0
0.111757802653221 0 1 0 0 1 0 0 1 1 0 1 0 1 1 1 1 0 0 1
0.034513928003374 1 0 0 0 0 0 0 0 0 0 1 0 0 0 0 1 1 0 0
0.143277790060384 0 0 1 0 0 1 1 0 0 1 1 1 1 0 1 1 1 0 1
0.114528076549239 1 0 0 1 0 1 0 1 1 1 1 1 1 1 1 0 1 0 0
0.063848157150709 1 0 0 0 0 0 0 0 1 1 1 0 0 0 1 1 1 0 0
0.034515871007399 1 0 0 0 0 0 0 0 0 1 0 1 0 0 0 1 0 1 0
0.040383275451267 1 0 0 0 0 0 0 0 0 0 1 0 0 1 0 1 0 0 0
0.041534407647474 1 0 0 0 0 0 0 0 1 0 1 0 0 1 0 0 1 0 1
0.037656511026863 1 0 0 0 0 0 0 0 0 0 1 0 0 1 0 1 0 0 1
0.113994126312060 1 0 1 0 0 0 0 0 0 0 1 1 0 0 0 1 0 1 0
0.038355327099482 1 0 0 0 0 0 0 0 0 1 0 1 0 1 0 1 0 0 1
0.072098826164982 1 0 0 0 1 0 0 0 0 1 0 1 0 1 0 1 0 1 0
0.043376254087208 1 0 0 0 0 0 0 0 0 1 1 0 1 0 0 1 0 0 1
0.046361663516115 1 0 0 0 0 0 0 0 0 1 1 0 0 1 0 1 0 1 0
0.035638172906148 1 0 0 0 0 0 0 0 0 1 0 0 0 0 1 1 0 0 0
0.130135339267374 0 1 0 0 0 1 0 0 0 0 0 0 0 1 0 0 1 0 0
0.065717544110066 1 0 0 0 0 0 1 0 0 1 1 0 0 1 0 1 1 0 0
0.033536052341090 1 0 0 0 0 0 0 0 0 1 1 0 0 1 0 0 1 0 1
0.074829150594173 0 1 0 1 0 0 0 0 0 1 1 0 1 1 1 0 0 0 1
0.100249229469989 0 1 0 1 0 0 0 1 0 0 1 1 0 1 1 0 0 0 1
0.031809875219968 1 0 0 0 0 0 0 0 0 0 1 0 0 1 0 0 1 0 0
0.075099724922925 1 0 0 0 0 1 0 0 0 1 0 0 1 1 0 0 0 1 0
0.040062600208169 1 0 0 0 0 0 0 0 0 1 0 1 0 0 0 1 1 0 0
0.084326139142802 0 0 1 0 0 1 0 0 0 0 1 1 0 1 0 1 1 0 0
0.068938050480002 1 0 0 0 0 1 0 0 1 1 0 0 1 1 1 1 0 0 1
0.071132961002288 0 1 0 0 0 0 0 1 0 1 1 0 1 0 1 0 1 1 0
0.061477064095393 1 0 0 0 0 0 0 0 1 1 0 1 0 1 0 1 0 1 0
