0.633639991283417 0 1 1 1 1 1 1 1 0 0 0 0 1 0 0 1 0 1 1
0.401433914899826 1 1 0 0 1 1 1 1 1 1 0 0 0 1 1 1 1 0 1
0.359959870576859 1 0 1 1 0 1 1 0 0 0 1 1 0 1 1 1 1 0 0
0.161530852317810 1 0 0 0 1 0 1 0 1 1 0 1 0 1 1 0 0 0 0
0.415798246860504 0 1 1 1 1 0 1 0 1 0 1 0 1 1 1 1 1 0 0
0.382971882820129 1 1 1 0 1 1 0 1 1 0 1 1 0 1 1 1 1 0 0
0.456571906805038 1 1 0 0 0 0 0 1 0 0 0 0 0 0 0 0 0 0 0
0.177559614181519 0 1 0 1 0 0 0 0 0 0 0 0 0 0 1 1 1 0 0
0.084410198032856 0 1 0 0 0 0 0 1 0 1 1 0 1 1 1 1 0 1 0
0.216236934065819 0 1 1 0 0 1 1 1 1 0 1 0 1 0 1 1 0 0 0
0.174117401242256 0 0 1 0 1 0 0 0 0 1 1 1 1 0 0 0 0 0 1
0.336093455553055 1 1 0 0 1 1 1 1 1 1 0 1 0 0 0 0 1 0 1
0.255213409662247 0 0 1 0 1 1 0 0 1 1 1 0 0 1 1 1 1 1 0
0.516489505767822 1 0 0 1 0 1 1 0 0 0 1 0 0 0 0 0 0 0 0
0.275677472352982 1 0 1 1 0 0 1 0 0 1 0 1 1 1 1 0 1 0 1
0.183637693524361 1 1 0 0 0 1 1 1 1 0 1 1 0 1 0 0 1 0 1
0.580858111381531 1 1 1 1 1 0 0 1 0 0 0 1 1 1 0 0 1 1 1
0.404819071292877 0 0 1 1 1 0 1 0 1 0 0 0 1 1 0 0 0 1 1
0.143341407179832 0 0 0 1 1 0 0 1 0 0 1 0 1 1 1 0 1 1 0
0.210164427757263 1 0 0 0 1 1 0 1 0 1 1 0 1 0 1 0 0 1 1
0.183723017573357 0 0 1 0 1 1 1 0 0 1 1 1 1 1 0 1 0 0 0
0.559774816036224 1 1 1 1 1 1 1 0 0 0 1 1 1 1 0 1 1 0 1
0.056419134140015 0 0 0 0 1 0 0 0 0 0 1 0 0 0 1 0 1 1 0
0.211723878979683 1 1 0 1 1 0 0 1 1 1 0 1 1 1 1 0 0 0 0
0.198966518044472 0 0 1 1 0 0 0 0 0 0 1 0 1 0 0 0 0 0 1
0.263222653067198 0 0 0 0 0 0 0 0 0 0 1 1 1 0 1 0 1 0 1
0.574486006618353 0 1 1 1 0 1 1 0 0 0 0 1 0 1 0 1 1 1 1 x
0.172013257389601 0 1 0 0 0 1 0 1 1 1 1 1 0 0 1 0 1 1 0 x
0.215259753531759 0 0 0 0 0 0 0 0 0 0 1 0 1 1 0 0 0 0 1 x
0.117068092723277 0 0 1 0 0 1 0 1 0 1 0 1 1 1 1 0 0 1 0 x
0.431721024550200 0 0 1 0 0 1 0 1 1 1 1 1 1 0 0 0 0 0 0 x
0.096281862933346 0 0 0 0 1 0 0 0 0 1 0 0 0 0 1 0 0 1 0 x
0.124050007927319 0 0 0 0 1 1 0 0 0 0 1 0 0 0 1 1 0 1 0 x
0.116032597738999 0 0 1 0 1 0 0 0 0 1 1 0 1 0 1 0 0 1 0 x
0.220985041909727 0 0 0 0 0 0 1 1 0 1 1 0 1 0 1 1 1 0 0 x
0.300959423505183 0 1 1 0 0 1 0 0 0 0 1 0 0 0 1 0 0 0 1 x
0.187395517038408 1 1 0 0 1 0 0 1 0 1 0 1 1 1 1 0 1 0 0 x
0.239776798449443 1 0 0 0 1 0 0 1 0 0 0 1 0 0 0 0 0 1 0 x
0.172701117284123 1 1 0 0 0 0 1 1 0 0 0 0 1 1 1 0 0 1 0 x
0.193609187905973 1 0 1 0 0 0 1 1 0 1 1 0 1 0 0 1 0 1 1 x
0.164505084071945 0 0 1 0 1 0 0 1 0 0 0 0 1 0 1 0 1 0 0 x
0.216868290387516 0 0 0 0 0 0 0 1 1 1 0 0 1 0 1 1 0 1 0 x
0.136274055763598 0 0 0 0 1 0 1 0 0 1 1 1 1 1 0 1 0 1 1 x
0.487498905237418 0 0 0 0 1 0 0 1 0 1 1 0 0 0 0 0 0 0 0 x
0.317993444184511 1 1 1 0 0 0 0 1 1 1 0 1 0 0 0 0 1 1 1 x
0.177799179229590 0 0 1 0 0 0 1 1 0 0 1 1 1 1 0 0 0 0 1 x
0.120971025800156 1 0 0 0 1 1 0 1 0 1 1 1 1 0 1 0 0 1 0 x
0.102917697593458 1 0 1 0 0 0 1 1 1 0 1 1 1 1 0 0 1 1 0 x
0.127101695215272 0 1 0 0 1 0 1 0 0 0 1 1 1 1 1 0 1 1 0 x
0.317675088351070 1 0 1 1 0 0 0 0 0 0 0 1 1 1 1 0 1 0 1 x
0.138421829182152 0 0 0 1 1 0 0 0 0 0 1 1 0 0 1 0 0 1 0 x
0.238371134410144 0 1 0 0 1 1 1 0 0 1 1 1 0 1 0 1 1 1 0 x
0.351232151862942 1 0 1 0 1 0 1 0 1 0 0 1 1 0 0 0 1 1 1 x
0.292727332097065 0 0 0 0 1 1 1 0 0 1 1 1 0 0 1 1 1 1 1 x
0.306890167417983 0 0 1 0 1 0 1 0 0 0 0 0 0 1 0 0 0 1 0 x
0.113891804177432 1 0 0 0 0 0 0 1 1 1 1 1 1 1 0 0 0 1 1 x
0.281597389456817 1 0 0 1 1 0 1 1 0 1 0 1 0 0 1 0 0 1 0 x
0.328017138560732 1 1 0 0 1 0 0 0 0 0 0 1 0 0 1 0 1 1 0 x
0.138660075229170 1 0 0 0 1 0 0 1 0 1 0 1 0 1 0 0 0 1 0 x
0.459469629252712 0 0 0 0 0 0 1 0 1 1 1 1 0 0 0 0 0 0 1 x
0.099027362521644 1 0 0 0 0 1 0 0 1 0 1 1 1 1 0 0 0 1 0 x
0.207737036697783 0 1 0 1 0 1 0 0 0 1 0 0 1 0 1 0 0 1 0 x
0.199309379280162 1 0 1 0 1 1 0 0 0 1 0 1 1 1 0 0 0 1 0 x
0.280178011407578 0 0 0 0 0 1 0 0 0 1 1 1 1 1 1 0 0 1 0 x
0.102338418699922 1 0 1 0 0 0 0 1 0 1 1 1 1 1 1 0 0 1 0 x
0.118906392066919 1 1 0 0 0 0 0 1 1 1 0 1 1 1 1 0 1 1 0 x
0.104094911525253 1 0 0 0 1 0 1 0 0 0 1 1 1 1 0 1 0 0 0 x
0.097256196214549 0 0 1 0 0 0 0 0 0 0 1 0 1 1 1 0 0 1 0 x
0.183617875603824 0 1 1 0 0 0 1 1 0 0 0 1 0 1 1 0 0 1 0 x
0.083992586172725 1 0 0 0 1 0 0 1 1 0 1 1 1 1 1 0 0 1 0 x
0.113152895831863 0 1 0 0 0 0 1 0 1 0 1 0 0 1 1 1 1 1 0 x
0.109742132146258 1 1 0 0 0 0 0 0 1 1 0 1 1 1 0 1 0 1 0 x
0.149797442528893 1 0 1 0 0 0 1 0 0 1 1 1 1 1 0 0 0 0 0 x
0.142738855257566 1 0 1 0 0 1 0 1 1 1 0 0 1 1 1 0 0 1 0 x
0.214141186300050 1 0 0 0 1 1 1 1 1 1 0 1 1 1 0 0 1 1 0 x
0.131048106262571 0 0 1 0 1 0 0 1 1 1 1 1 1 1 1 0 0 1 0 x
0.192150797407641 1 0 1 0 0 0 0 1 0 0 1 0 1 1 0 0 1 1 1 x
0.080778664018073 1 0 1 0 0 0 0 0 1 1 1 1 1 0 1 0 0 1 0 x
0.131297122159898 0 0 1 0 1 0 0 1 0 1 1 1 0 1 1 0 0 1 0 x
0.079661739133491 1 0 0 0 0 0 0 1 0 0 1 1 1 1 0 1 1 1 0 x
0.079993258926289 1 1 0 0 0 0 0 0 0 1 1 1 1 1 0 0 0 1 1 x
0.124693906322510 0 0 1 0 0 0 0 1 1 1 1 0 1 0 1 1 1 0 1 x
0.219248650233065 1 0 0 1 1 0 0 1 1 0 1 1 0 1 0 0 0 1 1 x
0.142739541923866 0 1 0 1 0 0 0 1 1 0 1 1 1 1 1 0 0 0 0 x
0.165453123794187 1 0 1 0 1 0 0 1 1 1 1 1 0 1 0 1 0 1 1 x
0.085866061782475 0 0 1 0 0 0 0 0 0 0 1 1 1 0 1 0 1 1 0 x
0.119347823946309 0 0 1 0 0 0 0 1 0 1 0 0 1 0 1 0 0 1 0 x
0.121419208078130 1 1 0 0 1 0 0 1 1 0 1 1 1 1 0 0 0 1 0 x
0.134240367632428 0 0 0 0 1 0 0 1 0 0 0 1 1 1 1 0 0 1 0 x
0.104972667007864 0 0 1 0 0 0 0 0 0 1 0 0 1 1 1 0 1 0 0 x
0.067026160983490 1 0 1 0 0 0 0 0 0 1 1 1 1 0 1 0 0 0 1 x
0.150308573572364 1 0 0 0 1 0 0 1 0 0 1 0 1 0 1 0 0 0 0 x
0.257565469065026 0 1 0 0 1 0 0 1 1 1 1 0 1 0 1 0 0 0 0 x
0.201442016639436 0 1 0 0 0 0 0 0 1 1 1 1 1 1 0 0 0 1 0 x
0.100792949487779 1 0 1 0 0 0 0 0 1 0 1 1 1 1 0 1 0 1 0 x
0.172658061417545 1 0 1 0 0 0 0 0 0 1 1 0 1 0 1 0 1 1 1 x
0.081631950562675 1 0 0 0 1 0 0 0 0 0 1 1 1 1 0 1 0 1 1 x
0.076943530089929 1 0 0 0 1 0 0 0 1 1 1 1 0 1 0 1 0 0 1 x
0.075551208890939 1 0 0 0 1 0 0 0 1 1 1 1 1 1 0 1 0 1 0 x
0.119610090348044 1 0 1 1 0 0 0 0 1 1 1 1 1 0 1 0 0 0 1 x
0.100995929391108 1 0 1 0 0 1 0 0 0 1 1 1 1 1 0 0 0 1 0 x
0.198298007766759 0 1 0 1 0 0 1 1 0 1 1 1 0 1 1 1 1 1 0 x
0.220101567850998 0 0 1 0 1 1 0 1 0 1 1 1 1 0 1 0 0 1 1 x
0.326831708277499 0 0 1 0 0 0 0 0 1 1 1 1 0 0 1 0 0 0 0 x
0.143834249852860 1 0 1 0 1 0 1 1 0 1 1 1 1 0 1 0 0 0 1 x
0.094417875488354 0 1 1 0 0 0 0 1 0 1 1 1 1 0 1 0 1 1 0 x
0.071532380358392 0 1 0 0 0 0 0 1 0 0 0 0 1 1 1 0 1 0 0 x
0.113476972029092 1 1 0 0 0 0 0 0 0 1 1 1 1 0 1 1 0 0 1 x
0.163400692683264 1 1 0 0 0 1 0 1 0 1 1 1 1 1 0 1 1 1 0 x
0.244411696560144 0 0 1 1 0 0 1 0 1 0 0 0 1 0 1 0 1 1 0 x
0.162745245313753 1 1 0 0 0 0 0 0 1 0 1 1 1 1 1 0 0 0 0 x
0.106806944827445 1 1 0 0 1 0 0 0 1 1 1 1 1 1 0 0 0 0 1 x
0.100769700286499 0 1 0 1 0 0 0 1 1 1 1 0 1 1 1 1 0 0 1 x
0.103642913327450 0 0 0 0 1 0 1 0 0 0 1 0 1 0 1 1 1 1 0 x
0.099285475401311 1 0 1 0 0 0 1 1 0 1 1 1 1 0 1 0 1 0 0 x
0.087300617965097 0 1 0 0 0 0 0 1 0 1 1 0 1 1 1 1 1 1 0 x
0.107354962922378 0 1 1 0 0 0 0 1 0 1 0 1 1 0 1 0 0 0 1 x
0.098226854653101 1 0 1 0 0 1 0 1 1 1 1 1 1 0 1 1 0 0 1 x
0.070207502583375 1 0 0 0 1 0 0 0 0 1 1 1 0 1 0 0 0 1 1 x
0.080986772344739 0 0 1 1 0 0 0 0 0 1 1 1 1 0 1 1 0 0 1 x
0.153758542853712 1 0 0 0 1 0 1 0 1 0 1 1 0 1 0 0 0 1 0 x
0.085845850406814 0 1 1 0 0 0 0 0 0 1 1 0 1 1 1 0 0 0 1 x
0.122904867012193 0 1 0 0 1 0 0 0 0 0 0 1 0 1 1 1 0 1 0 x
0.110620455883103 1 1 0 0 0 0 0 0 0 1 1 1 1 1 0 1 0 0 1 x
0.295106684065728 0 1 1 0 0 0 0 1 0 0 0 0 0 1 1 1 1 1 0 x
0.100883194653903 0 0 1 1 0 0 0 0 0 1 1 0 1 1 1 1 0 0 1 x
0.068278140337142 0 1 0 0 0 0 0 0 0 0 1 0 1 1 1 0 0 0 1 x
0.081274514632042 0 0 0 0 1 0 0 0 0 0 1 0 0 1 1 0 1 1 0 x
0.149443488939588 0 0 1 0 0 0 1 1 0 1 0 0 1 1 1 0 0 0 1 x
0.154922952644366 0 1 0 0 0 0 1 1 0 0 1 0 1 0 1 0 1 1 1 x
0.161639387566936 1 0 0 0 1 0 0 0 0 1 1 1 1 1 1 0 0 0 0 x
0.137101877472649 0 1 1 0 0 0 1 1 0 1 0 1 1 1 1 0 1 0 0 x
0.201575542854041 1 1 1 0 0 0 0 0 1 1 1 1 1 0 1 1 0 0 1 x
0.182741452321600 0 1 0 0 0 0 0 0 0 0 0 1 1 1 1 1 0 0 0 x
0.072743902501011 1 1 0 0 0 0 0 1 1 1 1 1 0 1 0 0 0 1 1 x
0.218363954455837 0 1 0 1 0 0 1 1 0 0 1 0 1 0 1 0 0 0 1 x
0.068536475374973 0 1 0 0 0 0 0 1 0 1 0 0 0 1 1 0 1 1 0 x
0.080893818596144 1 0 0 0 1 0 0 1 1 0 1 1 1 0 1 1 0 1 0 x
0.083682363702927 0 1 0 0 0 1 0 0 1 0 1 0 1 1 1 0 0 1 0 x
0.096047456321907 0 1 0 0 1 0 0 0 0 1 1 1 0 1 0 0 0 1 1 x
0.059665695347285 1 0 0 0 0 0 0 0 1 0 1 0 1 0 1 0 0 1 0 x
0.115329014057266 0 1 0 1 0 0 0 0 0 1 1 0 0 1 1 0 0 0 0 x
0.075220648157552 0 1 0 0 0 0 0 1 0 0 1 0 1 0 1 0 0 1 0 x
0.102335818061404 0 1 0 0 0 0 0 1 1 1 0 1 0 1 1 0 0 1 1 x
0.159145565258330 0 0 1 1 0 0 0 0 0 1 1 0 1 0 1 0 0 0 0 x
0.078380597013968 0 0 1 0 1 0 0 0 0 1 1 1 1 1 0 1 1 0 1 x
0.098278681466293 1 0 0 0 0 0 1 0 1 0 1 1 1 0 1 0 0 1 0 x
0.068623408311894 1 0 0 0 0 0 0 1 1 0 1 0 1 1 0 1 0 1 0 x
0.059471017564247 0 1 0 0 0 0 0 1 0 1 1 0 1 1 1 0 0 1 1 x
0.099950810483267 0 1 0 0 1 0 0 0 1 1 1 1 0 1 1 0 0 1 0 x
0.089051165447390 0 1 0 0 1 0 0 1 0 1 1 1 1 1 0 1 0 1 1 x
0.068565302820958 1 0 0 1 0 0 0 0 0 1 1 1 1 0 1 1 0 0 1 x
0.112607053286243 1 0 0 0 0 0 1 1 1 1 1 1 1 0 1 1 0 0 1 x
0.132731833992739 1 0 0 1 1 0 0 0 0 1 1 1 1 0 1 1 0 0 1 x
0.078819652592546 1 0 0 0 0 0 0 0 0 1 1 1 0 0 1 1 1 1 1 x
0.057931542442513 0 1 0 0 0 0 0 1 0 0 1 0 1 1 0 0 0 1 1 x
0.123662364049540 0 1 0 1 0 0 0 1 0 1 0 0 1 1 1 0 0 0 0 x
0.067949079496580 1 0 0 1 0 0 0 0 1 1 1 1 0 0 1 1 0 0 1 x
0.152298702937533 1 0 1 0 0 1 1 0 0 1 1 1 1 0 1 1 0 1 0 x
0.070869147246925 0 0 0 0 1 0 0 0 0 0 1 0 1 1 0 1 0 1 1 x
0.168605815705771 0 1 0 1 0 0 0 1 1 1 1 0 0 1 1 0 0 1 1 x
0.074178252076415 1 0 0 0 0 0 0 0 0 1 1 0 1 0 1 1 0 1 0 x
0.094219428247938 1 0 0 0 0 0 0 1 1 0 1 1 0 1 1 0 0 1 0 x
0.060904082546197 0 1 0 0 0 0 0 0 0 1 1 0 1 1 0 1 1 0 1 x
0.107033222591699 0 1 0 0 1 0 0 1 0 0 1 0 1 1 0 1 0 0 1 x
0.046945690821769 1 0 0 0 0 0 0 0 1 1 1 1 0 1 0 1 0 1 1 x
0.069914797735597 1 0 1 0 0 0 0 1 0 1 1 1 1 0 0 1 0 0 1 x
0.142246021738104 1 0 1 0 0 0 0 1 0 1 1 0 1 0 1 1 1 0 1 x
0.087241328924659 0 0 1 0 0 0 0 0 0 1 1 0 1 1 0 1 0 0 1 x
0.052815192707715 1 0 0 0 0 0 0 0 0 0 1 1 0 0 0 1 0 1 1 x
0.113628167675019 0 0 0 1 0 0 0 0 0 1 1 0 1 1 0 1 0 0 1 x
0.074666729928405 0 1 0 0 0 0 0 1 0 0 1 0 1 1 1 0 1 1 0 x
0.064338419108697 1 1 0 0 0 0 0 0 1 1 1 1 1 0 0 1 0 1 1 x
0.077339572977505 0 1 0 0 0 0 0 1 1 0 1 0 1 1 0 1 0 1 1 x
0.076761722491472 0 0 0 0 1 0 0 1 0 0 0 0 0 1 1 1 0 1 0 x
0.050907887177141 1 0 0 0 0 0 0 1 0 1 1 1 0 0 1 1 0 1 1 x
0.076919707971308 0 0 0 1 0 0 0 0 0 1 1 0 0 1 1 1 1 0 1 x
0.066577907927468 0 1 0 0 0 0 0 1 0 1 1 0 0 1 1 0 1 0 1 x
0.095946897771195 0 0 0 1 1 0 0 0 0 1 1 1 0 1 1 1 0 0 1 x
0.135712543808473 0 0 0 1 1 0 0 1 0 1 1 1 0 1 1 1 1 0 0 x
0.078095095932565 1 0 0 0 0 0 0 0 0 0 1 0 1 0 1 0 1 1 0 x
0.082613763079013 0 1 0 1 0 0 0 0 0 1 1 1 0 1 1 0 1 0 1 x
0.090193786854167 0 0 0 1 1 0 0 0 0 1 1 1 1 1 0 1 1 0 1 x
0.045800320969663 1 0 0 0 0 0 0 1 0 1 0 1 1 0 0 1 1 0 1 x
0.041244180294179 1 0 0 0 0 0 0 0 1 1 0 1 1 0 0 1 0 1 1 x
0.054567921639063 1 0 0 1 0 0 0 0 1 1 1 1 1 0 1 0 1 0 1 x
0.071518596173090 1 0 0 1 0 0 0 0 1 1 1 1 1 0 0 0 1 0 1 x
0.121473806320817 0 1 0 0 0 0 1 0 1 1 1 0 1 1 1 0 1 0 0 x
0.067036474846760 0 1 0 0 0 1 0 0 0 1 1 0 1 1 1 0 1 0 1 x
0.034708371790441 1 0 0 0 0 0 0 0 0 1 1 1 0 0 0 1 0 1 1 x
0.037107917647543 1 0 0 0 0 0 0 0 0 1 1 0 1 0 0 1 0 1 1 x
0.073577351386066 0 0 0 1 0 0 0 0 0 1 1 0 1 0 1 1 1 0 1 x
0.160990015287768 0 0 0 0 1 0 0 1 0 1 1 0 0 1 0 1 0 1 1 x
0.039735727886257 1 0 0 0 0 0 0 1 0 0 1 1 1 0 0 1 0 1 1 x
0.084882571750633 1 0 0 0 0 0 0 0 1 1 0 1 0 0 1 0 0 0 1 x
0.056804407669400 1 0 0 0 1 0 0 0 0 0 1 1 1 0 0 1 0 0 1 x
0.162475036295188 0 0 0 1 0 0 0 0 0 0 1 0 1 1 1 1 1 0 0 x
0.071973948402502 0 1 0 0 0 0 0 0 0 1 1 0 1 0 0 1 1 1 1 x
0.080647018076778 1 0 0 0 0 0 0 0 0 1 1 1 1 0 0 1 0 0 1 x
0.135947267025048 1 0 1 0 0 0 1 0 0 1 0 1 0 1 0 1 0 0 1 x
0.142524900769485 1 0 0 1 0 0 0 1 0 1 0 1 0 0 1 0 1 0 1 x
0.089355083591990 1 0 0 1 0 0 0 0 1 1 1 1 1 0 1 1 1 1 0 x
0.052994552208677 1 0 0 0 0 0 0 1 0 1 1 1 1 0 0 1 1 1 1 x
0.054795039753554 1 0 0 0 0 0 0 0 1 1 1 0 0 0 1 1 0 1 1 x
0.047469929652379 1 0 0 0 0 0 0 0 1 0 0 1 1 0 0 1 1 0 1 x
0.089272045600673 0 1 0 0 1 0 0 0 0 1 1 0 1 1 0 0 0 1 1 x
0.089255839494147 0 1 0 0 0 0 0 0 0 1 0 0 1 0 1 1 1 0 1 x
0.098252003523984 1 0 1 0 0 0 0 0 0 1 1 1 0 0 1 0 0 1 1 x
0.065210148681860 1 0 0 1 0 0 0 0 1 1 1 1 1 0 1 1 0 1 1 x
0.067583184613029 0 1 1 0 0 0 0 0 0 1 1 1 1 1 0 0 0 1 1 x
0.061613242948401 0 0 1 0 0 0 0 0 0 1 1 1 1 1 0 1 1 1 1 x
0.067462751992671 0 1 0 0 0 0 0 0 0 1 1 0 0 1 1 1 0 1 1 x
0.061777627734692 1 0 1 0 0 0 0 0 1 1 1 1 1 0 0 1 1 0 1 x
0.110369698749055 1 0 0 0 0 1 0 0 1 1 1 1 0 0 1 0 0 1 1 x
0.056484141760744 1 0 0 0 1 0 0 0 0 1 1 1 1 0 0 1 1 0 1 x
0.104555365738288 0 1 0 0 0 0 0 1 0 1 0 0 1 1 0 1 1 1 1 x
0.079090753103272 0 1 1 0 0 0 0 0 0 1 1 1 1 0 1 0 0 1 1 x
0.097913158206127 1 1 0 0 0 0 0 1 1 0 1 1 1 0 0 1 1 0 1 x
0.085133944612254 0 1 0 1 0 0 0 0 0 1 1 1 1 1 0 1 1 0 1 x
0.210363183047446 0 1 0 0 0 1 1 1 0 0 1 0 0 1 1 0 0 1 0 x
0.088342461748323 0 1 0 0 0 0 0 0 0 0 1 0 1 0 1 1 0 1 1 x
0.134792532855937 0 0 1 0 1 0 1 0 0 1 1 1 1 1 0 1 1 1 0 x
0.055592917795862 0 1 0 0 0 0 0 0 1 0 1 0 1 0 1 0 1 1 0 x
0.080778248773215 1 0 0 0 0 1 0 0 1 0 1 1 1 0 1 1 1 0 0 x
0.111458591175744 0 0 0 1 1 0 0 0 0 1 1 0 0 1 1 1 0 1 0 x
0.047421963250219 0 1 0 0 0 0 0 0 0 1 1 0 0 0 1 0 1 1 0 x
0.088750404184852 0 0 1 0 0 1 0 0 0 1 1 0 1 1 0 1 1 0 1 x
0.088115527753674 0 0 1 0 0 0 1 0 0 1 1 1 1 1 1 0 1 1 0 x
0.125771233646635 1 0 0 0 1 1 0 1 1 0 1 1 1 1 0 1 1 0 0 x
0.068436341459811 1 0 0 1 0 0 0 0 0 1 1 1 1 0 0 1 0 1 1 x
0.047090891269186 1 0 0 0 0 0 0 0 1 1 1 0 1 0 1 1 1 0 1 x
0.124843304478176 0 1 0 1 1 0 0 0 0 1 1 1 1 1 0 0 0 0 1 x
0.045355318612792 1 0 0 0 0 0 0 0 1 1 1 1 0 0 1 1 1 0 1 x
0.092693008448644 1 0 0 0 0 1 0 0 1 1 1 0 1 0 0 1 1 0 1 x
0.073153055188969 1 0 0 0 0 0 0 0 1 1 1 0 0 1 1 1 1 1 0 x
0.118488668947348 0 1 1 0 0 1 0 0 0 1 1 1 1 1 1 0 0 0 1 x
0.088918279487147 0 0 1 1 0 0 0 0 0 1 1 1 1 1 0 1 1 0 1 x
0.061394117507023 1 0 0 0 0 0 0 0 1 1 1 0 1 0 1 1 1 1 0 x
0.102936923368264 1 0 0 0 0 1 0 0 1 0 1 0 1 1 1 1 1 0 0 x
0.070607828554032 1 0 0 0 1 0 0 0 1 1 1 1 0 1 1 1 0 1 0 x
0.049629172842148 1 0 0 0 0 0 0 0 1 1 1 1 0 1 0 1 1 0 1 x
0.049564000176532 1 0 0 0 0 0 1 0 0 1 1 1 0 1 0 1 1 0 1 x
0.111913455807437 1 0 0 0 1 0 1 0 0 0 1 1 1 1 0 1 1 0 1 x
0.095805161831281 0 1 0 0 1 0 0 1 0 0 1 0 1 1 1 0 0 1 0 x
0.088137744378662 1 0 0 1 0 0 0 0 1 1 1 0 1 0 1 0 0 0 1 x
0.092233709817023 1 0 0 0 0 0 1 0 1 0 1 1 1 1 0 1 1 0 0 x
0.087812548395459 0 1 0 0 0 0 0 0 1 1 1 0 0 1 1 1 1 0 0 x
0.070036945898030 1 0 0 0 0 0 1 0 1 1 1 1 0 1 1 1 1 1 0 x
0.179828540715581 1 0 0 1 0 1 0 0 1 1 0 1 1 0 1 1 1 0 1 x
0.123712591049411 1 1 0 1 0 0 0 1 1 1 1 1 1 0 1 0 0 1 0 x
0.110180638183726 1 0 0 0 0 0 0 0 1 0 0 0 1 1 1 1 0 1 0 x
0.106472956237376 1 0 1 0 0 1 0 1 1 1 1 1 1 0 1 0 1 0 0 x
0.092324653235464 1 0 0 0 0 0 0 1 1 1 1 0 1 0 0 1 1 0 1 x
0.193742617893452 1 1 0 0 0 0 0 0 0 1 0 1 0 1 0 1 1 0 1 x
0.055283049417981 0 1 0 0 0 0 0 0 1 1 0 0 1 1 1 0 1 0 1 x
0.058308600772096 0 1 0 0 0 0 0 0 0 1 0 0 1 0 1 0 1 1 0 x
0.080017892607866 0 0 0 0 1 0 0 0 0 1 0 0 0 0 1 1 1 1 0 x
0.055938690772369 0 0 1 0 0 0 0 0 0 1 1 0 1 1 0 0 1 1 1 x
0.062645753399749 1 0 0 0 0 0 0 0 1 1 1 1 0 0 0 1 1 1 1 x
0.090062969186514 1 1 0 0 0 0 0 1 1 1 0 1 1 0 1 0 0 1 1 x
0.072724628936524 1 0 0 1 0 0 0 1 1 1 1 1 0 1 1 1 0 0 1 x
0.048285427812261 0 1 0 0 0 0 0 0 0 1 1 0 1 1 0 1 0 1 1 x
0.045500435076224 1 0 0 0 0 0 0 0 1 1 1 0 0 1 1 0 1 0 1 x
0.099156861143541 0 1 0 1 0 0 0 0 0 1 1 0 1 0 1 0 1 0 1 x
0.080155144484184 1 0 0 0 0 0 0 0 0 0 0 1 1 0 0 1 0 1 1 x
0.041532185653192 1 0 0 0 0 0 0 0 1 1 0 0 1 0 1 0 1 0 1 x
0.073467604968685 1 0 1 0 0 0 0 0 0 1 1 1 0 1 0 0 1 0 1 x
0.039003611041821 1 0 0 0 0 0 0 0 1 1 0 1 0 1 1 0 0 1 1 x
0.125047640548712 0 1 1 0 0 0 0 0 0 1 0 1 1 1 1 0 0 1 1 x
0.052328489029836 1 0 0 0 0 0 0 0 1 1 0 0 0 1 1 0 0 1 0 x
0.058687851141628 1 0 0 0 0 0 0 0 0 1 1 0 0 1 1 1 0 0 1 x
0.053686030569213 1 0 0 0 0 0 0 0 1 1 0 1 1 0 1 1 1 0 1 x
0.058722430524318 1 0 0 0 0 0 0 0 1 1 0 1 1 1 0 0 1 0 1 x
0.053604504562401 1 0 0 0 0 0 0 1 0 1 0 1 0 1 0 1 0 1 1 x
0.128238358418923 1 1 0 0 0 0 0 0 1 1 0 0 1 1 0 0 0 1 1 x
0.045023505598469 1 0 0 0 0 0 0 0 1 1 0 1 0 1 1 0 1 0 1 x
0.073184731289347 1 1 0 0 0 0 0 0 1 1 1 1 0 1 1 0 0 1 1 x
0.053173286451755 1 0 0 0 0 0 0 0 1 0 1 0 1 0 0 1 1 1 0 x
0.085137454973245 0 0 0 0 1 0 0 0 0 1 0 0 0 1 1 1 1 0 1 x
0.175913496191167 0 0 0 0 0 0 0 0 0 1 0 0 0 1 1 0 1 1 1 x
0.081929093181991 1 0 0 1 0 0 0 0 1 0 1 1 1 0 0 1 1 0 1 x
0.112305751832302 1 0 1 0 0 0 0 1 0 1 0 1 1 0 0 0 1 0 1 x
0.060281085660368 1 0 0 0 1 0 0 0 0 1 0 1 1 1 0 1 0 0 1 x
0.075546200458708 0 0 0 0 1 0 0 0 0 1 0 0 1 1 0 1 1 0 1 x
0.079629547202851 0 1 0 0 0 1 0 0 0 1 0 0 1 1 1 0 1 0 0 x
0.069520057525270 0 1 0 0 0 0 0 1 0 1 0 0 1 1 1 0 0 0 1 x
0.084196076145513 0 1 0 0 1 0 0 0 0 0 0 1 1 1 0 0 1 0 1 x
0.103468119535881 1 0 1 0 0 0 1 1 1 1 1 1 0 1 1 0 1 0 1 x
0.083294648153885 1 0 0 1 0 0 0 1 1 1 0 1 1 1 1 0 0 1 0 x
0.100087494504705 0 1 0 0 1 0 0 0 0 1 1 1 0 1 1 1 1 0 1 x
0.073789117941719 0 0 1 0 0 0 0 0 0 1 0 1 1 1 0 1 1 0 1 x
0.101101327237247 1 0 0 0 0 0 0 1 1 1 0 1 0 1 1 0 0 1 0 x
0.090766887464689 0 1 0 0 0 1 0 0 0 0 1 0 1 1 0 1 1 0 1 x
0.050972919092664 1 0 0 0 0 0 0 0 1 1 0 0 0 1 1 0 0 0 1 x
0.102147674307204 0 0 1 1 0 0 0 0 0 1 1 1 1 1 1 0 0 1 0 x
0.047651394601867 1 0 0 0 0 0 0 0 1 1 0 0 1 1 0 0 1 1 0 x
0.084347185592198 1 0 0 0 1 0 0 1 1 0 1 1 0 1 1 1 0 0 1 x
0.049925037200959 1 0 0 0 0 0 0 0 1 1 0 0 1 1 0 1 1 0 1 x
0.092173641167412 1 1 0 0 0 0 1 1 1 1 1 1 1 1 1 0 0 1 0 x
0.086298119527329 1 0 0 1 0 0 0 0 1 1 1 0 1 1 1 0 1 1 0 x
0.110485060776083 1 1 0 0 0 1 0 1 1 0 1 1 1 1 1 0 0 0 1 x
0.070958526720138 0 1 0 0 0 0 0 0 1 1 0 0 0 1 1 0 0 1 0 x
0.064655069438727 1 0 0 0 0 0 1 0 0 1 1 0 1 1 0 1 1 1 0 x
0.071324939606734 1 0 0 1 0 0 0 0 0 1 1 1 0 1 1 0 0 1 1 x
0.075194030807029 1 0 0 0 0 0 1 0 1 1 0 1 1 0 0 1 1 0 1 x
0.073418019761964 1 0 0 0 0 1 0 0 1 1 0 0 1 1 0 1 0 1 0 x
0.090025643818534 1 1 0 0 0 0 0 1 1 0 1 1 1 0 0 0 0 1 1 x
0.102241144888441 0 0 1 0 0 0 0 0 0 0 1 0 1 0 0 1 1 1 1 x
0.064164659560341 1 0 0 0 1 0 0 0 0 1 0 1 0 1 1 0 0 0 1 x
0.073182049706895 1 0 0 0 1 0 0 0 0 1 0 0 1 1 1 0 0 1 0 x
0.074129282077882 1 0 0 0 0 0 1 0 1 1 1 0 0 1 1 0 1 1 0 x
0.063193173789824 1 0 0 0 0 1 0 0 1 0 1 1 1 0 0 1 1 0 1 x
0.088003112934977 1 0 0 1 0 0 0 0 1 1 0 1 1 1 0 1 1 0 1 x
0.142504433916185 0 0 1 0 1 0 1 0 0 1 0 1 1 1 1 1 0 1 0 x
0.054035839988798 0 1 0 0 0 0 1 0 0 0 1 1 1 1 0 1 0 1 1 x
0.094598069078650 0 1 1 0 0 0 1 0 0 1 1 1 1 1 0 0 1 0 1 x
0.055261234985477 0 1 0 0 0 0 0 1 0 0 1 1 1 0 0 1 0 1 1 x
0.046289369634397 0 1 0 0 0 0 0 0 1 0 1 1 1 1 0 0 1 1 1 x
0.047863534221631 0 1 0 0 0 0 0 0 0 1 1 1 1 1 0 0 1 1 1 x
0.068613417779611 1 0 0 0 1 0 0 0 0 1 1 0 0 1 1 0 0 1 0 x
0.066084176748834 0 1 0 0 0 0 1 0 1 0 1 1 1 1 0 1 1 0 1 x
0.067528161184335 0 1 0 0 0 0 0 1 0 1 1 1 1 1 1 1 1 0 1 x
0.055307545099560 0 1 0 0 0 0 0 1 0 0 1 1 0 1 0 1 1 0 1 x
0.177100642985187 1 0 1 0 0 1 1 1 0 0 1 1 1 1 0 1 1 0 0 x
0.062278905017140 0 1 0 0 0 0 0 1 0 0 1 1 0 1 1 1 0 0 1 x
0.100385160895069 0 1 1 0 0 0 0 1 0 0 1 1 1 1 0 0 0 1 1 x
0.104164774451217 0 1 0 0 0 0 0 0 0 0 1 1 0 0 1 1 1 1 0 x
0.099385222019001 1 0 0 0 1 0 0 0 0 0 1 1 0 1 0 1 1 0 1 x
0.092894332881024 0 1 0 1 0 0 0 0 1 0 1 1 0 1 1 1 0 0 1 x
0.137122814183851 1 1 0 0 0 0 1 0 0 1 1 1 0 1 0 1 0 1 1 x
0.067963457046996 0 1 0 0 0 0 0 0 0 0 1 1 1 1 0 1 0 1 1 x
0.123752556478510 0 1 1 0 0 0 1 1 0 1 1 1 1 1 1 1 0 0 1 x
0.064872478622704 0 1 0 0 0 0 0 1 0 0 1 1 1 1 0 0 1 0 1 x
0.074043390496220 0 1 0 0 0 0 0 0 0 0 1 0 1 1 0 0 1 1 1 x
0.049719258716392 0 1 0 0 0 0 0 0 1 0 1 0 0 1 1 0 1 0 1 x
0.110145028203104 0 1 0 0 0 1 0 1 1 0 1 1 1 1 1 1 1 0 1 x
0.075580458883370 1 0 0 0 0 1 0 0 1 1 1 0 1 0 1 0 1 1 0 x
0.146574313803813 0 1 0 0 0 1 1 1 0 1 1 1 1 1 0 1 1 0 1 x
0.056708717357315 1 0 0 0 0 0 1 0 0 1 1 1 0 1 1 1 0 0 1 x
0.140330644726413 0 1 0 0 0 0 1 1 1 0 1 1 1 1 0 0 1 1 1 x
0.057897764751404 1 0 1 0 0 0 0 0 1 1 1 1 1 1 0 0 1 0 1 x
0.135084966621367 0 1 0 0 1 0 1 0 0 0 1 1 0 1 0 1 0 0 1 x
0.071109362632196 1 0 1 0 0 0 0 0 1 1 1 1 1 1 0 0 1 1 0 x
0.124671038005357 1 0 1 0 0 0 1 0 1 0 1 1 1 1 1 0 1 0 0 x
0.078170235159803 0 1 0 0 0 0 1 0 0 1 1 1 1 0 0 1 0 1 1 x
0.076263520314148 0 1 0 0 0 1 0 0 1 0 1 1 1 1 0 0 1 0 1 x
0.091064437810633 1 0 0 0 1 0 0 1 0 1 0 1 0 1 1 1 0 0 1 x
0.075636191393840 1 0 0 0 0 0 1 1 0 1 0 1 1 1 0 1 0 1 0 x
0.068925095212970 1 0 1 0 0 0 0 0 1 1 1 1 0 1 0 0 0 1 1 x
0.075236167195186 0 1 0 0 0 0 0 0 1 0 1 1 0 0 0 0 1 1 1 x
0.124924230482176 0 0 1 1 0 0 0 1 0 1 1 1 1 0 1 1 1 0 1 x
0.110419927440610 0 1 0 1 0 0 0 1 0 1 1 1 0 0 1 1 0 0 1 x
0.093509868405300 1 0 0 0 0 0 1 1 0 0 1 1 0 0 1 1 1 0 1 x
0.077430222497981 0 1 0 0 0 0 0 0 1 1 1 0 1 0 1 0 0 1 1 x
0.124582795657588 1 1 0 0 0 1 0 0 1 1 1 1 1 1 1 0 0 1 0 x
0.063506459742507 0 1 0 0 0 0 0 1 1 0 0 1 1 1 0 1 1 0 1 x
0.069003446866340 0 1 0 0 0 0 0 0 1 0 0 1 0 1 1 0 1 1 0 x
0.099679702128154 1 0 0 0 1 0 0 0 1 1 1 1 0 0 1 0 0 1 1 x
0.131303045439949 0 1 0 0 1 0 0 0 1 1 0 0 0 1 1 0 1 1 0 x
0.060874120324551 1 0 0 0 0 0 0 0 0 1 0 0 0 1 0 0 0 1 1 x
0.104413921534107 1 0 0 0 1 0 1 1 0 0 1 1 1 1 0 1 0 1 0 x
0.080480206900032 1 0 1 0 0 0 0 1 1 0 1 1 0 1 1 0 0 0 1 x
0.081977510354380 0 1 1 0 0 0 0 0 1 1 1 1 1 1 1 0 1 0 1 x
0.082205698427156 0 0 1 0 0 0 1 0 0 1 1 0 1 1 0 1 1 0 1 x
0.067678126573955 1 0 0 0 0 0 0 0 1 0 1 1 0 1 1 1 0 0 1 x
0.070439822755769 0 1 0 0 0 0 0 1 1 0 1 1 0 1 1 1 1 0 1 x
0.074617884450265 1 0 0 1 0 0 0 0 1 1 1 1 0 1 1 0 0 1 0 x
0.093064577423140 1 1 0 0 0 0 1 0 1 1 1 1 1 1 1 0 1 0 1 x
0.068773887843778 1 0 0 0 0 0 1 0 0 1 0 0 1 0 1 1 1 0 0 x
0.073582443561181 1 0 0 0 0 0 1 0 0 1 0 0 0 1 1 0 1 0 1 x
0.116374172167331 0 0 1 0 0 1 0 0 1 0 1 0 1 0 1 0 1 1 0 x
0.080002217740699 1 0 1 0 0 0 0 1 1 0 1 1 1 0 1 1 0 0 1 x
0.060218225441880 1 0 0 0 0 0 1 0 0 1 0 1 1 0 0 1 1 1 0 x
0.076436111444695 1 0 0 0 0 0 0 0 0 1 0 0 1 0 0 1 1 1 0 x
0.058598691650069 1 0 0 0 0 0 1 0 0 1 1 1 0 0 1 0 1 1 0 x
0.062457188530512 0 1 0 0 0 0 0 0 1 0 1 1 0 1 0 0 1 0 1 x
0.121398256785144 1 1 0 0 0 0 1 1 0 1 1 1 1 0 1 1 1 0 0 x
0.130796631898930 1 1 0 1 0 0 0 1 1 1 1 1 1 1 0 1 0 0 1 x
0.095100016689982 1 0 0 0 1 0 1 0 0 1 1 1 1 0 1 1 1 0 0 x
0.059944791091301 0 1 0 0 0 0 1 0 0 0 0 0 1 1 1 0 0 1 0 x
0.105003965766203 0 0 0 1 1 0 0 0 0 1 0 0 1 1 1 1 0 0 1 x
0.067510090685409 0 0 1 0 0 0 0 0 0 1 1 1 1 0 0 0 1 1 1 x
0.063097373331245 1 0 0 1 0 0 0 0 1 1 1 1 1 1 0 0 1 1 0 x
0.155539103339253 0 1 0 0 0 1 1 0 1 0 0 0 1 1 1 1 1 0 0 x
0.076259520419319 1 0 0 0 0 0 1 0 0 1 0 1 1 1 1 0 1 1 0 x
0.115368956063632 0 1 1 0 0 0 1 0 1 0 1 1 1 1 1 0 0 1 0 x
0.062785164375803 1 0 0 0 0 0 0 1 1 0 1 1 1 0 1 0 1 1 0 x
0.070857431047384 0 1 0 0 0 0 1 0 0 1 0 1 0 1 1 0 1 1 0 x
0.069712942471040 1 0 0 0 0 0 0 0 1 0 1 0 0 0 1 1 1 0 1 x
0.061411080170880 1 0 0 1 0 0 0 0 1 1 1 1 0 1 1 0 1 0 1 x
0.073254693652117 0 1 0 1 0 0 0 0 1 0 1 1 1 1 0 0 1 0 1 x
0.046772584431055 0 1 0 0 0 0 0 0 0 0 1 0 0 1 1 0 0 1 0 x
0.081771716279074 0 1 0 0 0 0 0 0 0 1 1 1 0 1 1 0 1 1 0 x
0.068557174320653 0 1 0 0 0 0 1 0 0 1 0 1 1 1 0 0 0 1 1 x
0.067354327329134 0 1 0 0 0 0 1 0 0 1 1 0 1 1 1 1 0 0 1 x
0.056928723657248 1 0 0 0 0 0 1 0 0 1 1 1 0 1 0 1 1 1 0 x
0.079637735171931 1 0 0 0 0 0 1 0 1 1 0 0 1 0 1 0 1 1 0 x
0.104384077965169 1 1 0 0 0 0 1 1 0 1 0 1 1 1 1 0 0 0 1 x
0.071115062375787 0 1 0 0 0 0 0 1 0 0 0 1 0 1 0 0 0 1 1 x
0.063395487542424 0 0 0 0 1 0 0 0 0 0 1 0 0 0 1 1 0 1 0 x
0.072692773612195 0 1 0 0 0 0 1 0 0 1 1 0 1 0 1 0 1 1 0 x
0.065967029277728 1 0 1 0 0 0 0 0 0 1 1 1 1 0 0 0 0 1 1 x
0.097526808013074 1 0 0 0 0 1 0 1 1 0 1 1 1 0 0 1 1 1 0 x
0.131919710907383 1 0 0 0 1 1 0 0 1 0 1 0 1 1 0 1 0 1 0 x
0.051347256880680 1 0 0 0 0 1 0 0 0 1 1 1 0 1 1 0 1 0 1 x
0.081842288068081 1 0 0 0 0 1 0 0 0 1 0 1 0 1 0 1 1 0 1 x
0.100753343080034 1 0 0 0 0 1 0 0 1 1 0 0 0 1 1 0 1 0 1 x
0.119323065640024 0 1 0 0 1 0 0 1 0 0 1 1 0 1 1 0 0 1 1 x
0.087556929468301 1 0 0 0 0 1 1 0 0 1 1 1 1 0 1 1 1 0 0 x
0.079218393237500 0 0 0 1 0 0 0 0 0 1 1 0 1 0 0 1 1 1 1 x
0.076640813426860 0 0 1 1 0 0 0 0 0 1 1 1 1 1 0 0 0 1 1 x
0.084177040394770 1 1 0 0 0 0 0 1 0 1 1 1 1 0 0 1 0 1 1 x
0.080806452522623 1 1 0 0 0 0 1 0 1 1 1 1 1 1 0 0 1 1 0 x
0.057955684386458 1 0 0 0 0 0 0 1 0 0 1 1 1 1 0 1 1 0 1 x
0.051488772909895 1 0 0 0 0 0 0 1 0 1 0 0 1 1 1 0 1 0 1 x
0.062580552679612 0 1 0 1 0 0 0 0 1 1 1 1 1 1 1 0 0 1 1 x
0.080094551108366 0 1 0 0 1 0 0 0 1 0 1 1 1 1 0 1 1 0 1 x
0.085473980038837 1 0 0 0 0 1 0 1 0 1 0 1 1 0 1 0 1 0 1 x
0.086014892513371 1 0 0 0 0 1 0 1 0 1 1 1 0 1 1 1 1 0 1 x
0.061216487263265 0 1 0 1 0 0 0 0 0 1 1 1 1 1 0 0 0 1 1 x
0.108453480980692 0 1 0 1 0 0 0 0 1 1 1 1 1 0 0 0 1 1 1 x
0.037314166628386 1 0 0 0 0 0 0 0 1 0 1 1 1 0 0 0 1 1 1 x
0.045513458438281 1 0 0 0 0 0 0 0 1 0 1 0 1 0 0 1 0 1 1 x
0.079317932496468 0 1 0 1 0 0 0 0 1 1 0 1 1 1 1 0 0 0 1 x
0.064872127385812 1 0 0 0 0 0 0 0 0 1 0 0 1 1 1 0 0 1 1 x
0.108332833398887 0 0 1 0 0 0 1 0 0 1 1 1 1 0 0 1 0 1 1 x
0.039229698139984 1 0 0 0 0 0 0 0 1 0 1 0 1 0 1 0 1 0 1 x
0.071662877321568 1 0 0 0 0 0 1 0 0 1 0 0 0 1 1 1 0 1 0 x
0.047658537940429 1 0 0 0 0 0 0 0 0 1 0 1 1 0 0 0 1 1 1 x
0.043013009613025 1 0 0 0 0 0 0 0 1 0 1 1 1 0 0 1 1 0 1 x
0.052407172736367 1 0 0 0 0 0 0 1 0 1 1 1 0 1 1 0 1 0 1 x
0.041461933910680 1 0 0 0 0 0 0 0 0 1 1 0 1 0 1 0 1 0 1 x
0.033742794594142 1 0 0 0 0 0 0 0 0 1 1 1 0 0 1 0 0 1 1 x
0.088528625356848 0 0 1 0 0 0 0 1 1 0 1 0 1 1 1 0 1 1 0 x
0.075591821587024 1 0 1 0 0 0 0 1 1 1 1 1 0 1 0 1 0 0 1 x
0.105870659625303 0 1 0 0 1 0 1 0 0 1 0 1 1 1 1 0 0 1 0 x
0.102283224474597 1 0 1 0 0 1 0 0 0 1 1 1 1 1 0 0 1 0 1 x
0.051529371520071 1 0 0 0 0 0 0 1 1 0 0 1 1 0 1 0 1 0 1 x
0.044638225874558 1 0 0 0 0 0 0 1 0 0 1 0 1 0 1 1 0 0 1 x
0.114992439617279 0 0 0 0 1 1 0 0 0 1 0 0 1 1 1 1 1 0 0 x
0.091264470014942 1 0 0 1 0 0 0 1 1 0 1 1 1 0 1 0 0 1 1 x
0.063022378639703 0 1 0 0 0 0 1 0 0 1 0 1 1 1 0 1 1 0 1 x
0.080219490544013 0 1 0 0 0 0 1 0 0 0 0 1 0 0 1 0 1 1 0 x
0.056858882595689 1 0 0 0 0 0 0 1 1 0 0 0 1 0 1 1 0 0 1 x
0.151606610071734 0 1 0 0 1 1 0 0 1 0 1 1 1 0 1 0 1 1 0 x
0.043355609028767 1 0 0 0 0 0 0 0 1 0 1 0 0 1 1 0 0 1 1 x
0.073014588335497 1 0 0 0 0 1 0 0 1 1 0 1 1 1 0 1 1 1 0 x
0.090254343292134 1 0 0 1 0 0 0 1 1 1 1 0 1 1 1 1 0 1 0 x
0.056818080192848 0 1 0 0 0 0 0 0 0 1 0 1 0 1 1 0 1 0 1 x
0.085642520764419 0 0 1 0 0 0 0 1 0 1 1 1 1 1 0 1 0 1 1 x
0.091724566975177 1 0 0 0 0 0 1 1 0 1 0 0 1 1 1 1 1 0 0 x
0.043593848655469 0 1 0 0 0 0 0 0 1 0 0 1 1 1 0 0 0 1 1 x
0.105854174940604 0 1 0 0 1 1 0 0 0 1 1 1 1 1 0 1 0 0 1 x
0.036059042644194 1 0 0 0 0 0 0 0 0 1 1 1 0 1 0 0 1 1 1 x
0.066912281793622 0 1 0 0 0 0 0 0 1 1 1 0 0 1 1 1 0 0 1 x
0.060199100230494 0 1 0 0 0 0 0 1 0 0 1 0 0 0 1 1 0 1 0 x
0.031100929730803 1 0 0 0 0 0 0 0 0 0 1 1 0 1 0 0 0 1 1 x
0.061652892254739 1 0 1 0 0 0 0 1 1 1 1 1 1 0 1 0 1 0 1 x
0.044253631357210 1 0 0 0 0 0 0 0 1 0 1 1 0 1 0 0 1 0 1 x
0.075560296925182 0 0 1 0 0 0 0 0 0 1 1 0 1 1 1 0 1 0 1 x
0.114870623671055 1 1 0 0 0 0 1 0 1 0 1 1 1 1 0 1 0 1 0 x
0.048514102205456 0 1 0 0 0 0 0 0 1 0 1 1 0 1 1 0 0 1 1 x
0.083847089267242 1 0 0 0 1 0 0 0 1 1 0 1 1 0 0 1 1 0 1 x
0.085645293015962 1 0 1 0 0 0 1 0 1 1 1 1 0 1 1 0 0 1 0 x
0.055792860905304 1 0 0 0 0 0 1 0 0 1 0 1 0 1 1 0 0 1 1 x
0.067893923250542 0 0 0 1 0 0 0 0 0 1 1 0 1 0 1 1 0 1 1 x
0.039323777347643 1 0 0 0 0 0 0 0 1 0 1 1 0 0 1 0 0 1 1 x
0.085414011204545 1 0 0 0 1 0 0 1 0 0 1 0 1 1 0 1 0 0 1 x
0.100016232450803 0 1 0 0 1 0 0 0 1 0 0 1 0 1 1 0 0 0 1 x
0.085314842115461 0 1 0 1 0 0 0 0 0 1 1 0 1 1 1 0 0 1 0 x
0.096976616032545 0 0 0 0 1 0 0 1 0 0 1 0 0 0 1 1 1 1 0 x
0.191761924983273 0 0 1 0 1 1 0 1 0 0 1 1 1 1 1 1 0 1 0 x
0.061516253395030 1 0 0 1 0 0 0 1 0 1 1 1 1 1 0 0 1 0 1 x
0.110394562666338 1 0 1 0 1 0 0 0 1 1 1 1 1 1 0 1 0 0 1 x
0.076117357630544 1 0 0 1 0 0 0 1 1 0 1 1 1 1 0 0 1 1 0 x
0.072355963550929 1 0 0 0 1 0 0 0 0 0 1 1 1 1 0 0 1 1 0 x
0.139461433228501 1 0 1 1 0 0 0 1 1 1 1 1 1 1 0 1 0 1 0 x
0.079945549661525 0 1 0 0 0 0 0 0 1 0 1 0 0 0 1 0 0 1 0 x
0.062084867298996 0 0 1 0 0 0 0 0 1 0 1 1 1 1 0 0 1 1 1 x
0.065970748481734 0 1 0 0 0 0 1 0 1 0 0 1 1 1 1 0 0 1 1 x
0.109584422720785 0 1 0 0 0 1 0 1 0 1 1 0 0 1 1 1 1 0 0 x
0.108144662812001 0 0 0 0 1 0 1 0 0 1 0 0 0 1 1 1 1 0 0 x
0.075725426166946 0 0 0 1 0 0 0 0 0 1 1 0 0 0 1 1 1 1 0 x
0.059560551126396 1 0 0 0 0 1 0 0 0 1 1 1 0 1 0 0 1 1 0 x
0.124267639050089 1 0 0 0 1 1 0 0 0 1 1 1 0 1 1 0 1 1 0 x
0.058385309722195 1 1 0 0 0 0 0 1 1 1 1 1 1 0 1 0 1 0 1 x
0.048382395884322 1 0 0 0 0 0 0 0 0 1 1 1 0 1 0 0 1 0 1 x
0.101987757712731 0 0 1 1 0 0 0 0 1 1 1 1 1 0 1 0 0 1 1 x
0.074772845247140 0 0 0 0 1 0 0 0 1 0 0 0 1 0 1 0 1 1 0 x
0.064875785632377 0 0 0 0 1 0 0 0 0 0 0 0 1 1 0 0 1 1 0 x
0.099788109723698 0 0 0 1 1 0 0 0 0 1 1 1 1 0 1 0 1 1 0 x
0.048944223762983 0 0 0 0 1 0 0 0 0 0 0 0 0 1 1 0 0 1 0 x
0.048559543144227 0 1 0 0 0 0 0 0 1 0 1 0 1 1 1 0 0 1 1 x
0.072326307227638 0 0 1 0 0 0 0 0 1 0 0 1 1 1 0 0 1 1 0 x
0.091017822770917 1 0 0 1 0 0 0 1 1 1 1 0 1 0 1 1 1 0 0 x
0.080091904752642 0 0 1 0 0 0 0 0 0 1 1 0 1 1 0 0 1 1 0 x
0.069226970665792 0 1 0 0 0 0 1 0 0 1 1 1 0 1 1 1 1 0 1 x
0.061602443933200 0 0 0 0 1 0 0 0 0 0 0 0 1 0 0 1 0 1 1 x
0.063356510798998 0 0 0 0 1 0 0 0 0 0 0 1 0 1 0 1 0 1 1 x
0.051773174192064 1 0 0 0 0 0 0 0 1 0 1 0 1 1 0 0 1 1 0 x
0.086878319612702 0 1 0 0 0 1 0 0 0 1 1 0 1 1 0 0 0 1 1 x
0.095665169847731 1 1 0 0 0 1 0 0 1 1 1 1 1 0 1 0 1 0 1 x
0.061499211736904 1 0 0 0 0 0 0 0 1 0 0 1 1 1 0 0 1 1 0 x
0.066874792285780 0 0 0 0 1 0 0 0 0 0 0 0 1 0 1 0 1 1 0 x
0.072287233644161 0 0 0 1 0 0 0 0 1 0 0 1 1 0 0 1 0 1 1 x
0.069042010132104 0 0 0 1 0 0 0 0 0 1 0 1 1 1 0 1 0 1 1 x
0.090620359155120 0 0 0 0 0 0 1 0 0 0 0 0 1 1 0 1 0 1 1 x
0.090335956835231 0 0 0 1 0 0 0 1 0 0 1 1 0 1 0 1 0 1 1 x
0.072339242651448 0 0 0 1 0 0 0 1 0 0 0 1 1 1 0 1 1 0 1 x
0.146646212047521 0 0 0 0 1 1 0 0 1 0 0 0 1 1 0 1 1 0 1 x
0.081935381497896 0 0 0 0 1 0 0 0 0 0 0 1 1 0 0 1 1 1 0 x
0.117106578428310 0 0 0 1 1 0 0 0 1 0 0 1 1 1 0 0 1 1 0 x
0.076795385453791 1 0 0 0 1 0 0 1 0 0 1 1 1 0 1 0 1 0 1 x
0.133972897275248 0 0 0 1 1 0 0 1 0 0 0 1 1 1 0 1 0 0 1 x
0.066286967669880 0 0 0 1 0 0 0 0 1 0 0 1 0 1 0 1 1 0 1 x
0.064239569736970 0 0 0 1 0 0 0 0 0 0 0 1 0 0 0 1 0 1 1 x
0.059926842443151 0 0 0 1 0 0 0 0 0 1 0 0 0 1 1 1 0 0 1 x
0.086185266404511 1 0 0 1 0 0 0 1 0 1 0 1 1 1 0 0 1 1 0 x
0.074381827562689 0 0 0 1 0 0 0 0 1 0 0 1 0 0 1 1 0 1 1 x
0.055220551861621 1 0 0 0 0 0 0 1 0 0 1 1 0 1 0 0 1 1 1 x
0.094338886899710 0 0 0 1 0 0 0 0 1 1 0 0 0 1 1 1 1 0 0 x
0.080490334519182 1 0 0 1 0 0 0 1 1 1 1 1 1 0 1 1 1 0 1 x
0.078778384496558 0 0 1 0 0 0 1 0 0 0 1 1 1 1 0 0 1 1 0 x
0.062204745087161 0 0 0 1 0 0 0 0 0 0 0 1 1 0 0 0 1 1 1 x
0.045762058770573 0 0 0 1 0 0 0 0 0 0 0 0 1 1 0 0 0 1 1 x
0.066093711690190 0 0 0 1 0 0 0 0 1 0 0 0 1 1 0 0 1 0 1 x
0.086067818132790 0 0 0 1 0 0 0 0 1 0 0 1 0 1 0 0 0 1 1 x
0.078487400410401 0 0 0 1 0 0 1 0 0 0 0 1 1 1 0 1 1 0 1 x
0.075475830959531 0 0 0 1 0 0 1 0 0 0 0 1 0 1 1 1 0 0 1 x
0.099066791022867 0 0 0 1 0 0 1 0 0 1 0 1 0 1 1 1 1 0 1 x
0.099235843781824 0 1 0 1 0 0 0 1 0 0 0 1 1 1 1 0 0 0 1 x
0.075812630278379 0 0 0 1 0 0 0 1 0 0 0 0 0 0 1 1 0 1 0 x
0.084968621521413 0 0 0 1 0 0 1 0 0 0 0 1 0 0 1 1 0 1 0 x
0.067800928137548 0 0 0 1 0 0 0 0 1 0 0 1 1 1 0 0 1 1 1 x
0.099523841182954 1 1 0 0 0 1 0 0 1 1 1 1 0 1 0 0 1 0 1 x
0.045314162979005 0 0 1 0 0 0 0 0 0 0 0 1 1 1 0 0 0 1 1 x
0.067437897836745 0 0 0 0 1 0 0 0 0 0 0 0 0 1 1 1 0 0 1 x
0.088466633623028 0 0 0 1 0 0 0 0 0 0 0 0 0 1 0 1 0 1 1 x
0.064170183282842 0 0 0 1 0 0 0 0 1 0 0 0 1 0 1 0 1 1 0 x
0.098965333413610 0 0 0 1 0 0 0 1 0 1 0 0 1 0 1 0 1 1 0 x
0.095712929521500 0 0 1 0 1 0 0 0 0 1 0 1 1 1 0 0 0 1 1 x
0.042017923839059 1 0 0 0 0 0 0 1 0 0 0 0 1 1 1 0 0 0 1 x
0.082363386308009 0 0 0 1 0 0 0 0 1 0 1 0 0 0 1 0 1 1 0 x
0.058251088771198 1 0 0 0 0 1 0 0 0 1 0 1 1 1 0 0 1 1 0 x
0.059077513323667 1 0 0 0 1 0 0 0 0 1 1 1 1 0 0 1 0 1 1 x
0.075586023514382 1 0 1 0 0 0 0 1 1 1 0 1 1 1 1 0 0 0 1 x
0.056254468618712 1 0 0 0 0 0 1 0 0 1 0 0 1 0 1 1 0 0 1 x
0.142880743156505 0 1 1 0 1 0 0 1 0 1 1 1 1 1 1 0 0 0 1 x
0.082833908487410 0 0 1 0 0 1 0 0 0 1 0 1 1 1 0 0 1 1 0 x
0.078351423639416 1 0 0 0 1 0 0 0 1 0 0 0 1 1 1 0 0 0 1 x
0.047799070097133 1 0 0 0 0 0 0 1 0 0 1 0 1 0 1 0 0 1 1 x
0.073272876495983 0 1 0 0 0 0 1 0 1 0 0 1 0 1 1 1 0 0 1 x
0.107068866263248 1 0 0 1 0 0 1 0 1 1 1 1 0 1 1 1 1 0 0 x
0.053797654222135 0 1 0 0 0 0 1 0 0 0 0 1 1 1 0 0 1 0 1 x
0.065802665527770 0 0 0 1 0 0 0 0 0 0 0 0 1 0 0 1 1 0 1 x
0.140756241461004 1 1 0 0 1 0 1 0 1 1 1 1 1 1 0 1 0 1 0 x
0.067043029604847 0 0 1 0 0 0 0 1 0 0 0 1 1 1 0 0 1 1 0 x
0.082332314909522 1 0 0 0 0 1 0 0 1 0 1 1 0 0 1 0 1 0 1 x
0.048329608025118 1 0 0 0 0 0 1 0 0 1 0 1 1 0 1 0 1 0 1 x
0.043574738482214 1 0 0 0 0 0 0 0 1 0 0 0 1 1 0 0 0 1 1 x
0.098393846127546 0 1 1 0 0 0 0 1 0 1 1 1 1 0 0 1 1 0 1 x
0.139624951306155 0 1 1 0 0 1 0 1 1 1 1 0 1 1 1 0 1 0 0 x
0.049036919031110 1 0 0 0 0 0 0 1 0 0 0 0 1 1 0 0 1 0 1 x
0.073055924282739 0 1 0 0 0 0 0 1 0 1 1 1 0 0 1 1 0 1 1 x
0.047891118192303 0 0 1 0 0 0 0 0 0 0 0 0 1 1 0 0 1 0 1 x
0.061018458662396 0 0 1 0 0 0 0 0 1 0 0 0 1 1 1 0 0 0 1 x
0.099342917642001 1 0 0 0 1 1 0 0 0 1 1 1 1 0 0 1 1 0 0 x
0.065888507941148 0 0 0 1 0 0 0 0 1 0 0 0 0 0 1 1 0 0 1 x
0.061803997620354 0 1 0 0 0 0 0 0 1 0 0 1 1 0 0 0 1 1 1 x
0.071469411284293 0 1 0 0 0 0 0 0 1 0 0 1 1 1 1 0 1 0 1 x
0.059912161608641 1 0 0 0 0 1 0 0 0 1 1 1 0 1 0 1 0 1 1 x
0.052674187346332 0 0 1 0 0 0 0 0 1 0 0 0 1 1 0 0 1 0 1 x
0.049264950385216 1 0 0 1 0 0 0 0 0 1 1 1 1 1 0 0 0 1 1 x
0.048112371397993 1 0 0 0 0 1 0 0 0 0 1 1 1 1 0 0 1 0 1 x
0.085524324728888 1 0 0 0 1 1 0 0 0 1 1 1 1 1 0 1 0 0 1 x
0.089661536884169 0 0 0 0 1 0 1 0 0 0 0 1 0 1 1 1 0 1 0 x
0.093307604758386 0 0 1 1 0 0 0 0 1 1 0 1 1 1 1 0 0 0 1 x
0.082126416617144 1 0 1 0 0 0 0 1 1 1 0 1 1 1 0 1 0 1 0 x
0.086796603972060 0 1 0 0 0 0 1 1 0 0 0 1 1 0 1 1 0 1 0 x
0.040674726828934 0 1 0 0 0 0 0 0 0 0 0 0 0 1 1 0 0 0 1 x
0.137673850319574 0 0 0 1 1 0 0 0 0 1 0 0 0 0 1 1 1 0 0 x
0.096585911350290 0 1 0 0 1 0 0 0 0 1 1 1 1 0 0 0 1 1 1 x
0.109182235529892 1 0 1 0 1 0 0 0 1 1 1 1 0 1 1 0 0 0 1 x
0.090158229590805 1 0 1 0 0 0 1 0 1 1 1 1 0 1 0 1 1 0 0 x
0.046539209997952 1 0 0 0 0 0 1 0 0 0 0 1 1 1 0 0 1 0 1 x
0.111338968859057 1 0 1 0 0 0 1 1 1 1 1 1 1 0 1 1 0 0 0 x
0.073910437646508 0 0 1 0 0 0 0 1 0 0 0 0 1 1 0 0 0 1 1 x
0.043740342489600 0 0 0 1 0 0 0 0 0 0 0 1 0 1 0 0 1 0 1 x
0.052181792231595 1 0 0 0 0 0 0 1 0 0 1 1 1 0 0 0 1 0 1 x
0.083759126003207 0 0 1 0 0 1 0 0 0 0 0 1 1 1 0 0 0 1 1 x
0.065337044773610 0 0 1 0 0 0 1 0 0 0 0 1 1 1 0 0 1 0 1 x
0.060959628046600 0 0 0 1 0 0 0 0 0 0 0 0 0 0 1 0 1 0 1 x
0.078169149252839 1 0 1 0 0 0 0 1 0 1 1 1 0 1 0 1 0 1 0 x
0.056631004138286 0 0 1 0 0 0 0 0 0 0 1 1 0 1 0 0 1 1 1 x
0.087756671390881 0 0 1 0 0 0 1 0 0 0 0 1 0 1 0 1 1 0 1 x
0.088245473422150 0 0 1 1 0 0 0 0 0 1 1 1 0 1 1 0 0 0 1 x
0.107316305278445 0 0 0 1 0 1 0 0 0 0 0 0 1 1 0 0 1 0 1 x
0.034814199349261 0 0 0 1 0 0 0 0 0 0 0 0 0 1 1 0 0 0 1 x
0.056897642586345 0 0 1 0 0 0 0 0 1 0 0 1 0 1 1 0 1 0 1 x
0.066778256243300 0 0 0 1 0 0 0 0 1 0 0 1 0 1 1 0 1 0 1 x
0.051696124181334 1 0 0 0 0 0 1 0 0 0 1 1 0 1 1 0 1 0 1 x
0.076754124118920 0 0 0 0 1 0 0 0 1 0 0 0 0 1 1 1 0 1 0 x
0.091699097961095 0 0 1 0 1 0 0 0 0 1 0 0 1 1 1 0 0 0 1 x
0.067163754616580 0 0 0 1 0 0 0 1 0 0 0 0 0 1 1 1 0 0 1 x
0.115094062861245 0 0 0 1 1 0 0 0 0 1 0 1 1 1 0 0 0 1 1 x
0.063438423202734 0 0 1 0 0 0 0 0 0 0 1 1 0 1 0 1 1 0 1 x
0.068754182802651 1 0 0 0 0 0 1 0 1 0 0 1 0 1 1 0 0 0 1 x
0.068952512167892 1 0 0 0 0 0 1 0 0 1 1 1 1 1 0 0 1 1 0 x
0.099968107592942 0 0 0 1 0 0 1 0 0 1 0 0 1 0 1 1 0 1 0 x
0.035015864701610 0 0 1 0 0 0 0 0 0 0 0 0 0 1 1 0 0 0 1 x
0.073193855010224 0 0 1 0 0 0 0 1 0 0 0 1 0 1 0 0 1 0 1 x
0.044788164519935 0 0 1 0 0 0 0 0 0 0 0 1 0 1 1 0 0 0 1 x
0.070448575332900 0 0 1 0 0 0 0 1 0 0 0 1 0 1 1 0 1 1 0 x
0.083839211332162 0 1 0 0 0 0 1 1 0 0 0 1 1 1 0 1 0 0 1 x
0.114408759924803 0 0 0 0 0 0 1 0 0 0 0 0 0 0 1 1 1 1 0 x
0.061144506149209 1 0 1 0 0 0 0 0 1 1 1 1 1 0 0 1 0 1 1 x
0.062597496161835 0 0 1 0 0 0 0 0 0 0 0 1 0 1 1 0 0 1 1 x
0.114220899871790 0 0 1 1 0 0 0 0 0 0 0 1 0 1 1 0 0 0 1 x
0.078365155991416 0 0 0 1 0 0 0 1 0 0 0 1 0 0 1 1 1 0 0 x
0.123071843140832 0 0 0 0 1 1 0 0 0 1 0 0 1 1 0 1 0 1 0 x
0.071338130072936 0 0 0 1 0 0 0 0 0 0 0 1 0 1 1 0 0 1 0 x
0.109095338327917 0 0 1 0 1 0 0 0 1 1 0 1 0 1 1 1 0 0 1 x
0.050715712597570 1 0 0 0 0 0 0 0 0 0 0 0 0 1 1 0 0 0 1 x
0.054467054805808 0 0 1 0 0 0 0 0 0 1 0 0 0 1 1 0 1 0 1 x
0.085782802238791 1 0 1 0 0 0 0 1 1 0 1 1 1 0 0 0 1 1 0 x
0.083521250669999 0 0 1 0 0 1 0 0 0 0 0 1 0 1 1 0 0 0 1 x
0.059161385571948 1 1 0 0 0 0 0 1 1 1 1 1 1 1 0 0 1 0 1 x
0.075953335813871 0 0 1 0 0 0 1 0 0 0 0 1 0 1 1 0 1 0 0 x
0.041054979744653 0 0 1 0 0 0 0 0 0 0 0 1 0 1 0 0 1 0 1 x
0.123349224277796 0 0 1 1 0 1 0 0 0 1 1 1 1 1 1 0 0 0 1 x
0.046891435747913 0 0 0 1 0 0 0 0 0 0 0 1 0 0 1 1 0 0 1 x
0.084908139798546 0 0 1 0 1 0 0 0 0 1 1 1 0 1 1 0 1 0 1 x
0.042865103684560 1 0 0 0 0 0 0 0 0 0 1 1 0 0 1 0 1 0 1 x
0.080199022261826 1 0 0 0 1 0 0 0 0 0 0 1 1 1 0 0 1 0 1 x
0.049857281563259 1 0 0 0 0 0 1 0 0 1 0 1 1 1 0 1 0 1 1 x
0.066855931266924 0 0 0 1 0 0 0 0 0 1 0 1 0 0 1 1 1 0 1 x
0.048234058919449 1 0 0 0 0 0 1 0 0 0 0 0 1 1 1 0 0 0 1 x
0.182826230089353 0 1 1 1 0 0 0 0 0 1 1 1 1 1 1 0 0 0 1 x
0.047918164788428 1 0 0 0 0 0 1 0 0 0 1 1 1 0 0 1 1 0 1 x
0.053606279428113 0 1 0 0 0 0 0 1 0 0 0 0 0 1 1 0 0 1 0 x
0.081550429369196 0 0 1 0 0 0 1 0 0 1 1 1 0 1 1 1 1 0 1 x
0.079432579978975 0 1 0 0 0 0 0 1 1 0 0 0 1 0 1 0 1 1 0 x
0.072820306810436 1 0 0 0 0 0 1 0 1 1 0 0 1 1 0 1 0 1 0 x
0.144564444655360 0 0 0 1 1 0 1 0 0 1 1 1 1 0 1 1 1 0 0 x
0.092559585627883 1 1 0 0 0 0 1 0 1 1 0 1 1 0 1 0 0 1 0 x
0.087807891270827 0 0 0 1 0 0 1 0 0 0 0 1 1 1 0 0 0 1 1 x
0.041450566765577 1 0 0 0 0 0 0 1 0 0 1 0 1 1 0 0 0 1 1 x
0.071864148753837 1 1 0 0 0 0 0 0 1 1 1 1 1 0 0 0 1 1 1 x
0.050335186460149 0 0 0 1 0 0 0 0 0 0 0 0 0 1 1 0 1 0 0 x
0.070841352958735 1 0 0 0 1 0 0 0 1 0 1 1 1 0 0 0 1 1 0 x
0.043047697430767 0 0 1 0 0 0 0 0 0 0 1 0 1 1 0 0 0 1 1 x
0.068651262467657 1 0 0 1 0 0 0 0 1 1 0 1 1 1 0 0 0 1 1 x
0.119987951317009 0 0 1 0 0 1 1 0 0 0 0 1 1 1 1 0 1 0 0 x
0.053948755810509 0 0 1 0 0 0 0 0 0 1 0 1 0 1 0 1 0 1 1 x
0.098332043922922 1 1 0 0 0 0 1 0 1 1 1 1 0 1 1 0 1 0 0 x
0.058795249331641 0 1 0 0 0 0 1 0 0 0 0 1 0 1 1 0 0 0 1 x
0.080790912444550 0 1 1 0 0 0 0 0 1 1 1 1 1 0 0 1 0 1 1 x
0.101384280124843 1 0 0 0 1 0 1 0 0 1 0 1 1 0 1 1 0 0 1 x
0.052985505927295 0 0 0 0 1 0 0 0 0 0 0 1 0 0 0 1 1 0 1 x
0.044538954335609 1 0 0 0 0 0 1 0 0 1 1 1 1 0 1 1 0 1 1 x
0.058388115168043 1 0 0 0 0 0 1 0 0 0 1 1 1 0 0 0 0 1 1 x
0.051024654066176 1 0 0 0 0 0 1 0 0 0 1 0 1 0 1 1 0 0 1 x
0.055003723504550 0 0 0 1 0 0 0 0 0 0 1 1 0 0 0 1 1 0 1 x
0.055395778323362 1 0 0 0 0 0 0 0 1 1 0 1 0 1 0 1 1 1 0 x
0.085144534559230 0 0 0 0 1 0 1 0 0 0 0 1 1 1 0 1 1 0 1 x
0.092323099546014 1 0 0 0 1 0 1 0 0 1 0 1 1 1 0 1 0 1 0 x
0.046509988931035 1 0 0 0 0 0 0 0 1 0 1 0 0 0 1 0 1 1 0 x
0.071366354304404 0 0 0 0 1 0 0 0 0 0 0 1 0 1 0 1 1 0 1 x
0.133041411336253 0 1 1 0 0 1 0 0 1 1 1 1 1 1 0 1 1 0 1 x
0.113985323754743 0 1 0 0 1 0 0 1 0 0 1 1 1 0 0 1 1 0 1 x
0.047045263919350 0 0 0 0 0 1 0 0 0 0 0 0 0 1 0 0 1 1 0 x
0.068812028197899 0 0 0 0 0 1 0 0 0 0 0 1 0 1 0 1 0 1 1 x
0.090157175804358 0 0 1 0 1 0 0 0 0 1 1 1 1 0 1 1 1 0 1 x
0.066071767229162 0 0 0 0 0 1 0 0 0 0 0 1 0 0 0 1 1 1 0 x
0.087070053229833 0 0 1 0 0 1 0 0 0 0 1 1 0 1 0 0 1 1 0 x
0.080490474519474 0 0 0 0 0 1 0 0 0 0 0 0 1 1 0 0 1 1 0 x
0.106190388851853 0 0 0 1 0 1 0 0 0 0 0 1 0 1 0 0 1 1 0 x
0.058739039812305 0 0 0 0 1 0 0 0 0 0 0 1 0 0 1 0 1 1 0 x
0.072867757534580 0 1 0 0 0 1 0 0 0 0 0 1 1 1 0 0 0 1 1 x
0.084578431867440 0 0 0 0 0 1 0 0 0 0 0 0 0 1 1 0 1 0 0 x
0.090904134318411 0 1 0 0 0 1 0 0 0 0 0 0 0 1 1 0 0 1 0 x
0.071381049922210 0 0 0 0 0 1 0 0 0 0 0 0 0 1 0 1 1 0 1 x
0.076963198528405 0 1 0 0 1 0 0 0 1 0 1 1 1 1 0 0 0 1 1 x
0.063345285674104 0 1 0 0 0 0 1 0 0 0 0 0 0 1 1 0 1 0 0 x
0.114262712705094 0 0 1 0 1 0 1 0 0 1 1 1 1 1 1 0 1 0 1 x
0.050384881789245 1 0 0 0 0 1 0 0 0 1 1 1 1 0 0 1 1 0 1 x
0.079340120477781 0 1 0 0 1 0 0 0 1 1 1 0 1 1 1 1 0 0 1 x
0.073819055736339 1 1 0 0 0 0 0 1 1 1 1 1 0 1 1 1 0 0 1 x
0.089822701744383 0 1 1 0 0 0 0 1 1 1 1 1 1 0 1 0 0 1 1 x
0.089440645933803 0 0 0 0 0 1 0 0 0 0 0 0 0 1 0 1 1 1 0 x
0.097498291515632 0 1 0 0 0 1 0 0 0 0 0 1 0 1 0 0 1 0 1 x
0.147474218398532 0 0 0 0 0 0 0 0 0 0 0 1 0 0 0 1 0 1 1 x
0.178475254482348 0 0 1 1 1 0 0 0 1 1 1 1 1 1 1 0 1 1 0 x
0.114551407673235 0 0 0 1 0 1 0 0 1 0 0 1 0 1 1 1 0 0 1 x
0.103352251689835 0 0 1 0 0 1 0 0 0 1 1 1 0 1 0 1 0 1 1 x
0.164074538298699 0 0 0 0 1 1 0 0 0 0 0 1 0 0 0 0 1 1 0 x
0.190863288073223 1 0 1 0 1 1 0 1 1 1 1 1 1 1 1 1 0 0 0 x
0.074585273712019 0 1 0 0 0 1 0 0 0 1 1 0 1 0 1 1 0 1 0 x
0.127712739325022 0 0 0 1 0 1 0 0 0 0 1 1 0 0 0 1 1 0 1 x
0.180405436446569 1 1 0 0 1 1 1 0 0 1 1 1 1 1 0 0 1 0 0 x
0.064797240774831 1 0 0 0 0 1 0 0 0 0 1 0 1 0 1 1 0 0 1 x
0.080032628699936 0 1 0 0 0 1 0 0 0 1 0 0 1 1 1 1 0 0 1 x
0.070057047730995 1 0 0 0 0 1 0 1 0 0 0 1 1 1 0 1 0 0 1 x
0.094393145671169 0 1 0 0 0 1 0 0 1 1 1 0 1 0 1 1 1 0 0 x
0.126383589957518 0 0 0 1 1 0 0 0 0 0 0 1 1 0 0 1 1 0 1 x
0.131083516890777 1 0 0 1 1 0 0 1 0 1 1 1 1 1 0 0 1 1 0 x
0.072807721355017 1 0 0 0 0 1 1 0 0 0 1 1 1 1 0 1 0 0 1 x
0.088078356921639 0 1 0 0 0 1 0 0 1 1 0 1 1 1 0 1 0 1 1 x
0.055677240715574 1 0 0 0 0 1 0 0 0 1 0 1 1 0 1 1 0 0 1 x
0.082156850176489 0 1 0 0 1 0 0 0 0 1 1 0 1 0 1 1 0 1 0 x
0.109351261009277 0 0 0 0 0 1 1 0 0 0 0 0 1 1 0 1 0 0 1 x
0.069592167411093 1 0 0 0 0 1 0 0 0 0 1 1 0 1 0 0 0 1 1 x
0.060255106954235 1 0 0 0 0 1 0 0 0 1 1 1 0 0 1 1 0 1 0 x
0.064531412109594 1 0 0 0 1 0 0 0 0 1 1 0 1 0 1 1 0 0 1 x
0.087918644044319 0 0 1 0 0 1 0 0 0 1 0 0 1 1 1 0 0 0 1 x
0.058336951023750 0 0 0 1 0 0 0 0 0 0 0 0 1 1 0 0 1 1 0 x
0.077378551167444 1 0 0 0 0 1 0 1 0 1 0 1 1 0 1 1 0 1 0 x
0.067582591189349 1 0 0 0 0 1 0 0 1 1 0 1 1 0 1 1 0 1 0 x
0.125142601891248 0 0 1 0 0 1 0 1 0 1 1 1 1 0 1 1 1 1 0 x
0.091531209532733 0 1 0 0 1 0 0 0 0 1 0 1 1 1 0 1 0 1 1 x
0.080477396386328 1 0 0 0 0 1 0 0 1 1 0 1 0 1 0 1 0 1 0 x
0.068155571990172 0 0 1 0 0 0 0 0 1 1 0 0 1 1 0 1 0 1 1 x
0.110340647549017 1 0 0 0 1 1 0 0 0 1 1 0 1 1 1 0 1 0 0 x
0.049923892988897 0 0 0 0 1 0 0 0 0 0 0 0 0 0 1 0 1 0 1 x
0.170687670870769 0 0 0 1 1 0 0 0 1 1 1 0 1 0 1 1 0 1 1 x
0.088366473938885 1 0 0 0 1 0 0 0 1 0 1 1 0 0 1 0 1 0 1 x
0.060755669248134 1 0 0 0 1 0 0 0 0 1 1 1 0 0 1 1 0 0 1 x
0.065500768741073 0 0 0 1 0 0 0 0 0 1 0 1 0 0 1 0 1 1 0 x
0.090256651631060 1 1 0 0 0 1 0 1 1 1 1 1 1 0 1 1 0 0 1 x
0.116203173177596 0 0 1 0 1 0 0 1 0 1 1 1 1 0 1 0 1 1 0 x
0.099020176102128 0 1 0 0 0 1 0 0 1 0 1 1 1 0 0 1 0 1 1 x
0.107144237738617 0 0 1 0 1 0 0 0 0 1 1 1 0 1 0 1 0 1 1 x
0.075514900488385 1 0 0 1 0 0 0 0 1 0 1 1 1 1 1 0 0 0 1 x
0.164513319491303 0 1 0 0 1 1 0 0 0 1 1 0 1 1 1 1 1 0 0 x
0.054113515990864 1 0 0 0 0 1 0 0 0 1 1 1 1 0 0 1 0 1 1 x
0.071744574559125 1 0 0 0 1 0 0 0 1 0 1 0 1 1 0 1 0 1 0 x
0.076067651799880 1 0 1 0 0 0 0 0 1 1 1 1 0 1 1 1 0 0 1 x
0.059426867016982 0 0 0 0 1 0 0 0 0 0 0 0 1 0 0 1 1 0 1 x
0.104929354061191 1 1 0 0 0 0 1 0 1 1 1 0 1 0 1 1 0 1 0 x
0.093267412220234 0 1 0 0 1 0 0 0 1 0 1 1 0 0 1 1 0 1 0 x
0.052776937281319 1 0 0 0 0 0 1 0 0 0 1 0 1 1 0 0 0 1 1 x
0.092011773624876 0 0 1 0 0 1 0 0 0 1 0 1 0 1 1 0 1 1 0 x
0.058420123311801 0 0 0 1 0 0 0 0 0 0 0 0 1 1 1 0 0 0 1 x
0.075432551776476 0 0 0 1 0 0 0 0 0 1 0 1 1 0 0 1 1 1 0 x
0.078654983713911 0 0 0 0 0 1 0 0 0 0 0 1 0 1 0 0 1 1 0 x
0.065226926523545 1 0 0 0 0 1 0 0 0 1 1 0 1 1 1 1 0 0 1 x
0.180896093187775 0 0 1 1 0 1 0 0 0 1 0 1 1 0 1 1 0 1 0 x
0.034473138246980 0 0 0 1 0 0 0 0 0 0 0 0 0 0 1 0 1 0 0 x
0.070979191650221 1 0 0 0 1 0 0 0 0 1 0 1 1 0 1 0 1 0 1 x
0.043245195134422 0 0 0 1 0 0 0 0 0 0 0 1 0 0 0 0 1 1 0 x
0.037597488472306 0 0 0 0 0 1 0 0 0 0 0 0 0 0 0 0 1 1 0 x
0.045374079116152 0 0 1 0 0 0 0 0 0 0 0 0 1 0 0 0 1 1 0 x
0.075122114143425 0 0 1 0 0 0 0 0 0 0 0 0 0 0 1 0 1 1 0 x
0.117694058783057 1 0 0 0 1 1 0 0 0 0 1 1 1 0 1 1 0 0 1 x
0.078995681273272 1 0 0 0 1 0 0 1 0 1 1 1 0 1 1 0 1 1 0 x
0.069973352802785 0 0 1 0 1 0 0 0 0 1 1 1 1 1 1 0 0 1 1 x
0.085890451769339 1 0 0 0 0 1 0 0 1 1 0 1 1 0 0 1 1 0 0 x
0.061027722083737 0 0 0 0 1 0 0 0 0 0 0 0 0 1 1 0 0 1 1 x
0.086747258102532 0 0 1 0 0 0 1 0 0 1 0 1 1 0 0 1 1 1 0 x
0.107860777429914 0 0 0 0 0 0 0 0 0 0 0 0 0 0 0 0 1 1 0 x
0.130046703285197 0 1 0 0 0 1 0 1 0 1 1 0 1 0 1 1 1 1 0 x
0.159239846910156 0 0 1 0 0 1 0 1 0 0 0 0 1 0 1 0 1 0 0 x
0.045222389986471 0 0 0 0 0 1 0 0 0 0 0 0 0 1 0 0 0 1 1 x
0.131634235302181 0 0 1 0 0 1 1 0 0 1 1 1 0 1 1 1 1 0 0 x
0.072563161996858 0 1 0 0 0 1 0 0 0 1 1 1 0 1 0 1 1 0 1 x
0.140727869949842 1 1 0 0 1 1 0 1 1 1 1 1 1 1 0 1 0 0 1 x
0.095801921597253 1 1 0 0 0 1 0 0 1 1 1 1 1 1 0 1 0 0 1 x
0.052347204826271 1 0 0 0 0 1 0 0 0 0 1 1 0 1 0 1 0 0 1 x
0.053255549226394 0 0 0 0 0 1 0 0 0 0 0 0 0 0 1 1 0 1 0 x
0.046461723925120 1 0 0 0 0 0 1 0 0 0 1 0 1 1 0 1 0 0 1 x
0.047289987903917 0 0 1 0 0 0 0 0 0 1 0 0 1 1 0 0 0 1 1 x
0.066724387834708 0 1 0 0 1 0 0 0 0 1 1 1 1 0 1 1 0 0 1 x
0.054274901061616 1 0 0 0 0 1 0 0 0 0 1 1 1 0 0 0 1 1 0 x
0.147275430970021 0 1 0 1 1 0 0 0 0 1 1 1 1 1 1 0 0 1 0 x
0.206539150634914 1 1 1 0 0 1 1 1 1 1 1 1 1 1 1 0 0 0 0 x
0.082424158689124 0 1 0 0 0 1 0 0 0 0 0 1 1 0 0 0 1 1 0 x
0.060439892900852 1 0 0 0 0 0 1 1 0 0 1 1 1 1 0 1 0 1 1 x
0.073401263437341 0 0 0 0 1 0 0 0 0 1 0 1 0 0 1 1 1 0 1 x
0.085507186358463 1 0 0 0 0 1 0 0 1 0 0 1 0 1 0 0 1 1 0 x
0.121031438143594 0 0 0 1 0 1 0 0 0 1 0 0 0 1 1 0 1 0 0 x
0.097787852077432 0 0 1 1 0 0 0 0 0 1 1 1 1 0 0 1 1 1 0 x
0.078701291221671 0 0 0 0 0 1 0 0 1 0 0 0 0 0 1 0 1 1 0 x
0.135138859861585 0 0 1 0 1 1 0 0 0 1 1 1 1 1 1 1 0 0 1 x
0.119533961581027 0 1 0 1 0 1 0 0 1 1 1 1 1 1 1 0 1 0 1 x
0.082874100377460 0 1 0 0 0 1 0 1 0 0 1 1 1 1 0 1 0 0 1 x
0.077827162983693 1 0 1 0 0 0 0 1 1 1 1 1 0 1 1 0 1 1 0 x
0.092492277583165 0 0 1 0 1 0 0 0 1 0 1 1 1 1 0 0 1 0 1 x
0.069334512511654 1 0 0 0 0 1 0 0 0 1 1 1 0 0 1 1 1 0 1 x
0.072296684550061 1 0 0 0 0 1 0 1 0 0 1 0 1 1 1 0 0 0 1 x
0.156871891170455 1 0 0 0 1 1 1 0 0 1 0 1 1 1 1 1 0 0 0 x
0.084321867597994 0 0 1 0 0 0 0 1 1 0 0 1 0 1 1 1 0 0 1 x
0.055780966043945 0 0 0 1 0 0 0 0 0 0 1 0 1 0 0 0 1 1 0 x
0.050936093812882 0 0 0 0 0 1 0 0 0 0 0 0 0 0 1 0 1 1 0 x
0.124429249824951 1 0 0 1 0 1 0 1 0 1 1 1 1 1 1 1 0 0 1 x
0.054584732328528 1 0 0 0 0 1 0 0 0 0 1 0 1 1 0 1 0 0 1 x
0.094800986015746 0 0 1 0 0 0 0 1 1 0 0 1 1 0 0 1 1 1 0 x
0.068107666105345 0 1 0 0 0 0 0 0 1 0 0 0 0 1 1 0 0 1 1 x
0.085107017423725 1 0 0 1 0 0 0 1 0 0 1 0 1 1 1 0 0 0 1 x
0.053578431830300 0 0 0 0 0 1 0 0 0 0 0 0 0 1 1 0 0 0 1 x
0.098341570220290 0 0 0 1 0 0 1 0 0 0 0 0 1 0 1 0 1 0 0 x
0.045933874294415 1 0 0 0 0 0 0 1 0 0 1 0 0 1 1 0 0 0 1 x
0.151611035527300 1 1 0 0 1 0 0 1 1 0 1 1 1 0 1 1 0 0 1 x
0.140600310024470 0 1 1 0 0 0 1 0 0 1 1 0 1 0 1 1 0 1 0 x
0.086227671123763 1 0 0 0 1 0 0 0 1 1 0 0 1 1 0 0 1 1 0 x
0.089977578334124 0 0 0 0 1 0 1 0 0 0 0 0 1 0 1 1 0 0 1 x
0.074554538222363 0 1 0 0 0 1 0 0 1 0 1 1 0 1 1 1 0 0 1 x
0.095028397827723 0 0 1 1 0 0 0 0 1 1 1 1 1 1 1 1 0 1 1 x
0.097211690405896 0 1 1 0 0 0 0 0 1 1 1 1 1 0 0 0 1 1 1 x
0.090527391106547 0 1 0 1 0 0 0 0 1 0 1 1 1 0 1 0 1 1 0 x
0.047315916216603 0 0 0 0 1 0 0 0 0 0 0 0 1 1 0 0 0 1 1 x
0.229641376713906 0 1 1 0 1 1 1 0 1 1 1 1 1 1 1 0 1 0 0 x
0.103729587470125 0 0 0 1 1 0 0 0 0 1 0 0 1 1 1 0 1 0 0 x
0.091145017172066 0 0 0 1 0 0 0 0 1 0 0 1 1 0 0 0 1 1 0 x
0.064517563284243 1 0 1 0 0 0 0 1 1 1 1 1 1 0 1 0 0 1 1 x
0.082536584933156 0 0 0 0 1 0 0 0 1 0 0 1 1 1 0 1 0 1 1 x
0.067871223174570 1 0 0 0 0 0 1 1 0 0 1 1 1 0 1 1 0 1 0 x
0.166572048066239 0 0 1 0 0 1 0 0 0 0 0 0 0 1 0 0 0 1 0 x
0.086394022403642 0 0 1 0 0 1 0 0 0 1 1 1 1 1 0 0 1 1 1 x
0.067190817503042 0 0 0 0 0 1 0 0 0 0 1 0 0 1 0 0 1 1 1 x
0.082468265542952 0 1 0 0 0 1 0 0 0 1 0 1 0 0 1 1 0 1 0 x
0.065541813914757 0 0 0 1 0 0 0 0 0 0 1 1 1 1 0 0 1 1 1 x
0.061453642721224 1 0 0 0 0 1 0 0 0 1 0 1 1 0 0 1 0 1 0 x
0.060829121893751 0 0 0 0 0 1 0 0 0 0 1 0 0 0 0 1 0 1 1 x
0.088894827415612 0 0 0 1 0 0 1 0 0 0 1 1 0 1 0 1 1 0 1 x
0.070573856377565 1 0 0 0 0 1 0 1 0 1 1 1 1 0 1 1 0 0 1 x
0.080106010445648 1 1 0 0 0 0 0 1 1 1 1 1 1 0 1 1 0 1 0 x
0.071441457061983 0 1 0 0 1 0 0 0 0 1 1 0 1 1 1 0 0 0 1 x
0.103522502637476 1 0 1 0 0 1 0 1 0 1 1 1 1 1 1 0 0 0 1 x
0.053619180817541 0 0 1 0 0 0 0 0 0 1 1 0 0 1 1 0 0 1 1 x
0.075374041254823 0 0 1 0 0 0 0 0 1 1 0 1 0 1 1 0 0 1 1 x
0.074033515704081 1 0 0 0 0 1 0 0 1 0 1 0 0 1 1 1 0 0 1 x
0.140339916931555 0 0 1 0 1 0 0 1 1 0 0 1 1 1 1 0 1 1 0 x
0.077765989506036 1 0 0 1 0 0 0 0 0 0 1 1 1 0 0 0 1 1 0 x
0.198271690479780 1 0 1 1 0 1 0 1 1 1 1 1 1 1 1 0 1 0 0 x
0.067926805817683 1 0 0 1 0 0 0 0 0 1 1 1 0 1 0 0 1 1 0 x
0.090185553864211 0 0 1 0 0 1 0 0 1 0 1 0 1 1 1 1 0 0 1 x
0.090041968375237 1 1 0 0 0 1 0 0 1 1 1 1 1 0 0 0 1 1 0 x
0.126639774205237 1 0 1 0 1 0 0 1 1 1 1 0 1 1 1 0 0 1 0 x
0.056756772219782 1 0 0 0 0 1 0 0 0 1 1 1 1 0 0 1 1 1 0 x
0.035703276745785 0 1 0 0 0 0 0 0 0 0 1 1 0 1 0 0 0 1 1 x
0.084190650266931 1 0 1 0 0 0 0 0 1 0 1 0 1 1 0 0 0 0 1 x
0.116115686199271 0 0 0 1 0 1 0 0 0 1 1 0 1 1 0 1 0 1 1 x
0.094969004896736 0 1 1 0 0 0 0 0 1 0 0 1 1 1 0 0 0 0 1 x
0.074412295130069 1 0 0 1 0 0 1 0 0 1 1 1 1 1 0 0 1 0 1 x
0.103913625840744 0 1 0 0 0 1 0 0 0 0 1 1 0 0 0 0 1 1 0 x
0.043549940855594 0 0 0 0 0 1 0 0 0 0 0 0 0 0 1 1 0 0 1 x
0.102559763733567 0 1 0 0 0 1 0 0 1 1 1 0 0 1 1 0 1 1 0 x
0.074859861715075 0 1 0 0 0 1 0 0 0 1 1 0 0 1 1 1 0 0 1 x
0.057673709659026 0 0 0 0 1 0 0 0 0 0 0 0 0 0 1 1 1 0 0 x
0.100673488421976 0 0 1 0 0 1 0 0 0 1 0 1 1 0 1 1 0 1 1 x
0.125876749047027 1 1 0 0 0 1 0 1 1 1 1 1 1 1 1 0 1 0 0 x
0.083219642398017 0 0 0 0 0 1 0 1 0 0 0 0 0 1 1 1 0 0 1 x
0.101324600248839 1 0 0 1 0 0 1 1 0 1 1 1 1 0 1 1 0 1 0 x
0.084411423422430 1 0 1 0 0 0 1 0 0 1 1 1 1 1 0 1 0 0 1 x
0.099517121587301 0 0 0 1 0 1 0 0 0 1 0 1 1 0 1 1 0 0 1 x
0.065849391069622 0 0 0 0 0 1 0 0 0 1 0 0 0 0 0 1 1 1 0 x
0.068190014404759 0 1 0 0 0 1 0 0 0 1 1 1 1 0 1 1 0 0 1 x
0.085143732374615 0 1 0 0 0 1 0 0 1 0 0 0 1 1 1 0 0 0 1 x
0.130376687984350 0 0 0 0 1 1 0 0 0 1 0 0 1 0 1 1 0 0 1 x
0.058067497285834 0 0 0 0 0 1 0 0 0 0 0 0 1 0 0 1 0 1 1 x
0.037272237707053 1 0 0 0 0 0 0 1 0 0 0 1 1 1 0 0 0 1 1 x
0.086608414755786 1 1 0 0 0 0 0 1 1 1 1 1 0 1 0 1 1 1 0 x
0.097594698631665 1 0 0 1 0 0 0 0 1 1 0 1 0 1 1 1 0 1 0 x
0.062458323853963 0 1 0 0 0 0 0 1 0 1 0 1 1 0 0 1 1 0 1 x
0.038026071780691 0 0 1 0 0 0 0 0 0 0 0 1 1 0 0 0 1 0 1 x
0.057896512923044 1 0 0 0 0 0 0 1 1 0 0 1 1 1 0 0 1 1 1 x
0.069107451485941 0 0 1 0 0 0 0 0 0 0 0 1 1 0 0 0 1 1 1 x
0.111831268909540 0 0 1 0 0 0 1 0 1 0 0 1 1 0 0 1 1 0 1 x
0.039661031198423 0 0 0 1 0 0 0 0 0 0 0 0 0 0 1 0 0 1 0 x
0.052351882482114 1 0 0 0 0 1 0 0 0 1 0 1 1 1 0 0 0 1 1 x
0.073671388704663 0 1 0 0 0 0 1 0 0 1 0 1 0 0 1 1 1 0 0 x
0.097717526718162 0 1 0 0 0 1 0 0 0 1 0 1 1 0 0 0 1 0 1 x
0.038453651357020 0 1 0 0 0 0 0 0 0 0 0 0 0 0 1 0 1 0 0 x
0.089881552443075 0 0 1 0 0 1 0 0 0 0 1 1 1 0 0 1 1 0 0 x
0.040132999027949 0 0 1 0 0 0 0 0 0 0 0 0 1 0 0 1 1 0 0 x
0.037669682904225 0 0 1 0 0 0 0 0 0 0 0 1 0 0 0 1 1 0 0 x
0.059376654575695 0 0 1 0 0 0 0 0 0 0 0 0 0 0 1 1 0 0 1 x
0.034424309633221 0 0 1 0 0 0 0 0 0 0 0 0 0 0 1 0 1 0 0 x
0.053697505219396 0 0 1 0 0 0 0 0 0 1 0 1 0 0 0 1 1 0 1 x
0.080380909069491 0 0 1 0 0 0 1 0 0 0 0 0 1 0 1 0 1 0 0 x
0.091381402010057 0 0 1 0 0 1 0 0 1 1 0 1 1 1 1 1 0 0 1 x
0.067871061877475 0 0 1 0 0 0 0 1 0 0 0 1 0 0 1 1 1 0 0 x
0.102435852404827 0 1 1 0 0 0 0 1 1 0 1 1 1 0 1 0 1 0 0 x
0.077205679667920 0 0 1 0 0 0 1 0 0 0 0 1 1 0 0 1 1 0 0 x
0.037991432126041 0 0 0 0 0 1 0 0 0 0 0 0 0 0 0 1 1 0 0 x
0.040473688886402 0 0 0 0 0 1 0 0 0 0 0 0 0 0 0 1 0 0 1 x
0.071755603930284 1 0 0 0 0 0 1 1 0 0 1 0 1 1 1 0 0 0 1 x
0.053453073516909 0 0 0 1 0 0 0 0 0 0 1 0 0 1 1 0 0 1 1 x
0.081163879955811 0 0 0 1 0 0 0 0 0 1 1 1 0 1 0 0 1 1 1 x
0.069539435385028 0 1 0 0 1 0 0 0 0 1 1 1 1 1 0 1 0 0 1 x
0.045764327845516 0 0 0 1 0 0 0 0 0 0 0 1 0 0 0 1 1 0 0 x
0.117844463814346 0 0 1 1 0 0 1 0 0 1 1 1 1 1 1 0 0 1 1 x
0.124431619220737 1 0 1 0 0 1 0 0 1 0 1 1 1 1 0 0 1 1 0 x
0.091275990496653 1 0 1 0 0 0 0 1 1 0 1 1 0 1 0 1 1 0 0 x
0.087488282049223 0 0 0 0 0 1 0 0 0 0 1 0 0 1 0 1 0 0 1 x
0.056386503151729 0 0 1 0 0 0 0 0 1 0 0 0 0 0 1 1 1 0 0 x
0.041662839992684 0 1 0 0 0 0 0 0 0 0 1 1 0 0 1 0 1 0 1 x
0.076828034686862 0 1 0 0 1 0 0 0 0 0 1 1 1 0 1 0 0 1 1 x
0.109733435618308 0 0 1 0 0 1 0 0 0 0 0 1 0 0 0 1 1 0 0 x
0.047400680788541 0 1 0 0 0 0 0 0 0 1 1 1 0 0 0 1 1 0 1 x
0.108603551696613 0 0 0 1 0 1 0 0 0 1 0 0 1 1 1 0 0 1 1 x
0.061071316082111 0 0 0 1 0 0 0 0 1 0 0 0 1 1 1 0 0 1 1 x
0.061044761063937 0 0 1 0 0 0 0 0 0 0 1 0 0 0 1 1 1 0 0 x
0.062875784865457 0 1 0 0 0 0 1 0 0 0 1 1 0 0 1 1 0 0 1 x
0.078516121769654 0 1 0 0 0 1 0 0 0 0 0 1 1 0 0 1 0 0 1 x
0.054716458414669 0 0 1 0 0 0 0 0 0 1 0 0 0 0 1 1 1 0 0 x
0.078016286815341 1 0 1 0 0 0 0 0 1 1 1 0 1 0 0 1 0 1 0 x
0.145964223363782 0 0 0 0 0 1 1 0 0 0 0 0 0 0 0 1 1 0 0 x
0.051735743472840 1 0 0 0 0 1 0 0 0 0 1 1 0 1 1 0 0 0 1 x
0.189823311285606 1 1 1 0 1 0 1 1 1 1 1 1 1 0 1 0 0 1 0 x
0.059837908451007 1 1 0 0 0 0 0 1 1 1 1 1 1 1 0 1 0 1 1 x
0.041750985714084 0 0 1 0 0 0 0 0 0 0 0 0 0 0 0 1 1 0 0 x
0.097934771428992 0 1 0 0 0 1 1 0 0 0 1 1 1 1 1 1 0 0 1 x
0.035013335210410 0 1 0 0 0 0 0 0 0 0 0 1 1 0 0 0 1 0 1 x
0.033930302868369 1 0 0 0 0 0 0 0 0 0 1 0 1 0 0 0 1 0 1 x
0.053341443577836 1 0 0 0 0 0 1 0 0 0 1 0 0 1 1 0 0 0 1 x
0.119576943774245 0 0 1 0 0 1 1 0 0 0 1 1 1 1 1 0 0 1 1 x
0.064653666101803 0 1 0 0 1 0 0 0 0 1 1 1 1 0 1 0 1 0 1 x
0.070697646904270 1 0 0 0 1 0 0 0 0 0 1 0 1 1 0 0 0 0 1 x
0.037624036410773 0 1 0 0 0 0 0 0 0 0 1 1 1 0 0 0 0 1 1 x
0.125211347604524 0 0 1 1 0 0 0 1 0 1 0 1 1 1 1 0 0 1 1 x
0.069739353185361 1 0 0 0 0 1 1 0 0 1 1 1 1 1 1 0 1 0 1 x
0.042361249236040 0 1 0 0 0 0 0 0 0 0 0 1 1 0 0 0 1 1 0 x
0.069522388635084 0 1 0 0 0 0 1 0 0 0 0 0 1 0 0 1 1 0 0 x
0.057393404880077 1 0 0 1 0 0 0 0 0 1 1 1 1 1 0 0 1 0 1 x
0.074486672017704 1 0 0 1 0 0 0 1 0 0 1 1 1 1 0 1 0 0 1 x
0.038188118069168 0 1 0 0 0 0 0 0 0 0 0 0 1 0 0 0 1 0 0 x
0.049276062955339 0 1 0 0 0 0 0 0 0 0 1 0 0 0 0 1 0 0 1 x
0.090569875494600 0 1 1 0 0 0 0 0 0 0 1 1 1 0 0 0 1 0 0 x
0.070608540462932 0 1 0 0 0 0 0 1 0 1 0 1 1 1 0 1 1 1 0 x
0.050902476508848 1 0 0 0 0 0 1 0 0 1 1 1 1 0 1 1 1 0 1 x
0.105097387155362 0 1 0 0 1 0 0 0 0 0 0 1 1 0 0 0 1 0 0 x
0.059699439738249 0 1 0 0 0 0 0 0 1 0 0 0 0 0 0 1 1 0 0 x
0.063540183721673 0 1 0 0 0 0 0 0 0 0 1 0 0 0 0 0 1 0 1 x
0.105865761718669 0 1 0 1 0 0 0 0 0 0 1 1 1 0 0 0 0 1 1 x
0.122255336075934 0 0 1 0 0 1 1 0 0 1 0 1 1 1 1 1 0 0 1 x
0.053169113181754 0 1 0 0 0 0 0 0 1 0 1 1 1 0 0 1 1 0 1 x
0.098551423484843 0 1 0 1 0 0 1 0 1 1 1 1 1 1 1 0 1 0 1 x
0.071717198010704 0 1 0 0 0 0 1 0 0 1 1 1 1 0 1 0 1 0 1 x
0.039853672354742 0 1 0 0 0 0 0 0 0 1 0 0 1 1 0 0 0 1 1 x
0.046955984845587 0 1 0 0 0 0 0 0 0 1 0 0 1 0 0 1 1 0 0 x
0.045771281778653 0 0 0 0 0 1 0 0 0 0 0 0 1 0 0 0 1 0 1 x
0.075334889036067 1 0 0 1 0 0 0 1 0 1 0 1 1 1 1 0 0 0 1 x
0.044319537855085 0 1 0 0 0 0 0 0 0 0 0 0 0 1 0 0 0 1 0 x
0.123735419023364 1 1 0 0 0 1 1 0 1 1 1 1 1 0 1 0 1 1 0 x
0.142631429088863 1 1 0 0 1 1 0 0 1 1 1 1 1 0 1 0 0 1 0 x
0.047176729249004 1 0 0 0 0 0 1 0 0 0 1 0 1 1 0 0 1 0 1 x
0.068243678241458 0 0 0 1 0 0 0 0 0 1 0 0 0 1 1 0 0 1 0 x
0.050447466514925 0 0 1 0 0 0 0 0 0 0 0 1 0 0 1 0 1 0 1 x
0.085360649096945 0 1 0 1 0 0 0 1 0 1 1 1 1 1 1 0 0 0 1 x
0.041924831832574 0 1 0 0 0 0 0 0 0 0 0 0 1 0 0 1 0 1 0 x
0.111295615579921 0 1 1 0 0 0 0 0 1 0 0 1 1 0 0 1 1 0 0 x
0.060923705973651 0 1 0 0 0 0 1 0 0 0 0 0 1 1 0 1 0 0 1 x
0.089126985663327 0 1 0 0 0 0 1 0 0 1 0 0 0 0 1 1 0 1 0 x
0.090431109844280 1 0 0 0 0 0 1 1 0 1 0 1 1 0 1 1 0 1 1 x
0.101961504395524 0 1 0 1 0 0 0 0 1 0 0 1 1 1 0 0 1 1 0 x
0.067623904567045 0 1 0 0 1 0 0 0 1 1 1 1 1 1 1 0 1 0 1 x
0.041600395507133 0 1 0 0 0 0 0 0 0 0 0 1 0 0 0 1 0 0 1 x
0.055489590621665 1 0 0 0 0 1 0 0 0 1 1 0 1 1 0 0 1 0 1 x
0.124600138425069 0 0 0 1 0 0 1 0 1 0 1 1 1 0 1 1 0 1 1 x
0.077599952320370 0 1 0 0 0 1 0 0 0 1 0 1 0 1 0 1 0 1 0 x
0.038416934016751 0 1 0 0 0 0 0 0 0 0 1 0 1 0 0 0 1 1 0 x
0.086894213729662 1 1 0 0 0 0 1 0 1 0 1 1 1 0 1 0 0 0 1 x
0.076580384640117 1 0 1 0 0 0 0 0 1 1 1 0 1 0 1 0 0 0 1 x
0.054614800267813 0 1 0 0 0 0 0 1 0 0 0 0 1 1 0 1 0 1 0 x
0.080992594203749 1 0 0 0 1 0 0 1 1 1 0 1 1 1 1 0 1 0 1 x
0.058850891520054 1 0 0 0 0 0 1 0 0 1 1 0 1 0 1 1 0 1 0 x
0.090063665394705 1 0 0 0 0 1 1 0 0 1 0 1 1 1 0 0 1 1 0 x
0.060686321019913 0 0 0 1 0 0 0 0 0 0 0 0 0 0 1 0 1 1 0 x
0.038547164617843 0 0 1 0 0 0 0 0 0 0 0 0 1 0 0 1 0 0 1 x
0.075070151449168 1 0 0 1 0 0 0 0 1 1 0 1 1 0 1 0 0 1 0 x
0.080778640926998 1 0 0 1 0 0 0 0 1 0 1 0 1 1 0 0 0 1 0 x
0.177107425770914 1 1 0 1 0 0 1 0 1 1 1 1 1 1 1 0 0 1 0 x
0.053471808185268 0 1 0 0 0 0 0 0 1 0 0 0 1 0 0 1 0 0 1 x
0.105153531154053 1 1 0 0 0 0 0 1 1 0 1 1 0 1 1 0 1 0 1 x
0.058047436628693 1 0 0 0 0 1 0 0 1 0 0 1 1 1 0 1 0 0 1 x
0.064123880421385 0 1 0 0 0 0 0 1 0 0 0 1 0 0 0 1 1 0 0 x
0.035959041570595 0 1 0 0 0 0 0 0 0 0 1 0 0 0 0 1 1 0 0 x
0.040011799647930 1 0 0 0 0 0 0 1 0 0 1 1 0 1 1 0 0 1 1 x
0.134218795884473 1 0 1 0 0 1 1 0 1 1 1 1 1 1 1 0 1 0 0 x
0.052411371750151 0 1 0 0 0 0 0 0 0 1 0 0 0 0 0 1 0 1 0 x
0.079763005750914 0 0 1 0 0 0 0 1 0 1 0 1 0 1 0 1 1 1 0 x
0.063848157150709 1 0 0 0 0 0 0 0 1 1 1 0 0 0 1 1 1 0 0 x
0.085885539560423 0 0 1 1 0 0 0 0 0 1 1 1 1 1 1 0 1 0 1 x
0.145063451132489 0 1 0 1 1 0 0 0 1 1 1 1 1 1 1 0 1 0 1 x
0.100284231685770 1 0 0 0 1 0 0 1 1 1 0 1 1 1 0 1 1 1 0 x
0.103243333873257 0 1 0 0 0 1 0 0 0 1 0 0 1 0 0 1 0 1 0 x
0.081192905535874 0 0 0 1 0 0 0 0 0 0 0 0 0 0 0 0 1 0 0 x
0.101769487287525 0 0 1 0 1 0 0 0 1 1 1 0 1 1 1 0 1 0 1 x
0.041402477151813 0 0 0 1 0 0 0 0 0 0 0 0 1 0 1 0 0 1 0 x
0.122474849919711 1 1 0 0 1 0 0 0 1 1 1 1 0 1 1 0 0 1 0 x
0.139204872872612 0 1 1 0 0 1 0 1 1 0 1 1 1 1 1 0 0 1 0 x
0.070440501076242 0 0 0 0 0 1 0 0 0 0 1 0 0 1 1 0 0 1 1 x
0.073391891583585 0 0 0 0 0 1 0 0 0 0 1 0 0 0 0 0 1 0 1 x
0.093783905891710 0 0 0 1 0 1 0 0 0 1 0 1 1 1 0 1 1 0 1 x
0.071624066110445 0 1 0 0 1 0 0 0 0 1 1 1 1 0 1 0 1 1 0 x
0.103755598925881 0 1 0 0 0 1 0 1 0 1 0 1 0 1 1 1 0 0 1 x
0.050312702094880 0 0 1 0 0 0 0 0 0 0 0 0 1 0 0 0 1 0 1 x
0.066987712828183 0 0 1 0 0 0 0 1 0 0 1 0 0 1 1 0 1 0 1 x
0.056610729019732 1 0 0 0 0 0 1 0 0 1 0 0 1 1 0 0 1 0 1 x
0.071469763919816 1 1 0 0 0 0 0 0 1 1 1 1 0 1 0 0 1 1 0 x
0.050118628436687 0 1 0 0 0 0 0 0 1 0 0 0 1 1 0 0 1 1 0 x
0.035711545158059 0 1 0 0 0 0 0 0 0 0 0 1 0 0 0 1 1 0 0 x
0.067719827474456 0 0 0 1 0 0 0 0 1 0 0 0 1 0 1 1 0 1 0 x
0.056000793098245 0 1 0 0 0 0 0 0 0 1 0 1 0 0 0 1 1 1 0 x
0.107837635955195 0 0 1 0 1 0 0 0 0 0 0 1 1 0 0 1 0 0 1 x
0.055298100871192 0 1 0 0 0 1 0 0 0 1 1 1 1 1 1 0 0 1 1 x
0.051786039824251 0 0 0 0 0 1 0 0 0 0 0 0 1 0 0 1 0 0 1 x
0.048522856932845 0 1 0 0 0 0 0 0 0 1 0 0 0 1 0 1 1 0 0 x
0.075637080081348 0 0 0 0 1 0 0 1 0 0 0 0 1 1 1 0 1 0 1 x
0.077139983597253 1 0 0 1 0 0 0 1 0 1 1 1 0 1 0 1 0 1 0 x
0.101838246238189 0 0 0 0 0 1 0 1 0 0 0 0 0 1 0 0 1 1 0 x
0.084218227254484 1 0 0 1 0 0 0 0 1 0 1 1 0 1 1 0 1 0 0 x
0.084264003977415 1 0 0 0 1 0 0 0 1 1 0 1 0 1 1 0 1 1 0 x
0.184238383471641 0 0 0 0 1 0 1 1 1 0 0 0 1 1 1 1 0 1 0 x
0.041573404245125 0 1 0 0 0 0 0 0 0 1 0 1 0 1 0 0 0 1 1 x
0.082858252327896 1 0 1 0 0 0 0 0 1 1 1 0 0 1 1 0 1 0 0 x
0.051290151618382 1 0 0 0 0 1 0 0 0 0 1 1 1 0 1 0 0 1 1 x
0.076642315907748 1 0 1 0 0 0 0 0 1 1 0 1 1 0 0 1 0 0 1 x
0.062152356734690 1 0 0 0 1 0 0 0 0 1 1 1 0 1 0 1 0 1 0 x
0.049227511525912 1 0 0 0 0 1 0 0 0 1 1 1 1 0 1 0 1 0 1 x
0.080492469616174 0 0 0 1 0 0 0 1 0 0 0 0 1 1 1 0 0 1 0 x
0.125338751105789 0 1 0 0 1 1 0 0 0 1 0 1 1 1 1 0 0 1 0 x
0.096857926077457 0 1 0 0 1 0 0 1 0 1 0 1 1 1 1 0 1 0 1 x
0.073534026065530 1 1 0 0 0 0 1 1 1 1 1 1 1 0 1 1 0 0 1 x
