0.129085123538971 1 0 0 0 0 1 0 1 0 1 0 0 0 1 1 0 1 0 1
0.268691539764404 1 1 0 0 0 0 0 1 1 0 0 0 0 0 0 1 1 1 0
0.538710474967957 0 1 1 1 1 0 1 0 0 0 1 0 0 1 1 1 1 0 1
0.539591848850250 1 1 0 1 1 0 1 0 1 0 0 0 0 0 1 1 1 0 1
0.291254550218582 1 1 0 0 1 0 0 1 1 1 1 0 0 1 0 1 1 1 1
0.352622240781784 1 1 0 0 1 1 0 1 0 1 1 0 0 0 0 0 1 0 1
0.377369374036789 1 1 0 1 0 1 0 0 0 1 0 0 1 0 1 0 1 0 1
0.492650538682938 1 1 1 0 1 1 1 0 0 0 0 1 1 0 1 0 1 1 0
0.592686235904694 1 0 1 1 1 1 1 1 0 0 0 0 0 1 1 0 0 1 1
0.381333321332932 1 1 1 0 1 0 0 1 1 0 1 1 1 1 1 1 0 1 1
0.084190726280212 0 1 0 1 0 0 0 0 0 1 1 1 0 1 1 1 0 0 1
0.274360775947571 1 0 0 1 0 1 0 0 1 1 1 0 0 0 0 0 1 0 0
0.189711794257164 1 1 0 0 0 0 1 1 1 0 0 0 1 0 1 1 0 1 0
0.382744640111923 0 1 1 1 1 0 1 0 1 1 1 0 1 1 0 1 1 1 0
0.296387881040573 1 0 1 0 0 1 1 0 1 1 1 0 0 1 0 0 1 1 1
0.119551420211792 1 0 0 0 0 1 1 0 1 0 1 0 1 0 1 1 0 1 0
0.264958828687668 0 1 0 1 0 1 1 1 0 1 1 0 0 1 1 0 0 0 0
0.204256892204285 0 0 0 0 0 1 0 1 0 0 0 1 1 1 1 1 0 0 0
0.349761933088303 0 1 1 1 1 0 1 1 0 1 1 1 1 0 0 1 0 1 1
0.243832692503929 1 0 0 0 0 1 1 1 0 0 1 0 1 1 0 1 1 1 1
0.419847369194031 1 1 1 1 0 0 1 1 0 1 1 1 0 1 1 1 1 0 1
0.462840795516968 0 0 1 1 1 0 1 0 1 1 1 0 0 0 1 1 1 1 1
0.298030346632004 0 1 0 0 1 1 1 0 1 1 0 0 0 1 0 1 1 0 0
0.318105369806290 1 1 1 1 0 0 1 1 1 0 1 0 0 0 1 0 0 0 0
0.494061470031738 1 1 0 0 1 1 1 1 0 1 0 0 0 0 0 0 0 1 0
0.237991965677906 0 0 0 0 0 0 0 0 1 1 0 1 0 1 1 1 0 0 1
0.146672134841279 1 0 0 1 0 1 0 0 1 1 1 0 0 1 1 1 0 1 0 x
0.225287929957719 1 1 0 0 0 0 0 1 0 0 1 0 0 1 0 1 1 1 0 x
0.162618466150102 0 0 0 0 0 1 0 1 1 0 1 0 1 1 1 1 1 0 0 x
0.097689496216344 0 0 0 1 0 1 0 0 0 1 1 1 1 1 0 1 0 1 1 x
0.203772791658405 0 1 0 0 0 0 0 0 0 1 1 1 0 1 1 0 0 0 0 x
0.085836179860598 1 0 0 1 0 0 0 0 1 0 1 1 0 0 1 1 0 1 0 x
0.239448270633601 1 1 0 0 0 0 1 0 0 1 1 0 1 1 1 1 1 1 0 x
0.227416018219883 0 0 0 0 0 1 0 0 0 1 1 0 0 1 1 1 0 0 0 x
0.120162273743503 0 1 0 0 0 0 1 0 1 0 1 1 1 0 0 1 0 0 1 x
0.214588567239684 1 1 0 1 0 1 0 0 1 0 1 1 1 0 1 1 0 0 0 x
0.333676940637231 0 0 0 1 0 0 0 1 1 1 1 0 0 1 0 1 0 0 0 x
0.296673103332633 0 1 1 0 0 1 0 1 0 0 1 1 1 0 0 1 1 1 1 x
0.212266180998296 1 1 0 0 0 0 0 0 0 0 1 1 0 0 0 1 0 1 1 x
0.295546787761127 0 0 0 0 0 1 1 1 1 0 1 0 1 1 1 0 0 0 1 x
0.088270712091554 0 0 0 1 0 0 1 0 0 0 1 1 0 1 1 1 0 1 1 x
0.138822004223396 0 0 0 1 0 0 1 0 0 1 1 1 1 1 0 1 0 1 0 x
0.292329070330040 0 1 0 0 1 1 1 1 0 0 0 1 1 0 1 1 0 0 1 x
0.289270245929637 0 0 0 1 0 0 1 1 1 0 0 0 1 0 0 1 0 1 1 x
0.214713899084497 0 1 0 1 0 1 1 0 1 1 1 1 1 1 1 1 0 1 1 x
0.269610690957752 0 0 0 0 0 0 0 0 0 1 1 1 0 1 1 1 1 1 0 x
0.074113010064720 0 0 0 1 0 0 0 0 0 1 1 1 0 0 1 1 0 1 1 x
0.147903031191450 1 0 0 1 0 1 0 0 0 1 1 1 1 0 1 1 0 1 1 x
0.201528592961493 1 1 0 0 0 1 0 0 0 0 0 1 1 0 0 0 0 1 0 x
0.305229093259364 0 0 0 1 0 0 0 0 1 0 0 1 0 0 0 0 0 0 0 x
0.165283267940861 1 0 1 0 0 1 0 0 1 0 1 1 1 0 0 1 0 1 1 x
0.370082488584992 0 1 1 1 0 1 0 0 0 0 1 1 0 0 0 1 0 0 1 x
0.182706613626390 0 0 0 0 1 1 0 0 0 1 1 1 1 0 0 1 0 1 0 x
0.053842599708737 1 0 0 0 0 0 0 0 0 1 1 0 0 0 1 0 1 0 0 x
0.179956027606703 0 0 0 1 0 1 0 1 0 1 1 0 0 1 1 0 1 1 0 x
0.117677534344182 1 0 0 0 0 0 0 0 0 1 1 1 0 0 0 0 1 0 0 x
0.068746510605697 1 0 0 0 0 1 0 0 1 0 1 1 1 0 1 1 1 0 1 x
0.044935037474657 1 0 0 0 0 0 0 0 1 0 1 1 0 0 1 1 0 0 1 x
0.111670232883616 1 0 0 0 0 1 0 1 1 0 1 0 0 1 1 1 0 0 0 x
0.183639425164224 1 0 0 0 0 0 0 0 1 1 1 0 1 0 0 1 0 0 0 x
0.119220404070722 1 0 0 0 0 0 0 0 0 0 1 0 1 0 1 1 1 0 1 x
0.051175305998257 1 0 0 0 0 0 0 0 1 1 1 1 0 0 1 0 1 1 1 x
0.091590562741723 0 0 0 1 0 0 0 0 1 0 1 1 1 1 0 1 1 0 1 x
0.106592269879690 0 0 0 1 1 0 0 0 1 0 1 1 1 1 0 1 1 0 1 x
0.093298541235255 0 0 0 1 0 0 0 0 1 0 1 1 1 1 1 1 1 0 1 x
0.080094551108366 0 1 0 0 1 0 0 0 1 0 1 1 1 1 0 1 1 0 1 x
0.184241930060306 0 0 0 0 1 0 1 0 1 0 1 1 1 1 0 0 1 0 1 x
0.070035805280193 1 0 0 0 0 0 1 0 1 0 1 1 0 0 1 1 1 0 0 x
0.064823066894666 1 0 0 0 0 0 0 0 1 0 1 1 1 1 0 1 1 0 1 x
0.247154630132513 1 0 0 0 0 1 0 1 1 1 1 1 1 0 1 0 0 0 0 x
0.098116427521788 1 0 0 0 0 1 0 0 1 0 1 1 0 0 1 0 1 0 0 x
0.096881820396581 1 0 0 1 0 0 0 0 0 0 1 1 0 0 1 1 0 0 1 x
0.090650357502820 0 0 0 1 0 0 0 0 0 0 1 1 1 0 1 1 1 1 1 x
0.130857347633096 1 0 0 0 0 0 0 0 1 0 0 1 1 1 1 1 0 1 0 x
0.070822196377462 1 0 0 1 0 0 0 0 0 0 1 1 0 1 1 0 0 0 1 x
0.165861219013691 1 1 0 0 0 0 0 0 1 0 1 0 0 1 1 0 1 0 1 x
0.118689201138655 0 1 0 0 0 0 0 0 0 0 1 0 1 1 0 0 0 0 0 x
0.152439768340711 1 0 0 1 0 0 1 0 0 0 1 1 0 1 1 1 1 0 0 x
0.085053570744912 1 0 0 0 0 0 1 0 1 0 1 1 1 0 0 1 0 1 0 x
0.106750499718210 0 0 0 1 1 0 0 0 0 0 1 1 0 1 1 0 0 1 1 x
0.105468281378152 0 0 0 1 0 0 0 1 0 0 1 1 0 0 1 0 1 1 1 x
0.054580297007276 1 0 0 0 0 0 1 0 1 0 1 1 1 1 1 1 0 1 1 x
0.089002909106252 0 1 0 1 0 0 0 0 0 1 1 1 1 0 0 1 1 1 0 x
0.152688421285988 1 0 1 1 0 0 0 0 0 1 1 1 0 1 1 0 0 0 0 x
0.104062738512211 0 1 0 0 1 0 0 0 1 0 1 0 1 1 1 1 0 0 0 x
0.056363253879658 0 1 0 0 0 0 0 0 1 0 1 0 1 0 0 1 0 1 1 x
0.092544646600447 0 0 0 0 1 0 0 0 1 0 1 0 1 1 0 1 0 1 1 x
0.111317568557057 1 0 0 1 0 0 0 0 0 1 1 1 0 1 1 0 0 0 0 x
0.108814067311593 1 0 0 0 0 1 0 0 0 0 1 1 0 1 1 0 1 1 1 x
0.213520590177987 1 0 1 1 0 0 0 0 1 0 1 1 1 1 1 0 0 1 1 x
0.120305820918239 1 0 0 1 0 0 1 0 1 0 1 1 0 1 1 0 1 0 1 x
0.138752564425117 0 0 0 1 0 0 0 0 1 0 1 0 0 0 1 0 0 1 0 x
0.097323872520032 0 1 0 0 0 0 0 0 1 1 0 0 1 0 0 1 1 1 1 x
0.046850641442287 1 0 0 0 0 0 0 0 1 1 0 0 0 0 1 1 0 1 0 x
0.064775775065149 1 0 0 0 0 0 0 0 1 1 1 0 0 1 1 1 0 1 0 x
0.064653479026003 0 1 0 0 0 0 0 0 1 0 1 0 1 0 1 1 0 1 0 x
0.176942038740704 0 1 0 0 1 0 0 0 1 0 1 0 1 0 0 0 0 1 1 x
0.067963457046996 0 1 0 0 0 0 0 0 0 0 1 1 1 1 0 1 0 1 1 x
0.064128680892567 1 0 0 0 1 0 0 0 1 0 1 1 1 1 0 1 0 1 1 x
0.161456082218802 1 0 1 0 0 0 0 0 1 0 1 0 0 0 1 0 0 0 1 x
0.145836987214774 0 1 0 0 0 0 0 0 1 0 0 0 1 1 1 1 1 1 0 x
0.110319531370460 1 0 1 0 0 0 1 0 1 1 1 1 1 0 1 1 0 0 0 x
0.055551532224852 1 0 0 0 0 0 1 0 1 0 1 1 1 0 1 1 0 1 1 x
0.072700146995850 1 0 0 0 0 0 0 0 1 0 0 1 0 1 1 0 1 0 0 x
0.131903347483062 0 0 0 1 0 1 0 0 1 0 1 1 0 0 1 1 1 0 0 x
0.069774323670798 1 0 0 0 1 0 0 0 1 0 1 1 0 1 1 0 0 1 0 x
0.165836783992838 1 0 0 0 0 1 0 0 1 0 0 0 0 0 1 1 1 1 0 x
0.151656354800179 0 0 0 0 0 1 0 0 0 1 0 0 1 1 0 1 1 0 0 x
0.064551633188154 1 0 0 0 0 0 0 1 1 0 0 0 0 1 1 0 1 0 0 x
0.184526104977475 1 0 0 1 0 0 0 1 1 0 1 0 0 0 1 0 1 0 1 x
0.171395798338620 1 0 0 0 0 0 1 0 1 1 0 0 0 1 1 0 0 0 0 x
0.104938525539163 1 0 0 0 0 0 0 1 1 0 1 1 0 1 1 0 1 0 0 x
0.048444863242333 1 0 0 0 0 0 0 0 1 1 0 0 0 1 1 0 0 1 1 x
0.087214924338530 1 0 0 0 0 0 0 1 1 1 0 1 0 0 1 1 0 1 1 x
0.146643035506760 1 0 0 0 0 0 0 1 1 1 0 0 1 1 0 1 0 0 0 x
0.088588526375654 0 1 0 0 0 0 0 1 0 1 0 1 1 0 0 1 0 1 0 x
0.293961409360420 0 1 0 0 0 1 0 1 1 1 0 0 1 0 0 1 0 0 0 x
0.116432546991189 1 0 0 0 0 0 0 0 0 1 0 0 1 1 1 0 1 1 1 x
0.146082517439907 0 1 1 0 0 0 0 0 0 1 0 0 1 0 0 1 0 1 0 x
0.184488931742060 0 1 0 1 0 0 0 0 0 1 0 0 1 1 1 1 0 1 1 x
0.091531209532733 0 1 0 0 1 0 0 0 0 1 0 1 1 1 0 1 0 1 1 x
0.067245404979955 1 0 0 0 0 0 0 1 0 1 0 1 0 1 1 0 0 1 0 x
0.155160989328504 1 0 1 0 0 0 0 0 1 1 0 1 1 1 1 1 1 0 1 x
0.049036919031110 1 0 0 0 0 0 0 1 0 0 0 0 1 1 0 0 1 0 1 x
0.056033965455399 0 1 0 0 0 0 0 1 0 0 0 0 1 1 0 0 1 1 0 x
0.100051158510825 1 0 1 0 0 0 0 0 0 1 1 1 1 1 1 0 0 0 1 x
0.069484341981317 0 1 0 0 0 0 0 0 0 1 0 0 1 1 0 0 1 0 0 x
0.107467169386521 1 0 0 0 0 0 0 1 0 0 0 1 0 1 1 0 1 1 1 x
0.095869138581580 0 1 0 1 0 0 0 1 0 0 1 1 1 1 0 1 0 1 0 x
0.128654381748756 1 0 0 0 1 0 0 0 1 1 0 1 0 1 1 1 1 1 0 x
0.075323611090008 1 0 0 0 0 0 0 1 1 0 0 0 1 0 1 0 1 0 0 x
0.074742226673711 0 1 0 0 0 0 1 0 0 1 0 1 1 1 0 1 0 1 0 x
0.254712561719181 0 0 0 0 0 0 0 1 0 0 0 1 1 1 0 0 0 1 0 x
0.030541095877940 1 0 0 0 0 0 0 0 0 0 0 0 1 0 1 0 0 0 0 x
0.068862134033807 0 1 0 0 0 0 0 1 0 0 1 0 0 1 0 1 1 0 1 x
0.033262116596331 1 0 0 0 0 0 0 0 0 1 0 1 0 1 0 0 1 0 1 x
0.274172711768023 1 0 1 0 0 0 0 0 0 1 0 0 0 0 0 0 0 1 0 x
0.287288958846453 0 1 0 1 0 0 0 0 0 0 1 0 0 1 1 1 1 1 1 x
0.146062106155659 1 0 0 0 1 0 0 0 0 0 0 1 0 1 0 1 1 0 1 x
0.102532472979483 0 1 0 0 0 0 0 0 0 0 1 0 1 1 0 1 1 0 0 x
0.094499362198337 0 1 0 0 0 0 0 1 0 1 0 0 0 1 0 1 0 1 1 x
0.226187944769227 0 1 0 1 1 0 0 0 0 1 0 1 0 1 1 1 0 1 0 x
0.057820808753144 1 0 0 0 0 0 0 0 1 0 1 0 0 0 1 0 0 1 1 x
0.044732101797931 0 1 0 0 0 0 0 0 0 1 0 1 1 1 0 0 0 1 1 x
0.175022982705956 1 0 1 0 0 1 0 0 1 0 1 1 0 0 0 1 0 0 0 x
0.045721944714776 1 0 0 0 0 0 0 0 0 0 0 0 0 0 1 0 1 0 0 x
0.055209977037324 0 1 0 0 0 0 0 0 0 0 0 0 0 1 0 1 0 0 1 x
0.075593940163912 1 0 0 0 0 0 0 0 0 1 0 1 0 1 1 1 0 0 1 x
0.074549607886959 0 1 0 0 0 0 0 0 0 1 0 1 1 1 0 1 1 0 1 x
0.049561556386483 1 0 0 0 0 0 0 1 0 0 0 0 0 1 1 0 0 0 1 x
0.101215787291975 1 0 0 0 0 1 1 0 1 0 1 1 0 1 1 1 0 1 0 x
0.097088182268144 0 0 0 0 0 0 0 1 0 0 0 0 0 1 0 1 1 0 1 x
0.058391702668537 1 0 0 0 0 0 0 0 0 1 1 0 0 1 1 0 0 1 0 x
0.122183184628237 0 0 0 1 0 0 0 0 0 0 1 1 1 1 0 1 0 0 1 x
0.172784521031401 1 0 1 0 1 0 0 0 1 1 1 1 0 0 0 1 1 0 1 x
0.044192405464170 0 1 0 0 0 0 0 0 0 0 0 1 0 1 0 0 1 0 1 x
0.064700987559526 0 1 0 1 0 0 0 0 0 1 1 1 1 1 0 0 1 0 1 x
0.097011745358223 0 0 0 0 0 1 0 0 1 0 0 0 0 1 0 0 1 0 1 x
0.059940949930927 0 1 0 0 0 0 0 1 0 1 0 1 1 1 0 0 1 1 1 x
0.110069991522387 1 0 0 0 1 0 0 0 0 0 1 0 0 0 1 1 0 1 0 x
0.219984359220959 0 1 0 1 0 0 0 0 0 1 0 1 0 0 0 0 1 1 1 x
0.267833093364329 0 0 0 1 1 1 0 0 1 0 1 1 1 1 0 1 1 1 1 x
0.061276640134048 1 0 0 0 0 0 1 0 0 1 1 1 0 0 1 1 0 1 0 x
0.063452334189004 1 0 0 0 1 0 0 0 1 1 1 1 0 1 1 0 0 1 1 x
0.104231160800515 0 1 0 1 0 0 1 0 0 1 1 1 1 1 1 0 0 1 0 x
0.186231891539141 1 0 0 1 1 0 0 0 0 1 1 1 1 1 1 1 0 1 0 x
0.048250719668505 0 1 0 0 0 0 0 1 0 0 0 0 1 1 1 0 0 0 1 x
0.085590590925074 0 1 0 0 0 0 0 1 0 0 0 0 1 0 0 0 1 0 1 x
0.165177910638471 1 0 0 0 1 0 0 0 1 0 1 1 0 0 1 0 0 0 0 x
0.038353586930972 1 0 0 0 0 0 0 0 1 0 1 1 0 1 0 1 0 1 1 x
0.134188758270464 0 1 0 0 0 0 1 0 0 0 1 0 1 0 0 0 0 1 0 x
0.124669293641023 1 0 0 0 0 0 1 0 1 1 1 1 0 1 0 0 0 1 1 x
0.127891457783848 1 1 0 0 0 0 0 0 0 0 0 0 1 1 1 0 0 0 0 x
0.106890160839937 0 1 0 0 0 0 0 0 1 1 0 0 1 1 0 0 0 1 0 x
0.082412225142303 0 0 0 1 0 0 0 0 0 0 1 1 1 0 1 0 1 0 1 x
0.043998645164692 0 1 0 0 0 0 0 0 1 0 0 0 1 1 0 0 1 0 1 x
0.051886659687638 0 0 0 0 1 0 0 0 0 0 0 0 1 1 0 0 1 0 1 x
0.059968917431167 0 1 0 0 0 0 0 0 0 0 0 0 1 1 0 0 0 1 1 x
0.091929128774529 1 0 0 0 0 0 0 0 0 0 0 1 1 1 1 0 0 0 1 x
0.076474663670757 0 1 0 0 0 0 0 0 1 0 1 0 0 1 0 0 1 1 1 x
0.088367565358367 0 0 0 0 1 0 0 0 0 0 0 0 0 1 1 1 0 1 0 x
0.086650209078286 1 0 0 0 0 1 0 0 0 1 0 1 0 1 0 0 1 0 0 x
0.111096805890324 0 1 0 0 0 0 0 1 1 0 0 0 0 1 1 1 0 1 1 x
0.085068790173200 0 1 0 1 0 0 0 0 0 0 1 1 1 1 1 0 0 0 1 x
0.158097134890105 1 0 1 0 0 1 0 0 1 1 1 1 0 0 1 1 1 0 1 x
0.089021387989706 0 0 0 0 1 0 0 0 0 0 0 0 1 0 1 1 0 0 0 x
0.070861250397670 1 0 0 0 0 1 0 0 1 0 1 1 0 1 0 1 1 0 1 x
0.157038029025339 1 0 1 0 0 0 1 0 0 0 1 1 1 1 0 1 1 0 1 x
0.080693511877464 0 1 0 0 0 0 0 0 1 0 0 1 1 1 0 0 0 0 1 x
0.085752594109761 0 0 0 0 0 0 0 0 1 0 0 0 1 0 0 0 1 0 1 x
0.127533086866465 1 0 1 0 0 0 0 0 0 1 1 1 0 1 1 1 0 1 0 x
0.117929831975412 1 0 0 1 0 0 0 0 0 1 1 1 0 1 1 0 1 1 1 x
0.128782265995906 0 1 0 0 1 0 0 0 1 1 0 1 0 1 0 0 1 0 1 x
0.153580190493451 0 1 1 0 0 0 0 1 0 1 0 0 1 1 0 0 1 0 1 x
0.055963144309513 1 0 0 0 0 0 0 0 1 0 0 0 0 0 1 0 0 1 0 x
0.058191352750361 1 0 0 0 0 0 0 0 1 0 0 1 0 0 0 0 1 0 1 x
0.070590571977501 0 0 0 0 1 0 0 0 1 0 0 0 0 1 0 1 1 0 1 x
0.065652214604699 0 1 0 0 0 1 0 0 0 0 0 1 1 1 0 0 1 0 1 x
0.052425871622150 0 0 0 0 1 0 0 0 0 0 0 0 0 1 0 0 1 0 0 x
0.067414649563911 0 1 0 0 0 0 0 1 0 1 1 0 1 1 0 1 1 1 0 x
0.105828761857172 0 1 0 0 0 0 0 0 0 0 1 0 1 1 1 1 0 0 1 x
0.193154164030832 0 0 0 0 1 0 0 0 0 1 1 0 1 0 1 0 1 0 0 x
0.095050504487544 0 1 0 1 0 0 0 0 1 0 1 1 1 1 0 1 1 0 1 x
0.047658537940429 1 0 0 0 0 0 0 0 0 1 0 1 1 0 0 0 1 1 1 x
0.126970427033935 0 1 0 1 0 0 0 0 1 1 1 1 0 1 0 0 0 1 0 x
0.128028612037263 0 1 0 0 0 0 1 1 1 0 1 0 1 1 0 1 1 1 0 x
0.098364573768776 0 0 0 1 0 1 0 0 0 0 1 1 1 0 1 0 0 1 1 x
0.083139142520361 1 0 0 0 0 0 0 0 0 1 1 1 1 1 1 1 0 1 1 x
0.107011794128607 1 0 0 0 1 0 0 0 0 0 0 0 0 1 1 0 0 0 0 x
0.154398701461425 0 1 0 0 1 0 0 0 0 0 0 0 0 1 0 0 1 0 0 x
0.094526097808014 1 0 0 0 0 0 0 0 0 1 0 1 1 0 1 0 1 0 0 x
0.122829342031634 0 1 0 1 1 0 0 0 1 1 1 1 1 1 0 1 0 0 1 x
0.064192603430303 1 0 0 0 0 0 0 0 0 1 0 1 0 1 0 0 1 1 1 x
0.036451608672215 1 0 0 0 0 0 0 0 0 1 0 0 1 0 1 0 0 1 0 x
0.057787417106415 1 0 0 0 0 0 0 0 0 1 0 0 1 1 0 0 1 0 0 x
0.086421102014938 0 0 0 0 1 0 0 0 0 1 0 0 1 1 0 0 1 1 0 x
0.059613968099149 1 0 0 0 0 1 0 0 0 0 0 1 1 1 0 0 1 0 1 x
0.110172884458745 0 1 0 0 1 0 1 0 0 1 1 1 1 1 0 1 0 1 1 x
0.072291379446872 1 0 0 0 0 1 0 0 1 0 1 1 1 0 0 1 0 1 1 x
0.146553260884594 1 0 1 0 0 0 1 0 0 0 1 1 0 1 1 1 0 0 1 x
0.128798510529923 1 0 0 0 1 0 0 0 0 0 1 1 0 1 1 1 0 1 1 x
0.068226348074703 1 0 0 0 0 0 0 0 0 0 0 0 0 1 1 1 0 0 0 x
0.066997491803120 0 1 0 0 0 0 0 0 1 1 1 1 1 0 0 1 1 1 1 x
0.037780779040659 1 0 0 0 0 0 0 0 1 1 0 1 1 1 0 0 1 1 1 x
0.088798129512714 0 1 0 1 0 0 0 1 0 1 1 1 1 1 0 1 0 1 1 x
0.044764639982604 1 0 0 0 0 0 0 0 1 1 1 1 1 0 0 1 1 1 1 x
0.087612607958829 1 0 0 0 1 0 0 0 1 1 0 1 1 1 0 0 1 1 1 x
0.106608171204358 0 0 0 0 1 0 0 0 1 0 0 0 1 1 0 1 1 0 0 x
0.050373705514647 1 0 0 0 0 0 0 0 0 1 0 0 0 0 1 0 0 0 1 x
0.057562790623434 0 1 0 0 0 0 0 0 1 0 1 0 0 1 0 0 1 0 1 x
0.086298945612317 1 0 0 1 0 0 0 0 0 0 1 0 1 0 1 0 0 1 0 x
0.092284532271003 0 0 0 1 0 1 0 0 0 0 1 0 1 0 1 1 0 1 0 x
0.033834078993556 0 1 0 0 0 0 0 0 0 0 0 0 1 0 1 0 0 1 0 x
0.044926340660860 1 0 0 0 0 0 0 0 1 1 0 0 1 1 0 1 0 1 1 x
0.074723950005375 0 1 0 0 0 0 0 0 0 1 0 1 1 1 0 0 1 1 0 x
0.068232157193156 0 1 0 0 0 0 0 0 1 1 1 1 1 1 0 1 0 1 1 x
0.042188071298879 1 0 0 0 0 0 0 0 1 1 0 0 1 1 0 0 1 0 1 x
0.155757145058397 0 0 0 0 0 1 0 0 0 1 0 1 1 1 0 0 1 0 1 x
0.037314166628386 1 0 0 0 0 0 0 0 1 0 1 1 1 0 0 0 1 1 1 x
0.085095286012929 1 1 0 0 0 0 0 0 1 1 0 1 1 1 0 0 1 0 1 x
0.047323298454996 0 1 0 0 0 0 0 0 0 1 1 0 1 1 0 0 1 1 1 x
0.074733613881383 0 1 0 0 0 0 0 0 0 1 0 0 1 1 1 0 0 1 0 x
0.055370560256058 0 1 0 0 0 0 0 0 0 1 1 0 1 0 0 0 1 1 0 x
0.108848840143844 0 1 0 1 0 0 1 0 0 1 1 1 1 0 0 1 0 1 0 x
0.057897764751404 1 0 1 0 0 0 0 0 1 1 1 1 1 1 0 0 1 0 1 x
0.071005925495306 1 0 1 0 0 0 0 0 1 1 1 1 1 1 0 1 0 0 1 x
0.106097075456773 0 0 0 0 1 1 0 0 0 0 0 0 0 1 1 0 1 0 0 x
0.074257767867633 1 0 0 0 1 0 0 0 1 1 1 1 0 1 0 1 0 1 0 x
0.056954179514301 1 0 0 0 0 0 0 0 1 0 0 0 0 0 1 1 0 0 1 x
0.061240755627754 1 0 0 0 0 0 0 0 1 1 1 0 1 0 0 0 1 1 1 x
0.081263612494391 0 1 0 0 0 0 0 0 0 0 0 0 0 0 1 0 0 0 0 x
0.057032704091223 1 0 0 0 0 0 0 1 0 0 1 0 1 0 1 1 0 1 0 x
0.046509988931035 1 0 0 0 0 0 0 0 1 0 1 0 0 0 1 0 1 1 0 x
0.075322500165561 0 1 0 0 1 0 0 0 0 0 1 1 0 1 0 1 0 0 1 x
0.059402666425830 1 0 0 0 0 0 1 0 1 0 1 1 1 0 1 0 1 1 0 x
0.101097223984588 1 0 0 1 0 0 1 0 0 0 1 1 0 1 1 0 0 1 0 x
0.114278934202370 0 1 1 0 0 0 1 0 0 1 0 1 1 1 0 0 0 1 0 x
0.094832298363118 1 0 0 0 1 0 1 0 1 1 1 1 0 1 1 1 0 1 0 x
0.089473439656626 0 0 1 0 1 0 0 0 1 0 1 1 1 1 0 1 0 0 1 x
0.114666874401272 0 0 1 0 1 0 0 0 0 1 0 0 1 1 0 0 1 0 0 x
0.123079825847895 0 1 1 0 0 0 0 1 0 0 0 0 1 1 1 0 0 0 0 x
0.160029497090231 0 1 1 0 1 0 1 0 1 1 1 1 1 1 0 1 0 0 0 x
0.112038499532866 1 0 1 0 1 0 0 1 1 1 1 1 1 1 0 0 0 1 0 x
0.106621614664231 0 1 0 1 0 0 0 0 0 0 1 1 1 0 1 1 0 1 0 x
0.080905037570695 0 0 1 0 1 0 0 0 0 1 0 1 1 1 0 1 0 0 1 x
0.163146675295484 0 0 0 1 1 0 0 1 1 0 1 1 0 1 1 1 0 0 1 x
0.164781931370363 0 0 0 0 1 0 0 1 0 1 0 0 0 1 0 0 1 0 1 x
0.089707958281909 0 0 1 0 1 0 0 0 0 1 1 1 1 1 0 1 0 1 0 x
0.075220648157552 0 1 0 0 0 0 0 1 0 0 1 0 1 0 1 0 0 1 0 x
0.064872478622704 0 1 0 0 0 0 0 1 0 0 1 1 1 1 0 0 1 0 1 x
0.126020646524721 1 0 1 0 1 0 0 0 1 1 1 1 1 1 0 1 0 1 0 x
0.061704088432715 0 1 0 0 0 0 0 1 0 0 0 0 1 0 1 1 0 1 0 x
0.138618628182775 0 0 1 0 1 0 0 0 0 0 0 1 1 1 0 0 0 0 0 x
0.053631969106733 1 0 0 0 0 0 0 1 0 1 1 0 1 0 1 0 1 1 0 x
0.133581360284301 0 0 0 0 0 0 0 0 0 0 1 0 1 0 0 0 1 1 1 x
0.114500848478092 0 0 1 0 1 0 0 0 1 1 0 1 1 1 0 1 0 1 1 x
0.149546615749257 0 0 1 1 1 0 0 0 0 1 1 1 1 1 0 0 1 0 0 x
0.065658983058840 1 0 0 0 0 0 0 0 0 0 0 0 0 1 0 0 0 0 1 x
0.083788410064158 1 0 0 0 1 0 0 0 1 1 1 0 0 1 1 0 1 1 0 x
0.102771968142504 1 0 1 0 0 0 0 1 1 0 0 1 1 1 0 0 1 0 1 x
0.065294126339549 1 0 1 0 0 0 0 1 1 1 1 1 1 1 0 0 1 1 0 x
0.091118670347198 1 1 0 0 0 0 0 1 0 1 1 1 1 1 0 0 1 1 0 x
0.141915040093053 1 0 0 0 0 0 0 1 0 0 0 0 0 0 1 0 0 0 0 x
0.048804199130126 1 0 0 0 0 0 0 1 1 0 1 0 1 1 1 0 0 1 1 x
0.068369614954249 1 0 0 0 0 0 0 1 1 1 1 1 1 1 0 1 0 1 1 x
0.101847292097448 1 0 1 0 0 0 0 1 1 0 1 0 1 1 1 0 1 0 0 x
0.068725162272639 1 0 0 1 0 0 0 1 0 1 1 1 1 1 0 0 1 1 0 x
0.113921755995458 1 0 1 0 0 1 0 0 0 1 1 1 1 1 0 0 1 0 0 x
0.089812726195358 1 0 0 1 0 0 0 1 0 1 1 1 0 1 1 1 0 1 0 x
0.067588463072773 1 0 0 0 1 0 0 1 0 1 1 1 1 1 0 0 1 1 0 x
0.071532380358392 0 1 0 0 0 0 0 1 0 0 0 0 1 1 1 0 1 0 0 x
0.049064738055520 1 0 0 0 0 0 0 1 0 1 0 0 1 1 0 0 1 1 0 x
0.083439113028848 0 1 0 1 0 0 0 1 0 1 1 1 1 1 0 0 1 1 0 x
0.065228773431818 1 0 0 0 0 1 0 0 0 0 0 0 1 1 1 0 0 0 0 x
0.072001373772797 1 0 0 0 0 1 0 0 1 0 1 1 0 1 1 0 0 0 1 x
0.079636833587612 1 0 0 0 0 0 0 1 0 1 0 0 1 1 1 1 0 1 0 x
0.049264950385216 1 0 0 1 0 0 0 0 0 1 1 1 1 1 0 0 0 1 1 x
0.058926202130609 1 0 0 0 0 0 0 0 1 0 0 0 0 1 0 0 1 0 1 x
0.058818107888117 1 0 0 1 0 0 0 1 1 1 1 1 1 1 1 0 0 1 1 x
0.083497051882438 1 0 0 0 0 0 0 0 1 0 0 0 1 1 1 0 1 0 0 x
0.078432799896382 0 1 0 0 0 1 0 0 0 0 0 0 1 1 1 0 0 0 0 x
0.092385003317620 0 1 0 0 0 0 1 0 0 1 0 0 1 0 1 0 0 1 0 x
0.101290123052795 1 0 1 0 0 0 1 1 1 0 1 1 1 1 1 0 0 1 0 x
0.052209806666927 0 1 0 0 0 0 0 0 1 0 0 0 1 0 1 0 0 0 1 x
0.081095950921883 0 1 0 0 1 0 0 0 0 1 1 1 1 1 0 1 0 1 0 x
0.081687263115582 1 0 0 1 0 0 0 1 0 1 0 1 1 1 0 0 1 0 1 x
0.122330170417264 1 0 0 0 1 1 0 0 0 1 1 0 1 1 0 0 0 1 0 x
0.088372709600228 0 0 0 1 0 1 0 0 0 0 1 1 0 1 1 0 1 0 1 x
0.093157468638417 1 0 0 0 1 0 0 1 1 1 1 0 1 1 1 0 0 1 0 x
0.127253769616424 1 0 0 1 0 1 0 1 0 0 1 1 1 1 1 0 0 1 0 x
0.038754242483693 1 0 0 0 0 0 0 0 1 0 1 1 0 1 1 0 0 1 1 x
0.091719527092047 1 0 1 0 0 0 1 1 1 1 1 1 1 0 1 0 1 1 0 x
0.089354741768992 1 0 0 0 1 0 0 0 0 1 0 0 1 1 0 0 0 0 1 x
0.053547313339250 1 0 0 0 0 0 0 1 0 1 0 0 1 1 0 0 0 1 1 x
0.049485082460231 0 1 0 0 0 0 0 0 1 0 0 1 1 0 0 1 1 0 1 x
0.059665695347285 1 0 0 0 0 0 0 0 1 0 1 0 1 0 1 0 0 1 0 x
0.090215244388376 1 0 0 0 0 0 1 1 1 0 1 1 1 0 1 1 1 1 0 x
0.114110671335019 0 1 0 1 0 0 0 1 1 0 1 1 0 1 1 0 0 0 1 x
0.043575184568774 0 1 0 0 0 0 0 0 0 1 0 1 1 0 0 1 0 1 1 x
0.101926180702383 0 0 0 1 0 0 0 0 0 0 0 0 1 1 1 0 1 0 0 x
0.052321696529586 1 0 0 1 0 0 0 0 1 1 1 1 1 1 0 1 0 1 1 x
0.074187632199427 1 0 0 0 0 0 0 1 1 0 1 0 0 1 1 1 0 1 1 x
0.117317015652950 1 1 0 0 0 0 0 1 0 1 0 0 1 1 0 0 0 0 1 x
0.038493293495241 0 0 0 0 1 0 0 0 0 0 0 0 0 1 0 1 0 0 1 x
0.056220989479839 1 0 0 0 0 0 0 1 1 0 0 0 1 1 1 0 0 0 1 x
0.037148932538893 1 0 0 0 0 0 0 0 0 0 0 0 1 0 1 0 0 0 1 x
0.105928588910644 0 0 1 1 0 0 0 1 0 1 1 1 1 0 1 1 0 1 0 x
0.093842932298330 1 0 1 0 0 0 1 1 0 1 1 1 1 1 0 1 0 1 0 x
0.085494931182931 0 0 0 1 0 0 0 1 0 0 1 1 1 1 1 0 0 1 1 x
0.078507238254644 0 1 0 0 0 0 0 1 1 0 0 1 0 1 0 1 1 0 1 x
0.041721687476458 1 0 0 0 0 0 0 0 0 1 0 1 0 0 1 0 0 1 1 x
0.049206243022271 1 0 0 0 0 1 0 0 0 1 1 1 1 1 0 0 0 1 1 x
0.041478138363737 1 0 0 0 0 0 0 0 0 1 0 1 1 0 0 1 0 1 1 x
0.071129437447410 0 0 0 1 0 0 0 0 1 0 0 1 0 0 1 1 1 0 1 x
0.058314217595148 1 0 0 0 0 0 0 1 0 1 1 0 1 1 0 0 1 0 1 x
0.111385498274781 0 1 1 0 0 0 1 1 0 1 1 1 1 1 0 1 0 1 0 x
0.072113600546451 0 0 0 0 0 1 0 0 0 0 0 0 1 0 1 1 0 0 1 x
0.162767169118565 0 0 0 0 0 0 0 0 0 0 0 0 0 0 1 0 1 0 1 x
0.111408595193454 0 0 0 1 0 0 0 1 1 0 1 1 1 0 1 1 1 1 0 x
0.063011104953883 1 0 0 0 0 1 0 0 0 0 0 0 1 0 1 1 0 0 0 x
0.156633420633912 0 0 0 0 1 1 0 0 0 0 0 0 1 1 0 0 0 0 1 x
0.126916210512430 0 0 0 1 0 1 0 0 0 0 0 1 0 1 1 1 0 1 1 x
0.083370905509673 0 0 0 1 0 1 0 0 0 0 0 1 1 0 1 1 0 0 1 x
0.033456756358912 1 0 0 0 0 0 0 0 0 1 1 0 1 0 1 0 0 1 1 x
0.064414571359550 1 0 0 0 0 0 0 0 1 1 1 1 0 0 1 0 1 1 0 x
0.043591178305612 0 1 0 0 0 0 0 0 0 0 0 0 1 0 1 0 0 0 0 x
0.048304764443567 1 0 0 0 0 0 0 1 0 1 1 1 0 1 1 0 0 1 1 x
0.114418252084203 0 1 0 1 0 1 0 0 0 1 1 1 1 1 0 0 0 1 0 x
0.050130367060423 0 1 0 0 0 0 0 0 1 0 0 1 1 0 0 1 0 1 1 x
0.071299062456354 0 0 0 0 1 0 0 0 0 0 1 1 0 1 0 1 0 1 1 x
0.075771407250272 1 0 0 0 0 0 1 0 0 0 0 0 1 0 1 1 0 1 0 x
0.089941785521599 1 0 1 0 0 0 0 1 0 1 1 1 1 0 1 1 0 1 0 x
0.056669705638309 0 0 1 0 0 0 0 0 1 0 0 1 1 0 0 1 1 0 1 x
0.078544649103396 0 0 0 1 0 0 0 0 1 0 1 1 1 0 1 1 0 1 1 x
0.055469751740869 1 0 0 0 0 0 0 0 1 0 1 1 1 0 0 0 1 0 1 x
0.097120339866873 0 0 1 0 1 0 0 0 0 0 0 1 0 1 0 1 1 0 0 x
0.080579612174704 1 0 0 1 0 0 0 1 0 1 1 0 1 1 1 0 0 1 0 x
0.045658381577674 1 0 0 0 1 0 0 0 0 1 1 1 1 1 0 0 0 1 1 x
0.053036940431082 0 0 1 0 0 0 0 0 0 0 0 0 1 0 1 1 0 0 0 x
0.072834810801060 0 0 1 0 0 0 1 0 0 0 0 1 1 0 1 1 0 1 0 x
0.123318130312286 0 0 1 1 0 0 0 0 1 0 0 1 1 0 1 1 1 0 0 x
0.096059458217796 0 0 1 0 0 1 0 0 0 0 1 0 1 0 1 1 0 0 0 x
0.077205679667920 0 0 1 0 0 0 1 0 0 0 0 1 1 0 0 1 1 0 0 x
0.092591495412668 0 1 0 0 0 0 0 1 1 0 1 0 1 1 0 0 1 1 1 x
0.065762870585835 0 0 0 0 1 0 0 0 0 0 0 1 1 0 0 1 1 0 1 x
0.090815553856667 1 0 1 0 0 0 0 1 0 1 0 1 1 1 0 0 1 0 0 x
0.064769777071856 1 0 0 1 0 0 0 0 1 1 1 1 0 1 1 1 0 0 1 x
0.042236867611010 1 0 0 0 0 0 0 0 1 1 0 1 0 1 0 1 0 1 1 x
0.088367825132087 0 0 1 0 1 0 0 0 0 0 0 1 1 0 1 1 0 0 0 x
0.047200669532002 1 0 0 0 0 0 0 0 0 1 1 0 1 1 0 1 0 1 1 x
0.056180608659758 1 1 0 0 0 0 0 0 1 1 1 1 1 1 0 0 0 1 1 x
0.079991273715541 0 0 0 1 0 0 0 1 0 0 1 1 1 0 1 1 1 0 1 x
0.072296684550061 1 0 0 0 0 1 0 1 0 0 1 0 1 1 1 0 0 0 1 x
0.065119317180236 0 1 0 0 0 0 1 0 0 0 1 1 1 0 0 1 1 1 0 x
0.044281122149925 1 0 0 0 0 0 0 0 1 1 1 1 0 0 1 1 0 1 1 x
0.060851231722283 1 0 0 0 0 1 0 0 0 0 1 0 1 0 1 0 1 0 0 x
0.146465886531834 0 0 1 0 1 0 1 0 0 0 1 1 1 0 0 1 0 1 0 x
0.109050757046482 1 1 0 0 0 0 0 1 1 1 0 1 0 1 1 0 0 1 1 x
0.091535004682417 1 1 0 0 0 0 0 0 0 1 1 0 1 0 1 0 0 1 0 x
0.105348372641594 0 1 1 0 0 0 0 0 1 0 0 1 1 0 1 1 0 0 0 x
0.104783101359447 0 0 1 0 0 0 1 0 1 0 0 1 1 0 0 1 1 1 0 x
0.094600319085205 0 0 1 0 0 0 1 0 1 0 0 1 1 0 1 1 1 0 0 x
0.065827907060536 0 1 0 0 0 0 0 1 0 1 0 0 1 1 0 0 1 0 1 x
0.081482532092876 1 0 0 1 0 0 0 1 0 1 1 1 0 1 1 0 0 1 1 x
0.056048164602994 1 0 1 0 0 0 0 1 1 1 1 1 1 1 1 0 0 1 1 x
0.137065459516924 0 0 1 0 0 1 1 0 0 0 0 1 1 0 1 1 0 0 0 x
0.054941075459992 1 0 0 1 0 0 0 0 1 1 1 1 1 1 0 0 1 0 1 x
0.089031673516056 0 1 0 0 0 0 1 0 1 0 0 1 0 0 1 1 0 1 0 x
0.087743653408010 0 1 0 1 0 0 0 0 0 1 1 1 1 1 0 1 0 1 0 x
0.043373256524313 1 0 0 0 0 0 0 1 0 1 0 1 1 1 1 0 0 1 1 x
0.132350876107060 0 0 0 1 0 0 1 1 0 0 1 1 1 0 1 1 0 1 0 x
0.062180457833427 1 0 0 0 0 1 0 0 1 1 1 1 1 1 0 0 1 1 1 x
0.061127918828743 1 0 0 0 0 0 1 0 1 0 0 1 1 1 0 1 0 1 1 x
0.112938065783634 0 0 0 1 1 0 0 0 0 1 1 1 0 1 0 1 1 0 1 x
0.052619257572310 0 1 0 0 0 0 0 1 0 0 0 1 1 0 1 0 0 1 1 x
0.053797654222135 0 1 0 0 0 0 1 0 0 0 0 1 1 1 0 0 1 0 1 x
0.118192873478217 0 0 1 0 1 0 0 1 0 0 1 0 1 1 1 1 0 0 0 x
0.083787015363161 0 1 0 0 0 0 1 1 0 0 0 1 1 1 1 0 0 1 1 x
0.041719949618367 1 0 0 0 0 0 0 0 0 1 1 1 1 1 0 0 1 1 1 x
0.107033222591699 0 1 0 0 1 0 0 1 0 0 1 0 1 1 0 1 0 0 1 x
0.072362340383421 0 0 1 0 0 0 0 1 0 0 0 1 1 0 1 1 0 1 1 x
0.182474819695813 0 0 0 0 0 0 0 0 0 0 0 0 1 0 0 1 0 1 1 x
0.073534393217296 0 0 1 0 0 0 0 1 0 0 0 0 1 0 1 0 1 0 0 x
0.125655711447302 0 1 1 0 0 0 0 0 0 1 0 1 1 0 1 0 0 1 1 x
0.060444983288612 0 0 1 0 0 0 0 1 0 0 0 0 1 0 1 1 0 0 1 x
0.074728542601547 0 0 1 0 0 0 0 1 0 0 0 0 1 1 0 1 1 0 1 x
0.061961466180650 0 0 1 0 0 0 0 1 0 0 0 1 1 0 1 1 0 0 1 x
0.106101510659744 0 0 1 0 1 0 0 1 0 0 1 1 1 1 0 0 1 1 0 x
0.128644196538040 0 0 1 0 0 0 1 1 0 0 0 1 1 0 1 1 1 1 0 x
0.129404524194146 1 1 0 1 0 0 0 1 1 1 1 1 1 1 0 0 0 1 0 x
0.081373518732668 0 1 0 0 1 0 0 0 0 1 1 1 1 0 0 1 0 0 1 x
0.101561417878150 0 0 0 1 0 1 0 0 0 0 1 0 1 1 0 0 1 0 1 x
0.086878319612702 0 1 0 0 0 1 0 0 0 1 1 0 1 1 0 0 0 1 1 x
0.045530661794015 0 1 0 0 0 0 0 0 1 0 0 1 0 0 1 1 0 0 1 x
0.087091600363147 0 0 1 0 1 0 0 0 0 0 1 1 1 0 0 1 1 0 0 x
0.071237159448063 0 1 0 0 0 1 0 0 0 0 0 1 1 0 1 1 0 0 1 x
0.075656500313603 0 0 1 1 0 0 0 0 0 1 1 1 1 1 0 0 1 0 1 x
0.059349428943613 0 1 0 0 0 0 0 1 0 0 0 1 0 1 1 1 0 0 1 x
0.117844463814346 0 0 1 1 0 0 1 0 0 1 1 1 1 1 1 0 0 1 1 x
0.060117740876612 0 1 0 0 0 0 0 1 0 1 0 1 1 0 1 1 0 1 1 x
0.087813008421727 0 0 1 0 0 0 0 0 1 0 1 1 0 1 0 0 1 0 1 x
0.084214059747521 0 0 0 0 1 0 0 0 0 0 1 0 1 1 0 1 1 0 1 x
0.093907116530260 0 0 1 0 0 0 0 0 0 0 1 0 1 1 0 0 1 0 0 x
0.123312939558568 0 0 1 1 0 0 0 1 0 0 1 1 0 1 1 1 0 0 1 x
0.095580163725796 0 1 0 0 1 0 0 0 1 0 0 1 1 1 1 1 0 0 1 x
0.060743579665742 1 0 0 0 0 1 0 0 0 1 0 0 1 1 0 1 0 0 1 x
0.059514796365654 1 0 1 0 0 0 0 1 0 1 1 1 1 1 0 0 0 1 1 x
0.048866066783493 0 1 0 0 0 0 0 1 0 0 0 0 1 1 0 1 0 0 1 x
0.062589667729379 0 1 0 0 0 0 1 0 0 1 1 1 1 1 0 0 1 1 1 x
0.060069843971303 0 0 1 0 0 0 0 1 0 0 0 0 1 1 1 0 0 0 1 x
0.100580985174438 0 0 1 0 1 0 0 1 0 1 1 1 1 1 1 0 0 1 1 x
0.121761448735965 0 0 0 0 1 0 0 0 1 0 1 1 0 0 0 1 1 0 1 x
0.111247840294784 0 1 0 0 0 1 0 0 1 0 0 0 0 1 1 1 0 0 1 x
0.108773130864451 1 0 1 0 0 0 0 0 1 0 1 1 0 0 1 1 1 0 0 x
0.059077513323667 1 0 0 0 1 0 0 0 0 1 1 1 1 0 0 1 0 1 1 x
0.127392072777031 0 1 0 1 0 0 0 1 0 0 0 1 1 0 1 1 0 0 1 x
0.058816182915167 1 0 0 0 0 0 1 0 0 0 1 1 1 0 0 1 1 1 0 x
0.085206437948470 0 0 0 1 0 0 0 0 0 1 1 1 1 1 0 0 1 1 1 x
0.103117082468916 0 1 0 0 1 0 0 1 0 1 1 1 1 0 0 1 1 1 0 x
0.136072720783349 0 0 1 0 0 1 0 1 0 0 0 0 1 1 1 0 1 0 1 x
0.042059093424967 1 0 0 0 0 0 0 0 1 1 0 1 1 0 1 0 0 1 1 x
0.053897942592896 0 1 0 0 0 0 0 0 1 0 1 1 1 0 0 0 1 1 1 x
0.109311464256296 0 0 1 0 0 0 0 1 1 0 1 1 1 0 1 0 1 1 1 x
0.069085150616493 1 0 0 0 0 0 0 0 0 0 1 1 0 0 1 1 0 1 0 x
0.044003902178253 0 1 0 0 0 0 0 0 1 0 0 1 1 0 1 0 0 1 1 x
0.047469929652379 1 0 0 0 0 0 0 0 1 0 0 1 1 0 0 1 1 0 1 x
0.050384881789245 1 0 0 0 0 1 0 0 0 1 1 1 1 0 0 1 1 0 1 x
0.065371441599556 1 0 0 0 1 0 0 1 0 1 1 1 1 1 0 1 0 1 1 x
0.125802017354355 0 0 1 0 1 0 0 0 0 0 1 0 0 1 0 1 0 0 1 x
0.070861524667751 1 0 0 0 0 0 1 0 1 1 0 1 1 0 0 1 1 1 0 x
0.056913405205305 1 0 0 0 0 1 0 0 0 0 1 1 1 1 0 1 0 0 1 x
0.071915331634623 0 1 0 0 0 1 0 0 0 0 1 0 1 1 0 0 1 1 0 x
0.080986772344739 0 0 1 1 0 0 0 0 0 1 1 1 1 0 1 1 0 0 1 x
0.100846082955516 1 0 1 0 0 0 0 1 0 1 0 0 1 1 1 0 0 0 1 x
0.070811320949636 0 0 1 0 0 0 0 0 1 0 0 0 1 0 1 0 1 0 0 x
0.138260502492483 0 1 0 1 0 0 1 0 1 0 0 1 0 1 1 1 0 0 0 x
0.041378196920048 1 0 0 0 0 0 1 0 0 1 1 1 1 1 0 1 0 1 1 x
0.078129923603157 1 0 0 0 0 0 0 1 0 0 1 0 1 1 1 0 1 1 0 x
0.105727701988421 1 0 0 1 0 0 1 0 0 1 1 1 1 0 0 1 1 1 0 x
0.059457438246153 1 0 0 0 0 0 0 1 0 1 1 1 1 0 0 0 1 1 1 x
0.079844096740080 1 0 1 0 0 0 0 1 0 1 1 1 0 1 0 0 1 0 1 x
0.090836911645297 0 0 1 0 0 0 0 1 0 1 1 1 1 1 0 0 1 1 1 x
0.084097873790907 1 0 0 0 1 0 0 0 0 1 0 0 1 0 1 0 0 1 0 x
0.071644558225786 0 0 1 0 0 0 0 1 0 0 1 0 1 0 1 1 0 1 0 x
0.055489590621665 1 0 0 0 0 1 0 0 0 1 1 0 1 1 0 0 1 0 1 x
0.067077890741632 1 0 0 1 0 0 0 0 0 1 1 0 1 1 1 0 0 0 1 x
0.061982123255546 0 0 0 0 1 0 0 0 0 0 0 1 0 1 0 1 0 0 1 x
0.068796408823710 0 0 0 0 1 0 0 0 1 0 0 0 0 1 1 1 0 0 1 x
0.081573551670088 0 0 1 0 0 0 1 0 0 1 1 1 1 0 1 1 0 1 1 x
0.052533440680141 0 1 0 0 0 0 0 1 0 0 0 1 0 1 0 1 0 0 1 x
0.079120841328999 0 1 0 0 0 1 0 0 0 0 0 0 1 0 1 0 1 0 0 x
0.133745358044803 0 0 1 0 0 0 0 1 1 0 0 0 1 0 1 1 0 0 0 x
0.052674187346332 0 0 1 0 0 0 0 0 1 0 0 0 1 1 0 0 1 0 1 x
0.060306397631059 0 1 0 0 0 0 0 1 0 0 1 1 1 0 0 1 1 1 0 x
0.094402711127596 0 0 0 1 0 1 0 0 0 0 1 0 0 1 1 1 0 0 1 x
0.077827162983693 1 0 1 0 0 0 0 1 1 1 1 1 0 1 1 0 1 1 0 x
0.034069950191966 1 0 0 0 0 0 0 0 0 0 1 0 0 1 1 0 0 0 1 x
0.056606013460982 0 0 1 0 0 0 0 0 0 0 0 1 1 1 0 0 1 0 1 x
0.167566855052100 0 0 1 0 1 0 0 1 0 0 0 1 1 0 0 1 1 0 1 x
0.068761677859180 0 0 1 0 0 0 0 0 0 0 0 1 1 0 1 1 0 0 1 x
0.081929957134121 0 0 1 0 0 0 0 1 0 1 1 1 1 0 1 1 0 1 1 x
0.065036263753157 1 0 0 0 0 0 1 0 1 0 1 1 0 1 0 1 1 1 0 x
0.043924447351585 1 0 0 0 0 1 0 0 0 1 1 1 1 1 0 1 0 1 1 x
0.109601647130615 0 1 0 0 0 0 1 0 1 0 0 1 0 1 0 1 0 1 1 x
0.061805898123150 0 0 0 0 1 0 0 0 0 0 1 0 0 1 0 0 1 1 0 x
0.086826318564478 0 1 0 0 0 0 1 1 0 0 0 1 1 1 0 0 1 1 0 x
0.065533990514416 1 0 0 0 0 1 0 0 0 0 1 0 0 1 1 0 0 0 1 x
0.088206679192326 1 0 0 0 1 0 0 1 0 1 0 1 0 1 1 0 0 1 0 x
0.072159487696602 1 1 0 0 0 0 0 0 1 1 1 1 0 0 1 0 0 0 1 x
0.174103418288903 0 1 1 0 0 0 1 0 0 0 0 0 1 0 1 1 0 0 0 x
0.096047962059912 1 1 0 0 0 0 0 0 1 1 0 1 0 0 1 0 0 1 0 x
0.059760219556079 1 0 0 0 1 0 0 0 0 1 1 1 1 0 0 0 1 1 0 x
0.110019531986968 0 0 0 1 1 0 0 0 0 0 1 1 1 0 0 0 1 1 0 x
0.045772990785541 1 0 0 0 0 0 0 0 1 1 0 1 0 0 1 0 1 0 1 x
0.039417080801773 1 0 0 0 0 0 0 0 0 1 0 0 1 0 0 0 1 0 1 x
0.072748996748506 0 0 1 0 0 0 0 1 0 0 1 0 1 1 1 1 0 0 1 x
0.098181585077408 1 1 0 0 0 0 0 0 1 1 0 1 1 0 1 0 0 1 1 x
0.066095492401585 1 1 0 0 0 0 0 0 1 1 1 1 0 1 0 1 0 0 1 x
0.067136806131952 0 1 0 0 0 1 0 0 0 0 0 1 1 0 1 0 0 1 0 x
0.121412450288954 1 1 0 0 1 0 0 0 1 1 1 1 1 1 0 1 0 0 1 x
0.061113527025136 0 0 0 0 1 0 0 0 0 0 0 1 0 1 0 0 1 1 0 x
0.137723992740324 1 1 0 1 0 0 0 0 1 1 1 1 0 1 1 0 0 0 1 x
0.093824735740162 1 1 0 0 0 0 1 0 1 1 1 1 1 1 0 1 0 1 0 x
0.098183584412441 1 1 0 0 0 1 0 0 0 1 1 1 1 1 0 0 0 0 1 x
0.074399944199261 0 0 1 0 0 0 1 0 0 0 1 1 1 0 1 0 1 1 0 x
0.070233754139300 1 0 0 0 0 0 0 1 0 0 1 0 1 1 1 1 0 0 1 x
0.096810440552070 0 0 1 0 1 0 0 0 1 0 1 1 1 1 1 0 1 1 0 x
0.050938266411959 0 1 0 0 0 0 0 1 0 0 1 1 0 1 1 0 0 1 1 x
0.066367832438215 1 0 0 0 0 0 0 1 1 1 0 1 1 1 0 0 1 1 1 x
0.078148485270905 0 1 0 0 0 1 0 1 0 0 1 1 1 1 1 0 0 1 1 x
0.110957199576677 0 1 0 0 1 0 0 1 1 0 1 1 0 1 1 1 0 1 0 x
0.083766095720056 0 0 1 0 1 0 0 0 0 0 1 1 0 1 1 0 0 1 0 x
0.074769422374930 1 0 0 1 0 0 0 0 0 1 0 1 1 1 0 1 0 0 1 x
0.085845958754519 1 0 0 0 1 0 0 1 0 0 1 0 1 1 0 1 0 1 0 x
0.062420550342121 0 1 1 0 0 0 0 0 1 1 1 1 1 1 0 0 0 1 1 x
0.101366357588901 0 0 1 0 0 0 1 0 1 0 0 1 1 1 0 0 1 0 1 x
0.085445009369119 0 1 1 0 0 0 0 0 1 1 1 1 1 0 0 1 1 1 0 x
0.087877949073618 0 0 1 0 1 0 0 0 0 1 1 1 1 1 0 0 1 1 1 x
0.130253329629012 0 1 0 0 0 1 0 0 1 0 1 1 0 0 1 0 0 1 1 x
0.054577315544851 1 0 0 0 0 0 1 0 0 1 0 1 1 0 0 1 1 0 1 x
0.093592274762176 0 1 1 0 0 0 0 0 1 0 1 1 1 1 0 0 1 1 0 x
0.155580578536752 1 1 1 0 0 0 0 1 1 1 1 1 1 1 0 0 0 1 0 x
0.108971587250929 1 0 0 1 0 0 0 1 1 1 0 1 0 1 1 0 1 1 0 x
0.064402943986122 1 0 0 0 0 1 0 0 0 1 0 1 1 0 0 1 0 0 1 x
0.115502169385276 0 0 0 1 0 1 0 0 1 0 1 1 1 0 1 1 1 0 1 x
0.098638012853305 1 0 0 0 1 0 1 0 0 1 1 1 1 0 0 1 1 1 0 x
0.062084867298996 0 0 1 0 0 0 0 0 1 0 1 1 1 1 0 0 1 1 1 x
0.038332438946624 1 0 0 0 0 0 0 1 0 0 1 1 1 0 1 0 0 1 1 x
0.066057443357265 0 0 1 0 0 0 0 1 0 0 1 1 1 1 1 0 0 1 1 x
0.042687065655437 1 0 0 0 0 0 0 1 0 0 1 1 1 1 0 0 0 1 1 x
0.114388174245218 0 1 0 0 0 1 0 1 0 0 1 1 0 1 0 0 1 1 0 x
0.040660591039168 0 1 0 0 0 0 0 0 0 1 0 0 1 0 0 1 0 0 1 x
0.127098159431422 1 0 0 1 0 0 1 1 1 0 1 1 1 1 1 1 0 1 0 x
0.051489520008552 1 0 0 0 0 0 1 0 0 1 1 1 1 0 1 0 0 1 1 x
0.058959645617670 0 1 0 0 0 0 0 1 0 0 1 1 1 1 0 0 0 1 1 x
0.097652572283789 0 0 0 1 0 0 1 0 0 0 1 1 0 0 1 1 1 1 0 x
0.076876411484450 0 0 0 1 0 0 0 0 1 0 1 1 0 1 1 0 1 1 1 x
0.106109610251814 0 0 0 1 0 0 1 0 0 1 1 1 1 0 1 1 0 1 1 x
0.109221080669392 0 1 0 0 0 1 1 0 0 0 1 1 1 1 1 0 1 1 0 x
0.045339556103728 0 1 0 0 0 0 0 0 0 1 0 1 1 0 0 0 1 0 1 x
0.049109042411639 1 0 0 0 0 0 0 0 1 1 0 1 0 0 0 1 1 0 1 x
0.053223663701566 1 0 0 0 0 0 1 0 0 0 0 0 1 0 1 0 1 0 0 x
0.100997054392031 0 0 1 0 1 0 0 0 1 0 1 1 0 1 1 1 0 1 0 x
0.116540940189765 0 0 0 1 1 0 0 0 0 1 0 0 1 1 0 1 0 0 1 x
0.051290151618382 1 0 0 0 0 1 0 0 0 0 1 1 1 0 1 0 0 1 1 x
0.081474175814789 1 0 1 0 0 0 1 0 1 1 1 1 1 1 0 1 0 1 1 x
0.078153101078575 0 1 1 0 0 0 0 0 1 1 1 1 1 0 0 1 0 0 1 x
0.104731526239637 0 1 1 0 0 0 0 0 1 1 0 1 0 1 0 1 0 0 1 x
0.034560963897548 0 1 0 0 0 0 0 0 0 0 0 1 1 0 0 1 0 0 1 x
0.124950813885806 0 0 1 0 1 0 1 0 0 1 1 1 1 1 1 1 0 1 0 x
0.092940425323098 0 0 0 1 0 1 0 0 0 0 1 1 1 1 1 0 1 1 0 x
0.132899988293466 0 1 0 0 1 0 0 0 1 1 1 0 0 1 0 1 0 0 1 x
0.067300523288761 1 0 0 0 0 1 0 0 1 0 1 0 1 1 1 1 0 0 1 x
0.073886811402334 0 0 1 0 0 0 0 0 0 1 1 1 1 0 0 1 1 0 1 x
0.055978088393544 0 1 0 0 0 0 0 0 0 0 0 0 1 1 0 0 1 0 1 x
0.084428076529738 0 1 0 0 0 0 1 0 0 1 0 1 1 0 0 1 1 0 0 x
0.077291991708977 0 1 0 0 1 0 0 1 0 1 1 1 1 1 1 0 0 1 1 x
0.091503612628536 0 1 0 0 1 0 0 1 0 0 1 1 1 1 1 0 0 1 0 x
0.067583329579746 0 0 1 0 0 0 0 0 0 0 1 1 1 0 0 0 1 1 0 x
0.097787852077432 0 0 1 1 0 0 0 0 0 1 1 1 1 0 0 1 1 1 0 x
0.089571669099605 1 1 0 0 0 0 1 0 0 1 1 1 1 1 0 0 1 0 1 x
0.079470157224522 0 0 1 0 0 0 0 1 0 0 0 0 1 1 1 0 1 1 0 x
0.075922790572235 1 0 0 0 1 0 0 1 0 1 1 1 1 0 1 0 0 1 1 x
0.084743936132507 0 1 1 0 0 0 0 0 1 1 0 1 1 1 0 0 1 0 1 x
0.093535164001153 1 0 0 1 0 1 0 0 0 1 1 1 1 1 0 0 1 0 1 x
0.037279057905059 1 0 0 0 0 0 0 0 0 0 1 1 0 1 0 0 1 0 1 x
0.080267683033271 1 0 0 0 0 0 1 0 1 0 0 1 0 0 1 0 1 1 0 x
0.090461989571558 1 1 0 0 0 0 0 0 1 1 1 0 0 0 1 1 0 0 0 x
0.049203037378410 1 0 0 0 0 0 0 1 0 0 0 0 1 1 0 0 1 0 0 x
0.043168318068709 0 1 0 0 0 0 0 0 0 1 1 0 1 0 1 0 0 1 1 x
0.101414558089115 0 1 0 1 0 0 0 0 1 0 1 1 0 0 1 1 1 0 0 x
0.086638071054339 0 0 1 0 1 0 0 0 0 0 1 1 1 0 1 0 0 1 0 x
0.036609666276557 1 0 0 0 0 0 0 0 0 1 1 0 0 1 0 1 0 0 1 x
0.122315355319110 0 0 1 1 0 0 0 1 0 0 1 1 1 0 1 0 1 1 0 x
0.113147105401116 1 1 0 0 0 1 0 0 1 1 1 1 0 1 1 0 1 0 0 x
0.075089199307837 0 0 0 1 0 0 0 1 0 0 0 0 1 1 0 0 1 0 1 x
0.033536052341090 1 0 0 0 0 0 0 0 0 1 1 0 0 1 0 0 1 0 1 x
0.117577622075904 1 0 1 0 0 1 0 1 0 1 1 1 1 1 1 0 0 1 0 x
0.039005458614158 0 1 0 0 0 0 0 0 0 0 1 1 0 0 0 1 0 0 1 x
0.043740342489600 0 0 0 1 0 0 0 0 0 0 0 1 0 1 0 0 1 0 1 x
0.074016917805164 0 1 0 0 0 0 0 0 0 1 1 1 1 0 0 0 0 1 1 x
0.064474964686019 1 0 0 1 0 0 0 0 0 1 1 1 0 1 0 0 1 0 1 x
0.047466895357280 0 1 0 0 0 0 0 0 0 0 1 1 0 0 0 1 1 0 1 x
0.081848052759086 0 1 0 0 1 0 0 0 1 0 1 1 1 0 1 1 0 1 0 x
0.051800098436779 0 1 0 0 0 0 0 0 1 0 1 1 0 1 0 1 1 0 1 x
0.087138983987570 0 0 0 1 1 0 0 0 0 0 1 1 1 0 1 1 0 0 1 x
0.052868020392053 1 0 0 0 0 0 0 0 1 1 1 0 0 1 1 1 0 0 1 x
0.051160477288026 0 1 0 0 0 0 0 1 0 0 1 0 1 1 1 0 0 1 1 x
0.068141154762901 0 0 0 1 0 0 0 0 0 0 1 1 0 1 0 1 1 0 1 x
0.105282262501171 0 0 0 1 0 1 0 0 0 0 1 1 0 1 0 0 1 1 0 x
0.102882630875436 0 0 1 1 0 0 0 0 1 1 0 1 1 1 0 0 1 0 1 x
0.069587896512722 0 1 0 0 0 1 0 0 0 0 0 1 1 0 0 1 1 0 0 x
0.049956698507947 0 1 0 0 0 0 0 0 0 1 0 1 0 0 0 1 0 0 1 x
0.060864880096831 1 0 0 0 1 0 0 0 0 1 1 1 0 1 0 0 1 1 0 x
0.044661581929646 0 1 0 0 0 0 0 0 0 0 1 0 0 0 1 1 0 0 1 x
0.077230160667644 1 0 0 0 1 0 0 0 1 1 1 0 1 1 0 1 0 1 1 x
0.053522740322563 0 1 0 0 0 0 0 0 1 0 0 0 1 0 0 0 1 1 0 x
0.068855884493119 0 1 0 0 1 0 0 0 1 0 1 1 1 1 1 0 0 1 1 x
0.058557007934031 0 1 0 0 0 0 0 1 0 0 1 1 0 0 1 1 0 0 1 x
0.062325482227349 1 0 1 0 0 0 0 0 0 1 1 1 1 0 0 0 1 0 1 x
0.080002586748321 1 0 0 0 0 1 1 0 0 0 1 1 1 0 1 1 0 0 1 x
0.103864017825606 0 0 1 0 0 1 0 0 0 0 1 1 1 0 1 1 1 1 0 x
0.075529972618848 0 1 0 0 1 0 0 0 1 0 1 1 1 1 0 0 1 1 0 x
0.061173253393517 0 0 0 1 0 0 0 0 1 0 0 0 0 1 1 0 1 0 1 x
0.047500003246547 0 1 0 0 0 0 0 0 0 1 1 1 0 0 1 1 0 1 1 x
0.072877657157128 1 1 0 0 0 0 0 0 0 1 1 1 1 0 0 0 1 0 1 x
0.082633906374734 0 0 0 1 0 0 0 0 1 0 0 1 1 1 1 0 1 0 1 x
0.090833330745651 0 1 0 0 0 0 0 0 1 0 0 0 0 0 0 1 0 0 1 x
0.055671916186583 1 0 0 0 0 1 0 0 0 0 1 1 1 0 0 0 1 0 1 x
0.138255242696552 0 1 0 1 0 0 1 0 0 0 1 1 0 1 0 0 1 0 0 x
0.087964936015242 0 1 0 1 0 0 0 0 1 1 1 0 1 1 0 0 1 1 0 x
0.099794849813869 0 1 0 0 0 1 0 1 0 0 0 0 1 1 1 0 0 1 0 x
0.048765369079461 1 0 0 0 0 1 0 0 1 0 1 1 1 1 1 0 0 1 1 x
0.084425930977928 0 1 1 0 0 0 0 0 0 1 1 1 1 1 0 1 0 0 1 x
0.035381140263770 1 0 0 0 0 0 0 0 0 1 1 0 0 0 1 1 0 0 1 x
0.081478678827778 0 1 0 1 0 0 0 0 1 1 1 0 1 1 1 0 0 0 1 x
0.068536868369358 1 0 0 1 0 0 0 0 1 1 1 0 1 1 1 0 0 1 1 x
0.086501229481432 0 0 1 0 0 0 0 1 0 0 0 0 1 1 0 0 1 0 0 x
0.045750713069380 0 1 0 0 0 0 0 0 0 1 1 0 1 0 0 1 1 0 1 x
0.047250054373543 1 0 0 0 0 0 0 0 1 1 0 0 1 0 1 0 1 1 0 x
0.143957124279486 0 1 1 0 1 0 0 0 1 1 1 1 1 1 1 0 0 1 0 x
0.105610002830347 1 0 1 0 0 0 1 0 0 0 1 1 1 0 1 0 1 0 0 x
0.051147100658177 1 0 0 0 0 0 0 0 0 1 0 0 1 0 1 1 0 0 1 x
0.064334362639797 0 0 1 0 0 0 0 0 0 0 1 0 1 0 1 0 1 1 0 x
0.071878118729256 0 1 0 0 0 1 0 0 0 0 1 1 0 0 1 1 0 0 1 x
0.091759845485278 0 1 0 1 0 0 0 0 0 1 1 0 1 1 0 0 0 0 1 x
0.053162254491639 1 0 0 0 0 0 1 1 0 0 1 1 1 1 1 0 0 1 1 x
0.066093711690190 0 0 0 1 0 0 0 0 1 0 0 0 1 1 0 0 1 0 1 x
0.047779105555115 1 0 0 0 0 0 1 0 0 0 1 1 0 1 0 1 0 0 1 x
0.090810117431379 0 1 0 1 0 0 0 0 1 1 1 1 0 0 1 1 0 0 1 x
0.084328085735356 0 1 0 0 0 1 0 0 1 0 1 1 1 0 0 1 1 1 0 x
0.053010133838282 0 1 0 0 0 0 0 0 1 0 0 1 0 1 1 0 1 0 1 x
0.068776432509568 1 0 1 0 0 0 0 1 1 1 1 1 1 0 0 1 1 0 1 x
0.120174201962065 1 0 1 1 0 0 0 1 1 1 1 1 1 1 0 0 1 0 1 x
0.171654765343919 0 1 1 1 0 0 0 0 1 1 1 1 1 1 0 1 0 0 0 x
0.048559543144227 0 1 0 0 0 0 0 0 1 0 1 0 1 1 1 0 0 1 1 x
0.080228945551036 0 0 0 0 1 0 0 1 0 0 0 0 1 1 1 1 0 0 1 x
0.129526687265299 1 1 0 0 1 0 0 1 1 1 1 1 1 1 1 0 0 1 0 x
0.134609456296408 1 1 0 0 0 0 0 0 0 1 1 0 0 0 1 0 0 0 1 x
0.102137257845462 1 1 0 0 0 0 1 0 1 0 1 1 1 0 0 1 1 0 0 x
0.110804359305500 0 1 1 0 0 0 0 0 1 0 1 1 0 0 1 1 0 1 0 x
0.038235051530967 1 0 0 0 0 0 0 0 0 0 1 0 1 0 0 0 1 1 0 x
0.053829116402363 0 1 0 0 0 0 0 0 1 0 0 0 1 0 1 0 1 0 0 x
0.049564000176532 1 0 0 0 0 0 1 0 0 1 1 1 0 1 0 1 1 0 1 x
0.061257652113188 1 0 0 0 0 1 0 0 0 0 1 1 1 1 0 0 1 1 0 x
0.080022876368363 1 0 1 0 0 0 0 1 1 1 1 1 0 1 0 1 1 0 0 x
0.068963613975167 0 1 0 0 0 1 0 0 0 1 1 1 1 0 0 1 1 0 1 x
0.033643019210689 1 0 0 0 0 0 0 0 0 0 0 0 1 0 0 0 1 0 0 x
0.035825382189812 1 0 0 0 0 0 0 0 0 1 1 1 0 0 0 1 1 0 1 x
0.039344985896675 1 0 0 0 0 0 0 0 1 0 0 1 1 0 0 0 1 1 0 x
0.067682112522360 0 0 0 1 0 0 0 0 0 0 1 1 0 0 1 1 0 0 1 x
0.058385309722195 1 1 0 0 0 0 0 1 1 1 1 1 1 0 1 0 1 0 1 x
0.071161770723500 1 1 0 0 0 0 0 1 1 1 1 1 1 1 0 1 0 0 1 x
0.095472535213976 1 1 0 0 0 0 1 1 1 1 1 1 1 0 1 0 1 0 0 x
0.091715812970619 1 1 0 0 0 0 0 1 1 0 1 1 1 1 1 0 0 0 1 x
0.109286712574763 1 1 0 0 0 0 0 0 1 1 1 1 1 0 1 0 1 0 0 x
0.067878581583666 1 1 0 0 0 0 0 1 1 1 1 1 0 1 1 0 1 0 1 x
0.094048290432974 1 1 0 0 0 0 0 1 0 1 1 0 1 0 0 1 1 0 0 x
0.062875784865457 0 1 0 0 0 0 1 0 0 0 1 1 0 0 1 1 0 0 1 x
0.061652892254739 1 0 1 0 0 0 0 1 1 1 1 1 1 0 1 0 1 0 1 x
0.080920192426720 0 0 1 0 0 0 0 1 1 0 0 0 1 1 1 0 1 0 1 x
0.082139419592987 1 1 0 0 0 0 0 1 1 1 1 1 0 0 1 1 1 0 0 x
0.064875785632377 0 0 0 0 1 0 0 0 0 0 0 0 1 1 0 0 1 1 0 x
0.113247141083417 1 1 0 0 0 1 0 1 1 1 1 1 1 1 0 1 1 0 0 x
0.070732279108852 1 1 0 0 0 0 0 0 1 1 1 1 1 0 0 1 1 0 1 x
0.041906868883889 1 0 0 0 0 0 0 0 0 0 1 0 1 0 1 0 0 1 0 x
0.069051815837287 1 1 0 0 0 0 0 1 0 1 1 1 1 0 0 1 0 0 1 x
0.069117864525933 1 0 1 0 0 0 0 1 0 1 1 1 1 0 1 0 0 1 1 x
0.093187318782537 0 1 0 0 0 0 1 0 0 1 1 1 0 0 0 1 1 0 1 x
0.095803335142234 1 0 0 0 1 1 0 0 0 1 1 1 1 1 1 0 0 1 1 x
0.070493189265344 1 0 0 1 0 0 0 1 0 1 1 1 1 0 1 0 0 1 1 x
0.052190788520501 1 0 0 0 0 0 0 1 0 1 0 1 1 0 0 1 1 1 0 x
0.048867853953290 0 1 0 0 0 0 0 0 1 0 0 1 0 1 1 0 0 1 1 x
0.048039674046626 1 0 0 0 0 0 1 0 0 0 1 1 0 1 1 0 0 1 1 x
0.046270726735335 0 1 0 0 0 0 0 0 0 0 1 1 1 0 1 0 0 1 1 x
0.068651262467657 1 0 0 1 0 0 0 0 1 1 0 1 1 1 0 0 0 1 1 x
0.043594662250451 1 0 0 0 0 0 0 1 0 0 0 1 1 0 0 0 1 1 0 x
0.088711643308122 0 0 1 0 0 0 0 0 1 1 1 0 1 1 0 0 1 1 1 x
0.050426451443234 1 0 0 0 0 0 0 1 0 1 0 1 0 1 0 1 1 0 1 x
0.060015215925143 0 0 0 1 0 0 0 0 0 0 0 1 1 0 0 1 1 0 1 x
0.058660626980557 0 0 0 0 1 0 0 0 0 0 1 0 0 1 1 0 0 1 1 x
0.043594882545914 1 0 0 0 0 0 0 1 0 0 0 0 1 1 0 1 0 0 1 x
0.068129247266717 1 0 0 0 0 1 1 0 0 1 1 1 1 1 1 0 0 1 1 x
0.042140389003197 1 0 0 0 0 0 0 1 0 0 1 1 1 0 0 1 1 0 1 x
0.061306069760553 1 0 0 0 1 0 0 0 0 1 1 1 1 0 0 0 1 0 1 x
0.054567921639063 1 0 0 1 0 0 0 0 1 1 1 1 1 0 1 0 1 0 1 x
0.041901385483006 1 0 0 0 0 0 0 0 1 0 0 1 0 1 0 0 1 1 0 x
0.067163754616580 0 0 0 1 0 0 0 1 0 0 0 0 0 1 1 1 0 0 1 x
0.052455298418514 1 0 0 0 0 0 0 0 1 1 1 0 1 0 1 0 1 0 1 x
0.078279311410951 0 0 0 0 1 0 0 0 0 0 1 0 0 1 1 1 0 0 1 x
0.073834652219705 0 1 0 0 0 0 1 0 1 0 0 1 1 1 0 0 1 1 0 x
0.113286454815927 1 1 0 0 0 0 1 1 1 0 1 1 0 1 1 1 0 0 0 x
0.072748383056601 1 0 1 0 0 0 0 1 0 1 1 1 1 1 0 1 0 0 1 x
0.056629317582411 1 0 0 0 0 0 0 1 0 1 0 1 0 1 0 1 0 1 0 x
0.085239546143898 1 0 0 1 0 0 0 1 0 1 0 1 1 1 0 1 0 1 0 x
0.104477081092335 1 0 0 0 1 0 0 1 0 0 1 0 1 1 1 0 0 1 1 x
0.101332436780446 0 0 0 0 1 0 0 0 1 0 1 1 1 0 1 1 0 1 1 x
0.087698046023682 0 0 0 0 1 0 0 1 0 0 0 0 0 1 1 0 0 1 1 x
0.039606932638604 1 0 0 0 0 0 0 0 0 1 1 1 0 0 1 0 1 0 1 x
0.107793008782557 1 0 0 0 1 0 0 1 1 0 1 1 0 1 0 0 1 1 0 x
0.049695614829098 1 0 0 0 0 0 0 0 0 1 0 0 0 1 0 1 1 0 0 x
0.063732808737154 0 1 0 0 0 1 0 0 0 1 0 1 1 1 1 0 0 1 1 x
0.061372744588777 0 0 1 0 0 0 0 0 1 0 1 1 1 0 1 1 0 1 1 x
0.088866237295591 1 0 0 1 0 0 0 0 0 1 0 0 1 0 1 0 1 0 0 x
0.165956638268502 0 1 0 1 1 0 0 0 1 0 1 1 1 1 1 0 1 0 0 x
0.090144165777848 0 0 0 0 0 1 0 0 1 0 0 0 1 0 1 0 1 1 0 x
0.064608187481871 0 0 1 0 0 0 0 1 0 0 0 0 0 1 1 1 0 0 1 x
0.086779976883613 0 1 0 0 0 1 0 0 1 0 0 1 0 1 1 0 1 0 0 x
0.074585273712019 0 1 0 0 0 1 0 0 0 1 1 0 1 0 1 1 0 1 0 x
0.083734713303067 0 0 1 1 0 0 0 0 0 1 1 1 1 1 0 1 0 1 1 x
0.044974890577042 1 0 0 0 0 0 0 1 0 0 0 1 1 0 0 0 1 0 1 x
0.058627686752577 1 0 0 1 0 0 0 0 0 1 1 1 1 0 0 0 1 0 1 x
0.075769975021817 0 0 1 0 0 1 0 0 0 1 1 1 1 1 0 1 0 1 1 x
0.051773174192064 1 0 0 0 0 0 0 0 1 0 1 0 1 1 0 0 1 1 0 x
0.060097274070346 0 0 1 0 0 0 0 0 1 0 0 0 0 1 1 0 1 0 0 x
0.048849500910775 0 0 1 0 0 0 0 0 0 0 0 1 0 1 0 0 1 1 0 x
0.106224366053948 0 0 1 0 0 1 0 0 1 0 0 1 0 1 1 1 1 0 0 x
0.080416629856677 0 0 1 0 0 0 1 0 0 0 1 1 0 1 0 1 1 1 0 x
0.058982075549924 0 0 1 0 0 0 0 0 0 0 0 0 0 1 0 0 1 0 1 x
0.090142449468870 0 0 1 0 0 0 1 0 0 1 0 1 0 1 0 1 1 0 1 x
0.084394368361654 0 0 1 0 0 1 0 0 0 0 1 1 0 1 1 0 1 1 0 x
0.133949910364632 0 0 1 1 0 0 0 0 0 0 0 0 0 1 1 0 1 0 0 x
0.062597496161835 0 0 1 0 0 0 0 0 0 0 0 1 0 1 1 0 0 1 1 x
0.058490777917517 0 0 1 0 0 0 0 0 1 0 0 1 0 0 1 0 1 1 0 x
0.058788461382117 0 0 1 0 0 0 0 0 0 0 0 1 0 0 1 1 0 1 0 x
0.069000628684946 0 0 1 0 0 0 0 0 1 0 0 1 0 1 1 0 1 1 0 x
0.053948755810509 0 0 1 0 0 0 0 0 0 1 0 1 0 1 0 1 0 1 1 x
0.074683521223657 0 0 1 0 0 0 0 1 0 0 1 0 0 1 1 0 0 1 1 x
0.056631004138286 0 0 1 0 0 0 0 0 0 0 1 1 0 1 0 0 1 1 1 x
0.040798042762174 0 0 1 0 0 0 0 0 0 0 0 1 0 1 0 1 0 0 1 x
0.110251676642278 0 0 1 1 0 0 1 0 0 1 1 1 1 1 0 1 0 0 1 x
0.074433583149627 0 0 1 0 0 0 0 0 1 0 0 1 0 1 0 1 1 0 0 x
0.195374625293294 1 1 1 0 0 0 1 1 1 1 1 1 1 0 1 1 1 0 0 x
0.111432787342149 0 1 1 0 0 0 0 0 1 1 0 1 1 1 0 1 0 1 1 x
0.097980102198535 0 1 1 0 0 0 0 0 0 1 1 1 1 0 0 0 1 0 0 x
0.078538762330394 0 0 1 0 0 0 1 0 0 0 1 1 0 0 1 1 0 1 0 x
0.058916563332050 0 0 1 0 0 0 0 0 1 0 1 0 1 1 1 0 0 1 1 x
0.082460270863911 0 0 1 0 0 1 0 0 0 0 1 1 0 1 0 1 0 1 0 x
0.104349675556058 0 0 1 0 0 1 0 0 1 0 1 0 1 1 1 0 0 1 1 x
0.081654428279829 0 0 0 1 0 0 0 0 1 0 1 0 1 0 1 0 1 1 1 x
0.071226596900755 0 0 0 0 1 0 0 0 1 0 0 0 0 1 1 0 1 1 0 x
0.045800320969663 1 0 0 0 0 0 0 1 0 1 0 1 1 0 0 1 1 0 1 x
0.055352483807937 0 1 0 0 0 0 0 0 1 0 1 1 0 0 0 1 1 1 0 x
0.065836729936707 1 1 0 0 0 0 0 1 1 1 1 1 1 0 0 0 1 0 1 x
0.062573846099174 1 0 0 0 0 1 0 0 1 1 1 0 1 1 1 0 0 1 1 x
0.037669682904225 0 0 1 0 0 0 0 0 0 0 0 1 0 0 0 1 1 0 0 x
0.115518899728476 0 0 1 1 0 0 0 0 0 1 0 1 0 1 0 1 0 0 1 x
0.073193855010224 0 0 1 0 0 0 0 1 0 0 0 1 0 1 0 0 1 0 1 x
0.124452602792137 1 1 0 0 0 0 1 0 0 0 0 1 1 0 1 0 0 0 0 x
0.064853633507667 0 0 1 0 0 0 1 0 0 0 1 1 1 1 0 1 0 1 1 x
0.095833893218970 0 1 1 0 0 0 0 0 0 1 1 1 0 1 0 0 0 1 1 x
0.070224133210806 0 0 1 0 0 0 0 0 1 0 1 1 0 0 0 1 1 1 0 x
0.094952708667212 1 0 1 0 0 0 0 1 0 0 1 1 1 0 0 0 1 1 0 x
0.097172082628568 0 0 1 0 0 1 0 0 0 0 0 1 0 1 0 0 1 1 0 x
0.054462625340801 0 1 0 0 0 0 0 0 0 1 0 1 0 0 1 1 0 1 0 x
0.084191489021801 1 0 1 0 0 0 1 1 1 1 1 1 1 1 1 0 1 0 1 x
0.046204604371798 0 1 0 0 0 0 0 0 0 0 0 1 1 0 0 1 0 1 0 x
0.046454131544919 0 0 1 0 0 0 0 0 0 0 1 1 0 1 0 0 0 1 1 x
0.076924137806323 0 0 1 0 0 0 0 1 0 0 0 1 0 1 0 1 0 1 1 x
0.073024061459315 1 0 0 1 0 0 0 0 1 0 1 1 1 1 0 0 1 1 0 x
0.093757404033880 1 1 0 0 0 0 1 0 1 1 1 1 0 0 1 0 1 0 1 x
0.049591302979545 0 1 0 0 0 0 0 0 1 0 0 0 0 1 1 0 1 0 0 x
0.092833771100202 1 0 0 0 1 0 0 0 0 0 0 1 1 0 0 0 1 1 0 x
0.059339047478361 0 0 1 0 0 0 0 0 0 1 0 1 1 1 0 0 0 1 1 x
0.070011788757085 1 0 0 0 0 0 1 0 0 0 1 0 1 0 1 1 0 0 0 x
0.130455130038514 0 1 1 0 0 0 0 0 0 0 1 1 0 0 0 1 0 0 0 x
0.049227511525912 1 0 0 0 0 1 0 0 0 1 1 1 1 0 1 0 1 0 1 x
0.062624227939102 1 0 0 1 0 0 0 0 1 1 1 1 1 0 1 0 1 1 0 x
0.061823942725734 0 0 1 0 0 0 0 0 1 0 0 1 0 1 0 1 0 1 1 x
0.094511416890967 0 0 1 0 0 0 0 0 0 1 0 1 1 0 0 1 1 0 0 x
0.057904141107461 1 0 0 0 0 0 1 0 0 0 0 1 1 1 0 0 1 1 0 x
0.071486693349792 0 0 0 0 1 0 0 0 1 0 0 0 1 1 1 0 0 1 1 x
0.104282552138228 0 0 0 0 1 1 0 0 0 0 1 1 1 0 1 0 1 1 0 x
0.096059217627508 0 0 0 1 1 0 0 0 0 0 0 1 1 1 0 0 1 0 1 x
0.057733555005600 1 0 0 0 1 0 0 0 0 1 1 1 0 1 0 1 0 0 1 x
0.038287970128783 1 0 0 0 0 0 0 0 0 1 0 1 1 1 0 0 0 1 1 x
0.055120586606222 0 0 0 1 0 0 0 0 0 0 0 1 0 0 1 0 1 1 0 x
0.053540270241451 0 1 0 0 0 0 0 1 0 0 1 0 1 0 1 1 0 0 1 x
0.038183521934810 1 0 0 0 0 0 0 0 0 1 1 1 0 1 0 1 0 1 1 x
0.054769622103523 0 0 1 0 0 0 0 0 0 1 0 0 1 1 0 1 0 0 1 x
0.081215325036880 1 0 0 1 0 0 1 0 0 1 1 1 1 1 1 0 0 0 1 x
0.071611220450858 0 0 1 0 0 0 0 0 0 1 1 1 1 1 0 1 0 1 1 x
0.080976695964763 0 0 0 1 0 0 0 0 1 0 0 1 0 0 1 1 1 1 0 x
0.057167652636158 1 0 0 0 0 1 0 1 0 1 1 1 1 1 1 0 0 1 1 x
0.041937732198677 0 0 1 0 0 0 0 0 0 0 0 1 0 0 1 0 1 0 0 x
0.065065780699232 0 0 1 0 0 0 0 0 0 0 0 0 0 0 1 1 1 0 0 x
0.064812315990837 0 1 0 0 0 1 0 0 0 1 1 1 1 1 0 0 1 1 1 x
0.106288037289702 0 0 1 0 0 1 0 0 0 1 0 1 0 1 0 1 0 0 1 x
0.070636581853614 1 0 0 1 0 0 0 0 0 1 0 1 1 0 1 0 0 1 0 x
0.081022235942850 1 1 0 0 0 0 0 1 1 1 1 1 0 1 0 1 1 0 0 x
0.075456572342526 0 0 0 1 0 0 0 0 0 0 0 1 0 0 1 1 1 0 0 x
0.127485678865558 1 0 1 0 1 0 0 1 0 1 1 1 1 0 1 0 1 0 0 x
0.053616721395855 0 1 0 0 0 0 0 0 1 0 1 1 0 0 1 1 0 1 1 x
0.058084994996979 1 0 0 0 0 1 0 0 0 1 1 1 0 0 1 1 0 0 1 x
0.051665225329238 0 0 1 0 0 0 0 0 0 0 0 1 0 0 0 0 1 0 1 x
0.046916307675119 1 0 0 0 0 0 1 0 0 0 1 1 1 1 0 0 1 0 1 x
0.168073350235734 1 0 1 0 1 1 0 0 1 1 1 1 0 1 1 0 1 0 0 x
0.067667251218945 0 1 0 0 0 0 0 0 0 0 0 1 0 0 1 0 0 1 1 x
0.072630177810944 1 0 0 0 1 0 0 0 1 1 1 1 1 0 1 0 1 1 1 x
0.082156850176489 0 1 0 0 1 0 0 0 0 1 1 0 1 0 1 1 0 1 0 x
0.062580552679612 0 1 0 1 0 0 0 0 1 1 1 1 1 1 1 0 0 1 1 x
0.126202393074601 0 0 1 1 0 0 0 0 0 1 0 1 1 0 0 1 1 0 1 x
0.071002983435849 1 0 0 0 0 1 0 1 0 0 1 1 1 1 0 1 0 1 0 x
0.065736740318837 0 1 0 0 0 0 0 0 0 1 0 1 1 0 1 1 0 0 1 x
0.041754835163910 1 0 0 0 0 0 0 1 0 1 1 1 1 0 1 1 0 1 1 x
0.057375062962006 1 0 0 0 0 0 0 1 0 1 1 0 0 1 0 1 1 1 0 x
0.113474250683841 0 1 1 0 0 0 0 0 1 1 0 1 0 0 1 0 1 0 0 x
0.064322998582264 1 0 0 0 0 0 0 1 1 0 1 0 1 0 0 1 1 1 0 x
0.073015940139858 1 1 0 0 0 0 0 1 0 1 1 1 1 0 1 0 0 1 1 x
0.042361249236040 0 1 0 0 0 0 0 0 0 0 0 1 1 0 0 0 1 1 0 x
0.052310303592950 0 0 0 1 0 0 0 0 0 0 0 1 1 0 0 0 1 1 0 x
0.085489725039098 0 0 0 1 0 0 0 1 0 0 1 0 1 0 0 1 1 1 0 x
0.111119915232122 1 0 0 0 0 1 0 0 1 0 0 0 1 0 1 0 0 0 1 x
0.089363323034277 1 0 0 1 0 0 0 1 0 0 1 1 1 0 0 0 1 1 0 x
0.062959579412040 1 0 0 0 0 0 1 1 0 0 0 1 1 1 0 1 0 0 1 x
0.105879662227986 0 0 0 1 0 1 0 0 0 0 0 0 1 0 1 0 1 0 0 x
0.056275928445492 0 0 1 0 0 0 0 0 1 0 0 1 0 0 1 1 0 0 1 x
0.099610414273161 0 0 0 0 0 1 0 0 1 0 1 0 1 1 1 0 1 1 1 x
0.054359695815368 0 0 1 0 0 0 0 0 0 1 0 1 0 0 1 0 1 1 0 x
0.134139927903677 0 0 1 1 0 1 0 0 0 1 1 1 1 1 0 1 0 1 0 x
0.064764779808467 1 0 0 0 0 1 0 0 1 1 0 1 1 1 0 1 0 1 1 x
0.055913729849150 0 0 1 0 0 0 0 0 1 0 0 0 0 1 1 1 0 0 1 x
0.097548699390616 0 0 1 1 0 0 0 0 1 1 1 0 1 1 1 1 0 0 1 x
0.133077670267912 0 1 0 0 1 1 0 0 0 1 1 1 1 1 1 0 1 1 0 x
0.102444772639334 1 1 0 0 0 1 0 1 1 1 1 1 1 1 1 0 1 0 1 x
0.116824572374804 0 0 1 0 1 0 0 0 0 1 1 1 0 0 1 1 1 1 0 x
0.055625179800036 0 0 1 0 0 0 0 0 0 0 1 1 0 0 0 1 0 0 1 x
0.068617248555604 1 0 0 0 0 1 0 0 0 1 1 1 1 0 1 1 0 1 0 x
0.045232913475368 0 1 0 0 0 0 0 0 1 0 0 0 0 1 1 0 0 0 1 x
0.049887995179717 0 1 0 0 0 0 0 0 0 1 1 0 0 1 0 1 0 0 1 x
0.080190602283356 0 0 0 1 0 0 1 0 0 0 0 1 1 1 0 0 1 1 0 x
0.041467005956268 1 0 0 0 0 0 0 0 0 1 0 0 0 1 0 1 0 1 0 x
0.073322719605870 1 0 0 0 1 0 1 0 0 1 1 1 1 1 0 1 0 0 1 x
0.076709294761747 0 1 1 0 0 0 0 1 0 1 1 1 1 1 0 0 0 1 1 x
0.045373565292648 1 0 0 0 0 0 0 0 0 1 1 0 0 0 1 1 0 1 0 x
0.048620558816056 1 0 0 0 0 0 0 0 1 1 0 0 0 1 0 0 1 1 0 x
0.132344689971690 0 0 1 1 0 0 0 0 1 1 1 1 0 0 1 1 1 1 0 x
0.067678083772631 0 1 0 0 0 1 0 0 0 0 1 1 0 1 0 1 0 1 0 x
0.101709140725458 1 0 1 0 0 0 1 0 0 1 1 1 0 1 1 0 1 0 0 x
0.106183167342120 0 0 1 0 0 0 1 0 0 0 0 1 0 1 0 0 0 1 1 x
0.056961531756157 1 0 0 0 0 0 1 0 1 1 1 1 1 1 0 1 1 0 1 x
0.075095637167075 0 0 0 1 0 0 0 1 0 0 0 1 0 1 0 1 1 0 1 x
0.139945985203280 0 0 0 0 1 1 0 1 0 0 1 0 1 1 1 1 0 1 0 x
0.090064028823275 1 0 1 0 0 0 0 1 1 1 0 1 0 1 1 0 0 0 1 x
0.056762537606727 1 0 0 0 0 0 1 0 1 0 1 1 0 1 1 1 0 0 1 x
0.053842686423595 0 0 1 0 0 0 0 0 1 0 0 0 1 1 0 1 0 0 1 x
0.086451617446690 1 0 1 0 0 0 0 1 1 0 1 1 1 1 0 1 0 1 0 x
0.079704708514849 0 0 0 0 0 1 0 0 0 0 0 1 1 0 0 1 1 0 1 x
0.035342796495949 1 0 0 0 0 0 0 0 1 0 1 0 1 1 0 0 0 1 1 x
0.047625775241602 1 0 0 0 0 0 0 0 0 1 1 1 1 0 1 0 0 1 1 x
0.051210230124643 0 0 0 1 0 0 0 0 0 0 0 1 0 1 0 0 1 1 0 x
0.077599952320370 0 1 0 0 0 1 0 0 0 1 0 1 0 1 0 1 0 1 0 x
0.050069321748625 1 0 0 0 0 0 0 0 0 1 0 1 0 0 1 0 1 1 0 x
0.062148024162090 1 0 0 0 1 0 0 0 1 1 1 1 1 0 0 1 1 0 1 x
0.052048629928830 0 1 0 0 0 0 0 0 1 0 0 1 0 1 0 1 0 1 0 x
0.055424218387234 0 1 0 0 0 0 0 0 1 0 1 0 0 1 0 1 0 1 0 x
0.091167187615675 1 0 0 0 1 0 0 1 1 1 1 1 1 0 1 1 1 1 0 x
0.166513210247356 1 0 1 1 0 0 0 1 1 1 1 1 1 1 1 0 1 0 0 x
0.048338555852804 0 1 0 0 0 0 0 0 0 0 0 0 1 0 1 1 0 0 0 x
0.043047697430767 0 0 1 0 0 0 0 0 0 0 1 0 1 1 0 0 0 1 1 x
0.099342917642001 1 0 0 0 1 1 0 0 0 1 1 1 1 0 0 1 1 0 0 x
0.043832195891333 0 0 1 0 0 0 0 0 0 0 1 0 1 0 0 0 1 0 1 x
0.045327606820485 1 0 0 0 0 0 1 0 0 1 1 0 1 1 1 0 0 1 1 x
0.030542789799391 1 0 0 0 0 0 0 0 0 0 0 0 1 1 0 0 0 1 0 x
0.055001249086372 1 0 0 0 0 0 1 0 1 0 1 1 1 1 0 0 1 1 1 x
0.102953634108331 1 0 1 0 0 1 0 1 0 1 1 1 1 1 0 0 1 0 1 x
0.053907297640532 0 0 1 0 0 0 0 0 0 1 0 1 0 1 0 0 1 0 1 x
0.054771094668881 1 0 0 0 0 0 0 1 0 0 0 0 1 1 1 0 0 1 0 x
0.094598069078650 0 1 1 0 0 0 1 0 0 1 1 1 1 1 0 0 1 0 1 x
0.051882201844709 0 1 0 0 0 0 0 0 1 0 0 1 0 0 1 0 1 1 0 x
0.044597699068799 0 0 1 0 0 0 0 0 0 0 1 0 1 0 0 1 0 0 1 x
0.094876999341381 0 0 0 1 0 1 0 0 0 0 1 1 1 0 0 1 1 1 0 x
0.107330143285594 0 1 0 0 1 0 0 1 0 1 0 0 1 1 1 0 0 1 0 x
0.167831851858612 0 0 0 1 1 0 0 1 0 1 1 0 1 1 1 1 0 1 1 x
0.075207322057127 0 0 1 0 0 1 0 0 0 0 1 1 1 1 0 0 0 1 1 x
0.098569407151225 0 0 1 0 0 1 0 0 0 1 0 1 0 0 1 1 0 1 0 x
0.069253231223961 0 0 1 0 0 0 0 0 1 0 1 0 0 1 0 1 0 1 1 x
0.086402525978374 1 0 0 1 0 0 0 0 0 1 0 0 1 1 0 0 0 1 0 x
0.079988662154201 1 0 0 0 0 1 0 1 0 0 0 1 1 0 1 1 0 0 1 x
0.122865159824582 0 0 1 1 0 0 0 0 0 0 1 1 1 0 0 0 0 1 1 x
0.039386646855033 1 0 0 0 0 0 0 0 0 1 1 0 0 1 1 0 0 1 1 x
0.047950567345410 1 0 0 0 0 0 0 0 0 0 1 0 0 1 0 1 0 1 0 x
0.051220035883170 1 0 0 0 0 1 0 0 1 1 1 1 1 1 1 1 0 1 1 x
0.044565551355760 0 1 0 0 0 0 0 0 1 0 0 0 0 1 1 0 0 1 0 x
0.062891553157937 1 0 0 0 0 0 1 0 0 0 1 0 1 1 0 0 0 1 0 x
0.067930299964131 0 0 1 0 0 0 0 0 1 0 1 0 1 0 1 1 0 0 1 x
0.038986868877034 1 0 0 0 0 0 0 0 1 0 1 1 0 0 1 0 1 0 1 x
0.085750826925486 0 1 0 0 1 0 0 0 0 0 1 1 0 0 1 1 0 0 1 x
0.119008311604384 1 0 0 1 1 0 0 0 0 1 1 1 1 1 0 0 1 0 1 x
0.111717582412078 1 0 0 0 1 1 0 0 1 1 1 1 0 1 1 1 0 1 0 x
0.050226867918922 0 0 0 1 0 0 0 0 0 0 1 0 0 1 0 0 1 1 0 x
0.064245855767899 0 1 0 0 0 0 0 0 0 1 1 0 0 1 0 1 1 1 0 x
0.108011156578622 0 1 0 1 0 0 0 0 1 0 1 0 0 1 1 0 0 1 0 x
0.077144199629152 0 0 1 0 0 0 0 1 0 1 0 1 0 1 1 0 1 1 0 x
0.068407209481993 0 0 0 1 0 0 0 0 0 0 1 0 1 0 1 0 1 1 0 x
0.061051998262818 0 1 0 0 0 0 0 1 0 1 0 1 0 1 1 0 0 1 1 x
0.126876206418315 0 0 0 1 0 1 0 1 0 0 1 1 1 1 1 1 0 1 1 x
0.042139177843091 0 0 1 0 0 0 0 0 0 0 1 0 0 0 0 1 1 0 0 x
0.040269740930098 0 0 1 0 0 0 0 0 0 0 1 0 0 1 0 1 0 0 1 x
0.075003027478049 1 0 0 1 0 0 0 0 0 1 0 1 0 1 1 0 0 0 1 x
0.046814606832118 0 0 1 0 0 0 0 0 0 0 1 0 0 1 0 1 0 1 0 x
0.061809699403441 0 0 1 0 0 0 0 0 0 1 1 0 0 0 0 1 1 0 1 x
0.065351108709061 1 0 0 0 0 1 0 1 0 0 1 1 1 1 1 0 1 0 1 x
0.075585029318123 0 1 0 1 0 0 0 0 1 0 1 1 1 1 0 0 0 1 1 x
0.070912028998390 0 1 0 0 1 0 0 0 0 1 1 1 1 1 0 0 1 1 1 x
0.089308204242630 0 0 1 0 0 1 0 0 0 0 1 0 0 1 0 1 1 0 0 x
0.080777855261787 0 0 1 0 0 0 0 1 0 0 1 0 0 1 0 0 1 1 0 x
0.040053002352796 0 0 0 1 0 0 0 0 0 0 0 0 0 1 1 0 0 1 0 x
0.074071413506876 0 0 0 1 0 0 0 1 0 0 0 1 0 1 1 0 0 1 1 x
0.053453073516909 0 0 0 1 0 0 0 0 0 0 1 0 0 1 1 0 0 1 1 x
0.146154241599188 1 0 1 0 1 0 0 1 1 1 1 1 1 1 1 0 1 1 0 x
0.064032673541520 0 0 1 0 0 0 0 0 0 1 1 0 0 1 0 0 1 1 0 x
0.092448871486507 1 0 0 1 0 0 0 0 1 1 0 1 0 0 1 1 0 1 0 x
0.048144626195653 0 1 0 0 0 0 0 0 1 0 0 1 0 1 0 0 1 1 0 x
0.053640185834483 0 0 1 0 0 0 0 0 0 1 0 0 0 1 0 1 1 0 0 x
0.074473372567041 0 0 0 1 0 0 0 0 0 1 0 0 0 1 1 1 0 1 0 x
0.058336951023750 0 0 0 1 0 0 0 0 0 0 0 0 1 1 0 0 1 1 0 x
0.087943938445408 1 0 1 0 0 0 0 1 0 1 1 0 1 0 1 0 1 0 0 x
0.084215447343214 1 1 0 0 0 0 0 1 1 1 1 0 1 0 1 1 0 1 0 x
0.090642680277823 1 0 0 0 1 0 0 0 0 1 1 0 0 0 1 1 0 0 1 x
0.063573848220113 0 1 0 0 0 0 1 0 0 0 0 1 0 1 0 1 1 0 0 x
0.038720219011829 0 0 1 0 0 0 0 0 0 0 0 0 0 1 1 0 0 1 0 x
0.034814199349261 0 0 0 1 0 0 0 0 0 0 0 0 0 1 1 0 0 0 1 x
0.083060687946622 0 0 0 0 0 1 0 0 1 0 0 0 1 0 0 1 1 0 1 x
0.089534229462805 0 0 0 1 0 1 0 0 0 1 0 1 1 1 1 0 0 1 1 x
0.078288780818274 0 1 0 1 0 0 0 0 1 1 1 1 0 1 1 0 1 0 1 x
0.075846901935850 0 0 1 0 0 1 0 0 0 0 0 0 1 1 1 0 0 1 0 x
0.034322544548769 1 0 0 0 0 0 0 0 1 0 0 1 1 1 0 0 0 1 1 x
0.164901204052929 0 0 0 1 1 0 0 0 0 0 0 0 0 1 1 0 0 0 0 x
0.035250905198898 1 0 0 0 0 0 0 0 0 0 0 0 0 1 0 0 1 0 0 x
0.051990218927627 0 0 1 0 0 0 0 0 0 1 0 0 0 1 1 0 0 1 0 x
0.047583210118320 0 0 0 1 0 0 0 0 0 0 0 0 0 1 0 1 1 0 0 x
0.091684136772780 0 1 0 0 1 0 0 0 1 0 1 1 0 1 1 0 1 1 0 x
0.041173513133292 0 0 0 1 0 0 0 0 0 0 0 0 0 1 0 1 0 1 0 x
0.047045263919350 0 0 0 0 0 1 0 0 0 0 0 0 0 1 0 0 1 1 0 x
0.046862555394692 0 0 0 1 0 0 0 0 0 0 0 0 0 1 0 0 1 1 0 x
0.077565935671254 0 1 0 0 0 1 0 0 0 0 1 0 0 1 0 1 1 0 0 x
0.084578431867440 0 0 0 0 0 1 0 0 0 0 0 0 0 1 1 0 1 0 0 x
0.037991432126041 0 0 0 0 0 1 0 0 0 0 0 0 0 0 0 1 1 0 0 x
0.078301103949896 0 0 0 0 0 1 0 0 1 0 0 0 0 1 0 1 1 1 0 x
0.068946032654989 0 0 0 0 0 1 0 0 0 0 0 0 0 1 0 1 1 0 0 x
0.057126943737814 1 0 0 1 0 0 0 0 1 1 1 1 1 1 0 0 1 1 1 x
0.132695023433397 1 1 0 0 1 0 0 1 0 1 1 1 1 0 0 1 1 0 0 x
0.110361696330604 1 0 1 0 0 1 0 1 1 1 1 1 1 1 1 1 0 0 1 x
0.069956629584521 1 0 0 0 0 1 0 0 0 0 0 0 1 1 0 0 0 1 0 x
0.111396965609711 0 0 0 0 1 1 0 0 0 0 1 1 0 1 1 0 0 1 1 x
0.062514862866942 0 0 0 0 0 1 0 0 0 0 1 0 0 0 0 1 1 1 0 x
0.059968399685337 0 1 0 0 0 0 0 1 0 0 1 0 0 1 0 1 0 1 0 x
0.035547997004045 0 0 0 1 0 0 0 0 0 0 0 0 0 0 0 1 1 0 0 x
0.051558154203882 0 1 0 0 0 0 0 0 0 0 0 0 0 0 0 1 1 0 0 x
0.161394362958558 0 0 0 0 1 1 0 0 0 0 0 0 0 0 0 1 1 0 0 x
0.094614858073568 1 0 0 0 1 1 0 0 0 1 1 1 1 0 1 1 0 0 1 x
0.054105212427340 0 0 0 1 0 0 0 0 0 0 0 0 1 0 1 1 0 0 1 x
0.103308638740670 1 0 0 0 1 1 0 0 1 1 1 1 1 1 0 1 1 0 1 x
0.058674248659356 0 0 0 1 0 0 0 0 0 0 1 0 0 0 0 1 1 1 0 x
0.073798417038239 0 0 0 1 0 0 0 0 1 0 1 0 0 1 0 1 1 0 1 x
0.080411230997949 0 1 1 0 0 0 0 0 1 0 1 1 1 0 1 0 0 0 1 x
0.038755896584917 0 0 0 1 0 0 0 0 0 0 0 0 0 1 0 1 0 0 1 x
0.085879880644699 1 0 0 0 1 0 0 1 0 1 1 1 1 0 0 1 0 1 0 x
0.055167963793709 0 1 0 0 0 0 0 0 1 0 0 1 0 0 0 1 1 0 0 x
0.207093797057349 1 1 0 0 1 1 0 1 1 1 1 1 0 1 1 1 1 0 0 x
0.089580532745587 0 0 0 0 0 1 0 0 0 0 0 0 1 0 0 0 1 0 0 x
0.068531974457570 1 0 0 0 0 1 0 0 1 0 1 1 0 1 0 1 0 1 0 x
0.103047998922589 0 0 1 1 0 0 0 0 0 1 1 0 1 0 1 1 0 1 0 x
0.121400442777447 0 1 0 0 0 1 0 0 0 1 1 0 0 0 0 1 1 1 0 x
0.087322850847965 1 1 0 0 0 1 0 0 1 1 1 1 1 1 0 0 1 0 1 x
0.065670929945501 0 0 0 0 0 1 0 0 0 0 0 0 0 1 1 0 0 1 0 x
0.108774490686776 0 1 0 0 0 1 1 0 0 0 0 1 1 1 0 1 0 1 0 x
0.101500768251093 0 1 0 0 0 1 0 0 1 0 1 0 0 1 1 0 1 1 0 x
0.068095521689173 1 0 0 0 1 0 0 0 0 1 1 1 0 0 1 0 1 1 0 x
0.070258058481452 0 1 0 1 0 0 0 0 0 1 1 1 1 0 1 0 0 1 1 x
0.057644843105380 1 0 0 0 0 0 0 0 1 0 0 0 1 0 1 0 0 1 1 x
0.070301309701435 0 0 0 0 0 1 0 0 0 0 0 1 0 0 1 0 1 1 0 x
0.052781613392449 0 0 0 0 1 0 0 0 0 0 0 1 0 1 0 0 1 0 1 x
0.074348185271731 0 0 0 1 0 0 0 0 0 1 1 0 1 0 0 1 1 0 1 x
0.092229311309915 0 0 1 0 1 0 0 0 0 0 0 0 1 1 1 0 0 1 0 x
0.065619154774204 0 1 0 0 0 0 1 0 0 0 1 1 0 1 0 1 0 1 0 x
0.067628311130005 0 0 0 1 0 0 0 0 0 0 0 0 0 1 1 1 0 0 1 x
0.053742964539001 1 0 0 0 0 0 1 0 0 0 1 1 0 0 1 0 1 0 1 x
0.057948128774893 0 0 0 0 0 1 0 0 0 0 1 0 0 0 0 1 1 0 1 x
0.109922330753011 0 0 0 1 0 0 1 0 0 0 0 0 0 1 0 1 0 0 1 x
0.056402303745375 0 0 0 1 0 0 0 0 0 0 1 0 0 0 0 1 1 0 1 x
0.034172243038529 0 1 0 0 0 0 0 0 0 0 1 0 1 0 0 1 0 0 1 x
0.123820380647739 0 0 0 1 1 0 0 0 1 1 1 1 1 0 1 1 1 0 1 x
0.096620008285228 0 0 1 0 0 0 1 0 0 1 0 1 0 1 0 1 0 1 0 x
0.082794038782545 0 0 0 1 0 0 0 0 0 1 0 0 1 0 1 0 0 0 1 x
0.068258082808379 1 0 0 0 1 0 0 0 0 1 0 1 1 0 0 1 0 0 1 x
0.043740008190207 0 0 0 1 0 0 0 0 0 0 0 0 1 0 0 1 1 0 0 x
0.088966546899508 0 0 1 0 1 0 0 0 0 0 0 1 0 1 1 0 1 0 0 x
0.045529059720763 0 1 0 0 0 0 0 0 0 1 1 1 0 1 0 1 0 1 1 x
0.074400395393599 0 0 0 1 0 0 0 0 1 0 0 0 0 1 1 0 0 0 1 x
0.054547663552962 1 0 0 0 0 0 0 1 1 0 1 1 0 1 0 1 1 0 1 x
0.048906252119116 0 0 0 0 1 0 0 0 0 0 0 0 0 1 0 0 0 1 0 x
0.066664386155065 0 1 0 0 0 1 0 0 0 1 1 1 1 0 1 1 0 1 1 x
0.064018114122948 1 0 0 0 1 0 0 0 0 1 1 1 1 1 0 1 1 0 1 x
0.064194286678925 0 0 1 0 0 0 0 0 0 0 0 0 1 0 0 0 0 0 1 x
0.118770460929362 0 0 0 1 0 1 0 0 0 1 0 1 0 1 1 0 0 1 0 x
0.055743374195819 1 0 0 0 0 1 0 0 0 1 0 1 1 1 1 0 0 1 1 x
0.056736544273117 0 1 0 0 0 0 0 0 1 0 1 0 1 0 0 1 1 1 0 x
0.052825438739847 1 0 0 0 0 0 1 0 0 1 1 1 0 1 1 1 0 1 1 x
0.059587852726668 1 0 0 1 0 0 0 0 1 1 1 1 1 0 1 1 0 0 1 x
0.102742860888498 0 0 0 0 0 0 0 0 1 0 0 0 0 1 0 0 1 1 0 x
0.060464694833830 1 0 0 1 0 0 0 0 1 1 1 1 1 1 0 1 1 0 1 x
0.038188118069168 0 1 0 0 0 0 0 0 0 0 0 0 1 0 0 0 1 0 0 x
0.175955410719902 1 0 1 0 1 1 0 0 0 1 1 1 1 1 0 1 0 0 0 x
0.070027270918410 0 0 0 1 0 0 0 1 0 0 0 1 0 1 1 0 1 0 1 x
0.098551423484843 0 1 0 1 0 0 1 0 1 1 1 1 1 1 1 0 1 0 1 x
0.087813606908051 0 0 1 0 1 0 0 0 1 1 1 1 1 1 1 1 0 0 1 x
0.055464970068806 1 0 0 0 0 1 0 0 1 1 1 1 1 1 1 0 1 0 1 x
0.047135371990016 1 0 0 0 0 0 0 1 0 0 1 0 0 1 0 1 0 0 1 x
0.051295533827693 0 0 0 1 0 0 0 0 0 0 0 0 0 0 1 1 0 1 0 x
0.072001130565229 1 0 0 0 0 1 0 1 0 0 1 1 1 0 1 0 1 1 0 x
0.055654615065999 1 0 0 0 0 0 1 0 0 1 1 0 1 0 1 0 1 1 0 x
0.071081041360858 0 1 0 0 0 1 0 0 0 0 1 1 1 0 0 1 0 0 1 x
0.091970285784822 0 0 1 0 0 1 0 0 0 0 1 0 0 1 1 1 0 1 0 x
0.054464222424713 1 0 0 1 0 0 0 0 1 1 1 1 1 0 1 0 0 1 1 x
0.083462747133328 0 1 1 0 0 0 0 0 1 1 1 1 0 1 1 1 0 0 1 x
0.055722365162738 0 1 0 0 0 0 0 1 0 0 0 0 1 0 0 1 1 0 0 x
0.092327864414360 1 0 1 0 0 0 0 1 0 1 1 1 0 1 1 0 1 0 0 x
0.085508107037103 1 1 0 0 0 0 0 1 1 1 1 0 1 0 1 0 1 1 0 x
0.060563350345778 1 0 0 0 1 0 0 0 1 1 1 1 1 0 1 1 0 1 1 x
0.106104675692853 1 0 0 0 1 1 0 0 0 1 1 1 1 0 1 0 1 1 0 x
0.079043253124423 1 1 0 0 0 0 1 0 1 1 1 1 1 0 1 1 0 0 1 x
0.050532050768083 1 0 0 1 0 0 0 0 1 1 1 1 1 1 1 0 0 1 1 x
0.049629172842148 1 0 0 0 0 0 0 0 1 1 1 1 0 1 0 1 1 0 1 x
