0.249882832169533 1 1 1 0 0 1 0 1 1 1 0 0 1 1 1 0 0 1 0 0 1
0.424381166696548 0 0 1 0 1 0 1 1 0 0 0 0 0 0 1 0 1 0 1 0 1
0.186844557523727 1 0 0 1 1 0 1 0 1 1 0 1 1 1 1 1 0 0 0 1 1
0.409703195095062 1 0 1 0 0 0 1 0 0 0 0 0 1 1 1 1 1 1 1 1 0
0.392255425453186 1 1 1 1 0 1 0 0 1 1 1 1 1 0 1 0 1 1 1 1 1
0.257593482732773 1 1 1 1 0 0 1 0 1 0 1 1 0 1 0 0 0 0 0 0 0
0.269459933042526 0 0 1 0 1 1 0 1 0 0 0 1 1 0 0 1 1 0 0 1 0
0.186230674386024 0 0 0 1 1 0 1 1 1 0 1 1 1 1 1 1 0 0 0 0 1
0.437622547149658 0 0 0 0 1 0 1 1 1 0 0 0 0 1 0 1 0 1 1 1 1
0.259621679782867 0 0 0 1 1 0 0 0 0 1 0 0 0 1 1 0 1 0 1 1 1
0.198429793119431 0 1 0 0 0 1 0 0 0 0 0 1 0 0 0 0 0 1 0 0 0
0.507095038890839 0 0 1 1 1 0 0 1 1 1 0 1 0 0 1 0 0 1 1 1 1
0.353555649518967 1 1 0 1 1 0 0 1 0 1 1 0 0 1 0 1 1 1 0 0 0
0.304689764976501 1 1 1 0 1 0 0 1 0 1 1 1 1 0 1 1 1 0 0 0 1
0.178222075104713 1 1 0 0 0 1 0 0 1 0 1 0 0 1 0 0 0 1 0 0 0
0.343515753746033 0 1 0 1 1 0 1 1 0 1 0 1 0 0 1 0 1 0 0 0 1
0.137556478381157 0 0 1 0 0 1 1 0 0 0 0 0 1 1 1 0 1 0 0 0 0
0.177324384450912 0 0 0 0 0 0 1 1 1 0 0 0 1 1 1 0 0 1 1 0 0
0.163552179932594 0 0 1 0 1 0 1 0 0 0 1 1 0 1 0 1 1 1 0 0 0
0.188887104392052 0 0 1 1 0 0 0 0 0 0 1 1 1 0 0 1 1 1 1 0 1
0.238661736249924 0 0 0 1 0 0 1 1 1 1 0 1 1 1 0 1 1 0 1 0 1
0.444538503885269 0 0 0 0 0 1 1 1 0 1 1 1 0 0 1 0 0 1 1 1 1
0.379322886466980 0 0 1 0 1 1 1 1 1 1 0 0 1 1 0 1 0 1 1 0 0
0.442701458930969 0 0 0 1 0 1 1 1 0 1 0 1 0 0 0 1 0 0 1 0 1
0.498153269290924 0 1 0 1 1 1 1 0 1 1 1 0 0 0 0 1 1 0 1 0 1
0.259639886925132 0 0 0 0 1 0 0 0 1 1 1 0 1 1 0 0 1 0 0 0 1
0.414682178375913 0 0 0 1 0 1 1 0 1 1 1 0 0 1 0 0 1 0 0 1 1 x
0.164966034633022 0 0 0 0 1 0 0 1 0 0 0 1 1 1 0 1 1 0 0 0 0 x
0.190740811096119 1 0 0 1 0 0 0 1 1 0 1 1 1 0 1 0 0 0 0 0 0 x
0.133551382184150 0 1 0 0 0 1 0 0 0 0 0 1 1 1 1 1 1 1 0 0 1 x
0.341550182881664 0 1 1 1 1 1 1 1 1 0 1 0 1 1 0 0 0 1 0 0 0 x
0.124726360058523 0 0 0 1 0 0 1 0 0 0 0 0 1 0 1 1 0 0 0 0 0 x
0.077304943301395 0 1 0 0 0 0 1 0 0 0 0 0 1 1 0 0 0 1 0 1 0 x
0.369801780371756 1 0 0 0 1 1 1 1 1 1 0 1 0 0 1 1 0 0 0 1 1 x
0.155114482618504 1 0 0 0 0 1 1 0 1 0 1 0 1 1 0 0 1 0 0 0 0 x
0.258424145838105 1 1 0 0 0 1 0 0 0 0 0 1 0 1 0 0 0 0 0 0 1 x
0.167991973890985 0 0 0 0 1 0 0 0 0 1 1 0 1 1 0 0 1 1 0 0 0 x
0.338468101058398 0 1 0 1 0 1 0 0 0 0 0 1 1 1 0 1 0 1 1 1 1 x
0.359110364172747 0 0 0 0 0 0 1 0 0 0 0 1 1 1 1 1 0 0 0 0 0 x
0.069286524984925 1 0 0 1 0 0 0 0 1 1 1 1 1 1 0 1 1 1 0 1 0 x
0.110713656505386 0 0 0 0 1 0 0 0 0 0 0 0 1 1 1 1 0 0 0 1 0 x
0.085232912808263 1 0 0 0 0 0 1 0 1 1 1 1 1 1 0 1 1 1 0 1 1 x
0.214087739073355 1 1 0 0 1 1 0 0 1 0 0 0 1 1 1 0 0 0 0 0 0 x
0.162822710071105 1 0 0 0 0 1 0 0 0 0 1 0 1 1 0 0 0 0 0 0 0 x
0.248554283190652 1 0 0 1 1 0 1 1 1 0 1 1 1 1 0 1 1 1 0 0 1 x
0.443452224811868 0 1 0 1 1 1 0 1 1 1 0 0 1 1 1 0 1 1 0 1 1 x
0.107222814331745 0 0 0 0 0 0 0 1 0 0 0 1 1 0 0 0 1 1 0 1 0 x
0.139498173489581 0 0 0 0 0 0 1 1 1 0 0 0 1 1 1 1 1 1 0 1 0 x
0.192194726412911 0 0 1 0 0 0 0 1 0 0 0 0 1 0 1 0 0 0 0 0 0 x
0.161361503889760 0 0 0 0 0 0 1 0 1 1 0 1 0 1 1 0 1 1 0 1 0 x
0.187769515298163 0 1 0 0 1 0 0 0 0 0 0 0 1 0 0 0 0 1 0 0 0 x
0.283759976310141 0 0 1 1 0 0 1 0 0 0 0 0 1 1 1 1 1 1 0 0 1 x
0.281067160964309 0 0 0 0 0 0 1 0 0 1 1 0 1 1 0 1 0 1 0 0 0 x
0.148497801683334 0 0 0 1 1 0 0 1 0 1 0 0 1 1 1 1 0 1 0 0 0 x
0.176697452163631 1 0 1 0 0 0 0 0 0 0 1 1 1 1 0 1 1 0 0 0 0 x
0.116853666310505 0 0 0 1 0 0 0 0 1 0 1 1 1 0 0 1 0 1 0 1 0 x
0.112919991582130 0 0 0 1 0 0 1 0 0 0 0 1 1 0 1 1 1 1 0 0 0 x
0.137481976610982 0 1 0 0 0 0 0 0 0 0 0 0 1 1 1 0 1 1 0 1 0 x
0.072852272847941 0 0 0 1 0 0 0 0 0 0 1 1 1 1 0 1 1 1 1 1 0 x
0.168249569675482 0 0 0 0 0 1 0 0 0 0 1 1 0 1 0 0 1 1 0 0 0 x
0.048699873373956 0 1 0 0 0 0 0 0 0 1 1 1 1 0 0 1 1 1 0 1 0 x
0.055933078634540 0 0 0 1 0 0 0 0 0 0 1 1 1 0 0 1 1 0 0 1 1 x
0.086971041346222 0 0 0 1 0 0 1 0 0 0 1 1 1 1 0 0 1 1 0 1 0 x
0.412617725637035 0 0 1 1 1 0 1 0 0 0 0 1 1 0 0 1 1 1 0 1 0 x
0.076146628336100 1 0 0 0 0 1 0 0 1 1 0 1 1 0 0 1 1 0 0 1 0 x
0.249348850433725 0 1 0 1 0 0 0 0 0 0 1 1 1 0 0 0 1 1 1 1 1 x
0.166579370294616 0 0 1 0 0 1 0 0 0 0 1 0 0 1 0 0 0 1 0 0 0 x
0.116241165561284 0 0 0 0 1 0 0 0 0 0 1 1 1 1 1 1 1 1 0 1 0 x
0.151904397200345 1 0 0 1 0 0 1 0 1 1 1 0 1 0 1 0 0 0 0 1 0 x
0.171163410627547 0 0 0 1 1 0 0 0 0 1 0 1 1 1 1 1 1 1 1 0 0 x
0.075891578683055 0 0 0 1 0 0 0 0 0 0 0 1 1 1 1 1 1 1 0 1 1 x
0.074025872647426 0 0 0 1 0 0 0 0 0 1 1 1 0 1 0 1 1 0 1 1 0 x
0.104992606932047 0 0 0 1 0 0 1 0 0 1 1 1 1 0 1 1 1 0 0 1 0 x
0.222117290399175 0 0 0 1 0 0 0 0 0 0 1 1 1 0 0 0 1 0 0 0 0 x
0.220915590051501 0 0 0 0 0 0 0 0 0 0 0 0 1 1 0 0 1 1 1 1 0 x
0.087782161777028 0 0 0 0 1 0 0 0 0 0 0 0 1 0 0 1 1 1 0 1 0 x
0.096721165505375 0 0 0 1 0 0 0 0 0 0 1 0 1 1 1 1 0 1 0 1 0 x
0.050821220336817 1 0 0 0 0 0 0 0 0 1 1 0 1 0 0 0 0 1 0 1 0 x
0.204241810601752 1 0 0 1 0 0 0 1 0 0 0 1 1 1 1 1 1 0 1 1 0 x
0.129919325371884 1 0 0 0 0 0 0 1 1 0 0 0 1 1 0 0 0 0 0 1 0 x
0.303317298662212 1 0 1 0 1 1 1 0 1 0 1 1 1 1 0 1 1 1 0 0 0 x
0.069870145872682 0 1 0 0 0 1 0 0 0 1 1 0 1 1 0 1 0 1 0 1 0 x
0.195497775073992 0 0 0 0 0 1 1 0 1 1 1 0 1 1 1 1 1 1 1 0 0 x
0.211129606594993 1 0 1 0 0 0 1 0 0 1 1 1 0 0 0 0 0 0 0 1 0 x
0.266523485041733 1 0 1 1 0 0 1 0 0 1 1 0 1 1 0 1 1 0 1 0 0 x
0.212969049153485 0 0 0 0 0 0 0 0 0 0 1 1 0 1 0 1 1 1 0 1 0 x
0.141119497523470 1 0 0 0 1 1 0 1 0 1 1 0 1 1 0 0 1 1 0 0 0 x
0.151180108425519 0 0 0 0 0 0 0 1 0 1 0 0 1 1 0 1 0 1 0 1 0 x
0.148137468040582 1 0 0 0 0 0 1 1 0 1 1 0 1 0 0 0 1 1 0 1 0 x
0.087111275419200 0 0 1 0 0 0 0 0 0 0 0 1 1 0 0 0 0 1 0 0 0 x
0.086060733624691 1 0 0 0 0 1 0 0 1 0 0 1 1 1 1 0 1 1 0 1 0 x
0.233803242647948 1 1 0 0 0 1 0 0 1 0 0 1 1 0 0 0 1 1 0 1 0 x
0.070530928151684 0 1 0 0 0 0 1 0 0 1 0 0 1 1 0 1 0 1 0 1 0 x
0.092239326931073 0 0 0 0 0 1 0 0 0 0 0 0 1 1 1 1 1 1 0 1 1 x
0.066329990259037 0 1 0 0 0 0 0 1 1 0 0 1 1 1 0 1 1 0 0 1 0 x
0.164318515063007 0 0 0 0 0 0 0 0 1 0 0 1 1 1 1 0 0 1 0 1 1 x
0.232400572685942 1 1 0 0 0 1 0 1 1 0 0 1 1 1 1 1 1 0 0 0 0 x
0.078038393259187 1 0 0 0 0 1 0 0 1 0 1 0 1 1 1 1 0 1 0 1 0 x
0.098571441068484 0 0 0 0 0 1 0 0 0 0 1 0 1 0 1 0 0 1 0 1 0 x
0.292141050587343 1 1 1 0 0 0 0 0 1 0 0 1 0 1 0 0 1 1 0 0 0 x
0.069130678201982 0 0 1 0 0 1 0 0 0 0 1 1 1 1 1 0 0 1 0 1 0 x
0.072534418982913 0 0 1 0 0 1 0 0 0 1 1 1 1 1 1 0 1 1 0 1 0 x
0.053016948288324 0 0 1 0 0 0 0 0 0 1 0 0 1 1 0 0 0 1 0 1 0 x
0.038025124623727 0 1 0 0 0 0 0 0 1 0 1 0 1 1 0 1 1 0 0 1 1 x
0.150365268747202 1 0 1 0 0 1 0 0 1 0 0 1 1 1 0 0 0 1 0 1 0 x
0.095151692461414 0 1 0 0 0 1 0 0 1 0 1 0 1 1 1 1 1 0 0 1 0 x
0.103995639336253 0 0 0 1 0 0 0 0 1 0 1 1 0 1 1 0 0 1 1 0 0 x
0.080170570763142 0 1 0 0 1 0 0 0 0 0 0 1 1 1 0 1 0 0 0 1 1 x
0.106231425195633 0 0 1 1 0 0 0 0 0 0 1 1 1 1 1 0 0 1 1 0 0 x
0.105469251603474 1 0 0 0 0 1 0 0 0 0 1 1 1 1 1 0 1 1 1 0 0 x
0.196518327681969 0 1 0 1 0 0 0 0 0 0 1 1 0 1 0 1 1 1 0 1 1 x
0.084442076833681 0 0 1 0 0 1 0 0 0 1 1 1 1 1 1 0 0 1 1 0 0 x
0.045971155862058 0 1 0 0 0 0 0 0 0 1 1 1 1 0 0 1 1 1 1 0 1 x
0.050991432772773 0 1 0 0 0 0 0 0 1 1 1 0 1 1 0 1 1 1 0 0 1 x
0.119304278686448 0 0 0 0 0 0 0 0 0 0 1 1 0 0 0 1 1 1 1 0 1 x
0.114744054300434 0 1 1 0 0 0 0 0 0 0 1 1 1 1 1 0 0 1 0 1 0 x
0.244262734669737 0 1 1 0 0 0 0 0 0 0 1 1 0 1 0 1 1 1 1 0 1 x
0.071296836737114 1 0 0 0 0 0 0 0 1 0 0 1 1 1 0 1 1 1 1 0 1 x
0.088530627955185 0 1 0 1 0 0 0 0 0 1 1 1 1 1 1 0 0 1 1 0 0 x
0.094571257046034 0 0 0 1 0 0 0 0 0 1 1 1 1 1 1 0 1 1 0 1 0 x
0.152025018410740 0 0 0 1 0 0 1 0 0 1 1 0 1 1 0 0 0 1 1 0 0 x
0.359735455206165 1 1 0 0 0 1 0 0 0 0 0 1 1 1 0 1 1 1 1 0 1 x
0.218947846192683 0 0 0 0 0 0 0 0 1 1 1 1 1 0 0 1 1 1 1 0 0 x
0.185708858863938 1 0 0 0 1 0 0 0 1 0 1 0 0 0 0 1 0 0 0 1 0 x
0.248436449177403 0 1 0 1 0 0 1 1 1 0 0 0 1 1 1 1 0 1 0 1 0 x
0.130115557421548 1 0 0 1 0 0 0 0 0 0 1 0 1 0 0 1 0 1 0 0 1 x
0.230637326829973 0 0 0 0 1 0 0 0 1 0 0 1 1 1 0 0 0 0 0 1 0 x
0.125511598279917 0 0 1 0 1 0 0 0 0 0 1 1 1 0 0 1 0 0 0 1 1 x
0.037752592746823 0 1 0 0 0 0 0 0 1 0 1 0 1 1 1 0 0 1 1 0 1 x
0.166851125893296 0 0 0 0 0 1 0 0 1 0 1 1 0 1 1 0 0 1 1 0 0 x
0.059898066714673 1 0 0 0 0 0 0 0 1 0 0 0 1 1 0 0 0 1 1 0 1 x
0.143735436463139 0 1 0 0 0 0 0 1 1 0 1 1 1 0 0 1 0 1 0 1 1 x
0.066028717640250 1 0 0 0 0 0 0 0 0 1 0 0 1 0 1 1 1 0 0 1 1 x
0.098931894645339 0 0 0 0 0 1 1 0 0 0 0 1 1 0 1 1 0 1 0 1 0 x
0.105338544309505 1 0 0 0 1 0 0 0 0 1 1 0 1 1 1 0 1 1 1 0 1 x
0.400073379069320 0 1 1 0 0 1 1 0 1 0 0 0 1 1 0 1 0 1 0 1 1 x
0.141976069210577 0 1 0 0 0 0 1 1 1 0 1 0 1 1 1 0 0 1 0 0 0 x
0.198160577331674 1 0 0 1 0 0 0 0 0 0 1 0 1 1 1 1 1 0 1 1 1 x
0.041590842923602 0 0 0 0 1 0 0 0 0 0 0 0 1 0 0 1 0 1 0 0 1 x
0.078400816440335 0 0 1 0 1 0 0 0 0 1 0 1 1 1 0 1 0 1 0 0 1 x
0.168064467287746 0 0 1 1 0 1 0 0 0 0 1 1 1 1 1 0 0 1 1 0 0 x
0.154520698292995 1 0 1 0 1 0 0 0 0 0 1 1 1 1 0 0 0 1 0 1 0 x
0.115178984281660 0 0 0 0 0 0 0 0 1 0 1 0 1 0 1 1 0 1 1 0 1 x
0.095030140841378 1 1 0 0 0 0 0 0 1 0 1 1 1 1 1 0 0 1 1 0 1 x
0.181613492966033 1 0 0 0 1 0 0 0 1 0 0 0 1 0 0 1 1 1 0 0 1 x
0.172909030739431 0 0 0 0 0 0 0 0 0 0 1 1 1 1 0 0 1 1 1 0 1 x
0.235154834769981 1 0 0 1 0 0 0 0 1 0 0 0 0 0 0 1 0 1 1 0 0 x
0.050472232885663 0 1 0 0 0 0 0 0 1 1 0 0 1 1 0 1 1 0 1 0 1 x
0.085823319542775 1 0 0 0 0 0 0 0 0 1 0 0 1 0 0 1 0 1 0 1 1 x
0.101230886949060 1 0 0 0 0 0 0 0 1 1 1 1 1 1 0 1 0 0 0 1 1 x
0.046995674969255 0 1 0 0 0 0 0 0 0 0 1 0 1 0 0 1 0 0 0 1 1 x
0.135125241540209 1 0 0 1 0 0 0 0 1 0 1 0 1 1 0 0 0 1 1 1 0 x
0.090166986237214 0 1 0 0 0 0 1 0 1 1 0 1 1 1 1 0 0 1 1 0 1 x
0.047068904054542 0 0 1 0 0 0 0 0 0 0 1 0 1 0 1 1 0 1 0 0 1 x
0.074037326891645 0 0 1 0 0 0 0 0 0 0 1 1 1 0 0 0 0 1 0 1 0 x
0.046132177684838 0 1 0 0 0 0 0 0 1 0 1 0 1 1 0 1 0 1 1 0 1 x
0.132087015646386 0 0 0 0 0 1 0 0 0 1 1 0 1 0 1 1 0 1 0 0 1 x
0.163246279947150 0 1 1 0 0 0 0 0 1 0 0 0 1 1 1 0 0 1 1 0 0 x
0.093091176433386 0 1 0 0 0 0 0 1 0 1 0 0 1 0 0 0 1 1 1 0 0 x
0.060163776685725 0 0 0 1 0 0 0 0 0 1 0 0 1 1 0 1 1 1 0 0 1 x
0.114860757591971 1 0 0 0 0 0 0 0 0 1 0 0 0 0 1 0 1 1 1 0 0 x
0.227781549355317 0 1 0 1 0 0 0 0 1 0 0 0 1 1 1 1 1 0 1 1 0 x
0.164710820497853 1 0 1 0 0 0 0 0 0 0 0 0 1 1 1 0 0 1 0 0 1 x
0.184556919381553 0 1 0 0 0 1 1 0 1 0 1 0 1 1 0 0 1 1 1 0 0 x
0.176824631951560 1 0 0 1 0 0 0 0 0 1 0 0 0 1 0 0 0 1 0 1 0 x
0.199016455916459 0 0 0 1 0 0 0 0 1 1 1 1 1 1 1 1 0 0 0 0 1 x
0.067850250715502 0 1 1 0 0 0 0 0 0 1 1 1 1 1 0 0 0 0 0 1 1 x
0.055013645636292 0 1 0 0 0 0 1 0 0 1 1 1 1 1 1 0 1 1 0 1 1 x
0.055072708739660 0 1 0 0 0 0 0 0 0 1 1 0 0 1 0 0 0 1 1 0 0 x
0.071307498460846 1 0 0 0 1 0 0 0 0 0 1 1 1 0 1 1 0 0 1 1 0 x
0.083620609419281 0 0 1 0 1 0 0 0 0 0 1 1 1 1 0 1 0 0 0 1 0 x
0.060436666899080 1 0 0 0 0 0 0 1 1 1 1 1 1 1 1 0 1 1 0 0 1 x
0.057132548729309 1 0 0 0 0 0 0 0 1 0 1 1 1 0 1 0 1 1 1 0 0 x
0.065399666326566 1 0 0 0 0 0 1 0 1 0 1 1 1 0 0 1 1 0 0 1 0 x
0.118710753433838 0 1 0 0 0 0 0 0 1 1 1 1 0 1 1 1 0 0 0 1 0 x
0.106633554573299 1 0 0 0 0 1 0 0 0 0 1 1 1 0 0 1 1 1 0 1 1 x
0.048579462380214 0 1 0 0 0 0 0 0 0 1 0 0 1 1 0 0 0 1 1 0 1 x
0.069825320528862 0 1 0 0 0 0 1 0 0 0 1 1 1 0 1 0 0 1 1 1 0 x
0.167077150788229 0 0 1 0 0 0 0 0 0 1 1 1 1 0 0 1 0 0 0 1 0 x
0.087315890171866 1 1 0 0 0 0 1 0 1 1 1 1 1 1 0 0 0 0 0 1 1 x
0.297464295394904 0 1 1 0 1 0 1 0 0 1 0 0 1 1 1 0 0 0 1 1 0 x
0.126192155781335 0 1 0 0 0 0 1 0 0 1 0 0 1 0 1 1 1 1 0 1 0 x
0.113428103028257 1 1 0 0 0 0 0 0 1 1 1 0 0 1 1 0 1 0 1 0 1 x
0.112091492043032 0 0 1 0 1 0 0 0 0 0 1 0 0 1 1 1 0 1 0 0 0 x
0.059910887517510 1 0 0 0 0 1 0 0 1 1 1 1 1 1 1 0 1 1 1 0 0 x
0.100878174561398 1 0 0 0 0 0 0 0 1 0 1 1 1 0 0 1 0 0 0 1 0 x
0.142980622917427 0 0 0 1 0 0 0 1 0 0 1 1 1 0 1 1 1 1 1 1 1 x
0.098800259433030 0 1 0 0 0 0 0 0 0 0 1 1 1 0 1 1 0 1 1 0 0 x
0.101635482849267 0 0 0 0 1 1 0 0 0 0 0 1 1 0 1 1 0 0 0 1 0 x
0.105225159688449 0 1 0 0 0 0 1 0 1 1 1 1 1 1 0 1 0 0 1 1 0 x
0.075630927483612 1 0 0 0 1 0 0 0 0 1 1 1 1 0 0 1 0 0 0 1 1 x
0.042799439756032 0 1 0 0 0 0 0 0 0 1 1 1 1 1 0 1 1 0 0 1 1 x
0.190414010838885 1 0 1 0 0 0 0 0 0 1 1 0 1 1 1 0 1 1 1 1 1 x
0.231865729201864 0 1 0 1 0 0 1 0 0 0 1 1 0 1 0 0 0 1 1 1 0 x
0.071365153181373 1 0 0 0 0 0 1 0 1 0 1 1 1 0 1 0 0 1 0 1 0 x
0.171716237216749 0 1 1 1 0 0 0 0 0 1 1 1 1 1 0 0 0 1 0 0 0 x
0.093065636779825 1 0 0 0 0 1 1 0 1 0 1 1 1 1 1 1 0 1 0 1 0 x
0.094064710071801 0 1 0 0 0 0 0 0 1 1 1 1 1 1 0 0 0 1 1 1 0 x
0.076607450028729 0 0 1 0 0 0 0 0 0 0 1 1 1 1 1 0 1 1 0 0 1 x
0.102120365407595 0 1 0 1 0 0 0 0 0 1 0 1 0 1 0 0 1 1 0 0 0 x
0.114757779410992 1 0 0 0 0 1 0 0 0 1 1 1 1 0 1 0 0 0 0 1 0 x
0.066499634686715 0 0 0 0 1 0 0 0 0 0 1 1 1 0 1 1 1 0 0 1 1 x
0.069971134334349 1 0 0 0 0 0 0 0 1 1 0 1 1 1 1 0 1 1 1 0 0 x
0.105228070394990 1 0 0 0 1 0 0 0 0 0 1 1 1 0 0 0 0 1 1 0 1 x
0.250256292071316 1 0 0 0 1 0 1 0 0 1 1 0 1 0 0 0 0 0 0 1 0 x
0.041947211559358 1 0 0 0 0 0 0 0 0 0 1 1 1 0 1 0 0 1 0 0 1 x
0.145623852762972 0 0 1 0 1 1 0 0 0 0 1 1 1 1 1 0 0 1 0 0 0 x
0.117254709680743 0 1 0 0 0 0 1 0 1 1 0 0 1 1 0 0 1 1 0 1 0 x
0.116956509548659 0 1 0 0 0 0 1 0 0 0 1 1 1 0 0 0 0 1 0 0 1 x
0.207299797809313 0 0 1 0 0 0 1 0 1 0 1 1 1 1 0 0 0 1 0 0 0 x
0.071790039937907 0 0 0 1 0 0 0 0 0 1 1 1 0 1 0 1 1 1 0 0 1 x
0.190209247648590 1 1 0 0 0 0 1 0 1 0 1 1 1 0 0 0 0 0 1 1 1 x
0.090907679375153 0 1 0 0 0 0 0 0 0 1 1 1 1 0 1 0 0 1 0 0 1 x
0.108577077213033 0 0 0 1 0 1 0 0 0 1 0 1 1 1 0 1 1 1 0 1 0 x
0.090151356834042 0 0 0 1 1 0 0 0 0 0 1 1 1 1 0 1 0 0 0 1 1 x
0.109251294954298 0 1 0 0 0 0 0 0 1 0 1 0 0 1 0 0 0 0 1 0 1 x
0.091642217160288 1 0 0 0 0 0 0 0 1 1 1 0 1 0 1 0 0 0 1 0 1 x
0.041722983815304 0 0 1 0 0 0 0 0 0 0 1 0 1 1 0 1 0 1 0 1 1 x
0.068559253059106 0 1 0 0 0 0 1 0 0 0 1 0 1 1 0 1 0 0 0 1 1 x
0.116043319181734 0 0 1 1 0 0 0 0 0 0 1 0 1 1 0 0 0 1 0 1 0 x
0.109041143152979 1 0 0 1 0 0 1 0 1 0 1 0 1 1 0 1 0 0 0 1 0 x
0.051719470976385 0 1 0 0 1 0 0 0 0 1 1 1 1 1 1 1 0 0 1 0 1 x
0.099466869588440 0 1 0 0 1 0 0 0 0 1 1 0 0 1 0 1 0 0 1 0 0 x
0.036059919184824 0 1 0 0 0 0 0 0 0 0 1 1 1 0 0 1 0 0 1 1 0 x
0.338848018847434 0 0 0 0 0 1 1 1 1 0 0 0 1 0 1 0 0 1 0 1 0 x
0.167844202280128 0 0 1 0 0 0 0 1 0 1 1 1 1 1 0 0 0 1 0 1 1 x
0.158559233577709 1 0 0 0 1 1 0 0 0 0 1 0 1 1 0 1 1 0 0 1 0 x
0.148590650381644 0 1 1 0 0 1 0 0 0 0 1 1 1 1 1 0 0 0 1 0 0 x
0.080596015976448 1 0 0 0 0 0 0 1 0 0 1 0 1 0 1 0 0 1 0 0 0 x
0.119983283388274 0 0 0 1 0 0 0 1 1 0 0 0 1 1 0 1 1 1 0 1 0 x
0.065492458054937 0 1 0 0 0 0 0 1 0 0 1 1 1 0 0 1 0 0 1 1 0 x
0.108283709537670 1 0 0 1 0 0 1 0 1 1 1 1 1 1 1 0 1 1 0 0 0 x
0.195443952826203 1 0 1 0 0 1 0 0 0 0 1 1 1 0 0 0 0 0 0 0 0 x
0.054332154143988 0 1 0 0 0 0 0 1 0 1 1 0 1 1 1 1 0 1 0 0 1 x
0.059232915710230 0 0 1 0 0 0 0 0 0 0 1 0 1 1 0 1 1 0 0 0 1 x
0.065940184567086 0 0 1 0 0 1 0 0 0 0 1 0 1 1 1 1 0 0 0 1 1 x
0.130683952875143 0 0 0 0 0 1 0 0 0 0 1 1 1 0 0 1 0 1 0 1 0 x
0.053905841706223 1 0 0 0 0 0 1 0 1 0 0 1 1 1 1 0 0 1 0 1 1 x
0.056127986494218 1 0 0 0 0 0 0 0 1 1 0 1 1 0 1 0 0 1 0 1 1 x
0.104033701272744 1 0 0 0 0 0 1 0 1 0 1 0 1 0 1 1 0 1 0 1 1 x
0.171260629065847 1 0 0 1 0 0 1 0 0 0 1 1 1 0 0 1 1 1 0 1 0 x
0.066482108135164 0 0 1 0 0 0 0 0 0 0 1 0 1 1 1 1 0 1 1 0 1 x
0.113983176776982 0 1 0 0 0 0 0 1 0 1 1 1 1 1 0 0 0 1 1 0 0 x
0.084754052793736 0 0 0 0 0 0 1 0 0 0 1 0 1 0 1 0 1 1 1 1 0 x
0.084523896678781 0 1 0 0 0 0 0 0 0 1 1 0 1 0 0 1 1 0 1 1 1 x
0.092417587336713 0 1 0 0 0 1 0 0 0 1 1 0 0 1 1 0 1 1 0 0 1 x
0.152565739824039 0 1 1 0 0 0 0 1 0 0 1 0 1 1 0 1 0 0 1 1 0 x
0.067043933615951 1 0 0 0 0 0 0 1 1 0 1 0 1 0 1 1 1 0 0 1 1 x
0.132332338717686 0 0 1 0 0 1 0 0 0 1 1 0 1 1 1 1 1 1 0 0 0 x
0.067096696896852 1 0 0 0 0 0 0 1 0 0 0 1 1 0 1 1 0 1 1 0 1 x
0.258993929576099 0 1 1 0 1 0 0 0 0 0 1 0 1 1 0 1 0 0 0 1 1 x
0.050366618617273 1 0 0 0 1 0 0 1 0 1 1 1 1 1 1 1 0 0 1 0 1 x
0.088231219185463 1 0 0 0 0 0 0 1 1 1 1 1 1 1 0 1 1 1 0 0 0 x
0.235311037710606 1 1 0 0 0 0 0 0 1 1 1 1 1 1 0 0 0 0 0 0 0 x
0.072543355918891 1 0 0 0 1 0 0 1 0 0 1 1 1 0 1 1 0 1 0 0 1 x
0.070969464685152 0 1 0 0 0 0 0 0 0 1 1 1 0 1 1 0 0 1 0 0 1 x
0.122948786567845 0 1 0 0 0 1 1 0 0 1 1 1 0 1 1 0 0 1 0 1 0 x
0.135672562506217 1 1 0 0 0 0 1 1 1 0 1 1 1 1 1 0 1 1 0 1 1 x
0.082288411078767 1 0 0 0 1 0 0 1 1 0 1 1 1 1 1 1 0 1 0 1 0 x
0.044961770230193 1 0 0 0 0 1 0 0 1 1 1 1 1 1 1 0 1 1 0 0 1 x
0.206171900623614 0 0 0 0 0 0 0 0 0 1 1 1 1 0 1 1 0 1 0 1 1 x
0.168555404464248 1 1 0 0 0 0 1 0 1 1 0 0 1 1 1 0 0 1 0 1 1 x
0.086711896851000 0 0 0 0 1 1 0 0 0 0 1 0 1 1 1 1 0 1 0 0 1 x
0.089910280105931 0 1 0 0 0 0 1 0 1 0 1 1 1 1 1 0 1 0 1 1 1 x
0.077873083806442 1 0 0 0 0 0 0 1 1 0 0 0 1 1 1 1 0 1 1 0 1 x
0.078778211711122 1 0 0 0 0 1 0 0 1 0 0 1 1 0 1 0 1 1 0 0 1 x
0.071610764905410 1 0 0 0 1 0 0 1 0 1 1 1 1 0 1 1 1 0 0 1 0 x
0.198804557358623 0 1 0 0 1 0 0 1 0 0 0 0 1 1 1 1 1 0 1 0 1 x
0.111914308186852 0 0 1 0 0 1 0 0 0 1 0 1 1 1 0 0 1 0 0 1 1 x
0.134473456215299 1 1 0 0 0 0 1 0 1 1 1 1 0 1 1 0 1 0 1 1 1 x
0.104071324210880 1 0 0 0 0 0 0 1 1 1 1 1 1 0 1 0 1 1 1 1 0 x
0.039481310170471 0 0 1 0 0 0 0 0 0 0 1 0 1 1 1 0 0 0 0 1 1 x
0.118612152211812 0 1 0 0 1 1 0 0 0 1 1 1 1 1 1 1 0 0 0 1 0 x
0.114208950976940 1 0 0 0 1 0 0 1 0 0 0 1 1 0 1 1 0 0 0 1 1 x
0.041930406231323 1 0 0 0 0 0 0 0 1 0 1 1 0 1 1 0 1 1 1 0 1 x
0.064074037876063 1 0 0 0 1 0 0 0 0 1 1 1 1 1 1 1 0 1 0 0 1 x
0.065179631688053 0 0 1 0 0 0 0 0 0 1 1 0 1 0 1 0 1 1 1 0 1 x
0.100352742886264 0 0 0 0 0 0 0 1 0 0 1 0 1 0 0 1 1 1 0 0 1 x
0.030806439424599 1 0 0 0 0 0 0 0 0 1 1 0 1 0 1 0 0 1 1 0 1 x
0.080634588918304 0 0 0 1 0 0 1 0 0 0 0 1 1 0 1 1 1 0 0 1 0 x
0.038107248717897 1 0 0 0 0 0 0 0 0 0 1 1 1 0 0 0 1 1 0 1 1 x
0.080781321848680 0 0 0 0 1 0 0 0 0 0 1 1 0 0 1 1 1 1 1 0 1 x
0.074247708258716 0 1 0 0 0 0 0 1 0 0 1 0 1 1 0 1 0 0 0 1 0 x
0.080522123118926 0 0 1 1 0 0 0 0 0 1 1 1 1 1 1 1 0 0 1 1 0 x
0.035415322578844 1 0 0 0 0 0 0 0 1 0 1 0 1 0 1 0 1 1 0 0 1 x
0.089084205636820 0 1 0 0 1 0 0 0 0 1 1 1 1 0 0 1 1 0 1 1 0 x
0.114150176111997 1 0 1 1 0 0 0 0 1 1 1 1 1 1 1 0 0 0 0 1 1 x
0.094808176629108 0 0 1 0 0 1 0 0 0 0 1 0 1 1 1 0 1 0 1 1 0 x
0.043240865285802 0 0 1 0 0 0 0 0 1 0 1 0 1 1 1 1 1 0 0 1 1 x
0.093147124546449 0 0 0 0 0 1 0 0 0 0 0 0 1 0 1 1 1 1 0 0 1 x
0.130927090438195 1 0 0 0 1 0 0 1 0 1 1 1 1 1 1 1 1 1 1 0 0 x
0.058511428682532 1 0 0 0 1 0 0 0 0 1 1 1 1 0 1 1 1 0 1 0 1 x
0.073366602022412 1 0 0 0 0 0 1 1 1 0 1 1 1 1 1 1 1 0 0 1 0 x
0.082672141843108 1 0 0 0 1 0 0 1 1 1 1 1 1 1 1 1 0 0 0 0 1 x
0.050715056340092 1 0 1 0 0 0 0 0 1 1 1 1 1 1 1 0 1 0 1 0 1 x
0.048431864920665 0 0 1 0 0 0 0 0 0 0 0 0 1 1 1 1 0 0 0 1 1 x
0.065279429304370 1 0 1 0 0 0 0 0 1 0 1 1 1 1 1 0 1 0 0 1 1 x
0.060996213257860 0 1 1 0 0 0 0 0 1 1 1 1 1 1 1 0 0 0 1 1 0 x
0.201357662142767 1 0 1 0 1 0 0 0 0 1 1 1 1 1 1 1 1 0 0 0 1 x
0.111006930770448 0 1 0 0 0 0 1 1 0 1 0 1 1 1 0 1 1 1 0 1 0 x
0.051222313001920 1 0 0 0 0 0 1 0 1 0 1 1 1 1 1 0 1 1 1 0 1 x
0.059154966309371 0 0 0 0 1 0 0 0 0 0 1 0 1 0 1 1 0 0 1 0 1 x
0.084462970601257 0 0 1 0 0 0 0 0 1 0 1 1 1 1 1 0 0 0 1 1 1 x
0.156742624082321 1 1 1 0 0 0 0 1 1 1 1 1 1 1 0 0 0 0 0 1 0 x
0.077503965045365 1 0 0 0 0 1 0 0 1 1 1 0 1 1 1 0 0 1 1 0 1 x
0.088525539209245 0 1 0 0 0 0 0 0 1 1 1 0 0 1 1 1 1 1 1 0 1 x
0.076815531020433 0 1 0 1 0 0 0 0 0 1 1 0 1 1 0 1 0 0 0 0 1 x
0.094713355822292 1 0 0 1 0 0 0 0 1 0 1 1 1 1 1 0 1 1 1 0 1 x
0.029248854364560 1 0 0 0 0 0 0 0 1 0 1 1 1 1 1 0 0 1 1 0 1 x
0.055276404185347 0 1 0 0 0 0 0 0 0 0 0 1 1 0 0 1 1 0 0 1 0 x
0.157335489688316 1 0 1 1 0 0 0 0 1 1 0 1 1 1 0 0 0 0 1 1 0 x
0.041909240856945 0 1 0 0 0 0 0 0 0 1 0 0 1 0 0 1 0 1 0 0 1 x
0.076928787241352 0 1 1 0 0 0 0 0 0 1 1 0 1 1 1 0 0 0 1 0 1 x
0.092247632100712 0 0 0 1 0 0 0 0 0 0 0 0 1 0 0 1 0 1 1 0 1 x
0.123754813783934 1 0 0 0 1 1 0 0 0 1 1 1 1 1 1 0 0 1 0 0 0 x
0.154570071818395 1 1 0 0 1 0 0 0 1 1 1 1 1 1 1 1 1 0 0 1 1 x
0.071076884286443 0 1 0 0 1 0 0 0 0 1 1 0 1 1 0 1 0 1 0 0 1 x
0.036762747899028 1 0 0 0 0 0 0 1 0 0 1 1 1 0 1 1 1 0 1 0 1 x
0.061206755838568 1 0 0 0 0 0 0 1 1 0 0 1 1 0 1 1 1 1 0 0 1 x
0.115429604451483 1 0 1 0 0 0 0 1 1 0 1 1 1 1 0 0 0 0 0 0 1 x
0.081045169828473 1 0 0 0 0 0 0 1 0 1 1 1 1 0 0 1 1 0 0 0 1 x
0.079028504199779 0 0 0 1 0 0 0 1 0 0 0 1 1 1 1 1 1 1 0 0 1 x
0.117455331486204 0 1 1 0 0 0 0 0 1 0 1 0 1 1 1 0 1 0 0 1 1 x
0.092075505398533 1 0 1 0 0 1 0 0 1 1 1 1 1 1 1 0 1 0 1 0 1 x
0.048032330401594 0 1 0 0 0 0 0 0 0 1 1 0 1 1 1 1 0 0 1 0 1 x
0.047711549937976 0 0 1 0 0 0 0 0 1 0 0 0 1 1 1 0 0 1 0 0 1 x
0.044962592024965 1 0 0 0 0 0 0 0 0 1 1 1 0 0 1 0 1 1 1 0 1 x
0.118755893356096 0 1 0 1 0 0 0 1 0 1 0 0 1 1 0 1 0 1 0 0 0 x
0.035166357815781 1 0 0 0 0 0 0 0 1 1 1 0 1 1 1 0 1 1 0 1 1 x
0.064324909221763 0 1 0 0 0 0 0 1 1 0 1 0 1 1 1 1 1 0 1 0 1 x
0.032879019940774 1 0 0 0 1 0 0 0 0 1 1 1 1 1 1 0 0 1 0 1 1 x
0.182837117659467 0 1 1 1 0 0 0 1 0 1 1 1 1 1 1 0 0 0 1 0 0 x
0.098632628741018 1 0 0 0 0 1 1 0 1 0 1 1 1 0 1 1 1 0 0 1 0 x
0.041795589594275 1 0 0 0 0 0 1 0 1 0 1 1 1 1 1 0 1 0 0 1 1 x
0.125491904314753 0 0 1 0 0 0 0 0 0 0 0 0 1 0 0 0 0 1 0 1 1 x
0.119540238783789 1 0 1 0 0 0 0 0 1 0 1 0 1 0 1 1 0 0 1 0 1 x
0.078293814835334 0 0 1 0 0 0 0 0 1 1 1 0 1 1 1 0 1 1 1 0 0 x
0.078961613393877 1 0 0 0 1 0 0 1 0 1 1 1 0 1 1 0 0 1 0 0 1 x
0.078599634923660 0 1 0 0 0 0 0 0 1 1 0 1 1 1 0 1 0 0 0 1 1 x
0.108881773487644 0 1 1 0 0 0 0 0 0 1 1 1 0 1 0 0 1 0 1 1 0 x
0.041031446135818 1 0 0 0 0 0 0 0 1 1 0 0 1 1 1 0 0 1 0 0 1 x
0.108274056320968 1 0 0 0 0 1 0 0 1 1 0 0 1 1 1 1 1 1 0 0 1 x
0.160445674661619 0 0 0 1 1 0 0 0 0 0 1 0 0 0 1 1 0 0 0 0 1 x
0.057349913006631 1 0 0 1 0 0 0 0 1 1 0 1 1 1 1 0 0 1 0 0 1 x
0.076713937896670 0 1 0 0 0 0 0 0 0 0 1 0 1 0 1 1 1 0 1 0 1 x
0.064675298880856 1 0 0 0 0 0 0 0 1 0 0 1 1 0 1 0 1 1 1 0 1 x
0.069586401431121 1 0 1 0 0 0 0 0 1 1 1 1 1 1 1 0 0 1 0 1 0 x
0.049106478366219 1 0 0 0 0 0 0 1 1 0 1 0 1 1 1 1 1 0 1 0 1 x
0.050084956086269 1 0 0 0 0 0 1 0 1 0 1 1 1 1 1 0 1 1 0 1 0 x
0.106053199938365 0 1 0 1 0 0 0 0 0 1 0 1 1 1 1 1 0 1 0 0 1 x
0.092445615120209 1 0 0 0 1 0 0 0 0 1 0 1 0 1 0 1 0 0 1 0 1 x
0.042841853146665 1 0 0 1 0 0 0 0 1 1 1 1 1 1 1 0 0 1 0 1 1 x
0.098358537457341 0 1 0 0 1 0 1 0 0 0 1 1 1 1 1 0 0 1 0 1 0 x
0.092166591267659 0 1 0 0 0 0 0 1 1 1 0 0 1 1 0 1 1 0 0 0 1 x
0.080063356935384 0 0 1 0 0 0 0 0 0 1 1 0 1 1 1 0 0 1 0 0 1 x
0.102750058583838 0 0 1 0 0 1 0 0 1 0 0 1 1 1 0 0 1 0 1 0 0 x
0.058959905496569 1 0 0 1 0 0 0 0 1 1 1 1 0 1 1 0 0 1 0 0 1 x
0.105546065616891 0 0 1 0 1 0 0 0 0 0 1 1 1 0 1 1 0 1 1 0 0 x
0.092219644135414 1 0 0 0 0 0 0 0 0 0 1 0 1 0 1 1 1 0 1 0 1 x
0.080407214056118 1 1 0 0 0 0 0 1 1 1 1 0 1 1 1 0 0 1 1 0 1 x
0.062862659966400 1 0 0 0 0 0 0 1 1 0 1 1 0 1 0 1 1 0 1 0 1 x
0.089020610634590 1 0 0 0 1 0 0 1 1 0 1 1 1 1 1 1 1 0 1 0 1 x
0.112312500020219 1 0 1 0 0 0 0 1 1 0 1 1 1 1 1 1 1 0 1 0 1 x
0.069161228281717 0 0 1 0 0 0 0 0 1 0 0 1 1 1 1 0 1 1 0 1 0 x
0.073655632129041 0 1 0 0 0 0 1 0 0 0 1 1 1 1 1 1 0 1 0 1 0 x
0.126348739709326 1 0 0 1 0 1 0 0 1 1 1 1 1 1 1 0 0 1 0 0 0 x
0.099633821921530 0 0 0 1 0 0 0 1 0 0 1 1 1 1 0 1 1 0 0 1 0 x
0.049290885484190 1 0 0 0 0 0 0 1 0 0 1 1 1 0 0 1 1 1 0 1 0 x
0.043887328594468 1 0 0 0 0 0 0 1 1 0 0 1 1 1 0 1 1 0 0 1 1 x
0.084966438874197 1 0 1 0 0 0 0 0 1 1 1 1 1 0 0 0 0 1 1 0 1 x
0.063209131443112 1 0 0 1 0 0 0 1 1 1 1 1 1 1 0 1 0 1 0 0 1 x
0.091693473729865 0 1 0 0 1 0 0 0 0 1 0 1 0 1 1 1 0 1 0 0 1 x
0.049357941020702 0 0 1 0 0 0 0 0 0 0 1 0 1 0 0 0 0 1 1 0 0 x
0.056343080525856 1 0 0 0 0 0 0 1 1 0 1 0 1 1 0 1 0 1 0 0 1 x
0.076396120866852 0 1 0 0 0 0 0 0 0 1 1 0 1 0 0 0 0 1 1 0 1 x
0.058478620831103 1 0 0 1 0 0 0 0 1 1 1 1 1 1 0 0 0 1 1 0 1 x
0.024208647903405 1 0 0 0 0 0 0 0 1 0 1 0 1 1 1 0 0 1 0 1 1 x
0.106832822278130 0 0 1 1 0 0 0 0 1 0 1 0 1 1 0 1 0 0 1 0 0 x
0.080231587454258 1 0 1 0 0 0 0 0 1 1 1 0 1 1 0 0 0 0 1 0 1 x
0.065620968515127 0 0 1 0 0 0 0 0 0 0 1 0 1 1 1 0 0 1 0 1 0 x
0.070421231603524 1 0 0 0 0 1 0 0 0 1 1 0 1 0 1 0 1 1 0 0 0 x
0.081888758504949 1 0 0 0 0 1 0 1 1 0 1 1 1 1 1 1 1 0 0 1 0 x
0.078609602707969 0 0 1 1 0 0 0 0 0 1 1 1 1 1 0 0 1 0 1 1 0 x
0.053849500989444 0 0 1 0 0 0 0 0 0 0 1 0 1 0 0 1 1 0 1 0 1 x
0.094194431001396 0 0 1 0 0 1 0 0 0 0 1 1 1 0 1 0 1 1 1 0 0 x
0.060379248450175 0 1 0 0 0 0 1 0 0 0 1 1 1 0 0 1 1 0 0 1 0 x
0.062781881904557 1 0 0 0 0 0 0 1 0 0 1 1 1 0 0 0 1 1 1 0 1 x
0.022888591551865 1 0 0 0 0 0 0 0 0 1 1 1 1 0 1 0 1 1 0 1 1 x
0.034482444511512 1 0 0 0 1 0 0 0 0 1 1 1 1 1 1 1 0 0 1 1 1 x
0.049935384445084 1 0 0 0 0 0 0 1 0 1 1 1 1 0 0 1 1 0 1 1 0 x
0.064793605584916 0 0 0 0 1 0 0 0 0 0 1 0 1 0 1 1 0 1 0 0 1 x
0.083920717534313 0 0 1 0 0 0 0 0 0 1 0 1 0 1 1 0 1 1 1 0 0 x
0.034214317410308 1 0 0 0 0 0 0 0 1 0 1 1 1 0 1 1 1 0 1 1 1 x
0.127178960755343 0 0 0 0 1 1 0 0 0 1 0 0 1 1 0 1 0 1 0 1 0 x
0.100605824337444 1 1 0 0 0 0 0 1 1 0 1 0 1 1 1 1 0 0 0 1 1 x
0.052563157392727 1 0 0 0 1 0 0 1 0 0 1 1 1 1 1 1 0 0 0 1 1 x
0.039456451197206 0 1 0 0 0 0 0 1 0 0 1 1 1 0 1 1 1 0 0 1 1 x
0.063718367658435 0 1 0 0 0 0 0 1 0 1 0 1 1 0 0 1 1 1 0 0 1 x
0.048100915250747 0 1 0 0 0 0 0 0 0 1 1 1 1 0 1 1 1 0 1 1 0 x
0.028964885073471 0 1 0 0 0 0 0 0 1 0 1 1 1 1 1 1 1 0 1 1 1 x
0.112092853777073 1 0 0 1 1 0 0 1 0 1 1 1 1 1 0 1 0 0 0 0 1 x
0.068808120414137 0 1 0 0 0 0 0 0 0 1 0 0 1 1 0 1 1 1 0 0 1 x
0.075085065963762 0 1 0 1 0 0 0 0 1 1 1 0 1 1 1 0 0 1 0 0 1 x
0.066041212335499 0 1 0 0 0 0 1 0 0 1 1 0 1 1 1 0 0 1 0 1 0 x
0.045074668462318 0 1 0 0 0 1 0 0 0 0 1 1 1 1 1 0 0 1 0 1 1 x
0.088001236131784 0 1 0 0 0 1 0 0 0 1 0 0 1 1 1 0 0 1 0 0 0 x
0.045197365317013 1 0 0 0 0 0 0 1 1 0 1 1 1 1 1 1 1 0 1 1 1 x
0.070757165618270 0 0 0 1 0 0 0 0 0 1 0 1 0 0 0 1 1 1 0 1 0 x
0.056847691409066 1 0 0 0 0 0 0 1 0 1 0 1 1 0 1 1 1 0 0 1 0 x
0.058504008189484 0 1 0 0 0 0 0 1 0 0 1 1 1 0 0 1 1 1 0 1 0 x
0.089318826564659 0 0 1 0 1 0 0 0 0 0 1 0 1 1 1 1 0 0 1 0 1 x
0.064742982716842 0 1 0 0 0 1 0 0 1 1 1 1 1 1 1 0 1 1 0 0 1 x
0.086321702217478 0 1 0 0 1 0 0 0 0 1 1 1 0 1 1 0 0 1 1 0 1 x
0.056036659632714 0 1 0 0 0 1 0 0 0 0 1 0 1 1 1 1 0 0 0 1 1 x
0.034548657903582 0 1 0 0 0 0 0 0 1 0 1 1 1 0 1 1 1 0 0 1 1 x
0.078359285453278 0 1 0 0 1 0 0 0 0 1 0 1 1 0 1 1 0 0 1 0 1 x
0.072122874143553 1 1 0 0 0 0 0 0 0 1 1 1 1 1 1 0 0 1 0 1 1 x
0.056966070831453 1 0 0 1 0 0 0 0 1 1 1 0 1 1 1 0 0 1 0 0 1 x
0.066880515083465 0 0 0 0 1 0 0 0 0 1 0 0 1 0 1 1 0 1 1 0 1 x
0.053011651971319 0 0 0 1 0 0 0 0 0 0 1 0 1 0 0 1 0 0 1 1 0 x
0.083876987136435 0 1 0 0 0 0 0 1 1 1 0 0 1 1 1 1 0 1 1 0 0 x
0.063284852521065 0 1 0 0 1 0 0 0 0 0 1 1 1 1 1 1 0 0 1 1 1 x
0.059732491364956 0 0 1 0 0 0 0 0 1 1 0 0 1 1 1 0 1 0 1 0 1 x
0.054456828698410 1 0 0 1 0 0 0 0 1 1 1 1 1 1 1 1 0 0 1 1 0 x
0.111743177348286 0 0 1 0 1 0 0 0 0 1 1 1 0 1 0 0 1 1 0 1 0 x
0.059217938954309 0 1 1 0 0 0 0 0 1 1 1 1 1 1 1 0 1 0 1 0 1 x
0.038020290113281 1 0 0 0 0 0 0 0 1 0 0 1 1 0 1 1 1 0 0 1 1 x
0.032158037206034 1 0 0 0 0 0 0 0 1 1 0 1 1 1 1 0 1 0 0 1 1 x
0.043761997189795 1 0 0 1 0 0 0 0 1 1 1 1 1 1 0 1 1 0 0 1 1 x
0.065151503132278 0 1 0 1 0 0 0 0 1 1 1 1 1 1 0 1 1 0 1 0 1 x
0.044667457668988 1 0 0 0 0 0 0 0 1 1 0 1 0 1 0 0 1 1 0 0 1 x
0.053613671638489 0 1 0 0 0 0 0 0 1 0 0 1 1 1 1 0 1 1 0 0 1 x
0.030981184857248 0 1 0 0 0 0 0 0 1 0 1 1 1 1 1 0 1 1 0 1 1 x
0.019857779358739 1 0 0 0 0 0 0 0 1 0 1 1 1 1 1 0 1 1 0 1 1 x
0.069763831895749 0 0 0 1 0 0 0 0 0 1 0 0 1 0 1 1 1 0 0 1 0 x
0.047334001217481 1 0 0 0 0 1 0 0 1 0 1 1 1 1 1 0 0 1 0 1 1 x
0.071518012981888 0 0 1 0 0 0 0 0 0 1 0 0 1 0 1 0 1 1 0 0 0 x
0.130264991967332 0 0 0 0 1 1 0 0 0 0 1 1 1 0 0 1 1 0 1 1 0 x
0.071675147250407 1 0 1 0 0 0 0 0 1 1 1 1 0 0 1 0 1 0 1 0 0 x
0.064164782886788 1 0 0 0 1 0 0 0 1 1 0 1 1 1 1 1 1 0 0 1 1 x
0.079563832426764 1 0 1 0 0 0 0 0 1 1 1 1 1 0 0 0 1 1 0 0 0 x
0.065974830065733 0 0 1 0 0 0 0 0 1 0 0 0 1 1 0 1 1 1 0 0 1 x
0.129547354902620 0 0 1 1 0 0 0 0 1 1 0 1 0 1 0 0 1 1 0 0 0 x
0.041457751838111 0 1 0 0 0 0 0 0 0 0 1 1 1 1 1 0 1 0 0 1 1 x
0.045523832219990 1 0 0 0 0 0 0 0 1 1 1 0 1 0 1 1 1 0 1 1 0 x
0.085805370306310 1 1 0 0 0 1 0 0 1 1 1 1 1 1 1 0 1 0 0 1 1 x
0.048718292705624 0 0 1 0 0 0 0 0 0 0 1 1 1 0 1 0 1 0 1 1 0 x
0.060184721718307 0 0 1 0 0 0 0 0 0 1 1 0 1 1 0 1 0 0 1 1 0 x
0.054412171023287 0 0 1 0 0 0 0 0 0 1 0 0 1 0 0 1 0 1 1 0 0 x
0.152963776465237 1 1 0 1 0 0 0 0 1 1 1 1 1 1 1 0 0 1 0 0 1 x
0.051395057213796 0 0 1 0 0 0 0 0 0 0 1 0 1 0 1 1 0 0 1 1 0 x
0.034903437792159 0 1 0 0 0 0 0 0 1 0 1 0 1 1 1 1 0 0 0 1 1 x
0.098089982336616 0 0 1 0 0 1 0 0 0 1 0 0 1 1 1 0 0 0 1 0 0 x
0.049419901332653 0 1 0 0 0 0 0 0 0 0 1 1 1 0 0 1 1 1 0 1 1 x
0.080269558536385 1 0 0 0 0 0 1 0 1 1 0 1 1 0 1 1 1 0 1 1 0 x
0.040606060429408 1 0 0 0 0 0 0 0 1 1 0 1 1 0 1 0 1 1 0 1 0 x
0.055640553314005 1 0 0 0 0 1 0 1 0 0 1 1 1 1 1 0 0 1 0 0 1 x
0.050642799339468 1 0 0 0 0 0 0 1 1 0 0 1 1 1 1 0 0 1 0 0 1 x
0.069957759450698 1 0 1 0 0 0 0 0 1 1 1 1 0 1 1 0 0 1 1 0 0 x
0.094809052953880 0 1 0 0 0 1 0 1 0 0 1 0 1 1 1 0 0 1 0 0 1 x
0.059487741438469 0 1 0 0 1 0 0 0 1 0 1 1 1 1 1 1 0 0 1 0 1 x
0.067048437190148 1 0 0 1 0 0 0 1 1 0 1 1 1 1 1 1 0 0 1 0 1 x
0.090092293393032 0 0 0 1 0 0 1 0 0 0 1 1 1 0 1 1 1 0 1 1 0 x
0.095443104788333 0 1 0 1 0 0 0 0 1 1 1 0 1 1 0 1 0 1 1 0 0 x
0.133705486578891 0 1 0 1 1 0 0 0 1 1 1 1 1 1 1 1 0 0 1 0 1 x
0.103445348371987 0 0 0 0 0 0 1 0 0 0 0 1 1 0 1 0 1 1 0 1 0 x
0.105335422992514 1 0 0 0 1 1 0 0 1 0 1 1 1 1 1 1 0 0 1 0 1 x
0.042220540257580 1 0 0 0 0 0 0 1 1 1 0 1 1 1 1 1 1 0 1 0 1 x
0.059018725748483 1 0 0 1 0 0 0 1 0 1 1 1 1 1 1 0 0 1 0 0 1 x
0.050324580500036 1 0 0 0 0 0 0 0 1 1 1 1 0 0 1 0 1 1 0 1 0 x
0.056717164701628 1 0 0 0 0 1 0 0 0 1 1 0 1 1 1 0 0 1 0 1 1 x
0.067179872348914 0 1 1 0 0 0 0 0 0 1 1 1 1 0 1 0 0 0 1 1 0 x
0.062015782540617 1 0 0 1 0 0 0 1 1 1 1 1 1 1 1 1 1 0 0 1 1 x
0.046829649967507 1 0 1 0 0 0 0 0 1 1 1 1 1 1 0 0 1 0 1 1 0 x
0.060863742965265 0 1 0 0 0 1 0 0 0 1 1 1 1 1 1 0 1 1 0 1 0 x
0.080254892124641 0 1 0 1 0 0 0 1 0 1 1 1 1 1 0 0 1 1 0 0 1 x
0.078566859941681 1 0 1 0 0 0 0 0 0 1 1 1 1 0 1 0 0 1 1 0 0 x
0.051711431364158 0 1 0 0 0 0 0 0 0 1 0 0 1 0 0 1 0 0 1 1 0 x
0.046134916418795 0 1 0 0 0 0 0 0 1 0 0 0 1 1 1 1 0 0 1 0 1 x
0.080550463048955 1 0 1 0 0 0 0 0 1 1 0 1 1 1 0 0 1 0 1 0 0 x
0.059480919596248 0 0 0 1 0 0 0 0 1 0 0 0 1 1 0 1 0 1 0 0 1 x
0.046826988329059 0 1 0 0 0 0 0 0 1 0 1 1 1 1 1 1 1 0 1 0 1 x
0.040035999185228 1 0 0 0 0 0 0 0 1 1 1 1 1 0 1 1 1 1 1 0 1 x
0.172131224326955 1 1 0 0 1 1 0 1 0 1 1 1 1 1 1 0 0 1 0 0 1 x
0.094477966702197 0 0 0 1 1 0 0 0 0 0 1 1 1 0 1 1 0 0 1 1 0 x
0.024990140027563 1 0 0 0 0 0 0 1 0 0 1 1 1 1 1 0 0 1 0 1 1 x
0.039128904454368 1 0 0 0 0 0 0 0 1 1 0 1 0 1 1 0 0 1 1 0 1 x
0.050934489795983 1 0 0 0 0 0 0 0 0 0 1 0 1 0 1 0 0 1 0 1 1 x
0.020512626370802 1 0 0 0 0 0 0 0 0 1 0 1 1 1 1 0 0 1 0 1 1 x
0.056082798028957 1 0 0 0 0 0 0 0 1 1 0 1 0 1 1 1 1 0 1 1 1 x
0.053658143140712 1 0 0 0 0 0 1 0 1 0 1 1 0 1 1 0 1 1 0 0 1 x
0.025285507006970 1 0 0 0 0 0 1 0 0 0 1 1 1 1 1 0 0 1 0 1 1 x
0.088341025138144 0 1 1 0 0 0 1 0 0 1 1 1 1 1 1 0 0 0 1 1 0 x
0.085820386613089 0 0 1 0 0 0 0 0 1 1 0 0 1 0 1 0 0 1 1 0 0 x
0.067099249103382 0 1 0 0 0 0 0 0 1 1 0 1 0 1 1 0 1 1 1 0 1 x
0.025252082197533 1 0 0 0 0 0 0 0 0 1 1 1 0 1 1 0 0 1 0 1 1 x
0.065054720327953 1 0 0 0 0 0 1 0 1 0 1 0 1 1 1 0 0 1 1 0 1 x
0.040171947447534 1 0 0 0 0 0 0 1 0 1 1 0 1 1 1 0 0 1 1 0 1 x
0.017556568184490 1 0 0 0 0 0 0 0 0 0 1 1 1 1 0 0 0 1 0 1 1 x
0.124263458122174 0 0 1 1 0 0 0 0 0 0 1 0 1 1 0 1 0 0 0 1 1 x
0.080678956704952 0 0 0 0 1 1 0 0 0 0 0 1 1 1 1 1 0 1 0 0 1 x
0.078849284671936 0 0 1 0 0 1 0 0 0 1 1 1 1 1 1 1 1 0 1 1 0 x
0.058859143188054 1 0 0 0 0 0 0 1 0 1 1 0 1 0 0 1 0 1 1 0 0 x
0.166183848637128 1 1 1 0 0 0 0 0 1 1 1 1 1 1 1 0 0 0 1 1 1 x
0.072135322451016 0 1 0 1 0 0 0 0 0 1 1 1 1 0 0 1 1 0 0 1 0 x
0.026028781405696 1 0 0 0 0 0 0 0 0 1 1 1 1 1 1 0 0 1 1 1 1 x
0.067547495876855 1 0 0 1 0 0 0 0 0 1 1 1 1 0 1 1 0 0 1 1 1 x
0.034308162138887 1 0 0 0 0 0 0 1 0 0 1 1 1 1 1 1 0 1 1 0 1 x
0.088806944352598 0 0 1 0 0 1 0 0 0 1 0 1 1 1 1 0 0 1 1 1 0 x
0.081462681327553 0 1 1 0 0 0 0 0 1 1 0 1 1 1 0 0 1 0 0 1 0 x
0.118202242394768 0 1 1 0 0 1 0 0 1 1 1 1 1 1 1 0 1 0 0 1 0 x
0.031130959892398 1 0 0 0 0 0 0 1 0 0 1 1 1 1 1 1 1 0 0 1 1 x
0.039515869891092 1 0 0 1 0 0 0 0 0 1 1 1 1 1 0 1 0 0 0 1 1 x
0.055158623857333 1 0 0 0 0 1 0 0 0 1 0 1 1 1 1 1 1 0 0 1 1 x
0.129756979074186 1 0 1 1 0 0 0 0 1 1 1 1 1 1 0 0 0 1 1 0 0 x
0.060041508048597 0 1 0 0 0 1 0 0 0 1 1 1 1 0 1 1 1 0 0 1 1 x
0.080054128440406 1 0 0 0 0 0 0 1 1 1 1 0 0 1 1 0 1 1 1 0 0 x
0.064922768582058 1 0 0 1 0 0 1 0 0 1 1 1 1 1 1 1 0 0 0 1 1 x
0.072953295923049 1 0 0 1 0 0 0 0 0 1 1 1 1 1 1 1 0 1 1 0 1 x
0.082755137374076 0 0 0 0 1 1 0 0 0 0 0 1 1 1 1 1 1 0 0 1 1 x
0.037369673626145 0 1 0 0 0 0 0 1 0 0 0 1 1 1 1 0 0 1 0 1 1 x
0.056405635876189 0 1 0 0 0 0 0 1 0 1 1 1 1 1 1 0 1 1 0 1 1 x
0.105853146598619 0 1 1 0 0 0 0 0 1 1 1 0 1 0 0 1 1 0 1 0 0 x
0.026784717520558 0 1 0 0 0 0 0 0 0 1 0 1 1 1 1 0 0 1 0 1 1 x
0.056801937144894 0 1 0 0 0 0 0 1 0 1 0 0 1 1 1 0 0 1 0 0 1 x
0.143948796917233 0 1 0 1 0 1 0 0 1 1 1 1 1 1 1 0 1 1 0 0 0 x
0.113189380145112 0 0 1 0 1 0 0 0 1 0 0 0 1 1 0 1 0 1 0 0 0 x
0.029526840545282 0 1 0 0 0 0 0 0 0 0 1 1 1 1 1 0 0 1 0 1 1 x
0.068399182916695 0 1 0 0 0 0 1 0 0 1 0 1 0 1 1 0 0 1 0 1 0 x
0.048002852166477 0 0 0 1 0 0 0 0 0 0 1 1 1 1 1 1 0 0 1 1 1 x
0.049350988798244 0 1 0 0 0 1 0 0 0 1 1 1 1 1 1 1 0 0 1 1 1 x
0.046333853320034 0 1 0 0 0 1 0 0 0 1 1 1 1 1 1 0 1 0 1 0 1 x
0.063366790721261 0 0 0 1 0 0 0 0 0 1 0 1 1 0 0 1 1 0 1 1 0 x
0.083581956123407 0 1 0 0 0 1 0 0 0 1 0 1 1 1 0 0 1 0 0 1 1 x
0.077781831295231 1 0 0 1 0 0 1 0 1 0 1 1 1 1 1 0 0 1 0 0 1 x
0.039175609803991 1 0 0 1 0 0 0 0 0 1 1 1 1 1 1 0 0 0 1 1 1 x
0.062416244082894 1 0 0 0 0 1 0 0 1 0 1 1 0 1 1 0 1 1 0 0 1 x
0.083618538456247 1 0 0 1 0 0 0 1 0 1 1 1 1 1 0 1 0 0 1 1 1 x
0.031301468538903 1 0 0 0 0 1 0 0 0 0 1 1 1 1 1 0 1 0 0 1 1 x
0.077094086185092 0 1 0 0 0 1 0 0 1 1 1 0 1 1 1 1 0 0 1 0 1 x
0.049232288894947 0 0 1 0 0 0 0 0 1 0 0 0 0 1 1 0 1 0 0 0 1 x
0.102833934895536 0 0 1 1 0 0 0 0 0 0 1 1 0 1 1 0 0 0 1 1 0 x
0.074246323662185 0 0 0 1 0 1 0 0 0 0 1 1 1 1 1 1 0 0 1 1 0 x
0.053814275670579 0 0 1 0 0 1 0 0 0 0 1 1 1 1 1 0 1 0 0 1 1 x
0.088572943769758 1 0 0 1 0 1 0 0 0 1 1 1 1 1 1 1 0 0 0 1 1 x
0.128525134906248 0 0 1 0 1 0 0 0 1 0 0 1 0 1 1 0 0 1 0 0 1 x
0.056359700402337 1 0 0 0 0 0 0 0 1 1 1 0 1 0 0 0 1 1 1 0 0 x
0.052510231737271 0 1 0 1 0 0 0 0 0 1 1 1 1 1 1 0 0 0 0 1 1 x
0.059353468175263 0 1 0 1 0 0 0 0 0 1 1 1 1 1 0 1 0 0 1 1 0 x
0.059147181428655 1 0 0 0 0 1 0 1 0 1 1 1 1 1 1 1 1 0 1 0 1 x
0.050340949496844 1 0 1 0 0 0 0 0 0 1 1 1 1 1 0 0 0 1 0 1 1 x
0.051164741904755 1 0 0 0 0 1 0 0 1 1 0 1 1 1 1 0 1 0 1 0 1 x
0.053299616837365 1 0 0 0 1 0 0 0 0 1 1 1 0 1 1 0 1 0 0 1 1 x
0.088044978875015 0 1 0 0 0 0 1 0 0 1 1 0 1 0 0 1 0 1 1 0 0 x
0.077719448179758 0 1 0 0 0 1 0 1 0 0 1 1 1 1 1 1 1 0 0 1 1 x
0.024965711570822 1 0 0 0 0 0 0 0 0 1 1 1 1 1 0 0 1 1 0 1 1 x
0.076810605181919 0 0 1 0 0 0 0 0 0 0 1 0 1 0 0 1 1 1 0 1 0 x
0.101118617071738 0 1 0 0 1 0 0 1 0 1 0 1 1 1 0 1 0 1 0 1 0 x
0.058489438176807 1 0 0 0 1 0 0 0 1 1 1 1 0 1 1 1 0 0 1 1 0 x
0.071882472470358 0 0 0 0 1 0 0 0 0 1 0 1 0 0 0 1 1 1 0 0 1 x
0.055881507786788 1 0 0 0 0 0 1 0 0 1 1 1 0 1 1 0 0 1 1 1 0 x
0.052825078398553 0 0 1 0 0 0 0 0 1 0 1 0 0 1 1 1 0 0 1 0 1 x
0.071233397974663 1 0 0 0 0 0 1 0 1 1 1 1 0 1 1 1 1 0 1 1 0 x
0.070905393305411 0 0 1 0 0 0 0 0 1 0 1 0 0 1 1 0 1 0 1 0 0 x
0.067105957346685 1 0 0 0 0 1 1 0 0 1 1 1 1 1 1 0 1 0 0 1 1 x
0.059775461661980 0 0 0 1 0 0 0 0 0 1 0 1 1 1 0 1 0 1 0 1 1 x
0.066910349078562 1 0 0 0 1 0 0 0 0 1 1 1 0 1 1 1 0 1 0 1 1 x
0.074750765448230 1 0 1 0 0 0 0 0 0 1 1 1 0 1 0 0 0 0 1 1 0 x
0.042574968458035 1 0 0 0 0 1 0 0 0 1 1 1 1 1 1 0 1 0 1 1 1 x
0.036126020766341 1 0 0 0 0 0 0 1 0 0 1 1 1 1 0 0 1 1 0 0 1 x
0.027120772248176 0 1 0 0 0 0 0 0 0 0 1 1 1 0 1 1 0 0 1 1 1 x
0.072113774777920 1 1 0 0 0 0 1 1 0 1 1 1 1 1 1 0 0 0 0 1 1 x
0.041156659838189 1 0 0 1 0 0 0 0 0 1 1 1 1 1 1 0 1 0 0 1 1 x
0.046021276772732 0 1 0 0 0 0 0 1 0 1 0 1 1 1 1 1 0 0 1 1 1 x
0.089225289853639 0 0 0 0 1 0 0 1 0 0 0 1 1 0 0 1 1 1 0 0 1 x
0.058163169941870 1 0 1 0 0 0 0 0 1 1 1 1 0 1 1 0 1 0 0 1 1 x
0.067455295425581 1 1 0 0 0 0 0 1 0 1 1 1 0 1 1 0 0 0 0 1 1 x
0.057644502075549 0 1 0 0 0 0 0 0 0 1 1 1 1 1 1 0 0 0 1 1 1 x
0.033475005905298 0 1 0 0 0 0 0 1 0 0 0 1 1 1 1 1 0 0 0 1 1 x
0.088941767458688 0 1 0 1 0 0 1 0 0 1 1 1 1 1 1 0 1 0 0 1 1 x
0.056830143875110 1 1 0 0 0 0 0 1 0 1 1 1 1 1 0 0 1 0 0 1 1 x
0.045097846625234 1 0 0 0 0 0 0 1 0 1 0 1 0 1 1 0 1 0 0 1 1 x
0.030359262710097 1 0 0 0 0 0 0 0 0 1 1 1 1 0 0 1 0 1 1 1 0 x
0.070023827670264 0 0 0 1 0 0 0 0 0 1 0 1 0 1 0 1 0 1 1 0 0 x
0.059615107668985 1 0 0 0 0 1 0 1 0 1 1 1 1 1 1 0 1 0 0 1 1 x
0.189553377690966 0 0 0 0 1 1 1 0 0 0 1 1 1 1 1 1 1 1 0 1 0 x
0.119029591038602 1 0 0 0 1 1 0 1 0 1 1 0 1 1 1 1 0 0 0 0 1 x
0.049686531411932 0 0 1 0 0 0 0 0 0 0 1 1 1 0 1 1 0 0 1 0 1 x
0.079673219314847 0 0 0 0 0 1 0 0 0 0 1 1 1 0 1 1 1 0 1 1 1 x
0.064129393409181 1 0 0 0 0 1 0 0 1 0 1 0 1 1 1 0 1 0 0 1 1 x
0.070969809680849 0 1 1 0 0 0 0 0 0 1 1 1 1 1 0 1 0 0 1 1 0 x
0.107936910089776 0 0 1 0 1 0 0 0 0 0 1 1 0 1 0 1 0 0 1 0 1 x
0.085725931746027 0 1 0 0 0 0 0 1 0 1 0 1 0 0 0 1 1 0 0 1 0 x
0.052557469535948 1 0 0 0 1 0 0 0 0 1 1 1 1 1 0 1 0 1 0 1 0 x
0.098686627825099 0 1 1 0 0 0 0 0 0 1 1 1 1 0 0 0 1 1 1 0 0 x
0.084317848315299 0 0 0 1 0 0 0 0 0 1 1 0 1 0 0 1 0 1 1 0 0 x
0.039152194475400 0 0 0 1 0 0 0 0 0 0 0 1 1 0 1 1 0 0 0 1 1 x
0.056836411991239 0 0 0 1 0 0 0 0 0 1 0 1 0 1 1 0 1 1 0 0 1 x
0.064388239878409 0 0 0 0 1 0 0 0 0 0 0 0 0 1 1 1 0 1 0 0 1 x
0.099350340450506 1 0 0 1 0 0 0 0 1 1 0 1 0 1 1 0 0 0 0 1 1 x
0.053126613140463 0 0 0 0 1 0 0 0 0 0 0 1 1 0 1 1 0 0 1 1 1 x
0.050553518420040 1 0 0 1 0 0 0 0 0 1 1 1 1 1 0 0 0 1 0 1 1 x
0.106987793046206 0 0 0 1 0 0 1 0 0 1 0 0 1 0 1 1 0 1 0 1 0 x
0.055557027230393 0 1 0 0 0 0 0 0 0 1 0 1 1 0 0 1 0 1 1 1 0 x
0.030558012223081 1 0 0 0 0 0 0 0 0 1 1 1 1 0 1 0 1 0 1 1 1 x
0.314959547224972 1 1 1 1 1 1 0 1 1 1 1 0 1 1 1 0 0 0 0 0 0 x
0.061499407397548 0 1 0 0 0 1 0 0 0 0 1 1 1 0 1 1 0 0 1 1 0 x
0.059806667943224 0 1 0 1 0 0 0 0 1 1 1 1 1 1 1 1 1 0 0 1 1 x
0.042038438699195 0 1 0 0 0 0 0 0 1 0 0 1 1 1 1 1 1 0 0 1 1 x
0.082062212717837 0 0 1 0 0 1 0 0 1 0 0 1 1 1 1 0 1 0 0 0 1 x
0.047772786153308 0 0 1 0 0 0 0 0 0 1 0 0 0 1 0 1 0 1 0 0 1 x
0.086974111444708 0 1 1 0 0 0 0 1 0 1 0 1 1 1 1 0 0 0 0 1 1 x
0.099468857557363 0 0 1 0 0 0 1 0 0 0 1 0 1 0 1 0 1 1 1 0 0 x
0.135624384942333 0 0 0 1 1 0 0 0 0 1 0 1 0 1 0 1 0 1 0 0 1 x
0.037767816307691 0 1 0 0 0 0 0 0 0 1 0 1 1 0 0 1 1 0 1 0 1 x
0.120755137035967 0 1 0 0 1 1 0 0 1 1 1 1 1 1 1 0 1 0 1 0 1 x
0.037688868898853 0 1 0 0 0 0 0 1 0 0 1 1 1 1 0 1 1 0 0 1 1 x
0.051888212536612 1 0 0 0 0 0 0 1 0 0 1 1 1 1 1 0 0 0 1 0 1 x
0.091571982561906 0 0 0 0 1 1 0 0 0 0 0 0 1 1 1 1 0 0 1 0 1 x
0.035515576191916 1 0 0 0 0 0 0 0 0 1 1 0 0 1 1 0 0 1 1 0 1 x
0.072434243906281 0 0 0 1 0 1 0 0 0 0 0 1 1 1 1 0 0 1 0 0 1 x
0.068417360774910 0 1 0 0 1 0 0 1 0 0 1 1 1 1 1 1 0 0 0 1 1 x
0.039419259033656 1 0 0 0 0 0 0 0 1 0 1 1 1 0 1 1 0 1 1 1 0 x
0.102827136692655 0 0 0 1 0 1 0 0 0 1 1 1 1 1 1 0 1 1 1 0 1 x
0.070004373706734 0 1 1 0 0 0 0 0 1 1 0 1 1 1 1 0 0 0 1 0 1 x
0.064825917883901 0 0 0 1 0 1 0 0 0 0 0 1 1 1 1 1 0 0 0 1 1 x
0.060624773736548 0 0 1 0 0 0 0 0 0 1 1 0 0 0 1 1 0 0 1 0 1 x
0.023968014854227 1 0 0 0 0 0 0 0 0 1 1 0 1 1 1 0 1 0 0 1 1 x
0.064854657638676 0 1 0 1 0 0 0 0 1 1 1 1 1 1 0 0 1 1 0 0 1 x
0.054321028331711 1 0 0 0 1 0 0 0 1 1 1 1 1 1 0 1 1 0 1 1 0 x
0.087609038684028 0 0 1 1 0 0 0 0 1 1 1 1 1 1 1 0 0 1 1 1 0 x
0.035698202857010 1 0 0 0 0 0 0 0 1 1 0 1 1 1 0 1 0 1 1 1 0 x
0.044689160109796 1 0 0 0 0 0 0 0 1 1 0 1 1 0 0 1 1 1 0 1 0 x
0.071569196962771 1 1 0 0 0 0 0 1 1 0 1 1 1 1 1 0 1 0 0 1 1 x
0.062330365283233 1 0 1 0 0 0 0 0 1 1 1 1 1 1 0 1 0 1 1 1 0 x
0.058062728154198 1 0 0 0 0 0 1 0 1 0 1 1 1 1 0 1 0 1 1 1 0 x
0.049775601999822 0 0 1 0 0 0 0 0 0 1 0 1 0 0 1 0 1 1 0 0 1 x
0.079129637953193 1 1 0 0 0 0 0 1 0 1 1 0 1 1 0 0 0 1 0 0 1 x
0.034956988368267 1 0 0 0 0 0 0 1 0 0 1 1 1 0 1 0 1 0 0 1 1 x
0.051346731645234 1 0 0 1 0 0 0 0 1 0 1 1 1 1 1 1 0 0 0 1 1 x
0.089596221451135 1 0 0 0 1 0 0 0 1 1 1 0 1 1 1 1 0 1 1 0 0 x
0.048223744793550 0 1 0 0 0 0 0 0 1 0 1 1 1 0 0 1 1 0 1 1 0 x
0.038699041899926 1 0 0 0 0 0 0 1 0 1 1 0 1 1 1 0 1 0 0 1 1 x
0.078744700690824 0 1 0 0 1 0 0 0 1 1 0 1 1 1 1 1 0 0 1 1 0 x
0.070648605433472 0 0 1 0 0 0 0 0 1 0 1 1 0 0 1 0 1 1 0 0 1 x
0.036683377271230 1 0 0 0 0 0 0 0 0 1 1 0 1 1 1 0 0 1 1 1 0 x
0.066137816434572 1 1 0 0 0 0 0 1 1 1 1 1 1 1 0 1 1 0 1 1 0 x
0.078424153320163 1 1 0 0 0 0 1 0 0 1 1 1 1 1 0 0 0 1 0 1 0 x
0.039769209321759 1 0 0 0 0 0 1 0 0 0 1 1 1 0 1 0 1 0 0 1 1 x
0.045452645437124 0 0 0 0 1 0 0 0 0 0 0 1 0 0 1 1 0 0 1 0 1 x
0.130859794605678 0 0 1 0 0 1 1 0 0 0 1 1 1 1 1 0 1 0 1 1 0 x
0.105271702142273 0 0 1 0 1 0 0 1 0 0 1 1 1 1 0 1 0 1 0 1 0 x
0.031390133418486 0 1 0 0 0 0 0 0 0 0 0 1 1 0 1 1 0 0 0 1 1 x
0.070313417143336 0 0 0 1 0 1 0 0 0 0 1 1 1 1 1 1 0 1 0 1 1 x
0.087104681833503 0 1 1 0 0 0 0 0 0 1 1 1 0 0 1 0 1 0 0 0 1 x
0.042954966184779 1 0 0 0 0 0 0 0 1 1 1 0 1 1 0 1 0 1 1 1 0 x
0.056497456298086 1 1 0 0 0 0 0 1 1 1 1 1 1 1 0 1 1 0 1 0 1 x
0.034217109276049 1 0 0 0 0 0 0 0 0 1 1 1 0 0 1 0 1 0 0 1 1 x
0.066561952667158 0 1 0 0 0 1 0 0 0 1 0 1 1 1 1 1 0 0 1 1 0 x
0.100236367520951 0 1 0 0 1 0 1 0 0 0 1 1 1 1 1 1 0 0 1 0 1 x
0.074952883604583 0 0 0 0 1 0 0 0 0 1 0 1 0 0 1 1 1 0 1 1 0 x
0.044589160672819 0 0 1 0 0 0 0 0 0 0 1 0 1 0 1 0 1 0 0 0 1 x
0.101757253651378 0 0 1 0 1 0 0 0 0 1 0 1 1 1 1 1 0 1 0 1 0 x
0.053464802141878 0 0 1 0 0 0 0 0 0 0 1 1 0 0 1 0 0 1 1 0 1 x
0.059448344203515 1 0 0 0 0 1 0 0 1 1 1 1 1 0 1 1 1 0 1 0 1 x
0.071857727159553 1 0 1 0 0 0 0 1 0 1 1 1 1 1 0 0 1 0 0 1 0 x
0.031298744271939 0 1 0 0 0 0 0 0 0 1 0 1 1 0 1 0 1 0 0 1 1 x
0.046222773786783 1 0 0 0 0 0 0 1 0 1 0 1 1 1 0 1 0 1 0 1 0 x
0.071393678756524 0 1 0 1 0 0 0 0 0 1 1 1 0 1 1 1 0 0 1 0 1 x
0.067269166610412 1 0 1 0 0 0 0 0 1 1 1 0 1 1 0 0 1 0 0 1 0 x
0.075704870023291 1 0 0 1 0 0 0 1 0 1 1 0 1 1 1 1 0 0 0 0 1 x
0.089589717438964 1 1 0 0 0 0 0 1 0 1 1 1 1 1 1 1 0 0 1 0 1 x
0.051627672547783 0 0 0 0 1 0 0 0 0 0 0 1 0 0 0 1 0 1 1 0 0 x
0.050708643071874 0 0 0 1 0 0 0 0 0 1 0 1 1 0 1 1 1 0 0 1 1 x
0.050507093357967 1 0 0 0 0 1 0 0 0 1 1 1 0 1 1 0 1 0 0 1 1 x
0.039561926018054 0 0 1 0 0 0 0 0 0 0 0 1 1 1 0 1 0 1 0 1 1 x
0.121118007949624 0 0 0 1 0 0 1 0 1 0 0 0 0 1 1 0 1 1 0 0 0 x
0.072312282333298 0 0 0 1 0 0 0 1 0 0 0 1 1 1 0 1 0 1 0 1 0 x
0.065758588458113 1 0 0 1 0 0 0 1 0 1 1 1 1 1 0 1 1 0 1 0 1 x
0.057484232140705 0 1 0 0 0 0 1 0 0 0 0 1 1 0 1 1 0 0 0 1 1 x
0.053485378513559 0 0 1 0 0 0 0 0 0 1 1 0 0 1 1 0 1 0 0 1 1 x
0.035117926544318 0 1 0 0 0 0 0 0 0 1 1 0 1 1 0 1 0 1 0 1 1 x
0.067485315797917 0 0 1 0 0 0 0 0 0 1 1 0 0 0 1 0 1 0 1 0 0 x
0.070555529375310 1 0 0 0 1 0 0 0 1 1 1 1 1 0 1 1 1 0 1 1 0 x
0.062648896971435 0 0 0 0 0 1 0 0 0 0 0 0 1 0 1 1 0 0 1 1 0 x
0.051260374400205 0 0 1 0 0 0 0 0 0 0 1 1 1 1 0 1 0 1 1 1 0 x
0.055059152207547 1 0 0 0 0 1 0 0 1 1 1 1 1 1 0 1 1 0 1 1 0 x
0.071933853365154 0 0 1 0 0 0 0 0 1 0 0 1 0 0 1 1 1 0 1 0 1 x
0.049736351778463 1 0 0 0 0 0 1 0 0 0 1 1 1 0 1 1 0 1 1 0 1 x
0.037616232113547 1 0 0 0 0 0 1 0 0 1 1 1 1 1 1 0 1 0 0 1 1 x
0.062914754162566 1 1 0 0 0 0 0 1 1 1 1 1 1 0 1 1 1 0 0 1 1 x
0.054431838308457 0 0 0 1 0 0 0 0 0 1 0 0 0 0 1 1 0 1 0 0 1 x
0.169007927414657 0 1 1 1 0 0 1 0 1 1 1 1 1 1 1 0 0 0 0 1 0 x
0.041374062502890 1 0 0 0 0 0 1 0 0 0 1 1 1 0 1 1 0 0 1 1 0 x
0.071587526526381 1 0 0 0 0 0 1 1 0 0 1 1 1 0 1 1 0 1 1 0 0 x
0.023197307116350 1 0 0 0 0 0 0 0 0 0 1 1 1 0 1 1 0 0 1 1 1 x
0.038101400481038 1 0 0 0 0 0 0 1 0 0 1 1 0 0 1 1 0 1 0 0 1 x
0.036844548081502 1 0 0 0 0 1 0 0 0 0 1 1 1 1 1 1 0 0 1 1 1 x
0.042731422994282 1 0 0 0 0 0 0 0 1 0 0 1 0 1 1 0 0 1 0 1 1 x
0.060793408598537 0 0 0 0 1 0 0 0 0 0 0 1 0 0 1 1 0 1 0 1 0 x
0.019249021072970 1 0 0 0 0 0 0 0 0 1 1 0 1 1 1 1 0 0 1 1 1 x
0.056871019874382 1 0 1 0 0 0 0 0 0 1 1 1 1 0 1 0 1 0 0 1 1 x
0.075131265503530 1 1 0 0 0 0 1 0 1 1 1 1 1 0 1 0 1 1 0 0 1 x
0.046334993400296 1 0 0 0 1 0 0 0 0 1 1 0 1 1 1 1 0 0 0 1 1 x
0.159098030287355 1 1 1 0 0 0 1 0 1 1 1 1 1 0 1 0 1 0 0 0 1 x
0.040971001134519 1 0 0 0 0 0 0 1 0 1 1 0 1 1 1 1 0 0 1 1 0 x
0.054308759140008 1 0 0 0 0 0 0 1 0 1 1 1 0 1 1 1 0 0 1 1 1 x
0.055474863144672 0 0 0 1 0 0 0 0 0 0 0 1 0 0 1 1 0 0 1 1 0 x
0.026969713111999 1 0 0 0 0 0 0 0 0 1 1 0 1 1 1 1 0 1 0 1 1 x
0.043374109650968 1 0 0 0 0 0 1 0 0 1 1 1 1 0 1 0 1 1 0 0 1 x
0.055919769610801 1 0 0 0 0 1 0 0 0 1 1 0 1 1 1 1 0 0 1 1 0 x
0.101847154262385 0 0 0 0 0 0 0 1 0 0 0 0 0 0 1 1 0 1 1 0 0 x
0.048164321793977 0 1 0 0 0 0 0 0 0 1 1 0 0 0 1 1 0 1 0 1 0 x
0.087688909910682 1 1 0 0 0 0 1 0 0 1 1 1 1 0 1 0 1 0 0 1 1 x
0.051571574446104 0 1 0 0 0 0 0 0 0 1 0 1 0 0 1 1 1 0 0 1 1 x
0.054473901779879 1 0 0 1 0 0 0 0 1 1 1 1 1 0 1 1 1 0 0 1 1 x
0.028554918819328 0 1 0 0 0 0 0 0 1 0 0 1 1 1 1 1 0 0 1 1 1 x
0.174307313775497 0 1 0 1 1 0 1 0 1 1 1 1 1 1 1 1 0 0 0 1 0 x
0.033233090072224 1 0 0 0 0 0 0 0 0 1 1 0 0 0 1 1 0 1 0 0 1 x
0.068234443451946 1 0 1 0 0 0 0 0 1 1 1 1 0 0 1 1 0 1 0 0 1 x
0.016491081703392 1 0 0 0 0 0 0 0 0 0 1 1 1 1 0 1 0 0 1 1 1 x
0.037163595436374 1 0 0 0 0 0 0 0 0 1 0 1 0 0 1 1 0 1 0 0 1 x
0.066859496934408 0 0 1 0 0 0 1 0 0 0 1 0 1 1 1 0 1 0 0 1 1 x
0.050399524872027 0 0 1 0 0 0 0 0 1 0 0 0 1 1 0 1 0 0 1 0 1 x
0.082279418003195 0 0 0 0 1 0 0 0 0 1 0 0 0 0 1 1 0 1 0 0 0 x
0.020100077798204 1 0 0 0 0 0 0 0 0 1 0 1 1 1 0 1 0 0 1 1 1 x
0.050086916351840 0 1 0 0 0 0 0 0 0 1 1 0 1 0 0 0 1 1 0 0 1 x
0.030863900256453 0 0 1 0 0 0 0 0 0 0 0 1 1 1 0 0 1 0 0 1 1 x
0.045167896529226 1 0 0 0 0 0 1 0 0 1 1 0 1 1 1 1 0 0 1 1 0 x
0.038519930281764 0 0 1 0 0 0 0 0 0 0 1 0 1 1 0 0 1 0 0 1 1 x
0.020589367365786 1 0 0 0 0 0 0 0 0 1 1 1 1 1 0 1 1 0 1 1 1 x
0.051686373489867 0 1 0 0 0 0 0 0 1 0 1 0 1 1 1 1 0 0 1 1 0 x
0.045569688529650 1 0 0 0 0 0 0 0 0 1 0 1 0 0 1 1 0 0 1 1 0 x
0.042481459244963 1 0 0 0 1 0 0 0 0 1 0 1 1 1 1 0 0 0 0 1 1 x
0.103535844873064 0 0 0 1 0 0 1 0 0 0 1 0 1 0 1 1 1 0 0 1 1 x
0.035726447619615 1 0 0 0 0 0 0 0 0 1 1 0 1 1 0 1 0 0 1 1 0 x
0.040444813548798 0 1 0 0 0 0 0 0 0 0 0 1 1 1 0 1 0 0 1 1 1 x
0.093240324953799 0 0 1 0 0 0 1 0 0 1 0 0 0 1 1 0 1 0 0 1 0 x
0.024693914704601 1 0 0 0 0 0 1 0 0 0 1 1 1 1 1 1 0 0 1 1 1 x
0.083429132810068 1 0 0 0 0 1 1 0 0 0 1 1 1 0 1 1 0 1 0 0 1 x
0.060482561061939 0 0 1 0 0 0 0 1 0 0 0 1 1 1 0 0 1 1 0 1 0 x
0.134218495759403 1 1 0 0 1 0 1 1 1 1 1 1 1 1 1 1 0 0 0 0 1 x
0.036559386188537 0 0 1 0 0 0 0 0 0 0 0 1 1 1 0 0 0 1 1 0 1 x
0.089537313474952 1 0 0 1 1 0 0 0 1 1 1 1 1 1 1 0 0 0 0 1 1 x
0.044113998081357 1 0 0 0 0 0 1 0 0 1 0 1 0 1 1 1 0 0 0 1 1 x
0.060338902137210 1 0 0 0 1 0 0 0 1 0 1 0 1 1 1 0 0 1 0 0 1 x
0.056141346024146 1 0 0 0 1 0 0 0 1 1 1 1 1 0 1 0 1 1 0 0 1 x
0.047521067099777 0 0 0 1 0 0 0 0 0 0 0 1 0 0 0 1 0 1 0 0 1 x
0.083394065611906 0 1 0 1 0 0 0 0 0 1 1 0 1 1 0 0 1 0 1 0 0 x
0.035834330774906 0 1 0 0 0 0 0 0 0 1 0 0 0 1 1 0 0 1 0 0 1 x
0.045203717824316 1 0 0 0 0 0 0 0 1 1 0 1 0 0 1 0 1 1 0 0 1 x
0.051456591197552 1 0 0 0 0 0 0 0 0 1 1 0 1 0 1 1 0 1 0 1 0 x
0.035516150810951 1 0 0 0 0 0 0 0 0 0 1 1 0 1 1 1 0 0 1 1 1 x
0.035614512930711 1 0 0 0 0 0 1 0 0 0 0 1 1 1 0 1 0 0 0 1 1 x
0.092122545062632 0 1 0 1 0 0 0 0 0 1 0 1 1 1 0 0 1 0 0 1 1 x
0.021858901813871 1 0 0 0 0 0 0 0 0 1 0 1 1 1 0 0 0 1 1 0 1 x
0.041590985107184 1 0 0 0 0 0 1 0 0 1 0 1 1 1 0 1 0 0 1 1 0 x
0.045228509908689 1 0 0 0 0 0 1 0 0 1 0 1 1 1 0 0 1 0 1 0 1 x
0.068249087724746 1 0 0 0 0 0 1 1 0 0 0 1 1 1 0 1 0 0 1 0 1 x
0.099197892447309 0 0 0 1 1 0 0 0 0 1 1 1 1 1 0 1 1 0 1 1 0 x
0.063284639359327 1 1 0 0 0 0 1 0 1 1 1 1 1 1 0 0 1 0 1 0 1 x
0.031525317254823 1 0 0 0 0 0 0 0 0 0 1 1 1 1 0 0 0 1 1 1 0 x
0.061629615246223 0 0 0 1 0 0 0 0 0 0 0 1 1 1 0 1 0 1 0 0 1 x
0.049924351304107 1 0 0 1 0 0 0 0 1 1 1 1 1 0 1 1 0 1 0 0 1 x
0.087790492061498 1 1 0 0 0 0 1 1 0 1 1 1 0 1 1 0 0 1 0 0 1 x
0.032108320510005 0 1 0 0 0 0 0 0 0 1 1 0 0 1 1 1 0 0 0 1 1 x
0.036380982234600 1 0 0 0 0 0 1 0 0 1 0 1 1 1 1 0 0 1 1 0 1 x
0.068000217769389 0 0 0 0 1 0 0 0 0 0 1 1 0 0 1 1 0 0 1 1 0 x
0.079866941104568 1 0 0 0 0 1 1 0 0 1 0 1 1 1 1 1 0 0 1 0 1 x
0.022582062296826 1 0 0 0 0 0 0 0 0 1 1 0 0 1 1 1 0 0 0 1 1 x
0.041887208026275 1 0 0 0 0 0 0 1 0 1 1 0 0 1 1 1 0 1 0 0 1 x
0.039851279897489 0 0 1 0 0 0 0 0 0 0 0 1 0 1 0 0 0 1 0 0 1 x
0.066613752790091 0 0 0 1 0 0 0 0 1 0 0 1 0 1 1 1 0 1 1 0 1 x
0.052230003420647 1 0 0 0 1 0 0 0 1 1 1 1 1 1 0 0 1 1 0 1 0 x
0.061358934171189 1 0 0 0 1 0 0 0 0 1 0 1 1 0 1 0 0 1 0 0 1 x
0.067460220143068 0 0 1 0 0 1 0 0 0 0 0 1 1 1 1 1 0 0 1 0 1 x
0.200803278796161 1 0 0 1 1 1 0 1 1 0 1 1 1 1 1 1 0 0 0 0 1 x
0.121396445357805 0 1 0 1 0 0 0 0 0 1 1 0 0 0 1 1 0 0 0 0 1 x
0.070333476471104 0 1 1 0 0 0 0 0 0 1 1 1 1 0 1 0 1 0 0 1 1 x
0.020754807685982 1 0 0 0 0 0 0 0 0 1 0 1 1 1 0 0 1 0 0 1 1 x
0.079064599008902 1 0 0 0 1 0 0 1 0 1 0 1 1 1 0 0 1 0 0 1 0 x
0.037059500288672 1 0 0 0 0 0 1 0 0 0 1 1 1 1 0 0 1 0 1 1 0 x
0.091537819766306 1 0 0 0 0 0 1 0 0 1 0 1 0 0 1 0 0 1 0 0 1 x
0.090973528477454 0 1 0 0 0 1 1 0 0 1 1 1 1 1 1 0 1 1 0 0 1 x
0.046645846007713 1 0 0 0 0 0 1 0 0 0 0 1 1 1 1 0 0 0 1 1 1 x
0.070400095747132 1 0 1 0 0 0 0 0 0 1 1 1 0 0 1 0 1 0 0 0 1 x
0.049740913483774 1 0 0 0 0 0 1 0 0 1 1 1 1 1 0 0 1 1 1 0 1 x
0.063342660952032 1 0 0 0 0 1 0 0 0 1 1 1 1 0 1 1 0 1 1 1 0 x
0.047591283035628 1 0 0 0 0 0 1 1 0 0 1 1 1 1 1 0 1 0 1 0 1 x
0.048256203599119 0 0 0 1 0 0 0 0 0 1 0 0 0 1 1 1 0 0 1 0 1 x
0.048286041783134 0 0 0 1 0 0 0 0 0 1 0 0 0 1 1 1 0 0 0 1 1 x
0.106178674801348 0 1 1 0 0 0 0 0 1 1 1 0 0 1 1 0 0 1 0 1 0 x
0.063786539343760 0 0 0 0 0 1 0 0 0 0 0 0 1 1 1 1 0 0 0 1 1 x
0.111096115283923 0 0 0 1 0 1 0 0 0 0 1 0 1 0 1 1 0 0 1 1 0 x
0.064838855153191 0 0 0 1 0 0 0 0 0 1 0 0 1 1 1 1 0 0 1 1 0 x
0.045954880926585 1 0 0 0 1 0 0 0 0 1 1 1 1 1 1 0 0 0 1 1 0 x
0.070327459556048 1 1 0 0 0 0 1 0 0 1 1 1 1 1 0 1 0 0 0 1 1 x
0.045533742793393 1 0 0 0 0 0 0 0 1 0 1 1 0 0 1 1 0 1 1 0 1 x
0.092108409359867 0 0 1 0 1 0 0 0 0 0 1 0 1 1 0 1 0 1 0 0 1 x
0.054535374956129 1 0 0 0 1 0 0 0 1 1 0 1 1 1 1 0 0 0 1 0 1 x
0.054101332029431 0 0 0 1 0 0 0 0 0 1 1 0 1 1 1 1 1 0 0 1 1 x
0.068540735765322 0 0 1 0 0 0 1 0 0 0 1 0 1 1 1 1 0 0 1 1 0 x
0.058371425551820 0 0 1 0 0 0 0 0 0 0 0 1 0 0 0 1 0 1 1 0 0 x
0.036285925519891 0 0 1 0 0 0 0 0 0 0 1 0 0 1 1 1 0 0 0 1 1 x
0.038686829152491 1 0 0 0 0 0 0 0 1 0 1 1 1 1 0 0 1 0 1 0 1 x
0.096838338934853 0 0 0 1 0 1 0 0 0 1 0 1 0 1 1 1 0 1 0 0 1 x
0.044602453787276 0 0 1 0 0 0 0 0 0 1 0 1 1 0 1 0 1 0 1 0 1 x
0.072449662107741 0 0 0 1 0 0 0 1 0 0 1 0 0 1 1 1 0 1 0 0 1 x
0.045117831483120 0 1 0 0 0 0 0 0 1 0 1 0 0 1 1 1 0 1 0 0 1 x
0.065931328210375 0 0 0 0 0 1 0 0 0 0 0 1 1 0 1 1 0 1 1 0 1 x
0.102084606468904 1 0 0 0 0 1 1 0 0 1 1 1 1 0 1 0 1 1 1 0 0 x
0.059899867086610 0 0 0 1 0 0 0 0 0 0 1 1 1 0 0 1 0 1 1 1 0 x
0.046727341088897 0 1 0 0 0 0 0 1 0 0 1 0 1 1 1 1 0 1 0 1 1 x
0.123544819213407 0 1 0 1 0 0 1 0 0 1 1 0 1 1 0 0 1 1 0 0 0 x
0.051993608743829 0 0 0 0 1 0 0 0 0 0 0 1 1 0 0 1 1 0 1 0 1 x
0.065125659200857 1 0 0 0 1 0 1 0 0 1 1 1 1 1 1 0 0 0 1 0 1 x
0.091640207454734 0 0 0 1 1 0 0 0 0 1 1 0 1 1 1 1 0 0 1 0 1 x
0.037992513398447 1 0 0 0 0 0 1 0 0 0 1 1 1 1 0 0 1 0 0 1 1 x
0.068822709482507 0 1 0 0 1 0 0 0 1 0 1 1 1 1 1 1 0 1 0 1 1 x
0.044329143682413 0 1 0 0 1 0 0 0 0 1 1 1 1 1 1 0 1 0 0 1 1 x
0.085701212622995 0 1 0 0 1 0 0 0 0 1 1 1 0 1 1 0 1 1 0 1 0 x
0.061256595203348 0 1 0 0 1 0 0 0 0 1 1 1 0 1 1 1 0 0 0 1 1 x
0.096060325835772 0 1 0 0 1 0 1 0 0 1 1 1 1 1 1 0 1 1 0 0 1 x
0.035890728699682 0 0 1 0 0 0 0 0 0 0 0 1 1 1 0 0 1 0 1 0 1 x
0.048411774237616 1 0 0 0 1 0 0 0 0 1 1 0 1 1 1 0 0 0 1 0 1 x
0.050423003632342 1 0 0 1 0 0 0 0 0 1 1 1 1 1 0 0 1 0 1 1 0 x
0.039423425172516 0 0 1 0 0 0 0 0 0 0 0 1 1 0 0 0 1 1 0 0 1 x
0.049780952769598 1 0 0 0 0 0 1 1 0 0 0 1 1 1 1 1 0 0 0 1 1 x
0.087928748110042 0 1 0 0 0 1 0 0 0 1 1 0 1 0 1 1 0 1 1 0 0 x
0.027070389872700 1 0 0 0 0 0 0 0 0 1 0 1 1 0 0 0 1 1 0 0 1 x
0.050592190754180 0 1 0 0 0 0 0 0 0 1 1 0 1 0 0 1 1 0 0 1 0 x
0.068266522296422 1 0 1 0 0 0 1 0 0 1 1 1 1 1 1 0 0 0 1 0 1 x
0.078231287596959 1 1 0 0 0 0 0 1 0 1 1 1 1 0 1 0 1 1 0 0 1 x
0.067974576514364 1 0 0 0 0 1 0 0 0 1 0 1 1 0 1 0 1 0 0 1 1 x
0.035184336962977 1 0 0 0 0 0 0 0 1 1 1 0 0 1 1 1 1 0 0 1 1 x
0.176435632040427 1 1 1 0 0 1 1 1 1 1 1 1 1 1 1 0 0 0 0 0 1 x
0.101838935200139 0 0 1 0 1 0 0 0 0 1 0 1 1 0 0 1 1 0 1 0 0 x
0.057371108447645 0 0 1 0 0 0 0 1 0 0 0 0 1 1 0 1 0 1 0 0 1 x
0.039524407619247 1 0 0 0 0 0 0 0 1 0 1 1 1 1 0 1 1 0 1 1 0 x
0.025400602457072 1 0 0 0 0 0 0 0 1 0 1 1 0 1 1 1 0 1 0 1 1 x
0.073744632288976 0 0 0 1 0 0 1 0 0 0 0 1 0 1 1 1 0 1 0 0 1 x
0.059468607204896 0 0 1 0 0 0 0 1 0 0 0 1 0 1 1 0 1 0 0 0 1 x
0.032152390566616 0 0 1 0 0 0 0 0 0 0 0 1 0 1 1 0 0 0 1 0 1 x
0.044784900827993 1 0 0 0 0 1 0 0 0 1 1 1 1 1 0 0 1 0 1 0 1 x
0.065704085409031 0 1 0 0 1 0 0 0 1 1 1 1 1 1 1 1 1 0 1 0 1 x
0.085471486127897 0 0 1 0 0 0 1 0 0 0 0 1 0 1 1 0 0 0 1 0 1 x
0.042336431614814 0 1 0 0 0 0 0 0 0 1 0 1 0 1 1 1 0 1 0 1 1 x
0.041801972042309 1 0 0 1 0 0 0 0 1 1 1 1 1 1 1 0 1 0 1 0 1 x
0.083946009068084 1 0 0 0 0 1 0 1 0 1 0 1 1 1 0 0 1 1 0 0 0 x
0.029772307495996 1 0 0 0 0 0 0 0 0 1 1 1 0 1 1 0 1 0 1 0 1 x
0.111199050063750 0 0 0 1 0 0 0 1 0 1 1 1 0 1 1 1 1 1 1 0 0 x
0.040477995009952 1 0 0 0 1 0 0 0 0 1 1 1 1 1 0 0 1 0 1 0 1 x
0.058883374905796 0 1 0 1 0 0 0 0 0 1 1 1 1 1 1 0 1 0 1 0 1 x
0.037398262757779 0 0 0 1 0 0 0 0 0 0 0 0 1 1 0 1 0 0 0 1 1 x
0.076101926917460 0 0 1 1 0 0 0 0 0 1 0 1 1 1 1 0 0 0 1 0 1 x
0.072874774436994 1 0 0 1 0 0 0 0 1 1 1 1 0 1 0 1 1 0 1 0 0 x
0.042448273001397 1 0 0 0 0 0 0 1 0 1 0 1 1 1 0 0 1 0 1 0 1 x
0.032027816988190 1 0 0 0 1 0 0 0 0 1 1 1 1 1 1 0 1 0 0 1 1 x
0.046615087740151 1 0 1 0 0 0 0 0 0 1 1 1 1 1 1 0 0 0 1 1 1 x
0.085227126346151 0 0 0 0 0 0 1 0 0 0 0 0 0 0 1 1 0 1 1 0 0 x
0.038740294727021 0 1 0 0 0 0 0 0 0 1 0 1 0 1 1 1 0 0 1 0 1 x
0.078751634725200 0 0 0 1 1 0 0 0 0 1 0 1 1 1 1 1 0 0 0 1 1 x
0.057311484283262 0 0 0 1 0 0 0 1 0 0 0 0 1 1 1 1 0 0 0 1 1 x
0.045927293925076 0 1 0 0 0 0 0 0 0 1 0 1 0 0 1 1 0 0 1 1 0 x
0.043818866131835 0 0 1 0 0 0 0 0 0 1 0 1 0 1 1 1 0 0 1 0 1 x
0.032408977961438 0 0 1 0 0 0 0 0 0 0 0 0 1 1 0 0 0 1 0 0 1 x
0.094773015606347 1 0 1 0 0 0 1 0 0 0 1 1 1 1 0 0 0 0 1 1 0 x
0.026772207301064 1 0 0 0 0 0 0 0 1 0 0 1 1 1 0 1 0 1 0 1 1 x
0.039117392654353 0 0 0 1 0 0 0 0 0 0 0 1 0 1 1 1 0 0 0 1 1 x
0.058968347284787 0 0 0 0 0 1 0 0 0 0 0 1 0 1 1 1 0 1 0 1 1 x
0.028441283053676 0 1 0 0 0 0 0 0 0 0 0 1 0 1 1 0 0 0 0 1 1 x
0.045272195106158 0 1 0 0 0 0 0 0 1 1 0 1 1 1 1 0 1 0 1 0 1 x
0.070728888614852 0 0 1 0 1 0 0 0 0 1 1 1 1 1 1 0 1 0 1 1 0 x
0.051967667477355 1 0 0 1 0 0 0 0 1 1 1 1 1 0 1 0 1 1 0 0 1 x
0.044051694345563 0 1 0 0 0 0 0 1 0 0 0 1 0 1 1 1 0 0 0 1 1 x
0.056570996648895 1 0 0 0 1 0 0 0 0 1 0 1 1 1 0 0 0 1 0 0 1 x
0.051464564438984 0 0 1 0 0 0 0 1 0 0 1 0 1 1 1 1 1 0 0 1 1 x
0.057640747956694 0 1 0 0 0 0 1 0 1 0 1 1 1 1 1 1 0 1 0 1 1 x
0.055744018362398 0 0 0 0 1 0 0 0 0 0 0 1 1 0 0 1 0 1 1 0 1 x
0.063662053186438 1 0 0 1 0 0 1 0 0 1 1 1 1 1 1 0 0 0 1 0 1 x
0.068980240026491 1 0 0 0 1 0 0 0 1 1 1 1 0 1 1 0 1 0 1 0 0 x
0.065064302963798 1 0 0 1 0 0 0 0 0 1 0 1 1 1 0 1 0 0 1 0 1 x
0.081501045504145 0 0 1 0 1 0 0 0 0 0 0 1 1 1 0 0 1 0 0 0 1 x
0.059756012603271 0 0 1 0 0 0 0 0 0 1 0 0 1 1 0 0 1 0 0 0 1 x
0.032805357887548 1 0 0 0 0 0 0 0 0 1 0 1 1 0 0 0 1 0 1 1 0 x
0.055972877925554 1 0 0 0 0 0 1 0 0 1 1 0 0 1 1 0 1 0 0 1 0 x
0.047197650129758 0 1 0 0 0 0 1 0 0 0 1 1 0 1 1 1 0 0 0 1 1 x
0.044113133670973 1 0 0 0 0 1 0 0 0 0 1 1 1 1 1 1 0 1 0 1 1 x
0.026809835829855 1 0 0 0 0 0 0 1 0 0 1 0 1 1 1 1 0 0 0 1 1 x
0.044207207834251 0 0 0 1 0 0 0 0 0 0 0 1 0 0 1 1 0 0 1 0 1 x
0.122981353409403 0 0 0 0 1 1 0 0 0 0 0 1 0 0 1 1 0 1 1 0 0 x
0.188671820849512 0 0 1 1 1 0 1 0 0 1 1 1 1 1 1 0 0 0 1 0 0 x
0.048055140054925 1 0 0 0 0 0 0 0 0 0 0 1 1 0 0 1 0 0 1 1 0 x
0.029606538402671 0 1 0 0 0 0 0 0 0 0 1 1 0 0 1 1 0 0 0 1 1 x
0.063127001676833 0 0 0 1 0 0 0 0 0 0 1 1 0 0 1 1 1 1 0 0 1 x
0.043317502970306 0 0 1 0 0 0 0 0 0 0 0 1 0 1 1 0 1 0 0 1 1 x
0.078078095291565 1 0 0 0 1 0 0 0 0 1 1 1 0 0 0 1 1 1 0 0 0 x
0.059938453567958 1 0 0 0 0 0 1 0 0 0 1 0 0 1 1 1 0 0 0 1 1 x
0.032123228175337 1 0 0 0 0 0 0 0 0 1 0 1 1 0 1 1 0 0 1 0 1 x
0.237574008104660 1 1 0 1 1 1 1 0 1 1 1 1 1 1 1 0 0 0 0 0 1 x
0.027077145923530 1 0 0 0 0 0 0 0 0 1 1 1 1 0 0 1 0 1 1 0 1 x
0.051958322241113 0 1 0 0 0 1 0 0 0 1 1 1 1 1 0 1 1 0 1 0 1 x
0.028449482119661 1 0 0 0 0 0 0 0 0 1 1 0 1 1 0 1 0 1 1 0 1 x
0.041390701214881 0 0 1 0 0 0 0 0 0 0 1 1 0 1 1 0 1 0 1 0 1 x
0.087345269214054 1 0 0 1 0 1 0 0 1 1 1 1 1 1 1 1 0 0 1 0 1 x
0.082905521324948 0 0 0 1 1 0 0 0 0 0 1 1 1 1 1 0 0 1 0 1 1 x
0.059238750874251 0 0 0 0 1 0 0 0 0 0 0 1 1 0 1 0 1 1 0 0 1 x
0.062349404921947 0 1 0 0 1 0 0 0 0 0 1 1 1 1 0 0 1 1 0 0 1 x
0.029627665827581 1 0 0 0 0 0 0 0 1 1 0 1 1 1 0 1 0 1 1 0 1 x
0.055963337174833 0 0 1 0 0 0 0 1 0 0 0 1 1 1 0 1 0 0 1 0 1 x
0.123070603925610 0 0 0 1 1 0 0 1 0 0 1 1 1 1 1 1 1 0 0 1 1 x
0.039569745811469 1 0 0 0 0 0 1 0 0 1 1 1 0 1 1 1 0 0 1 0 1 x
0.038877060249183 1 0 0 0 0 0 1 0 0 1 1 0 1 1 1 0 1 0 1 0 1 x
0.057400600085186 1 0 0 0 0 0 1 0 0 1 1 1 1 1 1 0 0 0 1 1 1 x
0.057603573030599 1 1 0 0 0 0 0 0 1 1 1 1 1 1 0 0 1 1 0 1 1 x
0.112426585724182 1 0 0 1 0 0 1 1 0 0 1 1 0 1 1 1 0 0 0 0 1 x
0.026146682016498 1 0 0 0 0 0 0 0 0 1 1 1 0 1 0 1 0 1 1 0 1 x
0.040223683046907 1 0 0 0 1 0 0 0 1 0 1 1 1 1 1 1 0 0 0 1 1 x
0.040960406880767 1 0 0 0 0 0 0 0 0 1 1 1 0 0 0 1 0 1 1 0 0 x
0.129479062278857 1 0 0 0 1 1 0 0 1 1 0 1 1 0 0 1 1 0 0 0 0 x
0.043995948689250 1 0 0 0 0 1 0 0 0 1 1 1 1 1 0 0 1 1 0 1 0 x
0.047946189706847 1 0 0 0 0 0 1 0 0 1 0 0 1 1 1 1 0 0 1 0 1 x
0.122612818330223 0 0 0 1 1 0 0 0 1 0 1 0 1 1 1 1 0 0 1 1 0 x
0.074357815879055 0 0 0 1 0 0 0 0 1 0 1 1 1 1 1 0 1 1 0 1 1 x
0.057332878848864 1 0 0 0 0 0 1 0 0 1 1 0 1 1 1 0 0 1 1 0 0 x
0.054844804235575 0 0 1 0 0 0 0 1 0 0 1 0 1 1 1 0 1 0 1 0 1 x
0.038741992185766 0 1 0 0 0 0 0 0 0 0 1 1 0 0 1 0 1 0 0 1 1 x
0.024322518788524 1 0 0 0 0 0 0 0 1 0 0 1 1 1 1 1 0 0 1 1 1 x
0.079480481304341 1 0 0 1 0 0 1 0 1 1 1 1 1 0 1 1 1 0 0 0 1 x
0.082171656911142 0 0 0 1 1 0 0 0 0 0 0 1 1 1 1 0 0 0 1 0 1 x
0.022766431346641 1 0 0 0 0 0 0 0 0 1 0 1 1 1 1 1 0 0 1 1 1 x
0.059120484512396 1 1 0 0 0 0 0 1 1 1 1 1 1 1 1 1 0 1 0 1 1 x
0.085963732743179 1 1 0 0 0 0 1 0 1 1 1 1 0 1 0 1 1 0 0 1 0 x
0.051704962978791 1 0 0 0 1 0 0 0 1 0 1 1 1 1 0 0 1 1 0 0 1 x
0.044664078170192 0 1 0 0 0 0 0 1 0 0 0 1 1 1 0 0 1 0 1 0 1 x
0.039804004439444 0 0 0 1 0 0 0 0 0 0 0 0 0 1 1 1 0 0 0 0 1 x
0.050787845597029 0 1 0 0 0 0 1 0 0 0 0 1 1 1 1 0 0 1 0 1 1 x
0.084108287608221 1 1 0 0 0 0 0 1 1 1 1 0 1 1 0 0 1 1 0 0 0 x
0.056018225375668 0 0 0 1 0 0 0 0 0 0 0 0 0 0 0 1 1 0 0 0 1 x
0.044519878712604 0 1 0 0 0 0 0 0 1 1 0 0 1 1 1 1 0 1 0 1 1 x
0.048677268706259 0 0 0 1 0 0 0 0 0 0 1 0 0 1 0 1 0 0 1 0 1 x
0.047215235793987 1 0 0 0 0 0 1 0 0 1 0 1 1 1 0 0 1 1 0 1 0 x
0.079633705831157 0 0 0 1 0 1 0 0 0 0 1 1 1 1 0 1 1 0 1 0 1 x
0.051572531036937 0 0 0 1 0 0 0 0 0 0 1 0 1 1 0 1 1 0 1 0 1 x
0.036333722083973 1 0 0 0 0 0 0 0 0 1 0 1 0 1 0 0 1 0 0 1 0 x
0.040010621137658 1 0 0 0 0 0 0 0 0 1 1 1 1 0 0 0 1 1 0 1 0 x
0.039680005722056 0 0 0 1 0 0 0 0 0 0 0 1 0 1 1 0 0 0 1 0 1 x
0.060033512414084 0 0 0 1 0 0 0 0 0 0 0 1 0 1 0 1 1 0 1 0 1 x
0.026387024276181 1 0 0 0 0 0 0 1 0 0 1 1 1 1 0 1 0 1 0 1 1 x
0.082013967023221 0 1 0 0 0 0 1 0 0 0 1 0 0 0 1 1 0 0 0 1 0 x
0.087045445878840 0 1 0 0 0 1 0 0 1 0 1 1 1 1 1 1 1 0 1 1 1 x
0.093626363699934 0 0 0 0 0 1 0 1 0 0 0 1 1 1 1 0 1 1 0 0 1 x
0.066391553528101 0 1 0 0 0 1 0 0 0 1 1 0 1 1 1 0 0 0 1 1 0 x
0.048485624430332 1 0 0 0 0 1 0 0 0 1 0 1 1 1 0 1 0 0 1 1 0 x
0.020573906706662 1 0 0 0 0 0 0 0 0 0 1 1 1 1 0 0 1 0 1 1 1 x
0.070470069479556 0 0 1 0 0 0 0 0 1 1 0 0 0 1 1 1 1 0 0 1 0 x
0.040857557759299 0 1 0 0 0 0 0 1 0 0 0 1 1 1 1 0 0 1 1 0 1 x
0.064326757751791 0 0 0 1 0 0 0 1 0 0 0 1 0 1 1 1 0 0 1 0 1 x
0.062441382613655 0 1 0 0 0 1 0 0 0 1 0 1 1 1 1 0 0 1 1 0 1 x
0.096231752621265 1 0 0 1 0 1 0 0 1 1 1 1 1 0 1 1 0 1 0 0 1 x
0.037251969008437 0 0 1 0 0 0 0 0 0 0 0 0 0 1 0 1 0 0 0 0 1 x
0.036844041571870 1 0 0 0 0 0 0 0 0 1 1 0 0 1 0 1 0 1 0 1 0 x
0.064052400435114 0 0 0 0 1 0 0 0 0 0 0 0 1 0 1 1 1 0 0 0 1 x
0.068433251121021 0 1 0 0 0 0 0 0 0 0 0 1 0 1 1 0 0 1 1 0 1 x
0.084520981457791 0 1 1 0 0 0 0 1 0 0 1 1 1 1 0 0 1 0 0 0 1 x
0.042276417562588 1 0 0 0 0 0 1 0 1 0 0 1 1 1 1 1 0 0 1 0 1 x
0.078128615956352 1 0 0 1 0 0 0 0 0 1 1 0 1 1 0 0 0 0 1 0 1 x
0.053912977301965 0 1 0 0 0 0 0 0 0 1 0 0 0 1 0 0 0 1 0 1 0 x
0.057342752113601 1 0 0 0 0 0 0 1 0 1 1 0 0 1 1 1 1 0 0 1 0 x
0.071803932698649 0 1 0 0 1 0 0 0 0 1 1 1 1 1 0 0 1 1 1 0 0 x
0.042245037893609 0 1 0 0 0 0 0 0 0 0 1 0 1 0 0 1 0 1 0 1 0 x
0.073249435066592 0 0 1 0 0 1 0 0 0 0 1 1 1 0 1 1 0 0 1 1 0 x
0.097685590570931 0 0 1 0 0 1 0 1 0 0 1 1 1 1 1 0 1 0 1 0 1 x
0.051836239092415 0 0 1 0 0 0 0 0 1 0 0 1 0 1 1 1 0 1 0 0 1 x
0.109732740616239 0 1 0 1 0 0 0 0 1 1 1 0 0 1 0 1 1 0 0 0 0 x
0.059290821741412 0 0 0 1 0 0 0 0 0 0 0 1 0 0 1 0 1 0 0 1 1 x
0.045372126597226 1 0 0 0 0 1 0 1 0 0 1 1 1 1 1 1 0 0 0 1 1 x
0.081770244777334 0 0 0 0 0 1 0 0 0 0 0 1 0 0 1 1 1 0 0 1 0 x
0.162248328778344 0 1 1 0 1 0 0 1 0 1 1 1 1 1 0 0 1 0 0 0 0 x
0.042842230281315 1 0 0 0 0 1 0 0 0 1 1 1 1 0 1 0 1 1 0 0 1 x
0.207395403145670 0 0 0 0 0 0 0 0 0 0 0 0 0 0 1 1 1 0 0 1 1 x
0.086692903515380 0 0 1 0 0 1 0 0 0 1 0 1 0 1 1 0 1 0 0 1 0 x
0.039486834172341 0 0 0 1 0 0 0 0 0 0 0 1 1 1 1 0 0 1 0 1 1 x
0.212033697536236 0 0 1 1 0 0 0 0 0 0 0 1 0 0 1 0 0 0 0 0 1 x
0.110629953774654 0 0 0 0 1 0 1 0 0 0 1 1 0 0 1 1 0 1 1 0 0 x
0.078620593192812 1 0 0 0 0 1 0 0 1 1 0 1 0 1 0 1 1 0 1 0 0 x
0.113041326452426 1 0 1 0 0 0 0 0 0 1 1 0 0 1 1 1 0 0 0 1 1 x
0.074342314084907 0 0 0 0 1 0 0 0 0 1 0 1 1 0 1 1 0 1 1 1 0 x
0.061741399753510 1 0 0 1 0 0 0 0 1 1 1 0 1 1 0 1 1 0 0 0 1 x
0.159026931400140 0 0 0 1 1 0 0 0 0 1 0 0 1 0 0 1 1 0 0 0 1 x
0.120724981865782 0 0 0 0 0 0 1 1 0 0 1 0 1 0 1 1 1 1 1 0 0 x
0.112375699392177 1 0 0 1 1 0 0 0 1 1 1 1 1 1 1 1 0 0 1 0 1 x
0.108000765248430 0 0 1 1 0 0 0 0 1 1 1 0 1 1 1 0 1 0 1 0 1 x
0.075553030349760 1 0 1 0 0 0 0 0 0 1 0 1 1 1 0 0 0 0 0 1 1 x
0.110238872580898 0 0 1 0 0 0 1 0 1 0 1 0 0 1 1 1 0 1 0 1 0 x
0.076764867212410 1 1 0 0 0 0 0 1 1 1 0 1 1 1 0 0 1 0 1 0 1 x
0.150227130168151 0 1 0 1 1 0 0 1 0 1 1 1 1 1 1 0 0 1 0 1 0 x
0.077469710986924 0 1 0 0 1 0 0 0 0 0 1 1 1 0 1 0 1 0 0 1 1 x
0.056492629868601 1 0 0 0 1 0 0 0 0 1 0 1 1 0 1 0 1 0 0 0 1 x
0.096552832525835 1 0 0 1 0 1 0 0 0 1 1 1 1 1 0 1 0 0 1 1 0 x
0.026909677024202 1 0 0 0 0 0 0 0 1 0 1 0 1 1 0 1 1 0 0 1 1 x
0.048701910171604 0 0 0 1 0 0 0 0 0 0 0 0 0 1 0 1 0 1 0 0 1 x
0.126027005646212 1 0 1 0 0 1 0 0 1 1 1 1 1 0 1 1 0 1 1 0 0 x
0.096664847120830 0 0 0 0 0 1 0 0 0 0 0 1 1 1 1 1 0 1 1 1 0 x
0.118348346960599 0 1 1 0 0 0 0 1 0 1 0 1 1 1 0 0 1 0 1 0 1 x
0.065745423286873 1 0 0 0 0 1 0 0 0 1 0 0 1 1 0 0 1 0 0 1 0 x
0.066949370594156 1 0 0 0 1 0 0 0 0 1 1 1 0 1 0 0 0 1 1 0 0 x
0.075190922232422 0 0 0 0 0 1 0 0 0 0 1 0 0 0 1 1 0 1 1 0 0 x
0.070016144345422 0 1 0 1 0 0 0 0 1 1 0 1 1 1 1 0 0 0 1 0 1 x
0.053193688183738 1 0 0 1 0 0 0 0 1 1 1 0 1 1 1 1 0 0 0 1 1 x
0.094353869362420 0 0 0 1 0 0 0 1 0 0 1 0 1 0 0 1 1 1 0 0 1 x
0.084170848001474 0 0 1 0 0 0 0 1 1 0 0 1 1 1 0 1 1 0 0 1 0 x
0.067467078431733 1 0 0 0 1 0 0 0 0 1 1 1 0 0 1 1 0 0 0 0 1 x
0.072535471289433 1 0 0 1 0 0 0 0 0 1 1 1 0 0 1 1 1 0 0 0 1 x
0.086267293367100 0 0 0 1 0 0 0 0 0 1 0 0 0 1 0 1 0 0 0 0 1 x
0.103660534656605 0 0 0 1 0 1 0 0 0 0 0 1 0 0 1 1 1 0 0 0 1 x
0.057383545773044 0 1 0 0 1 0 0 0 0 1 0 1 1 1 1 0 0 0 1 0 1 x
0.039367843080895 0 1 0 0 0 0 0 0 0 1 1 1 1 0 1 0 1 1 0 1 1 x
0.046897578903386 0 1 0 0 0 0 0 0 0 1 1 0 1 1 0 1 0 1 1 1 0 x
0.084840383746887 0 1 0 1 0 0 0 1 1 0 1 1 1 1 1 0 1 0 0 0 1 x
0.039909754531869 1 0 0 0 0 0 0 1 0 1 1 1 1 0 1 1 0 1 1 0 1 x
0.083943716017285 0 0 0 1 0 1 0 0 0 0 1 1 0 1 1 1 0 0 1 0 1 x
0.087212306525995 1 0 0 1 0 0 0 0 0 1 0 1 1 0 1 0 0 0 0 1 1 x
0.065700302071775 0 0 0 1 0 0 0 0 1 0 0 1 1 0 0 1 1 1 0 0 1 x
0.060050781343296 1 0 0 0 0 1 0 0 0 1 1 1 1 0 1 1 1 0 1 1 0 x
