0.539021551609039 1 0 1 0 1 1 1 1 1 1 0 0 0 0 0 1 1 0 0 1 1
0.357725322246552 1 1 1 0 1 0 0 1 1 0 1 1 1 1 1 1 0 1 1 0 1
0.104213140904903 0 1 0 0 0 0 0 1 1 1 0 1 1 1 0 0 1 1 0 0 1
0.292519330978394 0 1 0 0 1 1 1 0 0 0 0 0 1 0 0 1 1 0 0 0 0
0.383643388748169 1 1 1 0 0 0 1 0 1 1 0 1 0 0 1 1 1 1 0 1 0
0.417589008808136 1 1 1 0 1 1 0 1 1 1 0 1 0 1 0 0 1 1 0 1 1
0.278953909873962 1 0 0 1 0 0 1 1 1 1 0 0 0 0 1 1 0 1 0 1 0
0.337481558322906 1 0 1 1 0 1 0 0 1 0 1 0 1 1 1 0 1 1 0 0 1
0.179433554410934 1 0 0 0 0 0 0 0 0 0 1 0 1 0 0 0 1 1 1 1 1
0.281247913837433 0 0 0 0 1 1 1 1 0 1 1 0 1 1 1 1 0 0 1 0 1
0.363365828990936 1 1 0 0 0 0 1 1 1 0 0 1 0 1 1 0 1 1 1 1 1
0.287617802619934 1 1 1 0 0 1 1 0 1 1 1 0 1 1 1 1 0 1 0 0 1
0.382528036832809 1 1 0 1 0 1 1 1 0 0 0 1 1 1 1 1 0 1 0 0 1
0.418547362089157 1 1 0 1 1 0 0 0 1 0 1 1 0 0 1 1 1 1 0 0 1
0.484102368354797 1 1 0 1 0 0 0 1 0 0 0 0 1 1 0 0 1 1 1 1 0
0.193143561482430 1 0 0 0 0 0 0 0 1 0 0 1 1 1 1 1 1 1 0 0 0
0.240987315773964 0 1 0 0 1 0 1 1 1 1 0 0 1 1 1 1 1 1 0 0 0
0.437355339527130 1 1 1 1 0 1 1 0 1 1 0 1 1 0 0 0 1 1 0 1 1
0.237647712230682 1 1 0 0 1 0 0 0 1 0 1 0 1 1 0 1 0 1 1 0 0
0.422710448503494 0 0 0 1 1 1 1 0 1 0 1 0 1 0 1 1 1 1 1 0 0
0.403365880250931 1 1 1 0 1 1 0 1 1 0 1 1 0 1 1 1 1 0 0 1 1
0.097542434930801 0 0 0 0 0 1 0 0 0 0 0 0 0 0 0 0 0 0 1 0 1
0.372532159090042 0 0 0 0 0 0 0 0 0 0 1 1 1 0 0 0 1 0 0 0 0
0.460388630628586 0 1 0 1 1 0 1 1 1 1 0 1 0 0 1 1 0 0 1 1 1
0.390461713075638 1 0 1 0 1 0 1 1 0 0 0 0 0 1 0 1 0 0 0 0 1
0.123041983391056 0 1 1 0 0 0 0 0 0 1 1 1 1 0 1 1 1 1 0 0 1
0.042154243130284 0 1 0 0 0 0 0 0 0 1 1 1 1 1 0 1 0 1 0 1 1 x
0.391777005598984 0 0 0 0 0 1 0 0 1 1 1 0 1 0 0 0 0 0 0 1 1 x
0.096039660406040 0 0 0 0 0 0 0 0 0 0 1 0 0 0 0 1 0 1 0 1 0 x
0.287553847873955 0 1 0 0 0 1 0 0 0 1 0 0 0 0 0 0 0 1 1 0 1 x
0.073886159214313 1 0 0 0 0 1 0 0 1 0 1 0 1 1 0 1 0 0 1 0 0 x
0.153998738042511 0 0 0 0 0 0 1 0 1 1 0 0 1 1 1 1 0 1 0 0 1 x
0.083363126486375 0 1 0 0 0 0 0 0 1 0 0 0 1 1 0 0 0 1 0 0 0 x
0.294694159138400 1 1 0 0 0 1 0 0 0 0 1 0 1 0 0 0 0 0 1 0 1 x
0.123036661418015 0 0 0 0 0 0 0 0 1 0 0 0 0 1 0 1 0 1 1 0 0 x
0.250561359565672 0 1 0 0 0 0 1 0 1 0 1 0 0 0 0 1 0 1 0 1 1 x
0.077713147836844 1 0 1 0 0 0 0 0 1 1 1 1 0 1 0 1 0 0 1 0 0 x
0.152885932771455 0 1 0 0 0 0 0 1 0 1 1 0 1 0 0 1 0 0 0 1 1 x
0.212783505684578 0 0 0 0 0 0 0 0 1 0 1 1 1 1 0 1 0 0 1 1 1 x
0.388940768437807 1 0 0 0 1 1 0 0 1 0 0 0 0 0 0 1 1 0 1 1 0 x
0.085219276419343 1 0 0 0 0 1 0 0 0 0 1 0 1 1 0 1 0 1 1 0 0 x
0.083177849227343 0 0 0 0 0 1 0 0 1 0 0 0 1 1 1 0 0 1 1 1 0 x
0.113546972864818 0 0 0 1 0 1 0 0 0 0 0 0 1 1 1 1 0 1 0 0 0 x
0.087402642258891 0 1 0 0 0 1 0 0 0 0 1 0 1 1 0 1 0 1 1 0 0 x
0.082735615585785 0 0 0 0 0 1 0 0 0 0 1 0 1 1 0 1 0 1 1 1 1 x
0.102529592461657 0 0 0 0 0 0 0 0 0 0 0 0 1 1 0 0 0 1 0 1 1 x
0.361834876602466 0 1 0 1 0 1 1 0 0 0 1 0 1 1 1 1 1 1 0 1 0 x
0.110209655212501 0 0 1 0 0 1 0 0 0 1 0 0 1 1 1 1 0 1 0 0 0 x
0.094511420345286 0 1 1 0 0 0 0 0 1 1 1 1 1 1 1 1 0 1 0 1 0 x
0.127678758848326 0 0 0 0 0 1 0 0 1 0 0 0 1 1 1 0 0 0 0 1 1 x
0.109767909637054 1 0 0 0 0 0 0 0 1 1 1 1 0 1 0 0 0 1 0 1 0 x
0.101773410751588 0 0 1 0 0 0 0 1 0 1 1 1 1 1 1 1 1 0 1 0 0 x
0.188262634347177 0 0 0 0 0 1 0 1 0 0 0 1 1 0 0 1 0 1 0 0 0 x
0.049382850715579 0 0 0 0 0 1 0 0 0 0 0 0 0 1 0 1 0 0 0 1 1 x
0.107886059892946 1 0 1 0 0 0 0 0 0 1 0 1 1 1 0 1 0 0 1 0 0 x
0.148454088255964 0 1 1 0 0 0 0 0 0 1 0 0 0 1 0 1 0 0 1 0 0 x
0.072865099230203 0 0 1 0 0 0 0 0 0 1 1 1 1 1 1 1 1 1 0 0 1 x
0.358060183597998 0 0 1 1 0 1 0 0 0 0 0 1 0 1 0 1 0 1 1 1 0 x
0.120783061750275 1 0 0 1 0 0 0 0 0 1 1 1 1 1 0 1 0 1 0 0 0 x
0.060759970750036 1 0 0 0 0 1 0 0 0 0 0 0 1 1 0 1 0 0 0 0 1 x
0.154852795919811 1 1 0 0 0 0 0 0 0 1 1 0 1 1 1 1 0 1 0 0 1 x
0.161019795757551 0 0 0 1 0 1 0 1 1 1 0 1 1 1 1 1 0 1 0 0 0 x
0.112248046268279 0 0 0 1 0 1 0 0 0 0 0 0 1 0 1 1 0 1 0 0 1 x
0.091753257894242 1 0 0 0 0 0 0 1 1 1 1 1 1 1 1 1 1 1 0 0 0 x
0.148406656199660 0 1 0 0 0 0 0 0 0 1 1 1 0 1 1 1 0 1 0 0 0 x
0.161889658049918 0 0 0 1 0 0 0 1 0 1 1 0 0 1 0 1 1 0 0 1 1 x
0.091770311757929 0 0 0 0 0 0 0 1 0 0 1 0 0 1 1 1 1 0 0 1 1 x
0.095425921013280 0 0 0 0 0 1 0 0 1 0 0 0 1 1 1 1 0 1 1 1 1 x
0.106537167878024 0 0 0 0 0 1 0 0 0 0 1 0 0 1 0 0 1 1 0 0 0 x
0.167030270112317 0 0 0 0 0 1 0 0 0 1 0 1 0 1 1 1 0 0 0 0 1 x
0.101347003969179 0 0 1 1 0 0 0 0 1 1 0 0 1 1 1 1 0 0 0 0 1 x
0.157148815642482 0 0 1 0 0 0 0 0 0 0 0 0 1 1 1 1 0 0 0 0 0 x
0.161365876738676 0 0 1 0 0 1 0 0 1 0 1 0 0 1 0 1 1 1 0 0 1 x
0.182786191576397 0 0 0 0 0 0 1 0 1 0 0 0 0 1 1 0 0 1 0 0 0 x
0.137227153455361 0 0 1 0 0 1 0 0 1 0 0 0 1 1 0 0 0 1 1 0 0 x
0.181825239274757 0 1 1 1 0 0 0 1 1 1 1 1 1 1 1 1 0 1 0 0 1 x
0.103090112034567 1 0 0 0 0 1 0 0 0 0 1 0 0 1 1 0 0 0 0 1 1 x
0.257873792086843 0 1 0 0 1 1 0 0 0 0 0 0 1 1 0 0 0 1 0 0 1 x
0.288681738371867 1 0 0 0 0 1 0 1 0 0 0 0 0 0 0 1 0 0 0 0 1 x
0.126439097401132 0 1 0 0 0 1 0 0 0 1 1 0 1 1 0 1 1 1 1 0 1 x
0.059450587634301 1 0 0 0 0 0 0 0 0 1 0 0 0 1 0 1 0 0 0 1 1 x
0.075095176108737 0 0 0 1 0 0 0 0 0 1 0 0 1 0 1 1 0 1 1 0 0 x
0.103226710378071 0 0 0 0 0 0 0 1 0 1 0 0 1 1 0 1 0 1 1 1 0 x
0.079614823465226 0 0 0 0 0 0 0 0 0 0 0 0 0 0 1 0 0 1 0 0 0 x
0.152804388087042 1 0 0 1 0 1 0 0 0 0 0 0 1 1 0 1 0 0 0 0 0 x
0.137681066852471 0 1 0 0 0 0 0 0 0 0 0 0 0 1 1 0 0 0 1 1 1 x
0.301897903288517 1 0 1 1 0 0 0 0 0 1 0 0 0 1 0 1 0 0 0 0 1 x
0.041949388678256 0 0 1 0 0 0 0 0 0 1 0 0 0 1 1 0 1 0 0 0 1 x
0.049927069141974 0 0 0 1 0 0 0 0 0 0 0 0 0 0 1 0 0 0 1 0 0 x
0.131070218615332 0 1 0 0 0 0 0 1 0 1 1 1 1 1 1 1 0 0 1 0 0 x
0.204285285751321 0 1 0 1 0 0 0 0 0 1 0 0 1 0 1 0 0 1 1 0 1 x
0.092296729678913 0 1 0 0 0 0 0 1 0 0 0 0 1 0 1 1 0 1 1 0 0 x
0.192878080534983 0 0 0 1 0 0 0 0 0 1 1 1 1 1 1 1 0 0 1 0 0 x
0.271049039914449 0 0 1 1 0 0 0 0 0 1 0 0 1 0 0 0 0 1 1 0 1 x
0.055471598208251 1 0 0 0 0 0 0 0 0 1 0 1 0 1 0 1 1 0 0 1 0 x
0.202115502004571 0 0 0 0 0 0 0 1 1 0 0 0 0 0 1 0 0 0 1 0 0 x
0.122036547148946 1 0 1 0 0 0 0 0 1 1 0 0 1 1 1 0 1 0 1 0 0 x
0.133190007750799 1 0 0 0 0 1 0 1 0 1 0 1 1 1 0 0 0 0 1 0 0 x
0.052641340975054 0 1 0 0 0 0 0 0 0 0 1 1 1 0 0 0 0 1 1 0 0 x
0.102550192927376 1 0 0 0 0 1 0 0 0 1 1 0 1 1 0 1 1 0 0 0 0 x
0.107332048858018 0 0 1 0 0 0 0 0 1 1 1 1 0 1 0 1 1 0 1 0 0 x
0.162915978769097 0 1 1 0 0 0 0 0 1 1 1 0 1 1 1 1 1 0 0 0 0 x
0.066860082668227 0 1 0 0 0 0 0 1 0 1 1 1 1 0 1 1 0 1 1 1 0 x
0.090426281704893 0 0 0 1 0 0 0 0 0 1 0 0 0 0 0 1 0 0 1 0 0 x
0.069250266732245 1 0 0 0 0 0 0 0 1 1 1 0 1 1 1 0 0 1 1 0 0 x
0.075424088868437 1 0 1 0 0 0 0 0 0 1 1 1 0 1 0 0 1 0 1 0 0 x
0.095873974874660 0 0 0 1 0 0 0 0 1 1 0 0 1 1 1 0 0 1 1 0 0 x
0.055122432360374 1 0 0 0 0 0 0 0 1 1 1 0 0 1 0 1 1 0 1 0 0 x
0.182407061030710 0 0 0 1 0 1 0 0 0 0 0 0 0 0 1 0 0 1 0 1 0 x
0.088300251857823 0 0 0 1 0 0 0 0 0 1 0 1 1 0 1 0 0 1 1 0 0 x
0.140742512069615 1 0 0 0 0 0 0 0 0 1 0 1 1 1 1 1 0 1 1 0 0 x
0.164171942606732 0 0 0 0 0 0 0 0 0 1 0 0 0 1 0 1 0 0 1 0 0 x
0.276354525681967 0 0 1 0 0 1 0 1 0 0 0 0 0 1 0 0 1 0 1 0 1 x
0.152129221230643 1 0 0 0 0 0 1 1 0 1 1 1 1 1 0 0 1 0 1 1 1 x
0.079759809273543 0 1 0 0 0 0 0 1 0 0 1 0 1 1 1 1 1 1 0 0 1 x
0.113446668686842 0 0 1 0 0 0 0 1 0 1 1 0 1 1 1 1 1 1 0 0 0 x
0.245329745063110 0 0 0 1 0 1 0 0 0 0 0 0 0 0 0 1 0 0 1 0 1 x
0.095504911547917 1 0 0 0 0 0 0 0 0 1 0 0 0 1 0 1 1 1 0 0 1 x
0.271385472206116 0 0 0 0 0 0 0 0 0 0 0 0 0 0 1 1 0 1 1 1 1 x
0.252933687919646 0 0 1 0 0 0 0 0 0 0 1 0 0 0 0 0 0 0 0 0 0 x
0.136643470633177 0 1 0 1 0 0 0 1 0 1 0 0 1 0 1 0 1 0 0 0 0 x
0.075589191093291 0 1 0 0 0 0 0 0 0 1 0 0 0 1 0 1 1 0 0 1 1 x
0.066256258669291 0 0 0 1 0 0 0 0 1 0 0 0 0 0 1 1 1 0 0 1 0 x
0.153272652335954 0 0 0 1 0 0 0 0 0 1 0 1 0 0 1 0 1 0 0 0 0 x
0.071173974304781 1 0 0 0 0 1 0 0 0 0 0 0 0 1 1 0 1 0 0 0 0 x
0.093886051708236 0 0 0 1 0 0 0 0 0 1 0 0 1 0 0 1 0 1 0 0 0 x
0.171339631487508 0 0 1 0 0 0 0 1 0 1 1 0 0 1 0 1 0 0 0 1 1 x
0.105984108121117 0 0 0 1 0 0 0 1 1 0 0 1 1 0 1 1 1 1 0 0 1 x
0.116513752798255 0 0 0 0 0 0 0 0 1 0 0 1 0 1 0 0 1 1 0 0 1 x
0.174945425070090 0 0 0 0 0 0 0 1 1 0 1 1 1 1 0 1 1 1 1 0 0 x
0.200042598862621 0 1 1 0 0 0 0 0 0 1 0 1 1 0 0 1 1 1 1 0 0 x
0.198228577504086 0 0 0 0 0 0 0 1 1 1 1 0 1 1 1 1 1 1 0 1 1 x
0.087949562841395 0 0 1 0 0 0 1 0 0 1 1 0 1 1 1 1 0 1 1 0 0 x
0.096312629466115 0 1 0 1 0 0 0 0 0 0 0 0 1 1 1 0 0 0 0 0 1 x
0.163254595915710 0 1 1 0 0 0 0 0 0 1 0 0 1 1 1 1 0 1 0 0 1 x
0.398138709202787 0 1 1 1 0 0 1 0 1 0 0 0 0 1 0 0 1 0 1 0 0 x
0.042411126359897 0 1 0 0 0 0 0 0 0 0 1 0 0 0 0 1 1 0 0 0 0 x
0.037769105604343 0 1 0 0 0 0 0 0 0 0 0 0 0 1 0 1 0 0 0 1 0 x
0.056108915580815 0 0 1 0 0 0 0 0 0 1 0 1 0 1 1 0 0 1 0 1 0 x
0.090285302852716 1 0 0 1 0 0 0 0 0 1 0 0 1 1 1 1 0 0 0 0 1 x
0.072409783209571 1 0 1 0 0 0 0 0 0 1 1 1 0 1 1 0 1 0 0 0 1 x
0.210123562897541 1 0 1 0 0 0 1 0 0 1 1 1 1 1 1 1 1 1 1 0 0 x
0.090857547855786 0 0 0 1 0 0 0 0 0 0 0 0 0 1 1 1 0 0 0 0 0 x
0.116443492341171 1 0 0 0 0 0 0 0 0 1 1 0 0 1 1 0 1 0 0 0 0 x
0.057330468805324 0 1 0 0 0 0 0 0 0 1 1 0 1 1 0 0 1 1 1 1 0 x
0.037312956324139 0 1 0 0 0 0 0 0 0 0 1 0 1 0 1 0 0 1 0 1 0 x
0.159090001582520 0 1 0 0 0 0 0 0 0 0 0 0 0 0 1 1 1 0 0 1 1 x
0.046027042696125 0 1 0 0 0 0 0 0 1 0 1 1 0 1 0 1 1 0 0 1 1 x
0.050986705277811 0 0 0 0 0 1 0 0 0 0 0 0 0 0 0 0 1 0 0 1 0 x
0.103905483512343 0 0 1 0 1 0 0 0 0 1 1 1 1 1 1 0 1 1 1 1 0 x
0.097275340055006 0 0 0 1 0 0 0 0 0 0 1 0 0 0 0 1 1 1 1 0 0 x
0.078249220088778 0 0 1 0 0 0 0 0 0 1 0 1 1 1 0 1 1 1 1 1 0 x
0.033213689228516 1 0 0 0 0 0 0 0 0 1 1 0 1 1 0 1 1 0 1 0 1 x
0.070646212070626 0 1 0 0 0 0 0 0 1 0 1 0 0 1 0 0 1 0 1 1 0 x
0.103824459204304 0 0 0 1 0 0 0 0 1 1 0 0 1 1 0 0 1 1 0 0 1 x
0.049282735258580 1 0 0 0 0 0 0 0 1 1 1 0 1 1 0 1 0 1 0 1 1 x
0.069444559919814 1 0 1 0 0 0 0 0 0 1 1 1 1 1 0 0 1 0 0 0 1 x
0.085360612185800 0 1 0 0 0 0 0 1 0 0 1 0 1 0 0 1 0 1 0 0 0 x
0.134348561337827 0 0 1 0 0 1 0 0 0 1 1 0 1 1 1 0 1 1 1 1 0 x
0.031164706155342 1 0 0 0 0 0 0 0 0 0 0 0 0 1 0 0 1 0 0 0 0 x
0.088188719600014 0 1 1 0 0 0 0 0 1 1 1 1 0 1 1 1 1 0 0 0 1 x
0.051133589711198 1 0 0 0 0 0 0 1 0 1 1 0 1 1 0 0 1 1 1 0 0 x
0.109012958375179 1 0 0 1 0 0 0 0 0 1 0 0 1 0 1 0 0 0 0 1 0 x
0.026063640704004 1 0 0 0 0 0 0 0 0 0 1 1 0 1 0 0 1 0 1 0 1 x
0.153811677960966 1 0 0 1 0 0 0 0 0 0 1 0 0 1 0 1 1 0 1 0 0 x
0.092439130310622 0 0 1 0 0 0 0 0 0 0 1 0 0 1 1 0 1 1 0 0 0 x
0.124354358531212 0 0 0 0 0 1 1 0 0 0 0 0 1 1 0 1 0 1 1 1 0 x
0.083063531432502 1 0 0 0 1 0 0 0 0 1 1 0 1 1 0 0 0 0 1 0 1 x
0.068487993131981 0 0 0 0 0 1 0 0 0 0 1 0 0 1 0 0 1 0 1 0 1 x
0.099558436279042 0 0 0 1 0 0 0 1 0 0 0 0 1 1 1 0 0 0 0 1 0 x
0.116357274965738 1 0 1 0 0 0 0 0 0 1 0 1 0 1 1 0 1 0 0 0 0 x
0.088382337882537 1 0 1 0 0 0 0 0 0 1 1 1 1 1 1 1 0 0 1 0 1 x
0.140797211413084 1 0 0 1 1 0 0 1 0 1 1 0 1 1 0 1 0 0 0 0 1 x
0.118723449603115 0 1 0 0 0 0 0 0 0 1 0 0 1 0 1 1 1 1 0 1 0 x
0.070595152788551 1 0 0 0 0 0 0 0 1 0 1 0 0 1 0 0 1 0 0 1 1 x
0.100956745805492 0 0 1 0 0 0 1 0 0 1 1 1 0 1 1 0 1 0 0 1 0 x
0.036866814263221 1 0 0 0 0 0 0 0 0 1 0 0 1 1 0 0 1 0 0 1 0 x
0.157599156650903 0 0 1 1 0 0 0 0 0 1 1 0 0 1 1 0 1 0 1 1 0 x
0.120137822653590 0 1 0 0 0 1 0 0 0 0 1 0 1 0 1 0 1 1 1 0 0 x
0.111207513751672 0 0 1 0 0 0 1 0 1 1 0 1 1 1 1 0 1 1 0 0 0 x
0.138611627837381 1 1 0 0 0 0 0 0 0 1 1 1 0 1 0 1 1 0 0 0 0 x
0.103465074048395 1 0 0 0 0 0 0 0 0 0 0 0 0 1 0 0 0 0 1 1 0 x
0.095169040021929 1 0 0 0 0 1 0 0 0 0 1 1 0 1 0 0 0 0 1 0 0 x
0.187960530756165 0 0 0 1 0 0 0 0 0 0 1 0 0 0 1 0 0 0 0 0 0 x
0.093702859488301 0 1 1 0 0 0 0 0 0 1 1 1 0 1 0 0 1 1 0 0 0 x
0.186313035730043 0 0 0 1 0 0 0 1 0 0 0 0 0 0 0 0 0 1 0 1 0 x
0.055874573673097 0 0 0 1 0 0 0 0 0 0 0 0 1 0 1 0 1 0 1 0 0 x
0.160670168134564 0 0 0 1 1 0 0 0 1 1 0 0 1 0 1 1 1 1 0 0 0 x
0.086650528429582 0 1 0 0 0 0 0 0 0 0 1 0 0 1 0 1 0 1 1 0 1 x
0.081739739835456 0 1 1 0 0 0 0 0 1 1 1 1 1 1 0 0 1 1 1 0 1 x
0.142876047005400 0 0 0 0 0 0 0 0 1 0 0 0 0 1 1 0 0 0 0 1 0 x
0.097908238011475 0 1 0 0 0 0 0 1 1 0 1 0 0 1 0 1 1 0 0 0 1 x
0.049840431962489 1 0 0 0 0 0 0 0 0 0 1 1 0 1 0 1 1 0 0 0 1 x
0.055460831035024 1 0 0 0 0 0 0 1 0 0 1 0 0 1 1 0 1 0 1 0 1 x
0.086143177111875 0 0 0 1 0 0 0 0 0 0 0 0 1 0 1 1 0 1 0 0 0 x
0.100482623569138 0 1 0 0 0 0 0 0 0 0 0 0 0 0 0 0 1 0 0 0 0 x
0.113057108761767 0 1 1 0 0 0 0 0 0 0 1 1 0 1 1 0 0 0 1 1 0 x
0.114568153479371 1 0 1 0 0 0 0 0 1 1 1 0 1 1 0 1 0 1 1 1 0 x
0.075093710832933 0 1 0 0 0 0 0 1 0 0 1 1 1 0 1 0 1 1 1 1 0 x
0.069316384584611 0 0 1 0 0 0 0 0 0 1 1 0 0 1 1 0 1 1 1 0 1 x
0.085642664815062 0 1 0 0 0 1 0 0 0 0 0 0 0 1 0 1 1 0 0 0 0 x
0.080519986231232 0 0 0 1 0 0 0 1 0 1 0 0 1 1 1 1 1 0 1 0 1 x
0.083611434503628 0 1 0 0 0 0 0 0 0 0 0 0 1 1 0 1 1 0 0 1 1 x
0.175817000399501 0 0 0 1 0 0 0 1 1 1 0 0 1 0 1 1 0 0 1 0 0 x
0.094902464422780 1 0 0 0 0 0 0 1 0 1 0 0 1 1 0 1 1 0 0 0 0 x
0.099577626513232 0 0 0 1 0 0 0 0 0 0 0 0 1 1 1 1 1 0 1 1 1 x
0.122232259489183 0 0 0 1 0 0 1 1 0 0 0 0 1 1 1 1 0 0 0 0 1 x
0.093822072032858 1 0 0 1 0 0 0 1 0 1 1 0 1 1 1 0 1 1 0 0 1 x
0.111200740635751 0 1 0 0 0 0 0 0 0 0 1 0 0 0 0 1 1 1 0 1 0 x
0.026339077065538 1 0 0 0 0 0 0 0 0 1 0 0 1 1 0 0 0 1 0 0 1 x
0.095446559006042 0 1 1 0 0 0 0 0 0 1 1 1 1 1 1 0 1 1 0 0 1 x
0.151840746334372 0 0 0 0 0 1 0 1 0 0 0 0 0 1 1 0 1 0 0 0 0 x
0.133039269403499 1 0 0 0 0 1 0 0 1 1 0 0 1 1 0 0 0 1 0 0 0 x
0.243861618912969 0 0 0 0 0 0 0 0 0 0 1 0 0 1 0 1 1 1 1 0 0 x
0.095166326195703 0 0 0 0 0 1 0 0 0 0 0 0 0 0 0 0 0 1 0 0 0 x
0.066196489115469 0 1 0 0 0 0 0 0 0 0 1 0 0 1 0 0 0 0 0 1 0 x
0.091908742960915 1 0 0 1 0 0 0 0 1 1 1 0 1 0 0 1 0 1 1 0 0 x
0.167384587996842 0 0 1 0 1 0 0 0 1 1 1 0 0 1 1 0 1 0 1 0 1 x
0.106115091721757 0 1 0 1 0 0 0 0 0 0 1 0 1 0 1 1 0 0 1 0 0 x
0.119536927607711 1 0 0 0 0 0 0 0 0 1 1 0 0 0 0 0 0 1 0 0 0 x
0.167283059415199 0 1 0 0 0 1 0 0 0 0 1 0 0 0 1 0 0 0 0 1 0 x
0.126529553131416 0 0 1 0 0 0 0 0 0 1 1 0 0 0 1 0 0 1 0 0 0 x
0.071199917056424 0 0 0 1 0 0 0 1 0 0 1 0 1 1 1 0 1 0 1 0 1 x
0.074494509985177 1 0 0 0 0 1 0 1 0 0 1 0 1 1 1 1 0 0 1 0 1 x
0.059282319182696 0 1 0 0 0 0 0 0 1 0 1 0 0 0 1 1 0 0 1 0 0 x
0.062549145365434 1 0 0 0 0 0 0 0 0 1 0 1 1 1 0 0 1 0 0 0 1 x
0.082153243629731 1 0 0 0 0 0 0 0 1 1 1 1 1 1 0 0 0 1 1 0 1 x
0.066451855822925 0 0 0 0 0 1 0 0 0 0 0 0 1 1 1 0 1 0 1 0 1 x
0.092375538826063 1 0 0 0 0 0 0 1 0 1 1 0 1 1 0 0 0 1 0 1 1 x
0.169181798116491 0 0 0 0 0 0 0 0 1 0 0 1 0 1 0 1 1 0 0 0 1 x
0.080329627302113 0 0 0 0 0 1 0 0 1 0 0 0 1 1 1 0 1 1 1 0 1 x
0.132202512900519 0 0 1 1 0 0 0 1 0 1 1 1 1 1 1 0 1 1 1 0 1 x
0.079017662315933 0 0 1 0 0 0 0 0 1 1 0 0 0 1 0 1 1 1 0 0 0 x
0.063739040945056 0 0 1 0 0 0 0 1 0 0 1 1 0 1 1 0 1 0 1 0 1 x
0.082261549441726 1 0 0 0 1 0 0 0 0 1 0 0 1 1 0 1 0 1 0 0 0 x
0.063314612677961 0 1 0 0 0 0 0 0 0 1 1 0 1 0 1 0 1 1 1 0 0 x
0.080392133059141 1 0 0 1 0 0 0 1 0 0 1 1 1 1 1 0 1 0 1 0 1 x
0.070962866977231 0 0 1 0 0 0 0 0 0 1 0 0 1 1 1 0 1 1 1 0 1 x
0.085235037537025 0 1 0 1 0 0 0 1 0 0 1 1 1 1 1 0 1 0 0 0 1 x
0.077635832739556 1 0 0 0 0 0 0 1 0 1 1 1 0 1 0 0 1 0 1 0 1 x
0.042658786186946 0 1 0 0 0 0 0 0 1 0 1 1 1 1 0 1 1 1 1 0 1 x
0.039218024446735 1 0 0 0 0 0 0 0 0 1 0 0 1 0 0 0 1 1 0 0 0 x
0.099341356638242 0 0 0 0 0 1 0 0 0 0 1 1 0 1 1 0 1 1 0 1 0 x
0.108461929195952 1 1 0 0 0 0 0 0 0 1 0 0 1 1 0 0 1 0 0 0 0 x
0.071386169464914 0 0 0 1 0 0 0 1 0 0 1 1 0 1 1 1 1 0 1 0 1 x
0.095903688504198 1 0 0 1 0 0 0 1 0 1 1 0 1 0 1 0 1 1 0 0 0 x
0.111298943921595 0 0 0 0 0 1 0 0 1 0 0 0 0 1 0 0 1 0 1 0 0 x
0.132362806043635 1 0 0 0 0 0 0 0 0 1 1 0 1 1 0 0 0 1 0 0 0 x
0.037752592746823 0 1 0 0 0 0 0 0 1 0 1 0 1 1 1 0 0 1 1 0 1 x
0.200225638658607 1 0 0 0 0 1 0 1 1 1 1 0 1 1 0 0 1 1 1 1 0 x
0.062907270123683 1 0 1 0 0 0 0 0 0 1 1 1 1 1 0 1 1 0 0 1 1 x
0.059435480096056 0 1 0 0 0 0 0 0 1 1 0 0 1 1 0 1 0 1 1 0 0 x
0.102859613680021 1 0 0 0 0 1 0 0 0 0 0 0 1 1 1 0 1 0 0 1 1 x
0.085671625052468 1 0 0 0 0 0 0 1 0 1 0 0 1 0 0 0 0 1 1 0 0 x
0.042146788750777 1 0 0 0 0 0 0 0 1 1 0 0 1 1 0 0 1 1 0 1 0 x
0.078498679114892 0 1 0 0 0 0 0 0 0 0 1 1 1 1 1 1 0 1 1 1 0 x
0.131071943332267 0 1 0 0 0 1 0 0 0 0 1 0 0 1 1 1 1 0 1 0 0 x
0.129236716924047 1 0 0 1 0 0 0 0 1 1 0 0 1 1 0 1 1 0 0 1 1 x
0.110761723915003 1 0 0 1 1 0 0 1 1 1 1 1 1 1 0 0 0 1 1 0 0 x
0.222733646255288 0 0 1 0 0 0 0 1 1 1 1 1 0 1 0 0 0 1 1 0 0 x
0.088261814420083 1 0 0 0 0 0 0 0 0 1 0 1 1 1 0 1 1 1 0 1 0 x
0.032973912024097 0 1 0 0 0 0 0 0 0 0 1 0 1 1 0 0 0 0 1 0 1 x
0.161981762601307 0 1 0 1 0 0 0 0 0 1 1 0 1 1 0 1 1 0 1 1 1 x
0.035046320861843 0 0 1 0 0 0 0 0 0 0 1 1 0 1 1 0 1 0 0 1 1 x
0.029787160940468 0 1 0 0 0 0 0 0 0 0 1 1 0 1 0 1 0 0 1 0 1 x
0.101094805061157 0 0 1 1 0 0 0 1 0 0 1 1 1 1 1 1 0 0 0 0 1 x
0.073486272077554 1 0 0 0 0 0 0 1 0 0 1 0 1 1 0 1 1 0 1 0 0 x
0.057123350147332 1 0 0 0 0 1 0 0 0 0 1 0 1 1 0 1 0 0 1 0 1 x
0.168605084883957 1 0 0 1 0 0 0 1 0 1 1 0 1 1 1 1 0 1 1 1 1 x
0.125194777292751 1 0 0 0 0 0 0 1 1 1 0 0 1 1 0 0 0 1 1 0 1 x
0.079495993384036 0 0 0 1 0 0 0 1 0 0 0 1 1 1 1 0 0 1 0 0 1 x
0.086546704335266 0 1 1 0 0 0 0 1 0 1 1 1 1 0 1 0 0 1 1 0 0 x
0.053449043950763 0 0 1 0 0 0 0 0 0 1 1 1 0 1 1 0 1 1 0 1 1 x
0.105234772036125 0 1 0 0 0 0 0 0 1 0 1 0 1 0 0 0 0 0 1 1 0 x
0.090287918654339 1 0 0 0 0 0 0 0 0 0 0 0 0 0 0 1 0 0 0 0 0 x
0.050150592043166 0 0 1 0 0 0 0 0 0 0 1 0 0 1 1 0 1 0 1 0 1 x
0.088315197547383 1 0 0 0 0 0 0 1 1 1 1 0 1 0 1 1 1 1 1 0 0 x
0.073014263977299 0 1 0 0 0 0 0 1 0 0 1 1 0 0 1 0 1 0 1 0 1 x
0.065582249258194 1 0 0 0 0 1 0 0 0 1 0 0 1 1 0 0 1 0 1 0 0 x
0.098961751144546 0 1 0 1 0 0 0 1 0 0 1 1 1 0 1 0 0 1 0 0 1 x
0.147584802054376 0 1 0 0 0 0 0 0 1 1 1 0 1 1 0 0 0 1 1 1 1 x
0.077305600890068 1 0 0 0 0 0 0 0 0 1 0 0 0 0 0 0 1 0 0 1 0 x
0.091914697196521 0 0 0 0 0 1 0 0 1 0 0 0 1 1 0 1 0 1 0 1 0 x
0.036875727779983 0 1 0 0 0 0 0 0 0 0 1 0 0 1 1 0 1 0 0 0 1 x
0.059791135753630 0 1 0 0 0 0 0 1 0 0 1 0 1 0 1 0 0 1 1 0 0 x
0.088172904124078 0 0 1 0 0 0 0 0 0 1 0 1 0 1 1 1 1 0 0 1 0 x
0.057920878650748 0 1 0 0 0 0 0 0 0 0 1 0 0 1 0 0 1 0 1 0 1 x
0.088446282129019 0 1 0 0 0 0 0 0 0 0 1 1 1 0 1 1 0 0 0 0 1 x
0.044393615558035 0 0 0 0 0 1 0 0 0 0 0 0 0 1 1 0 0 1 0 0 1 x
0.052836643733151 0 0 1 0 0 0 0 0 0 1 0 0 1 1 0 0 1 1 0 1 0 x
0.080815170327399 0 0 1 0 0 0 0 0 0 1 1 1 0 1 0 0 1 0 1 0 1 x
0.123371176185114 0 1 0 0 0 0 0 0 0 1 0 1 1 1 0 0 0 0 0 1 0 x
0.076914035135565 0 1 0 0 0 0 0 1 0 0 1 1 0 1 1 0 0 0 0 1 1 x
0.043895740234491 0 1 0 0 0 0 0 0 0 0 0 1 0 1 0 1 0 1 0 0 1 x
0.055913814161026 0 0 1 0 0 0 0 0 1 0 0 0 0 1 1 0 0 1 0 0 1 x
0.065341962689793 0 1 0 0 0 0 0 0 0 0 1 1 1 1 0 1 0 1 0 0 1 x
0.053904589378555 0 1 0 0 0 0 0 0 1 0 0 1 0 1 0 0 1 0 1 0 0 x
0.116639976674330 0 1 0 0 0 0 0 0 1 0 0 0 0 1 1 1 1 1 0 0 1 x
0.107138197832438 0 1 1 0 0 0 0 1 0 1 1 1 1 1 0 1 0 1 1 1 0 x
0.069862367920995 0 1 0 0 0 0 0 1 0 0 0 1 0 1 0 1 0 0 0 0 1 x
0.031331474755515 1 0 0 0 0 0 0 0 1 0 1 0 1 1 1 0 1 0 1 0 1 x
0.069047347953066 0 1 0 0 0 0 0 1 0 0 0 1 1 1 0 0 1 1 1 0 1 x
0.075743296703897 0 0 0 0 0 1 0 0 0 0 1 0 0 1 1 1 1 1 0 1 1 x
0.110621546484433 1 0 0 0 0 0 0 0 1 1 0 0 1 1 0 0 0 0 1 0 0 x
0.056275477891771 0 1 0 0 0 0 0 0 0 0 1 1 1 1 1 0 1 0 1 0 1 x
0.124221014600204 0 0 1 0 0 0 0 0 0 0 0 1 0 1 1 1 1 1 0 0 1 x
0.067507150355296 0 0 1 0 0 0 0 0 1 1 0 0 1 1 1 1 0 1 0 1 0 x
0.107418426050424 0 1 1 0 0 0 0 0 1 0 1 1 0 1 0 1 0 0 1 0 1 x
0.150659870843085 1 0 0 0 1 0 0 0 0 1 0 0 1 1 1 0 1 1 0 1 1 x
0.028010041289308 1 0 0 0 0 0 0 0 1 0 1 1 0 1 1 0 1 0 1 0 1 x
0.097567760273129 1 0 0 1 0 0 0 1 1 1 1 1 1 1 0 1 1 1 1 0 0 x
0.082556289437889 1 0 0 0 1 0 0 1 1 1 1 1 1 1 1 0 1 1 1 0 0 x
0.041578814197874 0 1 0 0 0 0 0 0 1 0 1 0 1 1 1 1 0 0 1 0 1 x
0.053469711013329 0 0 1 0 0 0 0 0 1 0 1 0 1 1 1 0 0 1 1 0 1 x
0.046829649967507 1 0 1 0 0 0 0 0 1 1 1 1 1 1 0 0 1 0 1 1 0 x
0.124983166066166 0 0 0 0 0 1 0 1 0 0 1 0 1 1 1 0 0 1 1 0 1 x
0.062089170504683 0 1 0 0 0 0 0 1 0 1 0 1 1 1 0 0 1 1 1 0 0 x
0.067715284710115 1 0 0 1 0 0 0 0 1 1 1 1 1 0 0 0 1 1 0 1 0 x
0.051550833916286 0 0 0 0 0 1 0 0 0 0 0 0 1 1 1 0 0 1 0 1 1 x
0.039040098019036 0 1 0 0 0 0 0 0 0 0 0 0 0 1 0 1 0 0 0 0 1 x
0.086789518665073 0 0 1 1 0 0 0 0 1 1 1 1 1 1 1 0 0 1 0 1 1 x
0.141828851991336 1 1 0 0 0 0 0 0 1 0 1 1 0 1 0 1 1 0 1 0 1 x
0.070181295739525 0 1 0 0 0 0 0 0 1 0 1 1 1 0 1 1 0 1 1 0 0 x
0.038840588161589 1 0 0 1 0 0 0 0 1 1 1 1 1 1 1 0 1 0 0 1 1 x
0.057159748485495 1 0 0 1 0 0 0 0 1 1 1 1 1 1 1 0 0 1 0 0 1 x
0.099305544912744 1 0 0 1 1 0 0 0 1 1 1 1 1 1 0 0 1 0 0 1 0 x
0.083161472764446 0 0 1 1 0 0 0 0 1 0 1 1 1 1 1 0 1 0 1 0 1 x
0.034232884850856 0 1 0 0 0 0 0 0 0 1 0 1 1 1 0 1 0 1 1 0 1 x
0.085711279251505 0 1 0 0 0 1 0 0 1 0 0 1 1 1 0 0 0 1 1 0 0 x
0.110243143687074 0 0 0 1 0 0 0 1 1 0 1 1 1 1 1 0 1 1 0 0 1 x
0.068922878278437 0 0 1 0 0 0 0 0 1 0 1 0 0 1 1 0 1 0 0 0 1 x
0.042007707474898 0 1 0 0 0 0 0 0 0 0 1 1 0 0 0 1 0 0 1 1 0 x
0.107648308537962 0 1 0 0 0 0 0 0 0 0 0 0 1 1 0 1 0 1 1 0 0 x
0.038570304189490 1 0 0 0 0 0 0 0 0 1 1 0 1 1 1 1 1 0 0 1 1 x
0.105406436789818 0 1 0 0 0 0 0 0 0 0 1 0 1 0 1 1 1 0 1 1 0 x
0.053549797690099 0 1 0 0 0 0 0 1 1 0 1 1 1 1 1 1 0 1 1 0 1 x
0.041467867916477 0 0 0 1 0 0 0 0 0 0 0 1 0 1 1 0 1 0 0 1 1 x
0.071164601074174 1 0 0 1 0 0 0 0 0 0 1 1 1 1 1 1 0 0 0 1 1 x
0.062608764951394 1 0 0 0 0 0 0 0 0 0 0 0 0 1 0 0 1 0 0 0 1 x
0.088959393723743 0 1 0 0 0 1 0 0 1 0 1 1 1 1 0 0 1 0 1 0 0 x
0.156088601892386 0 1 0 0 0 0 0 0 1 0 1 1 0 1 0 0 0 0 1 0 0 x
0.134508329174293 1 0 0 1 0 0 0 0 1 0 1 1 0 0 1 0 1 1 1 0 0 x
0.069388828055305 0 1 0 0 0 1 0 0 0 0 1 1 0 1 0 1 1 0 0 1 0 x
0.129097035253464 0 1 0 1 0 0 0 1 0 0 1 1 0 0 1 1 1 0 0 0 1 x
0.110044512787873 0 0 0 1 0 1 0 0 0 0 0 0 1 1 1 0 1 0 0 1 1 x
0.041306602408617 1 0 0 0 0 0 0 0 0 1 1 1 0 1 0 1 0 0 0 1 1 x
0.120330249240590 0 0 1 1 0 0 0 0 1 1 1 1 1 1 1 1 1 1 0 1 0 x
0.048311270530378 0 0 0 1 0 0 0 0 0 1 0 1 1 1 1 1 0 1 0 1 1 x
0.067095402565406 0 1 0 0 0 0 0 0 1 0 0 1 1 1 0 0 1 1 1 1 0 x
0.072969856626624 0 1 0 0 0 0 0 1 0 0 1 1 0 1 1 1 1 0 0 1 0 x
0.047859026038900 0 1 0 0 0 0 0 0 0 0 1 0 0 1 0 1 0 0 0 1 1 x
0.049265373062495 0 1 0 0 0 0 0 0 0 1 1 1 0 0 0 1 1 0 1 0 1 x
0.067963593023721 0 0 0 0 0 1 0 0 0 0 0 1 1 1 0 1 0 1 1 0 1 x
0.060069460821264 0 0 0 1 0 0 0 0 0 0 0 0 1 1 1 0 1 0 0 0 1 x
0.097823272071159 0 0 0 1 0 0 0 0 0 0 0 0 0 0 1 1 1 0 1 0 0 x
0.060904949955912 0 0 0 1 0 0 0 0 1 0 0 0 1 1 1 1 0 1 0 0 1 x
0.027055365210187 1 0 0 0 0 0 0 1 0 0 1 1 1 1 1 0 1 0 0 1 1 x
0.075753566597444 1 0 0 0 0 1 0 0 0 0 0 1 0 1 0 0 1 0 0 1 0 x
0.044334832509695 1 0 0 0 0 0 0 1 0 1 1 0 1 1 1 1 0 1 0 0 1 x
0.026809835829855 1 0 0 0 0 0 0 1 0 0 1 0 1 1 1 1 0 0 0 1 1 x
0.066685783400671 1 0 0 0 0 0 0 1 0 0 1 0 1 1 1 0 1 1 0 1 0 x
0.055930446290816 0 1 0 0 0 0 0 1 0 1 1 1 1 1 0 1 1 0 1 0 1 x
0.053318127152793 0 0 0 1 0 0 0 1 0 0 0 1 1 1 1 1 1 0 0 1 1 x
0.059747668381898 0 0 0 0 0 1 0 0 0 0 0 0 0 1 0 0 1 0 0 1 1 x
0.062955005655161 0 1 0 0 0 0 0 0 1 1 0 1 0 1 0 1 1 1 0 1 0 x
0.063421145674682 0 1 0 0 0 0 0 1 0 0 1 0 1 1 1 0 1 0 0 1 0 x
0.068852503339222 1 0 0 0 0 0 0 1 0 1 1 1 1 0 0 1 0 1 0 1 0 x
0.079906691841645 0 1 0 0 0 0 0 0 0 1 1 0 0 0 0 1 0 0 1 0 0 x
0.060937815840062 1 0 0 0 0 0 0 1 1 0 1 1 0 1 0 1 1 0 0 1 0 x
0.081166698640571 0 0 1 0 0 0 1 0 0 1 0 0 1 1 1 0 0 1 0 0 1 x
0.043838928602857 1 0 0 0 0 0 0 0 0 1 0 0 0 1 0 0 1 1 0 0 0 x
0.060798467401334 0 1 0 0 0 0 0 0 1 0 1 1 0 0 0 1 1 0 1 0 0 x
0.095307892597184 0 0 1 0 0 0 0 0 1 1 0 1 1 1 1 0 0 1 1 0 0 x
0.095698912633410 0 1 0 0 0 1 0 0 0 0 1 1 1 1 0 0 1 1 1 1 0 x
0.118808901213108 0 0 0 0 0 1 0 0 0 0 1 0 0 1 1 1 0 0 0 1 0 x
0.035115649524772 0 1 0 0 0 0 0 0 0 0 1 1 1 0 0 1 0 1 1 0 1 x
0.048049811356073 0 1 0 0 0 1 0 0 0 0 1 1 1 1 0 1 0 0 1 0 1 x
0.026820643345918 1 0 0 0 0 0 0 0 0 0 1 1 0 1 1 0 1 0 0 1 1 x
0.081911503186878 0 0 0 1 0 0 0 0 1 0 0 1 0 1 0 0 1 0 1 1 0 x
0.088605704786409 1 0 0 0 0 1 0 0 0 0 1 0 1 1 1 0 1 0 1 0 0 x
0.043050536859432 1 0 1 0 0 0 0 0 1 1 1 1 1 1 1 0 1 0 0 1 1 x
0.101956332243939 0 1 0 0 0 1 0 0 0 0 0 0 1 1 0 1 0 0 1 0 1 x
0.071369506400127 0 1 1 0 0 0 0 0 0 1 1 1 1 0 1 0 0 1 0 1 0 x
0.022480846662956 1 0 0 0 0 0 0 1 0 0 1 1 1 1 1 1 0 1 0 1 1 x
0.028402605058737 1 0 0 0 0 0 0 1 0 1 1 1 1 1 1 1 1 0 0 1 1 x
0.083975733271053 1 0 0 0 1 0 0 1 0 1 1 1 1 1 0 1 0 1 1 1 0 x
0.062688531963372 0 0 0 0 0 1 0 0 0 0 0 0 1 0 1 0 0 1 1 0 0 x
0.067520671447508 1 0 0 1 0 0 0 1 1 1 1 1 1 1 1 1 0 1 0 1 1 x
0.045648537189536 1 0 0 0 0 0 0 1 0 0 1 1 1 1 1 1 0 0 1 0 1 x
0.058660349518665 0 0 1 0 0 1 0 0 0 0 1 1 1 1 1 1 0 1 0 1 1 x
0.039247895453434 1 0 0 0 0 0 0 1 0 1 0 1 1 1 0 1 0 1 0 1 1 x
0.044113133670973 1 0 0 0 0 1 0 0 0 0 1 1 1 1 1 1 0 1 0 1 1 x
0.152643816340551 1 0 1 0 1 0 0 0 1 1 1 1 1 1 0 1 1 0 1 0 0 x
0.050054315199816 0 0 0 1 0 0 0 0 0 0 0 0 0 1 1 0 1 0 0 1 0 x
0.074646834615192 1 0 0 0 0 1 0 0 0 0 1 1 0 1 0 1 1 0 0 1 1 x
0.047924646381639 0 1 0 0 0 0 0 0 1 0 0 0 0 1 1 0 1 0 0 1 0 x
0.086957952488258 0 0 1 1 0 0 0 0 0 1 0 1 1 1 1 0 1 0 0 1 1 x
0.057945745255092 0 0 1 0 0 0 0 0 1 0 1 1 1 1 1 0 1 1 1 1 0 x
0.069175299390272 1 0 1 0 0 0 0 1 1 1 1 1 1 1 1 0 1 1 0 1 0 x
0.065134335777427 1 0 1 0 0 0 0 0 0 0 1 1 1 1 1 0 0 0 0 1 1 x
0.061043478442046 1 0 0 0 0 1 0 0 0 1 0 0 1 1 0 1 0 0 0 1 0 x
0.102758667830090 0 0 1 0 0 0 1 1 0 0 1 1 1 1 1 1 0 1 0 1 1 x
0.043209257952126 0 0 0 1 0 0 0 0 0 0 0 0 0 1 1 0 0 0 1 0 1 x
0.121473780435402 1 0 0 1 1 0 0 0 0 1 1 1 1 1 1 0 0 1 0 1 1 x
0.076037972941864 0 0 1 0 0 0 0 0 1 1 0 0 0 1 1 0 1 1 0 1 0 x
0.080868852499692 0 0 0 1 0 0 0 0 1 0 0 0 1 0 1 0 1 1 1 0 0 x
0.032807219450019 0 1 0 0 0 0 0 0 0 0 0 1 0 1 0 0 1 0 0 1 0 x
0.054134755715130 0 0 1 0 0 0 0 0 0 1 1 1 1 1 1 1 0 1 1 1 0 x
0.054094157643544 0 0 0 1 0 0 0 0 0 0 1 1 0 1 1 1 0 0 0 1 1 x
0.053437249342866 0 0 0 1 0 0 0 0 0 0 1 1 0 0 1 0 1 0 1 0 1 x
0.052587703836794 0 1 0 0 0 0 0 0 0 0 1 1 0 0 1 1 0 0 0 1 0 x
0.087221156292857 0 0 1 0 0 1 0 0 1 0 1 1 1 1 1 1 0 1 1 0 1 x
0.083775208984587 1 1 0 0 0 0 0 0 1 1 1 1 1 1 0 0 1 0 0 1 0 x
0.069905859793278 1 0 0 1 0 0 0 0 1 1 1 1 1 0 1 1 1 1 0 0 1 x
0.060511170107210 0 1 0 0 0 0 0 0 1 0 1 0 1 1 1 0 1 1 0 1 0 x
0.068066031018132 0 1 0 0 0 1 0 0 1 0 1 1 1 1 1 1 0 1 1 0 1 x
0.032043316144318 0 1 0 0 0 0 0 0 0 0 1 1 0 0 1 1 0 0 1 0 1 x
0.029397544000540 1 0 0 0 0 0 0 0 0 0 1 0 0 1 0 1 0 0 0 1 0 x
0.087417875988939 0 0 0 1 0 1 0 0 0 0 0 1 1 1 1 1 0 1 0 1 1 x
0.056125934071553 0 0 0 1 0 0 0 0 0 0 1 1 0 1 1 0 1 0 1 1 1 x
0.062392287989472 1 0 0 0 0 0 0 0 1 1 0 0 0 1 0 1 0 1 0 0 0 x
0.062311665643145 0 1 0 0 0 0 0 0 1 1 0 1 0 1 0 1 1 0 1 1 0 x
0.040645363258545 0 0 1 0 0 0 0 0 0 1 0 1 1 1 0 1 0 1 0 1 1 x
0.042282671769307 1 0 0 0 0 0 0 1 1 0 1 1 1 1 1 0 1 1 0 0 1 x
0.054242214838249 0 0 1 0 0 0 0 0 0 1 0 1 0 1 1 0 0 1 0 0 1 x
0.050015462682150 1 0 0 0 0 0 0 0 0 1 0 0 1 1 0 1 0 1 0 1 1 x
0.039568072879964 0 1 0 0 0 0 0 1 0 1 0 1 1 1 1 1 0 1 0 1 1 x
0.041792615245540 1 0 0 0 0 0 0 1 0 1 0 1 1 1 0 0 1 1 0 1 0 x
0.098867278096522 0 0 0 0 0 1 0 0 0 0 0 0 1 1 1 1 0 1 0 0 1 x
0.029526840545282 0 1 0 0 0 0 0 0 0 0 1 1 1 1 1 0 0 1 0 1 1 x
0.173387688428622 0 0 1 0 0 1 1 0 0 0 0 1 1 1 1 0 0 1 0 1 1 x
0.124310601353397 0 0 1 0 0 0 1 0 1 1 1 1 0 1 1 1 1 0 1 0 1 x
0.043006684646792 1 0 0 0 0 0 0 0 1 0 1 0 0 0 1 1 0 0 0 1 0 x
0.082681183991131 0 0 0 1 0 0 0 0 1 0 1 0 0 0 1 1 0 1 0 0 1 x
0.050874015156578 0 1 0 0 0 0 0 0 1 0 0 1 0 1 0 1 1 0 0 1 0 x
0.075675468143972 0 0 1 0 0 0 1 0 0 1 0 1 1 1 0 1 0 1 0 1 0 x
0.037344121480964 1 0 0 0 0 0 0 0 0 1 1 0 0 0 0 1 1 0 0 1 0 x
0.075242827952799 1 0 1 0 0 0 0 1 1 0 1 1 1 1 1 0 1 0 1 0 1 x
0.079017076586506 1 0 1 0 0 0 0 0 0 1 0 1 1 1 0 0 0 1 0 1 0 x
0.129692196318018 0 0 1 1 0 0 0 0 1 0 1 1 0 1 1 1 1 0 0 1 1 x
0.053713837901501 0 0 1 0 0 0 0 1 0 0 1 1 1 1 1 0 1 1 0 1 1 x
0.033109671279841 1 0 0 0 0 0 0 0 0 0 1 1 0 0 0 0 1 0 1 0 0 x
0.035554353780206 1 0 0 0 0 0 0 0 0 0 1 1 0 0 0 1 0 1 0 1 0 x
0.036565241676914 1 0 0 0 0 0 0 0 0 0 1 1 0 0 0 1 0 0 1 1 0 x
0.032188165919249 1 0 0 0 0 0 0 0 0 0 1 1 0 1 1 1 0 0 0 1 1 x
0.040457071020839 1 0 0 0 0 0 0 0 0 0 1 0 0 0 1 0 1 0 0 1 0 x
0.130196128892688 0 1 1 0 0 0 0 0 0 0 1 1 0 1 1 0 1 0 0 1 1 x
0.080469473756611 1 0 0 0 0 0 0 1 1 1 1 1 1 1 0 1 1 1 1 0 1 x
0.127382043744647 0 1 1 0 0 1 0 0 1 1 1 1 1 1 0 1 0 1 1 0 0 x
0.040721579891195 1 0 0 0 0 0 0 1 1 0 1 1 1 1 1 0 1 0 1 1 0 x
0.120403542366771 1 0 1 0 0 1 0 0 0 1 0 1 1 1 0 1 0 0 0 1 0 x
0.064536194240434 1 0 0 1 0 0 0 0 0 1 1 1 1 0 1 0 1 0 1 1 0 x
0.087864499607493 0 0 0 0 0 1 0 0 0 0 1 1 0 1 0 1 0 1 0 1 1 x
0.043849886636805 1 0 0 0 0 0 0 0 0 1 1 1 1 1 0 0 1 0 1 1 0 x
0.055868981834780 0 0 0 1 0 0 0 0 0 1 0 1 1 1 0 1 0 1 1 0 1 x
0.051044075299391 0 0 0 1 0 0 0 0 0 0 0 0 0 1 1 1 0 0 0 1 1 x
0.084664672462874 0 0 0 0 0 1 0 0 0 0 0 0 1 1 0 0 1 1 1 0 0 x
0.057400444760255 0 0 0 0 0 1 0 0 0 0 1 0 0 0 1 0 1 1 0 0 1 x
0.048366964513673 0 0 0 1 0 0 0 0 0 0 1 1 0 0 1 1 1 0 0 1 1 x
0.064545061917936 0 0 0 1 0 0 0 0 0 0 1 1 0 0 0 1 0 0 1 1 0 x
0.058617403353802 0 1 0 0 0 0 0 1 0 0 1 1 1 1 0 1 0 0 1 1 1 x
0.054257893179593 1 0 0 0 0 0 0 1 0 0 1 1 1 0 1 0 0 1 1 0 0 x
0.055616608112937 0 1 0 0 0 0 0 1 0 0 0 1 1 1 1 0 0 1 0 1 0 x
0.061255810336836 0 0 0 1 0 0 0 0 0 0 0 1 1 1 1 0 0 0 1 0 1 x
0.061462679174399 0 0 1 0 0 0 0 0 0 1 1 1 1 0 1 0 1 1 1 1 0 x
0.077549499218878 1 0 1 0 0 0 0 1 0 1 1 1 1 1 1 0 1 0 1 1 0 x
0.060472856374544 1 0 0 0 0 1 0 0 0 1 0 1 1 1 0 1 0 1 0 1 1 x
0.054346282889117 1 0 0 0 0 0 0 1 0 1 0 1 1 1 1 0 0 1 0 0 1 x
0.033589973008240 0 0 1 0 0 0 0 0 0 0 1 0 1 1 1 0 0 1 0 1 1 x
0.066141536369413 0 0 0 1 0 0 0 0 0 0 0 1 0 0 1 0 1 0 1 1 0 x
0.043044973398356 1 0 0 0 0 0 0 0 1 0 1 1 0 0 0 1 1 0 0 1 0 x
0.034667002239108 1 0 0 0 0 0 0 0 0 1 1 0 1 1 1 0 1 0 1 0 1 x
0.029552175616191 1 0 0 0 0 0 0 0 1 0 1 1 1 1 1 0 0 1 0 1 1 x
0.180653083166903 1 0 0 1 1 0 0 0 0 1 1 0 1 0 0 0 1 0 1 0 0 x
0.124184209380877 0 0 1 0 1 0 0 1 0 1 0 1 1 1 0 1 0 1 0 1 0 x
0.070813400677171 0 1 0 0 0 0 0 0 1 1 0 1 0 1 0 1 0 1 1 0 1 x
0.070260991460477 1 0 1 0 0 0 0 0 1 0 1 1 1 0 1 0 0 1 0 1 0 x
0.050223074138333 1 0 0 0 0 0 0 0 1 1 1 1 1 0 1 0 1 1 0 1 0 x
0.057357423259834 1 0 0 1 0 0 0 0 1 1 1 1 1 0 1 1 0 1 0 1 0 x
0.037029090591535 1 0 0 0 0 0 0 0 0 0 1 1 0 0 1 0 1 0 1 0 1 x
0.078349962408869 1 0 0 1 0 0 0 1 1 0 1 1 1 1 1 0 1 0 0 1 0 x
0.092947815567441 1 0 0 0 1 0 0 0 0 0 0 1 0 1 0 0 0 1 0 0 0 x
0.045372126597226 1 0 0 0 0 1 0 1 0 0 1 1 1 1 1 1 0 0 0 1 1 x
0.047350020573417 1 0 0 0 1 0 0 1 0 1 1 1 1 1 1 1 0 0 0 1 1 x
0.061706777765166 0 1 0 0 0 0 1 0 0 1 1 1 1 1 0 1 0 1 1 0 1 x
0.036830791003337 0 1 0 0 0 0 0 0 0 0 0 1 0 1 1 0 0 1 0 0 1 x
0.062000555072610 0 1 0 0 0 1 0 0 0 0 1 1 0 1 0 1 1 0 0 0 1 x
0.068100004655756 1 0 0 0 1 0 0 1 1 0 1 1 1 1 1 0 0 1 0 1 0 x
0.059349664010814 1 0 0 0 0 1 0 0 0 0 1 1 0 1 1 0 1 0 1 0 1 x
0.060273887875116 1 0 1 0 0 0 0 0 1 1 1 0 1 1 1 0 0 1 0 0 1 x
0.099646552672642 1 0 0 0 1 0 0 0 0 0 1 1 0 0 0 1 0 0 0 1 0 x
0.117108017377395 0 1 1 0 0 0 1 0 0 1 1 1 1 1 1 0 0 1 1 1 0 x
0.032247591497670 1 0 0 0 0 0 0 0 0 1 1 1 0 0 1 0 1 0 1 1 0 x
0.054132246083995 1 0 0 0 0 0 0 0 0 0 1 0 0 0 1 0 0 1 1 0 0 x
0.062492989263523 0 1 0 1 0 0 0 0 1 0 1 1 1 1 1 0 1 0 0 1 1 x
0.093185277277609 1 0 1 0 0 0 0 0 1 1 1 1 0 0 1 0 1 0 1 1 0 x
0.090443538263790 1 0 1 0 0 0 0 0 1 1 1 1 1 1 0 1 0 0 0 1 0 x
0.037006580682417 1 0 0 0 0 0 0 0 1 0 1 1 0 1 0 0 1 0 1 1 0 x
0.055641816061640 1 0 0 0 0 0 0 1 0 0 1 1 0 0 1 0 1 0 1 1 0 x
0.084633703903537 0 0 0 1 0 0 0 1 0 0 1 1 1 0 1 1 0 1 1 0 1 x
0.058079396242299 0 0 1 0 0 0 0 1 0 0 1 1 1 1 1 0 0 1 1 1 0 x
0.088120531033005 1 0 0 1 0 0 0 0 1 1 0 1 1 0 1 0 1 1 0 0 0 x
0.099884440571404 0 1 0 1 0 0 0 0 1 1 0 1 1 1 1 1 1 0 0 0 1 x
0.037193637911135 1 0 0 0 0 0 0 0 0 0 0 1 0 1 0 0 0 1 0 1 0 x
0.070008191423594 0 0 0 0 0 1 0 0 0 0 0 0 0 0 1 0 1 1 0 1 0 x
0.053626689049814 0 1 0 0 1 0 0 0 0 0 1 1 1 1 0 1 0 0 1 0 1 x
0.081692260356466 0 0 1 0 0 1 0 0 0 1 0 1 1 1 0 1 0 0 1 1 0 x
0.050646112308082 1 0 0 0 0 0 1 0 0 1 0 0 1 1 0 1 0 1 0 0 1 x
0.058467313855099 0 1 0 0 0 0 0 1 0 1 0 1 1 1 0 1 0 1 0 1 0 x
0.031320264991220 0 1 0 0 0 0 0 0 0 0 1 0 1 1 0 1 0 0 1 0 1 x
0.033885383797412 1 0 0 0 0 0 0 0 0 0 1 1 1 1 0 1 0 0 0 1 1 x
0.053116431269638 1 0 0 0 1 0 0 0 1 1 1 1 1 1 0 1 0 1 0 0 1 x
0.106827923280659 0 1 0 0 0 1 0 0 1 0 0 1 1 1 0 1 1 0 1 1 0 x
0.110735292886139 0 1 0 0 1 0 0 0 0 0 1 1 0 1 0 1 1 0 0 1 1 x
0.051311785624018 0 0 1 0 0 0 0 0 0 1 1 0 1 1 1 0 1 0 1 1 1 x
0.061570954131252 0 0 0 0 0 1 0 0 0 0 1 0 0 0 1 0 1 0 1 0 1 x
0.059874731078843 0 0 1 0 0 0 0 0 0 1 0 0 1 1 1 0 1 0 1 1 0 x
0.071113598539341 0 0 0 1 0 0 0 0 1 0 0 1 0 1 0 1 0 1 1 0 0 x
0.026937696691187 1 0 0 0 0 0 0 0 0 0 1 1 0 1 1 0 0 0 1 0 1 x
0.061941364129536 0 1 0 0 1 0 0 0 0 1 1 1 1 1 0 1 0 1 1 0 1 x
0.043032332226090 0 1 0 0 0 0 0 0 1 1 0 1 1 1 0 1 1 0 1 0 1 x
0.038108578929561 0 0 0 1 0 0 0 0 0 0 0 0 0 1 1 0 0 1 0 0 1 x
0.050550172884152 1 0 0 0 0 0 0 0 0 1 1 1 0 0 0 1 1 0 1 0 0 x
0.062736489954747 0 0 0 0 0 1 0 0 0 0 1 0 0 1 1 0 1 0 0 1 1 x
0.033572288737694 1 0 0 0 0 0 0 0 1 0 1 0 0 1 1 0 0 1 0 0 1 x
0.069265086018137 1 0 0 0 1 0 0 1 0 0 1 1 1 1 1 0 0 1 1 0 1 x
0.083983819125223 0 0 1 0 0 1 0 0 0 1 0 0 1 1 1 1 0 0 0 1 1 x
0.063241709903616 1 0 0 0 0 0 0 0 1 0 1 0 0 0 0 1 0 1 0 0 0 x
0.063714175799519 0 0 0 0 0 1 0 0 0 0 1 0 0 0 0 1 1 0 0 1 0 x
0.031732048354602 1 0 0 0 0 0 0 0 0 0 0 1 0 1 0 0 0 1 0 0 1 x
0.057726735861419 0 0 0 1 0 0 0 0 0 1 0 0 1 1 0 0 1 0 1 1 0 x
0.029263963818859 0 1 0 0 0 0 0 0 0 0 1 1 1 0 1 0 0 1 1 0 1 x
0.076414294202899 1 0 0 1 0 0 1 0 1 1 1 1 1 1 1 1 0 1 0 0 1 x
0.096725258857160 0 0 1 1 0 0 0 0 0 0 1 1 1 1 1 1 0 1 0 1 1 x
0.074159394843724 0 1 0 1 0 0 0 0 1 1 1 1 1 1 1 0 1 1 0 1 0 x
0.041694879243574 1 0 0 0 0 0 0 1 0 0 1 1 0 1 1 0 0 1 0 0 1 x
0.043968424090151 1 0 0 0 0 1 0 0 1 0 1 1 1 1 1 0 0 1 1 0 1 x
0.042573701392784 1 0 0 0 0 1 0 0 0 0 0 1 1 1 1 0 0 0 1 0 1 x
0.042912126822572 1 0 0 0 0 1 0 0 0 1 0 1 1 1 0 1 0 0 1 0 1 x
0.084597042750006 1 0 1 0 0 0 0 0 1 0 1 1 0 1 1 0 0 1 0 1 0 x
0.061297989866128 1 0 0 0 0 0 0 0 0 0 0 0 1 1 1 0 0 1 0 0 1 x
0.073889820968515 1 0 1 0 0 0 0 0 1 1 0 1 1 1 0 0 1 1 0 0 1 x
0.107626506881871 1 0 0 0 0 1 1 0 0 1 0 1 1 1 0 1 0 0 0 1 1 x
0.041517117705966 1 0 0 0 0 1 0 0 1 0 1 1 1 1 1 1 0 0 1 0 1 x
0.054142869341577 0 0 0 1 0 0 0 0 0 0 1 0 1 1 1 1 1 0 0 1 1 x
0.078532570419376 0 0 0 1 0 0 0 1 0 0 0 1 1 1 0 1 0 1 1 0 0 x
0.084014184691863 1 0 0 1 0 0 0 0 1 1 1 0 1 0 1 1 1 0 0 1 0 x
0.057350560917924 0 0 0 0 0 1 0 0 0 0 0 1 0 1 1 0 0 1 1 0 1 x
0.029339573412417 0 1 0 0 0 0 0 0 0 0 1 1 1 1 0 0 0 1 1 0 1 x
0.076825417338547 0 0 1 0 0 1 0 0 0 0 1 1 1 1 1 0 0 0 1 1 1 x
0.066117472252880 1 0 0 0 0 1 0 0 0 0 1 1 1 1 1 1 0 0 1 1 0 x
0.072350928295275 1 0 0 0 1 0 0 1 0 1 0 1 1 1 0 1 0 1 0 0 1 x
0.042799439756032 0 1 0 0 0 0 0 0 0 1 1 1 1 1 0 1 1 0 0 1 1 x
0.055028789966291 1 0 0 0 0 0 0 1 1 0 1 1 1 1 1 1 0 1 0 1 0 x
0.053815237686160 1 0 0 0 1 0 0 0 1 1 1 0 1 1 1 1 0 0 1 0 1 x
0.063753459752530 0 1 0 0 0 0 0 0 1 1 1 1 1 1 0 1 1 1 1 1 0 x
0.052824447864110 0 1 0 0 0 0 0 1 0 1 1 1 1 0 1 1 1 1 0 0 1 x
0.062641037856040 1 0 0 0 0 0 0 0 1 1 1 0 1 1 0 1 1 0 0 0 1 x
0.028115055503480 1 0 0 0 0 0 0 0 0 0 1 1 0 0 1 0 0 0 1 1 0 x
0.030496440505906 0 1 0 0 0 0 0 1 0 0 1 1 1 1 1 1 0 1 0 1 1 x
0.086343908477665 0 1 0 0 0 1 0 0 0 0 1 1 0 0 0 1 1 0 1 0 0 x
0.045252332828657 1 0 0 0 0 0 0 1 0 0 1 1 1 0 1 0 0 1 0 1 1 x
0.049379985141855 1 0 0 1 0 0 0 0 1 1 1 1 1 1 1 0 1 0 1 1 0 x
0.078231287596959 1 1 0 0 0 0 0 1 0 1 1 1 1 0 1 0 1 1 0 0 1 x
0.059059532451658 0 0 0 0 0 1 0 0 0 0 0 0 0 1 0 1 1 0 0 1 0 x
0.069473295237142 1 0 0 1 0 0 0 0 1 0 1 0 1 1 1 0 0 0 1 0 1 x
0.021185416800737 1 0 0 0 0 0 0 0 0 1 1 1 1 0 1 1 0 1 0 1 1 x
0.053860310009879 1 0 1 0 0 0 0 0 1 1 1 1 1 0 1 0 1 1 0 0 1 x
0.077296360590331 1 0 0 0 0 0 1 0 1 1 1 0 1 0 1 1 0 1 0 0 1 x
0.056145456699742 0 0 1 0 0 0 0 0 0 1 1 1 1 0 1 1 0 1 0 1 1 x
0.063843675616605 1 0 1 0 0 0 0 0 0 1 1 1 1 0 1 0 0 1 0 1 1 x
0.058478089475511 0 0 1 0 0 0 0 1 0 1 0 1 1 1 1 1 0 1 0 1 1 x
0.029403468351912 1 0 0 0 0 0 0 0 0 1 1 1 0 0 1 0 1 1 0 0 1 x
0.046587827954824 0 1 0 0 0 0 0 1 0 0 1 1 0 1 1 0 1 1 0 0 1 x
0.037699941088772 1 0 0 0 0 0 0 1 0 1 1 1 1 0 1 1 1 1 0 0 1 x
0.074363838555710 1 0 0 0 0 1 0 0 1 1 1 0 1 1 1 1 0 1 1 0 1 x
0.054151072649748 1 0 0 0 0 1 0 0 0 1 1 1 1 0 1 1 1 1 0 0 1 x
0.075234157397863 0 0 1 0 0 1 0 0 0 0 1 1 1 0 1 1 0 1 0 1 0 x
0.062416244082894 1 0 0 0 0 1 0 0 1 0 1 1 0 1 1 0 1 1 0 0 1 x
0.039979078874922 1 0 0 0 0 0 0 0 0 0 1 1 0 1 0 0 1 0 0 1 0 x
0.032051918911067 1 0 0 0 0 0 0 0 0 1 1 0 1 0 1 0 1 1 0 0 1 x
0.069734319990829 0 0 0 0 0 1 0 0 0 0 0 0 1 1 0 0 0 0 1 1 1 x
0.048621991649438 1 0 0 0 0 0 0 0 0 1 0 1 1 0 0 0 1 1 1 0 0 x
0.057593889007646 1 1 0 0 0 0 0 0 1 1 1 1 1 1 0 0 1 1 0 0 1 x
0.103519716333176 0 0 0 1 0 0 0 0 1 1 0 1 1 1 0 1 1 1 1 1 0 x
0.077217128963262 0 1 0 1 0 0 0 1 0 0 1 1 1 1 1 1 0 0 0 1 1 x
0.054363491860935 0 0 0 1 0 0 0 0 0 1 0 0 1 0 1 1 1 0 0 1 1 x
0.043374109650968 1 0 0 0 0 0 1 0 0 1 1 1 1 0 1 0 1 1 0 0 1 x
0.060133182014684 1 0 0 0 0 1 0 0 0 1 0 1 1 0 1 0 1 1 0 0 1 x
0.085241637519078 0 1 0 1 0 0 0 0 0 1 1 1 1 0 0 1 1 1 0 0 1 x
0.024031784285058 1 0 0 0 0 0 0 0 0 0 1 1 0 0 1 0 0 1 0 0 1 x
0.079915952258121 0 1 0 0 1 0 0 0 0 0 1 0 1 1 1 0 0 0 1 1 0 x
0.065625800867135 0 0 0 1 0 0 0 1 0 0 1 1 1 1 1 1 0 1 0 1 1 x
0.096468466830790 0 0 0 1 0 0 1 0 0 1 0 1 1 0 1 1 1 1 0 0 1 x
0.115133468888305 0 0 1 0 0 1 0 0 0 1 1 1 1 0 1 1 1 1 0 1 1 x
0.049646504517590 0 0 1 0 0 0 0 0 0 0 1 0 1 1 1 0 0 0 1 1 0 x
0.069169538655567 1 0 1 0 0 0 1 0 1 1 1 1 1 1 0 0 1 1 0 0 1 x
0.062134286814194 0 0 0 1 0 0 0 0 0 1 0 0 1 0 1 0 1 1 0 1 0 x
0.034655832481310 1 0 0 0 0 0 0 0 0 1 0 1 1 0 1 0 0 1 0 0 1 x
0.053688427125997 0 0 1 0 0 0 0 0 0 1 1 0 1 1 1 1 0 0 0 1 1 x
0.077714289440389 0 0 1 0 0 0 0 1 0 1 0 0 1 1 0 1 0 1 1 0 0 x
0.037610402445239 0 1 0 0 0 0 0 0 0 1 0 1 0 1 0 0 1 1 0 0 1 x
0.063120571210137 1 0 0 0 0 1 0 0 0 0 0 1 1 0 1 0 0 1 0 1 0 x
0.088058305011042 1 0 0 0 0 1 0 1 1 0 1 1 1 1 1 1 0 1 1 0 0 x
0.066681279256278 0 0 0 0 0 1 0 0 0 0 0 1 1 0 0 0 0 1 1 1 0 x
0.061393486532112 1 0 0 0 1 0 0 0 1 0 1 0 1 1 1 1 0 0 0 1 1 x
0.058844231281144 1 0 0 0 0 1 0 0 0 0 1 1 1 0 1 0 0 1 1 0 1 x
0.087817776048839 1 0 0 0 1 1 0 0 0 1 1 1 1 1 1 1 0 0 1 0 1 x
0.062930412383086 1 0 0 1 0 0 0 1 0 1 1 1 1 0 1 1 0 1 0 0 1 x
0.037796490920500 1 0 0 0 0 1 0 0 0 0 1 1 1 0 1 1 0 0 0 1 1 x
0.034468690896758 0 1 0 0 0 0 0 0 0 1 0 1 1 1 0 0 1 1 0 1 1 x
0.083305719540677 1 1 0 0 0 0 0 0 0 1 1 1 1 1 0 0 1 1 0 1 1 x
0.038341703482859 1 0 0 0 0 0 0 0 1 1 1 0 1 1 0 1 1 0 1 1 0 x
0.130152653735183 0 1 0 0 0 0 1 0 1 1 0 1 1 1 0 0 1 1 1 0 1 x
0.068921428069713 1 0 0 0 0 1 0 0 0 0 1 1 0 0 1 0 1 1 0 0 0 x
0.052632883289552 1 0 0 0 0 0 1 0 0 1 0 1 1 0 1 0 0 1 0 1 0 x
0.027984408277173 1 0 0 0 0 0 0 0 0 1 1 1 1 0 0 1 1 0 0 1 1 x
0.091477972648413 1 0 1 0 0 0 1 0 1 1 1 1 1 0 1 0 1 1 0 1 0 x
0.134221480808644 0 1 0 1 0 0 0 0 1 0 0 1 0 1 0 0 1 0 0 1 0 x
0.071256884888800 1 0 0 0 0 0 1 0 0 1 1 1 0 0 0 1 1 0 0 1 0 x
0.109130293310999 0 1 0 0 0 1 0 0 1 0 1 1 0 1 0 1 1 0 1 0 1 x
0.043457243223982 1 0 0 0 0 0 0 0 1 0 1 0 0 1 0 1 1 0 0 1 0 x
0.072536493930807 1 1 0 0 0 0 0 0 1 1 0 1 1 1 0 0 1 0 0 1 1 x
0.049770275757278 0 0 0 1 0 0 0 0 0 0 1 1 0 1 1 0 0 1 1 0 1 x
0.054640079465346 0 0 0 1 0 0 0 0 1 0 0 0 1 1 1 0 1 0 0 1 1 x
0.103450572758768 1 1 0 0 0 0 0 0 1 1 0 1 1 1 0 0 1 1 0 1 0 x
0.086867570812646 1 1 0 0 0 0 0 0 1 0 1 1 1 1 1 0 1 0 0 1 1 x
0.094149807594405 1 0 0 0 0 0 1 1 0 1 0 0 1 0 1 0 1 1 0 0 0 x
0.050433423248969 0 1 0 0 0 0 0 0 1 0 0 0 1 1 0 0 1 0 1 0 0 x
0.032130462031480 1 0 0 0 0 0 0 0 0 0 1 0 1 0 1 0 0 0 1 1 0 x
0.036662197306478 1 0 0 0 0 0 0 0 0 1 1 0 1 0 1 1 0 0 1 1 0 x
0.051102001525392 0 0 1 0 0 0 0 0 0 1 1 0 0 1 1 1 0 1 0 0 1 x
0.032045231923524 0 0 1 0 0 0 0 0 0 0 1 1 1 1 1 0 1 0 1 1 1 x
0.052067911720579 0 0 1 0 0 0 0 1 0 0 1 1 1 1 1 1 0 0 1 1 1 x
0.099591867947580 0 0 1 0 0 0 1 0 0 1 1 0 0 1 1 0 1 1 0 0 1 x
0.072069734338734 0 1 1 0 0 0 0 0 0 1 1 1 1 1 0 0 1 0 1 1 0 x
0.054319905568418 0 0 1 0 0 0 0 0 0 0 1 1 0 0 1 1 0 1 0 1 0 x
0.066050074758656 0 0 0 1 0 0 0 0 0 1 0 1 0 1 0 1 0 1 0 0 1 x
0.054610884440968 1 0 0 0 0 0 1 0 0 1 1 1 1 0 1 1 0 0 0 1 1 x
0.059716456385969 0 0 0 1 0 0 0 0 1 0 0 1 0 1 1 0 1 1 0 0 1 x
0.048027841000679 0 0 0 0 0 1 0 0 0 0 0 0 1 0 0 1 0 0 1 1 0 x
0.058939976026359 1 0 0 0 0 1 0 0 0 1 0 1 1 0 0 1 1 0 0 1 0 x
0.046584542824470 0 0 0 0 0 1 0 0 0 0 0 0 1 0 1 1 0 0 0 1 1 x
0.098427120786844 0 0 0 0 0 1 0 1 0 0 0 1 1 1 1 1 0 0 1 1 1 x
0.043348231552611 1 0 0 1 0 0 0 0 0 1 1 1 1 1 0 1 0 0 1 0 1 x
0.080231575851311 0 0 1 0 0 1 0 0 0 0 1 1 0 1 1 0 1 1 0 0 1 x
0.061007681948529 1 0 0 0 0 1 0 0 0 0 0 1 1 0 1 0 0 0 1 0 0 x
0.055023770176706 0 0 0 1 0 0 0 0 0 0 1 0 1 0 1 0 1 0 1 1 0 x
0.045852381077054 1 0 0 1 0 0 0 0 1 1 1 1 1 1 0 1 0 0 1 1 0 x
0.065481065934883 0 1 0 1 0 0 0 0 1 0 1 1 1 1 0 1 0 0 1 0 1 x
0.043995311553616 0 1 0 0 0 0 0 0 0 1 1 1 0 0 0 1 1 1 0 0 1 x
0.045522991321608 0 0 1 0 0 0 0 0 1 0 1 1 1 1 1 1 0 1 0 1 1 x
0.041775476718545 0 1 0 0 0 0 0 0 0 1 0 1 0 1 0 1 1 0 0 0 1 x
0.037836656245506 0 1 0 0 0 0 0 0 1 0 0 1 1 1 0 1 0 0 1 0 1 x
0.084772118002515 1 1 0 0 0 0 1 0 0 1 1 1 1 0 0 1 1 0 0 0 1 x
0.077899496113831 0 0 0 1 0 1 0 0 0 0 1 1 1 1 1 0 0 1 1 0 1 x
0.037853176950031 1 0 0 0 0 1 0 0 0 0 1 1 1 1 1 0 0 0 1 0 1 x
0.044608456995809 0 0 1 0 0 0 0 0 0 0 0 1 1 0 1 0 0 1 0 1 0 x
0.043603225803402 0 0 1 0 0 0 0 0 0 1 0 1 1 1 1 0 1 0 0 1 1 x
0.052032802170659 1 0 0 0 0 0 0 1 0 0 0 1 0 1 0 0 1 1 0 0 0 x
0.024708541257197 1 0 0 0 0 0 0 0 0 1 1 1 0 0 1 1 1 0 0 1 1 x
0.045545305457612 0 0 1 0 0 0 0 0 0 0 1 1 1 0 1 0 0 1 1 1 0 x
0.061793957170303 0 0 1 0 0 0 0 1 0 0 0 1 1 1 0 0 1 0 1 1 0 x
0.040069051774143 1 0 0 0 0 1 0 0 0 1 1 1 1 0 1 1 1 0 0 1 1 x
0.115983032125080 1 0 0 1 0 0 1 0 0 1 0 1 1 0 1 0 0 1 0 0 1 x
0.043732021572792 0 0 1 0 0 0 0 1 0 0 1 1 1 1 1 1 1 0 0 1 1 x
0.045945856340573 0 0 0 1 0 0 0 0 0 0 1 0 0 1 1 1 0 0 1 0 1 x
0.048278950273576 1 0 0 0 0 0 0 0 0 0 0 1 1 0 1 0 0 1 0 1 0 x
0.035719827521769 0 1 0 0 0 0 0 0 0 1 1 1 0 1 1 0 1 1 0 1 1 x
0.100006634551324 1 0 0 1 1 0 0 0 1 1 1 1 1 1 1 1 0 0 0 1 1 x
0.077988158977593 1 0 0 0 1 0 1 0 0 1 1 1 1 0 1 1 0 1 0 0 1 x
0.052187847580341 1 0 0 0 0 1 0 0 0 1 0 1 1 0 1 1 0 0 0 1 1 x
0.081847975768822 0 1 0 0 0 1 0 0 0 1 1 1 1 0 0 1 1 1 0 0 0 x
0.046713707399269 0 1 0 0 0 0 0 1 0 0 1 1 1 0 1 1 0 0 1 0 1 x
0.082993452997013 0 1 0 1 0 0 0 0 0 0 1 1 1 1 1 0 0 1 1 0 1 x
0.061176220161327 1 0 0 0 0 0 0 1 1 0 1 0 1 1 0 0 1 1 1 0 0 x
0.100190118206395 1 1 0 0 0 1 0 0 1 1 1 1 1 1 0 1 1 0 0 0 1 x
0.091286857012522 1 0 0 0 1 0 0 1 1 1 1 0 1 1 1 1 0 1 0 1 0 x
0.047544277511621 0 0 1 0 0 0 0 0 0 1 0 0 1 1 1 1 0 0 1 0 1 x
0.044370126319083 0 0 0 1 0 0 0 0 0 0 0 0 1 0 1 0 0 0 1 1 0 x
0.052907473724222 0 1 0 0 0 0 0 0 0 0 1 1 0 1 0 0 1 1 0 1 1 x
0.037148485676541 0 0 1 0 0 0 0 0 0 0 0 1 0 1 0 0 1 0 0 1 0 x
0.048827939315176 0 0 0 1 0 0 0 0 0 0 1 0 1 1 1 0 0 0 1 1 1 x
0.062165534313313 0 0 0 0 0 1 0 0 0 0 1 0 0 1 1 0 0 1 1 0 1 x
0.061827407831139 0 0 1 0 0 0 0 0 1 0 0 1 0 1 0 0 1 1 0 1 0 x
0.064404041131890 1 0 1 0 0 0 0 1 1 1 1 1 1 1 1 1 0 1 0 0 1 x
0.028916669954361 0 0 1 0 0 0 0 0 0 0 0 0 1 1 1 0 0 0 0 1 1 x
0.066534902492809 0 1 1 0 0 0 0 0 1 1 1 1 1 1 0 0 1 1 0 1 0 x
0.076229188867601 0 0 1 1 0 0 0 0 0 0 1 1 1 1 1 0 0 0 1 1 0 x
0.022888591551865 1 0 0 0 0 0 0 0 0 1 1 1 1 0 1 0 1 1 0 1 1 x
0.047236759194786 0 0 0 1 0 0 0 0 0 0 0 0 1 0 0 1 1 0 0 1 0 x
0.064541745938496 1 0 0 1 0 0 0 0 1 0 1 1 1 1 0 0 1 0 1 1 0 x
0.029259356321358 1 0 0 0 0 0 0 0 0 1 1 1 1 0 1 0 0 1 1 1 0 x
0.102314125625223 0 1 0 0 1 0 0 0 0 0 1 1 1 0 1 0 0 1 1 1 0 x
0.071032812472466 0 1 0 0 0 0 0 1 0 1 1 1 1 0 0 1 1 1 1 0 0 x
0.033126242385806 0 0 1 0 0 0 0 0 0 0 0 1 1 1 1 0 0 1 0 1 1 x
0.042862324778873 1 0 0 0 0 1 0 0 0 1 1 1 1 0 1 1 0 0 1 1 0 x
0.083517849451548 0 0 1 0 0 0 0 0 1 1 1 1 0 0 1 1 1 1 0 0 1 x
0.129253551219542 1 1 0 0 1 0 0 0 1 1 1 1 1 1 0 1 1 0 0 0 1 x
0.063386918137913 0 1 0 0 0 1 0 0 0 1 0 1 1 1 0 1 0 0 1 1 0 x
0.067591842470558 0 0 1 0 1 0 0 0 0 0 1 1 1 1 1 0 0 1 0 1 1 x
0.051927988539612 0 0 0 1 0 0 0 0 0 0 0 0 1 1 0 1 0 0 1 1 0 x
0.077947395638563 0 0 0 0 0 1 0 0 0 1 0 0 1 1 0 1 0 1 1 1 0 x
0.092236007154572 0 0 0 1 0 0 1 0 0 1 0 0 1 1 1 1 1 0 0 1 1 x
0.065812297803364 0 0 1 0 0 0 0 0 1 1 1 0 1 1 1 1 0 1 1 0 1 x
0.056405635876189 0 1 0 0 0 0 0 1 0 1 1 1 1 1 1 0 1 1 0 1 1 x
0.056289008355603 0 0 0 0 0 1 0 0 0 0 0 1 0 0 1 0 1 0 0 1 1 x
0.060980510276895 1 0 0 0 0 0 1 0 0 1 1 0 1 0 1 0 0 1 1 0 0 x
0.044948373968303 0 1 0 0 0 0 0 1 0 0 0 1 1 1 0 1 0 0 1 1 0 x
0.106281548221165 1 0 1 0 1 0 0 0 1 1 1 1 1 1 1 0 0 1 0 0 1 x
0.077072119953523 0 1 0 0 0 1 0 1 0 0 1 1 1 1 1 1 0 0 1 1 0 x
0.047200404732801 1 0 0 0 0 0 0 0 0 0 0 1 0 1 0 0 1 0 1 0 0 x
0.075478977176353 0 1 0 0 0 1 0 0 0 0 1 1 1 0 0 1 0 0 1 1 0 x
0.055776534237228 0 1 0 0 0 0 0 0 1 1 0 1 1 1 0 1 0 1 0 1 1 x
0.041067683594914 1 0 0 0 0 1 0 0 0 0 1 1 1 1 0 0 1 1 0 0 1 x
0.040248113123814 0 0 0 1 0 0 0 0 0 0 0 1 1 0 1 0 1 0 0 1 1 x
0.033750072476781 1 0 0 0 0 0 0 0 1 0 1 0 0 1 1 1 0 0 1 0 1 x
0.099171781277358 0 1 0 0 0 1 0 1 0 1 0 1 1 1 0 1 1 0 1 0 0 x
0.069276311848753 0 1 0 0 0 0 1 0 0 0 1 1 1 0 0 1 0 0 1 1 0 x
0.059544524527604 1 0 0 0 0 1 0 0 0 1 1 1 1 0 0 0 1 1 1 0 0 x
0.099208408723286 1 0 0 1 0 1 0 0 1 1 1 1 1 1 1 1 0 1 0 0 1 x
0.033475005905298 0 1 0 0 0 0 0 1 0 0 0 1 1 1 1 1 0 0 0 1 1 x
0.119739724103749 0 0 1 0 0 0 1 0 0 1 0 1 1 0 0 1 0 0 1 1 0 x
0.044533511957036 0 1 0 0 0 0 0 1 0 0 0 0 1 1 1 0 0 0 1 0 1 x
0.040381814893484 0 1 0 0 0 0 0 0 0 0 1 1 0 0 1 0 1 1 0 0 1 x
0.040971001134519 1 0 0 0 0 0 0 1 0 1 1 0 1 1 1 1 0 0 1 1 0 x
0.108086210855763 0 1 0 0 1 0 0 1 0 0 1 0 1 1 1 1 0 0 1 0 1 x
0.086252024239026 1 0 0 0 1 0 0 1 0 0 1 1 1 1 0 1 0 1 0 1 1 x
0.048563438384751 1 0 0 0 1 0 0 0 1 0 1 1 1 1 1 0 0 0 1 1 0 x
0.059377919444520 0 1 0 0 0 0 0 1 1 0 0 1 1 1 1 0 1 0 1 1 0 x
0.097617920285596 0 0 0 1 1 0 0 0 0 0 1 1 1 1 1 0 0 0 1 1 1 x
0.065887735371246 0 1 0 0 1 0 0 0 0 1 0 1 1 1 0 1 0 0 1 0 1 x
0.064167414961018 0 1 0 0 0 1 0 0 0 1 1 1 0 1 1 0 1 1 0 0 1 x
0.027393261701237 1 0 0 0 0 0 0 1 0 0 1 1 0 1 1 1 0 0 0 1 1 x
0.145273931587017 0 1 1 0 0 1 0 0 1 1 1 1 0 1 1 0 1 1 0 0 0 x
0.073317395001809 0 0 0 0 0 1 0 0 0 0 0 1 0 1 1 0 1 1 0 0 1 x
0.111742120476877 1 0 0 0 1 0 1 0 1 1 1 0 1 1 1 1 0 0 1 1 0 x
0.040955261941718 0 1 0 0 0 0 0 0 0 1 1 0 0 0 1 1 1 0 0 0 1 x
0.040720156729757 0 1 0 0 0 0 0 0 0 1 1 0 1 1 0 0 1 1 0 0 1 x
0.093786120662586 1 0 0 0 1 0 0 0 0 1 0 1 1 0 0 0 0 1 0 1 0 x
0.032266516607087 0 1 0 0 0 0 0 0 0 0 1 0 0 1 1 0 0 1 0 0 1 x
0.087911990774323 0 1 0 1 0 0 0 0 1 1 1 0 1 1 1 0 1 1 0 0 1 x
0.047505388935081 1 0 0 0 1 0 0 0 1 0 1 1 1 1 0 1 0 0 1 0 1 x
0.066685711926680 0 0 1 0 0 0 0 1 0 0 1 1 1 0 1 1 0 1 0 1 0 x
0.059791671443644 1 0 1 0 0 0 0 0 1 1 1 1 0 1 0 1 1 0 0 0 1 x
0.038335091058592 1 0 0 0 0 0 0 0 1 0 0 1 0 1 0 0 1 0 0 1 0 x
0.025671291410621 1 0 0 0 0 0 0 0 0 0 1 1 1 0 0 0 1 1 0 0 1 x
0.030666491981714 0 1 0 0 0 0 0 0 0 1 0 1 0 1 1 0 1 0 0 1 1 x
0.065499821082350 1 0 0 0 0 1 0 0 0 0 0 1 1 0 0 0 1 1 0 0 0 x
0.030874736909445 1 0 0 0 0 0 0 0 1 1 1 1 0 1 1 1 1 0 0 1 1 x
0.069823219130345 1 0 0 0 0 0 1 0 0 1 1 1 1 0 0 1 0 1 0 0 1 x
0.045880143524220 0 1 0 0 0 0 0 0 0 0 1 0 1 1 1 0 0 0 1 1 0 x
0.063178204014168 0 1 0 0 0 1 0 0 0 0 0 1 1 1 0 1 0 0 0 1 1 x
0.040520331946871 1 0 0 0 0 0 0 1 0 1 1 1 0 1 1 1 0 1 0 1 1 x
0.068720554634708 0 1 0 0 1 0 0 0 1 0 1 1 1 1 0 1 0 0 1 1 0 x
0.054658059639225 1 0 0 1 0 0 0 1 0 1 1 1 1 1 1 0 0 0 1 1 0 x
0.032865001248747 0 1 0 0 0 0 0 0 0 0 1 1 1 0 0 0 1 0 1 0 1 x
0.038497665851364 0 1 0 0 0 0 0 0 0 1 0 1 1 0 1 0 0 1 0 1 1 x
0.054035354493215 0 0 1 0 0 0 0 0 1 0 0 1 1 1 0 0 1 0 1 0 1 x
0.060713721528858 0 1 0 0 1 0 0 0 0 1 1 1 1 1 0 0 1 0 1 1 0 x
0.035739294073806 0 0 1 0 0 0 0 0 0 0 0 1 1 0 1 0 1 0 0 1 1 x
0.088120613999395 0 0 1 0 0 1 0 0 0 0 0 1 1 0 1 1 0 0 0 1 1 x
0.044919095084733 0 0 1 0 0 0 0 0 0 1 0 1 1 1 0 1 1 0 1 0 1 x
0.070869755395298 1 0 1 0 0 0 0 0 1 0 1 1 1 1 0 0 1 1 0 0 1 x
0.028742890184017 1 0 0 0 0 0 0 0 0 0 1 1 1 0 0 0 1 0 1 1 0 x
0.052947470100261 1 0 0 0 0 0 1 0 0 1 1 0 1 0 1 1 0 1 0 1 0 x
0.068457172986171 0 0 0 0 0 1 0 0 0 0 0 1 1 0 0 0 1 0 1 0 1 x
0.069627655184512 1 0 0 0 1 0 0 0 1 0 1 1 0 1 1 0 0 0 1 0 1 x
0.100136706852557 0 0 1 0 1 0 0 0 1 0 0 1 1 1 1 0 1 0 0 1 1 x
0.020237071573131 1 0 0 0 0 0 0 0 0 0 1 1 1 0 1 0 1 0 0 1 1 x
0.058110503346460 0 0 1 0 0 0 0 0 1 1 0 0 1 1 1 0 1 1 0 0 1 x
0.039367843080895 0 1 0 0 0 0 0 0 0 1 1 1 1 0 1 0 1 1 0 1 1 x
0.047741712539936 0 1 0 0 0 0 0 1 0 0 0 1 0 1 1 1 0 0 1 0 1 x
0.031400323233356 1 0 0 0 0 0 0 0 0 1 1 0 0 1 1 1 0 0 1 0 1 x
0.061599042056239 1 0 0 1 0 0 0 0 0 1 1 1 0 1 1 1 0 0 1 0 1 x
0.041347363857805 1 0 0 0 1 0 0 0 1 0 1 1 1 1 1 0 1 0 0 1 1 x
0.080457112655758 0 1 1 0 0 0 0 1 0 0 1 1 1 1 1 0 0 0 1 0 1 x
0.037291440902868 0 1 0 0 0 0 0 0 0 1 1 1 1 1 0 0 1 1 1 0 1 x
0.105695019331159 0 1 0 0 0 0 1 1 0 1 0 1 1 0 1 1 0 1 1 0 0 x
0.062248407345769 1 0 0 0 1 0 0 0 1 0 1 1 1 0 1 0 1 1 0 0 1 x
0.026028959915796 0 1 0 0 0 0 0 0 0 0 0 1 1 0 1 0 0 0 1 0 1 x
0.056094775632758 0 1 0 0 0 1 0 0 0 1 0 1 1 1 1 0 0 0 1 0 1 x
0.042562730404665 0 1 0 0 0 0 0 0 0 1 0 1 1 0 1 0 1 0 1 1 0 x
0.030863900256453 0 0 1 0 0 0 0 0 0 0 0 1 1 1 0 0 1 0 0 1 1 x
0.092174369943418 0 1 0 0 0 1 0 0 0 1 0 1 1 0 1 0 1 0 0 1 1 x
0.063184624423243 0 1 0 1 0 0 0 0 0 1 1 1 1 1 0 0 1 0 1 1 0 x
0.040019965476770 0 1 0 0 0 0 0 0 0 1 0 0 1 1 1 0 0 1 0 0 1 x
0.073904524555626 0 1 0 0 0 1 0 0 0 1 0 1 1 0 1 0 1 0 1 0 0 x
0.067140611052412 0 0 0 1 0 0 0 0 0 1 1 1 0 0 1 1 1 1 0 0 1 x
0.054881995972555 0 1 0 0 0 0 0 1 0 0 0 1 1 0 1 0 0 0 1 1 0 x
0.040783511152357 0 1 0 0 0 0 0 0 0 1 0 1 1 0 0 1 0 0 1 0 1 x
0.063044024084221 1 1 0 0 0 0 0 0 1 1 1 1 1 0 1 0 1 0 1 1 0 x
0.048483247270181 0 1 0 0 0 0 0 0 0 1 1 0 0 1 0 1 1 0 0 1 0 x
0.045025927195098 0 1 0 0 0 0 0 0 0 0 0 1 0 1 0 0 0 0 1 0 1 x
0.070143480301766 1 1 0 0 0 0 0 0 0 1 1 1 1 0 1 0 1 0 0 1 1 x
0.057053200645487 1 0 0 1 0 0 0 1 0 1 1 1 1 1 1 1 0 0 1 0 1 x
0.040535893619608 0 1 0 0 0 0 0 0 0 1 0 1 0 1 0 1 0 0 0 1 1 x
0.090813929254956 0 0 0 1 0 1 0 0 0 0 1 1 0 1 1 0 1 1 0 0 1 x
0.070333528991370 1 1 0 0 0 0 0 0 0 1 1 1 1 1 0 0 1 0 1 0 1 x
0.051232495389830 0 0 1 0 0 0 0 0 0 0 1 1 1 1 0 0 1 0 1 1 0 x
0.040541223495575 0 0 1 0 0 0 0 0 0 0 1 1 1 0 1 0 1 0 0 1 1 x
0.047840572613125 0 0 1 0 0 0 0 1 0 0 0 1 1 1 1 0 1 0 1 0 1 x
0.145658237774472 0 1 0 1 1 0 0 0 0 1 1 1 1 1 0 1 0 0 1 1 0 x
0.078648137987584 1 0 0 0 1 0 0 1 0 0 1 1 1 1 0 0 1 0 1 1 0 x
0.084790414357361 1 1 0 0 0 0 1 0 1 1 1 1 0 1 1 0 1 0 0 1 1 x
0.078557003057861 1 1 0 0 0 0 1 0 0 1 1 1 1 0 1 0 0 0 1 1 0 x
0.110298490613232 0 1 0 0 1 0 0 0 1 0 0 1 1 1 0 0 1 0 1 1 0 x
0.077891749420349 0 0 1 0 1 0 0 0 0 0 1 1 1 1 1 0 0 0 1 1 1 x
0.125342546617415 1 1 0 1 0 0 0 0 1 1 1 1 1 1 1 0 0 0 0 1 1 x
0.052997556685626 0 0 0 1 0 0 0 0 0 0 1 1 1 0 0 1 1 0 1 0 1 x
0.071991926143692 1 0 0 1 0 0 0 0 1 0 1 1 0 1 1 0 0 0 1 1 0 x
0.045381383087504 1 0 0 0 0 0 1 0 0 0 1 1 1 0 1 0 0 1 0 1 0 x
0.146003562829832 1 1 0 0 0 1 1 0 0 1 0 1 1 1 0 0 1 0 0 0 0 x
0.049637788388207 0 1 0 0 1 0 0 0 0 1 1 1 1 1 1 1 0 0 1 1 1 x
0.045795452233045 1 0 0 0 0 1 0 0 1 0 1 1 1 1 1 1 0 0 1 1 1 x
0.052416262511203 0 0 0 1 0 0 0 0 0 0 1 1 1 1 0 0 1 1 1 0 1 x
0.051363532266085 0 1 0 0 0 0 1 0 0 1 1 0 1 1 1 1 0 0 1 0 1 x
0.085445130452499 1 1 0 0 0 0 1 0 1 1 1 0 1 1 1 0 1 0 0 0 1 x
0.082294672391535 1 1 0 0 0 0 0 0 1 1 1 1 0 1 1 0 1 0 1 1 0 x
0.095861862790153 1 0 0 0 1 1 0 0 1 0 1 1 1 1 1 1 0 0 0 1 1 x
0.029663074038853 1 0 0 0 0 0 0 0 0 0 1 0 1 0 0 1 0 0 0 1 0 x
0.106181067815750 0 1 0 0 0 1 0 1 0 0 1 1 1 1 0 1 1 1 0 0 0 x
0.025049868816094 1 0 0 0 0 0 0 0 0 1 1 1 1 1 1 1 0 0 1 1 1 x
0.036477342240887 1 0 0 0 1 0 0 0 0 1 1 1 1 1 0 1 1 0 0 1 1 x
0.142746205144196 0 1 1 0 0 0 0 1 1 0 1 1 1 1 1 0 1 1 1 0 0 x
0.068977785890693 0 0 1 1 0 0 0 0 0 1 1 1 1 1 1 1 0 0 1 1 1 x
0.088941767458688 0 1 0 1 0 0 1 0 0 1 1 1 1 1 1 0 1 0 0 1 1 x
0.033925978070594 0 0 1 0 0 0 0 0 0 0 0 1 1 0 1 0 0 0 1 0 1 x
0.055179253457584 0 0 1 0 0 0 0 0 0 1 1 0 1 0 1 0 1 0 1 0 1 x
0.047813015818244 0 0 1 0 0 0 0 0 0 0 1 1 1 0 1 0 1 1 1 0 1 x
0.042673614677296 0 1 0 0 0 0 1 0 0 1 0 1 1 1 1 1 0 0 0 1 1 x
0.064225711206749 0 1 0 0 0 0 1 0 0 1 1 1 1 0 1 0 1 1 0 1 0 x
0.061503227999375 1 0 0 0 0 0 1 1 0 1 1 1 1 1 1 1 0 1 0 1 1 x
0.070941730302342 0 1 0 0 0 0 1 0 0 1 1 1 0 0 1 1 1 0 0 0 1 x
0.041447598819345 1 0 0 0 1 0 0 0 0 1 1 1 1 1 0 0 1 1 0 0 1 x
0.102547530017711 0 1 1 0 0 0 0 0 0 1 0 1 1 0 1 0 0 0 1 0 1 x
0.085333169507382 1 0 0 0 0 1 0 0 0 0 1 0 1 0 0 1 0 1 0 1 0 x
0.065788384710133 1 0 0 0 1 0 0 0 1 1 1 1 1 1 1 0 1 0 1 1 1 x
0.039459600100377 1 0 0 0 0 0 0 0 1 0 1 1 1 0 1 1 0 0 1 1 0 x
0.052641027414626 0 0 1 0 0 0 0 0 0 0 0 1 1 1 0 1 0 0 1 1 0 x
0.081141597438246 0 1 0 1 0 0 0 0 1 1 1 1 1 0 1 0 1 0 1 1 0 x
0.087715723358114 0 1 0 0 0 0 1 0 0 1 0 0 1 1 0 1 0 0 0 0 1 x
0.049350988798244 0 1 0 0 0 1 0 0 0 1 1 1 1 1 1 1 0 0 1 1 1 x
0.164731026864124 1 1 1 0 0 0 0 0 1 1 1 1 1 1 0 0 1 0 0 0 1 x
0.057540739802805 0 1 0 0 0 0 0 0 1 1 1 0 0 1 1 0 1 1 0 0 1 x
0.102688802198381 0 1 0 0 0 1 1 0 0 1 0 1 1 1 1 1 0 0 1 0 1 x
0.060842958928440 1 0 1 0 0 0 0 1 1 0 1 1 1 1 1 0 0 0 0 1 1 x
0.044602453787276 0 0 1 0 0 0 0 0 0 1 0 1 1 0 1 0 1 0 1 0 1 x
0.052600074361033 0 0 0 1 0 0 0 0 0 1 0 0 0 1 1 1 0 1 0 0 1 x
0.024236197565268 0 1 0 0 0 0 0 0 0 1 0 1 1 1 1 1 0 0 1 1 1 x
0.047479711380497 0 0 1 0 0 0 0 0 0 0 0 1 0 0 1 0 1 0 1 0 0 x
0.076928787241352 0 1 1 0 0 0 0 0 0 1 1 0 1 1 1 0 0 0 1 0 1 x
0.038740294727021 0 1 0 0 0 0 0 0 0 1 0 1 0 1 1 1 0 0 1 0 1 x
0.032152390566616 0 0 1 0 0 0 0 0 0 0 0 1 0 1 1 0 0 0 1 0 1 x
0.052441323502221 0 1 0 0 0 0 0 0 1 1 1 0 1 1 1 0 1 0 1 1 0 x
0.070155849488907 0 0 1 0 0 1 0 0 0 0 1 0 1 1 1 1 0 0 1 0 1 x
0.032613077877186 0 1 0 0 0 0 0 0 0 1 0 0 1 1 1 1 0 0 0 1 1 x
0.047611061879995 0 0 0 1 0 0 0 0 0 1 0 0 1 1 1 1 0 0 0 1 1 x
0.048002852166477 0 0 0 1 0 0 0 0 0 0 1 1 1 1 1 1 0 0 1 1 1 x
0.071422022136362 1 0 1 0 0 0 0 1 0 1 1 1 1 0 1 0 1 1 0 0 1 x
0.022152164795421 1 0 0 0 0 0 0 0 0 1 0 1 1 1 0 0 0 1 0 1 1 x
0.044557464180753 1 0 0 0 0 0 0 0 0 1 1 1 1 0 0 1 0 0 1 1 0 x
0.145670513159407 0 0 1 1 0 1 0 0 0 1 1 1 1 1 1 1 0 1 0 0 1 x
0.046860389442189 1 0 0 1 0 0 0 0 1 1 1 1 1 1 1 0 0 1 1 1 0 x
0.081151654137230 1 0 0 0 1 0 0 1 1 1 1 1 1 1 1 1 1 1 0 0 1 x
0.035809410264918 1 0 0 0 0 1 0 0 0 1 1 1 1 1 0 1 1 0 1 0 1 x
0.050568295611701 1 0 0 0 1 0 0 0 0 1 0 1 1 1 0 1 0 0 0 1 1 x
0.030285384529605 1 0 0 0 0 0 0 0 0 0 1 1 0 0 1 0 0 1 0 1 0 x
0.148210428181984 1 1 0 0 0 1 0 1 0 1 0 1 1 1 1 1 0 0 0 1 1 x
0.123777008385482 0 0 0 1 0 1 0 0 0 1 1 1 1 1 0 1 1 1 1 0 1 x
0.035988114202199 1 0 0 0 1 0 0 0 0 0 1 1 1 1 1 0 0 0 0 1 1 x
0.030391851710528 1 0 0 0 0 1 0 0 0 1 1 1 1 1 1 1 0 0 1 1 1 x
0.061950861565307 0 0 1 0 0 1 0 0 0 0 0 1 1 1 1 0 0 0 1 0 1 x
0.018241804666912 1 0 0 0 0 0 0 0 0 0 1 1 1 0 1 0 0 1 0 1 1 x
0.044270323603263 1 0 0 0 0 0 0 1 0 1 0 0 1 1 1 0 0 1 0 1 0 x
0.096222331345095 0 1 0 1 0 0 0 0 1 0 1 0 1 1 0 0 1 0 1 0 0 x
0.091725744617732 0 1 0 0 0 1 0 0 1 1 0 0 1 1 1 1 0 0 1 0 0 x
0.036401912860628 1 0 0 0 0 0 1 0 0 0 1 0 1 1 1 0 0 0 1 0 1 x
0.060114786109388 0 1 0 0 0 0 1 0 0 0 1 0 1 1 1 0 0 0 0 1 1 x
0.056628764290279 1 0 0 0 0 0 1 0 0 0 1 0 1 0 0 1 1 0 0 1 0 x
0.091336359584668 1 0 1 0 0 1 0 0 1 1 1 1 1 1 0 1 1 0 0 0 1 x
0.151280973539280 1 0 1 0 0 1 0 1 0 1 1 1 1 1 1 1 0 0 1 0 0 x
0.052381720036799 0 0 1 0 0 0 0 0 1 0 0 1 0 1 1 0 1 0 0 1 1 x
0.053845331863232 1 0 0 1 0 0 0 0 1 1 1 1 1 1 1 0 0 0 1 1 1 x
0.072133690500258 1 0 0 0 0 1 0 0 0 1 0 1 1 0 1 0 1 0 1 1 0 x
0.095202041646508 0 1 0 0 0 0 1 0 0 0 1 0 1 0 1 0 0 0 1 0 1 x
0.074368735909396 1 0 0 1 0 0 0 1 1 1 0 1 1 1 1 0 0 1 0 1 0 x
0.046756036532597 0 0 1 0 0 0 0 0 0 0 0 1 0 0 1 0 0 1 1 0 0 x
0.079509308757271 1 0 0 0 1 0 1 0 0 0 1 1 1 1 0 0 1 0 0 0 1 x
0.068039987151051 0 0 1 0 0 0 1 0 0 0 0 0 1 1 1 0 1 0 0 1 0 x
0.055980128823515 0 0 1 0 0 0 0 0 1 0 0 1 1 0 1 0 1 0 1 1 0 x
0.058324063411513 1 0 0 1 0 0 0 0 1 0 1 1 1 1 0 0 1 1 0 0 1 x
0.064992046776604 1 0 0 0 0 0 0 1 1 1 1 1 0 1 1 1 1 0 1 1 0 x
0.080323463713193 0 1 0 0 1 0 1 0 0 1 1 1 1 1 1 1 0 0 0 1 1 x
0.051515669228031 1 0 0 0 0 0 1 0 0 1 1 0 0 1 1 1 0 0 1 0 1 x
0.054195929845376 0 1 0 0 0 0 0 1 0 0 1 0 0 1 1 1 0 0 0 0 1 x
0.046403259741678 0 1 0 0 0 0 0 1 0 1 0 1 1 1 1 1 0 0 1 0 1 x
0.034857643823121 0 0 1 0 0 0 0 0 0 0 1 0 1 1 1 0 1 0 0 1 1 x
0.034353364794371 0 0 1 0 0 0 0 0 0 0 0 0 1 1 1 0 0 0 1 0 1 x
0.045666073576497 1 0 0 0 0 1 0 0 0 1 1 1 1 0 1 0 1 0 1 0 1 x
0.039438362151393 1 0 0 0 0 0 1 0 0 0 1 0 1 1 1 0 0 0 0 1 1 x
0.084214372171335 1 0 1 0 0 0 1 0 1 0 1 1 1 1 1 0 0 0 1 1 0 x
0.067748815403089 0 1 0 0 0 1 0 0 0 1 1 1 1 1 0 0 1 0 1 0 1 x
0.054211760790923 1 0 0 0 0 0 1 0 0 0 0 0 1 1 0 0 1 0 0 1 0 x
0.033785230991731 1 0 0 0 0 0 0 0 1 0 1 0 1 1 0 1 0 0 1 1 0 x
0.091865581379449 1 0 0 1 0 0 0 1 0 1 0 1 1 1 0 0 1 1 0 0 0 x
0.030001582015297 0 1 0 0 0 0 0 0 0 0 0 0 1 1 1 0 0 0 0 1 1 x
0.057376959647247 0 1 0 0 0 0 1 0 0 1 1 1 0 1 1 1 1 0 0 1 1 x
0.056076220798535 1 0 0 0 0 1 0 0 1 0 1 1 1 0 1 0 1 1 0 0 1 x
0.034417685493415 0 1 0 0 0 0 0 0 0 1 1 1 1 1 1 1 0 0 1 1 1 x
0.053259471972328 0 0 0 1 0 0 0 0 0 0 0 1 0 0 0 0 0 1 1 0 0 x
0.046020534721687 0 0 0 1 0 0 0 0 0 0 0 1 0 0 1 1 0 1 0 0 1 x
0.019695947671702 1 0 0 0 0 0 0 0 0 1 1 0 1 1 1 0 0 1 0 1 1 x
0.065592956390046 1 0 0 0 0 0 0 1 0 0 1 1 1 0 1 1 1 0 0 1 0 x
0.049705790606326 1 0 0 0 1 0 0 0 0 1 1 1 1 0 1 0 1 0 0 1 1 x
0.068441281610379 0 1 0 0 0 0 0 1 1 0 0 1 1 1 0 1 0 1 1 0 0 x
0.055623283145126 1 0 0 0 0 0 1 0 1 1 1 0 1 1 1 1 0 0 1 0 1 x
0.073681594484848 1 0 0 0 1 0 0 0 1 0 1 0 1 1 0 0 1 0 0 1 0 x
0.044829218168489 0 1 0 0 0 0 0 0 1 0 0 1 1 0 1 1 0 0 1 1 0 x
0.041448088890921 0 1 0 0 0 0 0 0 1 1 0 1 1 1 1 0 1 1 0 1 1 x
0.056848292851825 1 0 0 0 0 1 0 0 1 0 1 1 1 1 0 0 1 0 1 0 1 x
0.080712229898046 0 0 1 0 0 1 0 0 0 0 1 1 1 0 1 0 1 0 1 0 1 x
0.062521528403667 0 1 0 0 0 0 1 0 0 1 0 0 1 1 1 0 0 1 0 1 0 x
0.082508619457889 0 1 0 0 0 1 0 0 0 0 1 1 0 1 0 0 1 1 0 0 1 x
0.043066750849844 0 1 0 0 0 0 0 0 0 0 1 1 1 1 0 0 1 0 1 1 0 x
0.122361486134776 0 1 0 0 1 1 0 0 0 1 1 1 1 1 1 1 0 0 1 1 0 x
0.096378849010382 0 0 1 1 0 0 0 0 1 0 0 1 1 1 1 1 0 0 0 1 1 x
0.077602781960636 0 0 1 1 0 0 0 0 0 1 1 1 1 1 0 1 1 0 1 0 1 x
0.064477983348537 1 0 0 0 1 0 0 0 1 1 0 1 1 1 0 0 1 1 0 0 1 x
0.076322599520232 1 0 0 1 0 0 0 0 1 0 1 1 0 1 0 1 0 1 0 0 1 x
0.099919218560287 0 0 0 1 1 0 0 0 0 0 1 1 1 1 0 1 0 1 1 0 1 x
0.043743217788049 0 1 0 0 0 1 0 0 0 1 1 1 1 1 1 1 0 1 0 1 1 x
0.098370476132555 1 0 0 1 0 0 1 0 0 1 1 0 1 1 1 0 0 0 1 1 0 x
0.074737645457565 0 1 0 0 0 1 0 0 0 1 0 1 1 0 1 1 0 1 0 1 0 x
0.128446670504855 0 0 0 1 0 1 0 1 0 0 1 1 1 1 1 1 1 1 0 0 1 x
0.064805943513719 1 0 0 0 0 1 0 0 0 0 1 1 1 0 0 1 1 0 1 0 0 x
0.043463533126200 0 1 0 0 0 0 0 0 0 1 0 1 1 0 1 0 0 1 1 1 0 x
0.140102217225251 0 1 1 0 1 0 0 0 0 1 1 1 1 1 0 1 0 0 1 0 1 x
0.072070621509176 1 0 1 0 0 0 0 0 1 0 1 1 0 1 1 0 0 0 1 0 1 x
0.064995253537197 0 1 0 0 0 1 0 0 0 1 1 1 0 1 1 1 1 0 0 1 1 x
0.167710599394988 0 1 0 1 0 1 0 0 1 1 0 1 1 1 1 0 1 1 0 0 0 x
0.087956783979256 0 0 1 0 0 1 0 0 0 0 1 1 1 1 0 1 0 1 1 1 0 x
0.034736314258972 0 1 0 0 0 0 0 0 0 0 0 1 0 0 0 1 0 0 1 0 0 x
0.041367999798872 0 1 0 0 0 0 0 0 0 0 1 0 1 0 0 1 0 0 0 1 0 x
0.048437129604407 0 0 1 0 0 0 0 1 0 0 1 1 1 1 1 1 0 1 1 0 1 x
0.032879019940774 1 0 0 0 1 0 0 0 0 1 1 1 1 1 1 0 0 1 0 1 1 x
0.054121706125385 0 1 0 0 0 1 0 0 0 1 1 1 1 1 1 0 0 1 1 1 0 x
0.057974372229383 1 0 0 1 0 0 0 0 1 1 1 1 1 1 0 1 1 0 0 0 1 x
0.040971876447214 0 0 1 0 0 0 0 0 0 0 1 1 1 1 1 0 0 1 0 1 1 x
0.023360524203100 1 0 0 0 0 0 0 0 0 1 1 0 1 0 1 1 0 0 0 1 1 x
0.045274287369235 0 1 0 0 0 0 0 0 0 1 0 1 1 0 1 1 0 0 1 1 0 x
0.063556116790773 0 0 0 1 0 0 0 1 0 0 0 1 0 1 1 1 0 1 0 0 1 x
0.043529923411683 0 0 0 1 0 0 0 0 0 0 0 1 1 1 0 1 1 0 0 1 1 x
0.054394785124029 0 0 1 0 0 0 0 0 0 1 0 1 0 1 0 0 1 0 1 1 0 x
0.064271259186941 0 1 0 0 0 0 0 1 0 1 0 1 0 1 1 0 1 1 0 1 0 x
0.039107905341495 0 1 0 0 0 0 0 0 1 0 0 1 1 0 1 0 1 0 1 0 1 x
0.066168552042013 0 1 0 0 0 0 0 0 0 1 1 0 1 1 1 0 0 1 0 1 0 x
0.098496254453484 0 0 1 0 0 1 0 0 0 0 0 1 1 0 1 0 0 0 1 1 0 x
0.053577305794054 0 0 0 1 0 0 0 0 0 0 1 1 0 0 0 1 1 1 0 0 1 x
0.022582062296826 1 0 0 0 0 0 0 0 0 1 1 0 0 1 1 1 0 0 0 1 1 x
0.080605800206609 0 0 0 1 0 0 0 0 1 0 1 0 1 1 0 1 0 1 1 1 0 x
0.046269285484064 1 0 0 0 0 0 0 0 1 0 1 1 0 0 1 0 0 1 1 0 0 x
0.076542593943196 1 1 0 0 0 0 1 0 0 1 1 1 1 0 1 0 0 1 0 0 1 x
0.027644102923278 1 0 0 0 0 0 0 0 1 0 1 0 1 1 1 0 0 1 1 0 1 x
0.087827740228833 0 0 1 0 0 1 0 0 0 1 1 0 0 1 1 1 1 0 0 0 1 x
0.089791378833282 1 0 1 0 0 0 1 0 1 1 0 1 1 1 0 0 1 0 0 1 0 x
0.030113931281291 0 0 1 0 0 0 0 0 0 0 0 1 1 1 1 0 0 0 1 1 1 x
0.022289059614291 1 0 0 0 0 0 0 0 0 1 1 0 1 1 1 0 0 0 1 1 1 x
0.034299118016067 1 0 0 0 0 0 0 0 1 0 1 1 0 1 0 0 1 1 0 0 1 x
0.132616071966253 1 0 1 1 0 0 0 1 1 1 1 1 1 1 1 0 0 1 0 1 0 x
0.032340215033964 1 0 0 0 0 0 0 1 0 0 1 1 1 1 1 0 0 1 1 1 0 x
0.064299478978050 0 0 1 0 0 0 0 0 0 0 1 0 1 0 1 1 0 1 0 1 0 x
0.051413262072484 1 0 1 0 0 0 0 0 1 1 1 1 0 1 1 1 0 0 0 1 1 x
0.034857660263169 1 0 0 0 0 0 0 0 1 1 1 0 1 1 1 1 0 0 1 1 1 x
0.045779834133723 1 0 0 0 0 0 1 0 0 1 1 0 1 1 1 0 0 1 1 0 1 x
0.037221151436879 1 0 0 0 0 0 0 0 1 0 1 0 0 1 1 0 0 0 1 0 1 x
0.031163843574814 1 0 0 0 0 0 0 1 0 0 1 1 1 1 1 0 0 0 1 1 1 x
0.107554761220477 0 0 1 1 0 0 1 0 0 1 1 1 1 1 1 1 0 0 1 0 1 x
0.042358378092217 0 0 0 0 0 1 0 0 0 0 0 0 0 0 1 1 0 0 0 1 0 x
0.069079630925043 0 0 1 0 0 0 0 0 0 1 0 1 1 1 0 0 1 1 1 0 0 x
0.036340294162680 1 0 0 0 0 0 0 1 0 1 0 1 1 1 1 0 0 1 1 1 0 x
0.077091623397414 0 1 1 0 0 0 0 0 1 0 1 1 1 0 1 0 0 1 0 0 1 x
0.053119710141690 0 1 0 0 0 0 0 1 0 0 1 1 0 0 1 1 0 1 0 0 1 x
0.044824395052836 0 1 0 0 0 0 0 0 1 0 1 0 1 0 1 0 1 1 0 0 1 x
0.056952752294109 0 0 1 0 0 0 0 1 0 0 1 1 1 0 1 1 1 0 1 0 1 x
0.047393287771519 0 1 0 0 0 0 0 0 1 0 0 1 1 0 1 0 0 1 1 0 1 x
0.027070389872700 1 0 0 0 0 0 0 0 0 1 0 1 1 0 0 0 1 1 0 0 1 x
0.054893655157000 1 0 0 0 0 0 0 1 0 1 0 0 1 1 1 0 0 1 1 0 0 x
0.069467599681992 1 0 0 0 0 1 0 1 0 1 1 1 1 1 1 1 1 1 0 0 1 x
0.037259053467991 1 0 0 0 0 0 0 1 0 0 1 1 0 1 1 0 0 1 1 0 1 x
0.060473026673113 1 0 0 0 0 1 0 0 0 1 1 1 1 1 1 0 0 1 1 1 1 x
0.029571652743660 1 0 0 0 0 0 0 0 0 1 0 1 0 1 1 0 0 1 0 1 1 x
0.020512626370802 1 0 0 0 0 0 0 0 0 1 0 1 1 1 1 0 0 1 0 1 1 x
0.053855874826311 1 0 0 0 0 0 0 0 1 1 1 1 0 0 1 1 0 0 1 1 0 x
0.098288260646949 1 0 0 0 0 1 1 0 0 0 1 1 1 0 1 0 1 1 0 0 1 x
0.099564528518881 1 1 0 0 0 0 1 0 0 1 1 0 1 1 0 0 1 0 0 1 0 x
0.071825023734542 0 0 1 0 1 0 0 0 0 1 1 1 1 1 0 1 1 0 0 1 1 x
0.100388825711579 0 0 1 0 1 0 0 1 0 0 1 1 1 1 1 0 1 0 0 1 1 x
0.048996578587805 1 0 0 0 0 0 0 1 0 0 0 1 0 1 1 0 1 0 0 1 0 x
0.020747106249032 1 0 0 0 0 0 0 0 0 0 1 0 1 1 1 0 0 0 0 1 1 x
0.071393678756524 0 1 0 1 0 0 0 0 0 1 1 1 0 1 1 1 0 0 1 0 1 x
0.091602514512848 0 1 0 0 0 1 0 1 0 1 1 1 1 1 1 1 0 1 1 0 0 x
0.027914491723523 0 1 0 0 0 0 0 0 0 1 0 1 1 1 1 0 0 0 1 1 1 x
0.116401756381260 0 1 1 0 0 1 0 0 0 1 1 1 1 1 1 1 0 0 0 1 1 x
0.098420641382293 0 0 1 0 0 1 0 0 0 1 1 0 1 1 1 0 0 1 1 0 1 x
0.038950620073912 1 0 0 0 0 0 0 1 0 0 1 1 0 1 1 0 0 0 1 1 0 x
0.114831136448601 0 1 0 1 0 0 0 0 0 0 1 1 0 0 0 1 0 0 1 0 0 x
0.042850105920871 0 0 0 1 0 0 0 0 0 0 0 1 0 0 1 0 0 1 0 1 0 x
0.051572531036937 0 0 0 1 0 0 0 0 0 0 1 0 1 1 0 1 1 0 1 0 1 x
0.065176925273600 0 0 0 1 0 0 0 0 0 0 1 1 1 1 0 0 1 0 1 1 1 x
0.091117130536856 0 1 0 1 0 0 1 0 0 1 1 1 1 1 1 1 0 0 1 0 1 x
0.034548657903582 0 1 0 0 0 0 0 0 1 0 1 1 1 0 1 1 1 0 0 1 1 x
0.053271271061218 1 0 0 0 0 0 0 1 0 1 1 1 0 1 1 0 1 0 0 1 1 x
0.030000221753458 1 0 0 0 0 0 0 1 1 0 1 1 1 1 1 1 1 0 0 1 1 x
0.129657066919121 0 1 1 0 1 0 0 0 1 1 1 1 1 1 1 0 0 1 0 1 1 x
0.057811861392201 1 0 0 0 0 1 0 0 0 1 0 0 1 1 1 0 0 0 1 0 1 x
0.052733724506566 0 0 0 0 0 1 0 0 0 0 0 1 0 0 0 1 0 1 0 1 0 x
0.045901396328474 0 1 0 0 0 0 0 0 1 0 0 0 1 0 1 1 0 0 0 1 0 x
0.044007196942961 0 1 0 0 0 0 0 0 1 0 1 1 1 0 0 1 1 1 0 0 1 x
0.067021440266315 0 0 0 1 0 0 0 0 1 0 0 1 0 0 1 1 0 1 0 1 0 x
0.056811743292880 1 0 0 0 0 0 1 0 0 0 1 1 0 0 1 0 0 1 1 0 0 x
0.052227780730762 0 0 0 1 0 0 0 0 0 0 1 1 1 0 1 0 1 1 0 1 1 x
0.051478812062117 0 1 0 0 0 0 0 1 0 1 0 1 1 1 1 0 0 1 1 1 0 x
0.138079795406512 0 0 1 0 1 1 0 0 0 0 1 1 1 1 1 1 0 0 0 1 1 x
0.029763194223091 0 1 0 0 0 0 0 0 0 0 1 1 1 0 1 1 0 1 0 1 1 x
