0.253765344619751 1 0 0 0 0 1 0 1 0 1 0 0 0 1 1 0 1 0 1 1 1
0.150255411863327 0 0 0 0 0 1 1 0 0 0 0 0 0 1 1 1 0 0 1 1 1
0.145698636770248 1 0 1 0 0 0 1 0 0 1 1 1 1 0 1 1 1 0 1 1 0
0.060273889452219 1 0 1 0 0 0 0 0 1 1 1 0 1 1 1 0 0 1 0 0 1
0.197931364178658 1 1 1 0 0 1 0 1 1 1 1 1 1 0 0 1 1 0 1 0 1
0.164244189858437 1 0 0 0 0 0 1 0 1 1 1 0 1 0 1 0 0 0 1 0 0
0.187141984701157 1 0 1 0 1 0 1 1 1 1 0 1 1 1 0 0 0 0 1 1 0
0.181810989975929 1 0 1 1 0 1 0 1 1 1 1 1 1 0 0 0 0 0 1 1 0
0.598290145397186 0 1 1 1 1 1 0 1 0 0 1 1 0 1 1 1 1 1 1 0 1
0.244039312005043 1 0 1 0 1 0 0 0 0 0 1 1 1 0 1 1 1 0 0 1 1
0.373915821313858 0 0 1 0 1 0 0 1 1 1 0 0 0 0 0 1 0 0 1 1 0
0.378176212310791 0 0 0 1 1 1 0 0 0 1 0 1 1 0 1 0 0 1 1 1 1
0.315119981765747 0 1 0 1 1 1 0 1 1 0 1 1 1 0 1 0 1 0 0 1 1
0.267204314470291 0 1 1 1 0 0 1 0 0 1 1 1 1 0 0 0 0 1 1 0 1
0.447953671216965 0 1 0 1 0 1 1 0 1 0 0 1 0 1 0 1 1 1 0 1 1
0.264833271503448 0 0 1 1 0 0 0 0 0 0 0 0 0 1 0 1 0 0 0 1 1
0.281290203332901 1 1 1 0 0 0 0 1 1 1 1 0 1 1 0 1 1 1 1 0 0
0.420266449451447 1 0 1 1 1 0 0 0 0 1 1 1 0 0 1 0 1 1 0 1 1
0.555651247501373 1 1 1 1 1 1 0 0 1 1 0 1 1 1 0 1 1 1 1 0 1
0.495356976985931 0 0 1 1 1 0 1 0 1 1 1 0 0 0 1 1 1 1 1 0 1
0.548127532005310 0 0 1 1 1 0 1 1 0 0 0 1 0 1 1 0 0 1 1 1 1
0.520246684551239 0 0 1 1 1 0 1 0 0 0 1 0 0 0 0 1 1 0 0 1 1
0.600757360458374 1 1 0 1 0 0 0 0 0 0 0 1 0 0 1 1 1 1 1 1 1
0.263725131750107 0 0 0 0 1 0 0 1 0 1 1 1 1 0 0 1 1 1 1 1 1
0.355802208185196 0 0 0 1 1 1 1 0 1 1 0 1 1 0 1 1 0 0 0 1 1
0.288927737420286 0 0 1 0 0 1 1 0 1 1 0 1 1 1 0 0 0 1 0 1 1
0.272320251968655 0 1 0 0 0 1 1 1 1 0 0 0 1 0 1 1 0 0 0 0 1
0.256002686289294 0 0 0 0 0 1 1 1 0 0 1 0 1 1 1 0 0 0 0 1 0
0.096586724613389 1 0 0 0 0 1 1 0 1 1 1 0 1 1 1 1 1 0 0 0 1
0.274229738263225 1 0 1 0 0 0 1 1 1 1 1 0 0 0 1 0 0 0 0 0 1
0.272115163130193 1 0 0 0 0 0 1 0 1 1 1 1 0 1 1 0 0 0 0 0 0
0.172016783806544 1 0 0 0 1 1 1 1 1 1 1 1 1 1 0 0 0 1 1 0 0
0.252132334131071 1 1 1 0 0 1 0 1 0 0 1 0 1 1 1 0 0 0 0 0 1
0.237329453262939 0 0 0 0 0 0 0 0 1 1 1 1 1 1 1 1 1 0 1 0 1
0.140253921574277 0 0 0 1 0 0 0 0 0 0 1 1 1 1 1 0 1 0 0 1 0
0.253524425840796 1 0 1 0 0 1 0 0 0 0 0 0 1 1 0 0 0 1 0 1 0
0.127122572842915 0 1 1 0 0 0 1 1 1 1 1 1 1 0 0 1 1 0 0 1 0
0.155380711270709 0 0 0 0 0 1 1 0 0 0 0 0 1 1 0 1 0 0 1 1 1
0.253876963082578 0 0 0 1 1 0 1 1 1 1 1 1 1 0 1 1 0 1 0 1 0
0.312803592137660 0 1 1 0 0 0 0 0 1 1 0 0 0 1 1 1 0 1 1 1 1
0.096815392887068 1 1 0 0 0 0 0 0 0 1 1 1 1 0 1 0 1 0 0 1 0
0.178146861821677 1 0 1 0 0 0 1 1 1 1 1 1 1 0 0 0 0 1 0 0 0
0.206019432234635 0 1 0 0 0 1 1 0 1 1 1 1 1 1 0 1 0 0 0 0 0
0.181145356089216 1 0 0 0 1 0 0 0 1 1 1 0 1 0 0 0 1 1 1 0 1
0.278076420024821 1 0 0 1 0 1 0 0 1 1 1 0 1 0 0 0 1 1 1 0 1
0.149072562253030 1 0 0 1 0 0 1 0 0 1 0 0 1 1 1 0 0 0 0 1 1
0.195046787133019 0 1 0 0 0 0 1 1 0 0 1 1 1 0 0 0 0 0 1 1 0
0.207142003741761 0 1 1 0 0 0 0 0 0 1 0 0 1 0 1 0 1 0 0 1 1
0.198955396133017 1 1 0 1 0 1 0 1 0 0 1 1 1 0 1 0 0 0 0 0 0
0.331931186974309 1 1 0 0 0 1 1 0 0 1 1 0 1 0 0 0 1 1 0 1 1
0.108171616796943 1 0 1 0 0 0 0 0 0 1 0 0 1 0 1 1 0 0 0 0 1
0.274083685037532 0 0 0 0 0 0 1 0 1 1 0 0 1 1 0 0 1 0 0 0 1
0.065047874144699 1 0 0 0 0 0 0 1 1 0 1 1 1 1 0 1 1 0 0 1 0
0.334436732930857 1 0 1 0 1 1 0 0 0 1 1 0 1 1 1 0 1 0 1 1 1
0.043714398566117 1 0 0 0 0 0 0 0 0 1 1 0 1 1 1 1 0 1 1 0 1
0.139545197994010 0 0 0 0 0 0 0 0 0 0 1 0 0 0 1 1 0 1 0 0 1
0.352444798275002 1 1 1 1 0 0 1 0 1 1 1 1 1 1 1 1 1 0 0 1 1
0.129713623030912 1 0 0 0 0 1 1 1 1 0 1 1 1 1 1 1 1 0 0 1 0
0.299876815573214 1 0 0 0 0 1 1 0 1 0 0 0 1 1 1 1 1 1 1 1 0
0.163343626191951 0 0 1 1 0 0 0 1 0 1 1 0 1 0 1 0 0 1 0 1 0
0.109834409267482 1 1 0 0 1 0 0 1 1 1 1 1 1 0 0 0 0 1 0 1 0
0.073305044612402 1 0 0 0 1 0 0 1 0 1 1 1 1 0 1 0 1 0 0 1 0
0.220452605313845 1 0 0 1 0 0 0 1 1 1 1 0 1 0 1 0 0 0 1 1 1
0.150093770512110 1 0 0 0 1 0 0 0 0 1 1 0 1 0 0 0 0 1 1 1 0
0.066896102093792 1 0 0 0 0 1 0 0 0 1 1 0 1 0 1 1 0 0 0 1 1
0.145342222599541 1 0 0 0 1 0 0 0 0 1 1 1 1 0 0 0 0 0 0 1 0
0.154331341955295 1 0 0 0 0 1 0 1 0 0 0 1 1 0 0 0 1 0 1 1 0
0.157631337294338 1 0 1 0 1 0 0 0 1 0 1 1 1 1 0 0 1 1 0 0 0
0.057414567071980 1 0 0 0 1 0 0 0 1 1 1 1 1 1 1 0 0 1 0 1 0
0.096379652371454 1 0 0 0 0 0 0 1 0 1 1 1 1 1 1 0 1 0 0 1 0
0.149102761400074 0 0 1 0 0 0 0 1 1 1 1 1 1 1 1 1 0 1 0 0 0
0.237290601229914 1 0 0 0 0 1 0 0 1 1 1 0 0 0 0 1 0 0 0 0 1
0.131253647640312 1 0 0 0 0 1 0 1 0 0 1 1 1 0 0 1 0 1 1 1 0
0.197668104412838 0 0 0 0 1 0 0 0 1 0 0 1 1 0 1 0 0 0 0 1 0
0.165342312226000 1 0 0 0 1 1 0 0 0 0 1 0 1 1 1 1 0 1 0 0 1
0.087287169456019 1 0 0 0 0 1 0 0 0 0 1 0 1 0 1 1 0 1 0 1 0
0.079591735291538 1 0 0 0 1 0 0 1 0 0 1 1 1 0 0 1 1 0 0 1 0
0.330311122433626 1 0 0 0 1 0 0 1 0 0 1 0 1 0 0 0 0 1 1 1 1
0.064168765226956 1 0 0 0 0 0 0 0 1 1 1 0 1 0 1 0 0 1 1 0 0
0.062964471388430 1 0 0 0 0 1 0 0 1 0 1 1 1 0 1 0 1 1 0 1 0
0.272871069391988 0 1 0 0 1 1 0 1 0 1 1 1 1 0 1 0 1 1 1 1 0
0.290301210251905 0 0 0 0 0 0 0 0 1 1 1 1 1 0 0 0 1 1 0 1 0
0.140369381056131 0 0 0 0 0 0 0 1 1 0 1 0 1 1 1 1 0 1 1 0 1
0.187084906573668 0 1 1 0 0 0 0 1 0 0 1 1 1 1 1 1 0 0 0 0 0
0.159192881965329 1 0 0 0 1 0 0 0 1 0 1 0 1 0 0 1 0 0 0 0 0
0.104760434154344 1 0 0 1 0 0 0 0 0 1 1 0 1 1 1 0 0 1 0 0 0
0.233232852905043 1 1 0 1 1 0 0 1 1 1 0 1 1 0 1 0 1 0 0 1 0
0.156279156344774 0 0 0 1 0 1 0 0 0 1 0 0 1 0 1 1 0 0 0 1 1
0.294475565981910 1 1 0 0 1 1 0 0 0 0 1 0 1 0 0 1 0 0 0 1 0
0.079769300925977 1 0 0 0 1 0 0 1 1 1 1 1 1 0 1 1 0 1 0 1 0
0.134624491418901 1 0 0 0 0 0 1 1 0 0 1 1 1 0 0 1 0 0 0 1 1
0.294638718187452 0 0 0 0 0 0 0 1 0 1 0 1 1 0 0 1 0 0 0 1 0
0.138973393105898 0 1 1 0 0 0 0 1 1 1 1 1 1 1 0 0 0 0 1 0 0
0.052351895630752 1 0 0 0 0 0 0 0 1 0 1 0 1 0 1 1 0 0 0 0 1
0.102930285080933 1 0 0 0 1 0 0 0 1 1 1 0 1 1 1 0 0 1 0 0 0
0.249842465331390 1 1 1 0 0 0 0 1 1 0 1 1 1 1 0 1 1 0 0 0 0
0.263514468650932 1 1 1 0 1 0 0 1 1 1 1 1 1 1 1 0 0 1 0 0 0
0.055746988571709 1 0 0 0 0 0 0 1 1 1 1 0 1 1 1 1 0 1 0 0 1
0.078387091154716 1 0 0 0 0 1 0 0 1 0 1 1 1 1 1 1 0 0 0 0 1
0.170064270488235 1 1 0 0 1 0 0 1 0 1 1 1 0 0 0 0 1 0 0 1 0
0.268220047096645 0 1 0 0 0 0 0 1 0 1 1 1 0 0 0 0 0 0 0 1 1
0.313848313821531 0 0 0 0 0 0 0 0 0 1 1 0 1 1 1 1 1 0 1 0 0
0.104624267586788 1 0 0 1 0 0 0 0 1 0 1 1 1 1 1 1 0 1 0 1 0
0.078414775799994 1 0 0 0 1 0 0 0 1 1 0 1 1 1 1 0 1 1 0 1 0
0.078053236556189 1 1 0 0 0 0 0 1 0 1 1 1 1 0 0 0 0 0 1 1 0
0.052018442105594 1 0 0 0 0 0 0 0 0 1 1 1 1 0 1 1 1 1 0 0 1
0.144186382179795 1 0 1 0 0 0 0 0 0 0 1 1 1 0 1 1 0 0 0 0 0
0.084197218580027 1 0 1 0 0 0 0 0 1 1 1 1 1 0 1 1 0 1 1 0 0
0.120514222032590 1 0 0 0 1 0 1 0 0 1 1 1 1 1 1 1 1 1 0 1 1
0.117591120470230 1 0 0 0 1 0 0 0 1 0 1 1 1 0 1 1 1 1 0 0 0
0.153221849209544 0 1 1 1 0 0 0 1 0 1 1 1 1 0 1 0 0 0 0 1 0
0.116214323905142 1 0 1 0 0 0 0 0 1 1 1 0 1 0 1 1 0 1 0 1 1
0.034934734884268 1 0 0 0 0 0 0 0 1 0 1 1 1 1 1 0 1 0 0 1 1
0.137228807257767 0 0 0 0 0 0 0 0 1 0 0 0 1 1 1 0 0 0 0 1 1
0.101146284475635 1 1 0 0 0 1 0 0 1 1 1 1 1 1 1 0 0 1 0 1 0
0.118440332405753 1 0 0 0 0 0 0 0 0 0 1 1 1 1 1 0 1 0 0 0 1
0.121623175046339 0 0 0 1 0 0 0 0 1 0 1 0 1 0 1 1 0 1 0 0 0
0.098330985465688 1 0 0 0 1 0 0 0 1 1 1 1 0 1 1 1 1 1 0 1 0
0.078061981086876 1 0 0 0 1 0 0 0 1 1 1 1 1 0 1 1 1 1 0 1 0
0.041125614247921 1 0 0 0 0 0 0 0 0 0 1 1 1 0 1 1 1 0 0 1 1
0.159987574521440 0 0 0 1 0 1 0 1 1 1 1 1 1 1 1 1 0 1 0 0 0
0.084682548489732 1 0 0 0 0 1 0 0 1 0 1 1 1 1 1 1 0 0 0 1 0
0.182717826354173 1 0 0 1 1 0 0 0 1 0 0 1 1 1 1 0 1 0 0 1 0
0.052512458003185 1 0 0 0 0 1 0 0 1 0 1 1 1 1 1 1 0 1 0 0 1
0.027147820702368 1 0 0 0 0 0 0 0 1 1 0 1 1 1 1 1 1 0 0 1 1
0.030759401952350 1 0 0 0 0 0 0 0 0 1 1 1 1 1 1 1 0 1 0 1 1
0.060864657288688 1 0 0 0 0 1 0 0 1 1 1 1 1 1 1 1 1 1 0 1 1
0.023193609205647 1 0 0 0 0 0 0 0 1 0 0 1 1 0 1 1 0 0 0 1 1
0.109946084600169 1 0 0 0 0 0 0 0 1 1 1 1 1 1 1 0 0 1 0 0 1
0.065133385880658 1 0 0 0 1 0 0 1 0 1 1 1 1 1 0 0 1 1 0 1 0
0.190080324011283 1 1 1 0 0 0 0 0 1 0 1 1 1 0 0 0 1 0 0 1 0
0.188639082040874 1 0 1 0 0 0 0 1 1 1 0 0 1 0 1 1 1 1 0 0 1
0.064370435700714 1 0 0 1 0 0 0 0 1 1 1 1 1 1 0 1 1 0 0 1 0
0.101764146730007 1 0 0 0 1 0 1 0 0 1 0 1 1 1 0 1 1 0 0 1 0
0.027949584012937 1 0 0 0 0 0 0 0 1 1 0 1 1 1 0 1 1 0 0 1 1
0.077903783153105 1 1 0 0 0 0 1 0 1 1 0 1 1 1 1 0 0 0 0 1 1
0.219626753920540 1 1 0 0 1 0 1 1 1 1 0 1 1 0 0 0 0 0 1 1 0
0.075047238973431 0 1 1 0 0 0 0 0 1 1 1 1 1 1 0 1 0 0 1 1 1
0.075641371406760 1 0 1 0 0 0 0 0 1 0 0 1 1 1 1 0 0 0 0 1 1
0.020786194777810 1 0 0 0 0 0 0 0 0 1 0 1 1 0 1 0 1 0 0 1 1
0.110649269835593 1 0 1 0 0 0 0 0 1 1 1 1 1 0 0 1 1 0 1 1 1
0.086253293153921 1 0 1 0 0 0 0 0 0 1 1 0 1 0 1 0 0 1 0 0 0
0.088562880190773 0 0 1 0 0 1 0 0 1 0 1 0 1 1 1 1 0 1 0 0 1
0.067877846896991 1 1 0 0 0 0 0 0 1 1 1 1 1 1 1 1 0 0 0 1 1
0.048813817904515 1 1 0 0 0 0 0 0 1 1 1 1 1 1 1 0 0 0 1 1 1
0.116260108334126 1 1 0 1 0 0 0 0 1 1 1 1 1 1 0 0 0 0 1 1 0
0.126748664079175 1 0 0 0 0 0 0 0 1 1 1 0 1 1 0 1 0 1 0 0 0
0.023122848932730 1 0 0 0 0 0 0 0 1 1 0 1 1 1 1 1 0 0 1 1 1
0.112896404362262 1 0 1 0 0 0 0 0 0 1 1 1 1 1 1 1 0 1 0 0 1
0.090078785067787 1 0 0 0 0 1 0 0 1 1 0 0 1 0 1 1 0 1 0 0 1
0.110845117396680 1 0 0 0 1 0 0 0 1 1 1 1 1 0 0 0 1 0 0 1 0
0.087741592556924 0 0 1 1 0 0 0 0 1 0 1 1 1 1 0 1 0 0 1 1 0
0.152297075598002 1 0 0 0 1 0 0 0 1 1 1 0 0 0 0 0 1 1 0 0 0
0.072403928769297 1 0 0 0 0 1 0 0 1 0 1 0 1 0 1 1 0 1 0 0 1
0.026979201865925 1 0 0 0 0 0 0 0 1 0 1 0 1 1 1 1 0 0 0 1 1
0.051175343915701 1 0 0 0 0 0 0 0 1 0 1 1 1 1 0 1 0 0 0 1 1
0.042394559875950 1 0 0 0 0 0 0 0 0 0 0 1 1 1 1 0 0 1 0 1 1
0.059315098762395 1 1 0 0 0 0 0 0 1 1 1 1 1 0 1 0 0 0 0 1 1
0.059108931923984 1 1 0 0 0 0 0 0 0 1 1 1 1 1 0 0 1 0 0 1 1
0.163181900547856 0 1 1 1 0 0 0 1 0 1 1 1 1 1 0 1 0 0 0 1 0
0.117573344605406 0 0 1 1 0 0 0 0 1 0 1 1 1 0 1 1 0 1 1 0 0
0.030513500669781 1 0 0 0 0 0 0 0 1 0 0 1 1 1 1 0 0 0 0 1 1
0.097118438327872 1 0 0 0 0 0 0 0 1 1 1 1 1 0 1 0 0 1 0 1 0
0.029522209723775 1 0 0 0 0 0 0 0 0 0 1 1 1 1 1 1 0 0 1 1 1
0.130148075052831 0 1 1 0 0 1 0 0 0 1 1 1 1 0 1 0 0 0 0 1 1
0.053688427125997 0 0 1 0 0 0 0 0 0 1 1 0 1 1 1 1 0 0 0 1 1
0.149180720771751 1 0 0 0 1 0 0 1 1 0 1 1 0 0 1 0 1 1 0 1 0
0.094121146896860 1 0 0 0 1 0 0 1 1 0 1 1 1 1 1 1 1 0 0 1 0
0.189222811337693 1 0 1 1 0 0 0 1 1 1 1 1 1 1 0 1 1 1 0 0 0
0.083396729902575 0 0 1 0 0 0 0 0 1 1 1 0 1 0 1 1 0 1 1 0 0
0.032801351018758 0 0 1 0 0 0 0 0 0 0 1 1 1 1 1 1 0 0 1 1 1
0.038467728263018 0 0 1 0 0 0 0 0 0 0 1 0 1 0 1 1 0 0 1 0 1
0.086896000642584 1 0 0 0 0 0 0 1 1 0 1 1 1 1 0 1 1 1 0 0 0
0.041695081792905 0 0 1 0 0 0 0 0 0 1 1 0 1 1 1 1 0 0 1 1 1
0.093856181414130 1 0 0 0 1 0 0 1 0 1 1 1 1 1 0 1 1 1 0 0 0
0.069927407899215 1 0 0 0 1 0 0 0 0 0 1 1 1 1 0 1 0 1 0 1 0
0.069698089504763 1 0 0 1 0 0 0 0 0 0 1 1 1 1 0 0 1 0 0 1 0
0.023154373875180 1 0 0 0 0 0 0 0 1 0 1 1 1 1 1 1 0 1 0 1 1
0.134802939955714 1 0 1 0 0 0 0 0 0 0 1 1 1 1 1 0 0 1 1 1 0
0.141781296795968 0 0 1 1 0 0 0 0 1 0 1 0 1 1 1 1 0 0 0 0 0
0.083040963107665 1 1 0 0 0 0 0 1 0 1 1 1 1 0 0 1 0 1 1 0 0
0.044250625564258 1 0 0 0 0 0 0 0 1 1 1 1 1 1 1 1 0 1 1 1 1
0.058967850592981 0 0 1 0 0 0 0 0 0 0 1 0 1 0 1 1 0 0 1 1 1
0.132414029778642 0 0 1 0 0 1 1 0 1 0 1 1 1 1 1 1 0 0 1 0 1
0.037350055773122 0 0 1 0 0 0 0 0 0 0 1 0 1 1 0 1 0 0 1 0 1
0.033270823493759 1 0 0 0 0 0 0 1 1 0 0 1 1 1 1 1 0 0 0 1 1
0.035760487806269 1 0 0 0 0 0 0 0 0 1 0 0 1 1 1 1 0 0 0 1 1
0.098384727400189 1 0 0 0 1 0 0 0 0 1 1 0 0 1 1 1 0 1 0 1 0
0.125366571215696 1 1 0 0 0 0 0 1 0 1 0 1 1 1 0 1 0 0 1 1 1
0.068149647483765 1 0 0 1 0 0 0 1 0 1 1 1 1 0 1 0 1 0 0 1 0
0.060350025448035 1 0 0 0 0 0 0 0 0 0 0 1 1 1 0 1 1 0 0 1 1
0.086123236366698 1 0 0 0 0 0 0 1 1 1 1 1 1 1 0 1 1 0 0 1 1
0.133047447137217 0 1 1 0 0 0 0 0 1 1 1 0 1 0 0 1 0 0 1 0 1
0.033838240020173 1 0 0 0 0 0 0 0 1 1 0 1 1 0 1 1 0 1 0 1 1
0.083620609419281 0 0 1 0 1 0 0 0 0 0 1 1 1 1 0 1 0 0 0 1 0
0.081892425646104 1 1 0 0 0 0 0 1 1 1 1 1 1 0 0 0 1 1 0 0 0
0.082130266511659 0 0 1 0 0 0 0 0 0 0 1 1 1 0 0 1 1 0 1 0 0
0.109503193367684 0 1 1 0 0 0 0 0 0 0 1 1 1 1 0 0 0 0 1 1 1
0.044734212291184 0 0 1 0 0 0 0 0 0 0 1 1 0 1 0 1 0 0 1 1 0
0.078462961874495 0 0 1 0 0 0 0 0 1 0 1 1 1 1 0 1 0 0 1 1 0
0.050180945194527 0 0 1 0 0 0 0 0 0 0 1 1 0 0 0 1 0 1 1 0 0
0.078008537626567 0 0 1 0 0 0 0 0 0 0 1 0 0 0 1 1 0 1 1 0 0
0.117640077069435 0 1 1 0 0 0 0 0 0 1 1 1 0 0 0 1 0 1 1 0 0
0.108944908514625 0 0 0 1 0 0 0 0 0 0 1 1 0 1 0 1 0 0 0 1 0
0.046027824671104 0 0 1 0 0 0 0 0 0 0 1 1 0 0 1 1 0 0 1 1 0
0.047265949617293 0 0 1 0 0 0 0 0 0 0 1 1 0 0 0 1 1 0 0 1 0
0.264311914533172 0 0 1 0 0 0 0 0 1 0 1 1 0 0 0 1 0 0 0 0 0
0.118674459243472 1 0 0 0 1 0 0 0 0 1 1 1 0 1 1 1 1 1 0 1 0
0.125698267339029 0 0 1 0 0 0 0 0 0 0 1 1 0 0 1 1 1 1 1 1 0
0.043044973398356 1 0 0 0 0 0 0 0 1 0 1 1 0 0 0 1 1 0 0 1 0
0.136927557761509 0 0 1 0 0 0 0 0 0 0 1 1 1 1 1 1 0 1 1 0 0
0.059358777830992 1 0 0 0 0 0 0 0 0 1 1 1 0 0 0 1 1 1 1 0 0
0.062571136620633 1 0 0 0 0 0 0 0 0 0 1 1 0 0 1 1 0 1 0 1 0
0.168017320886606 0 0 1 1 0 0 0 0 0 1 1 1 0 0 0 1 1 0 1 1 0
0.032504580315837 1 0 0 0 0 0 0 0 0 0 1 1 1 0 0 1 0 1 1 0 1
0.047589838414404 1 0 0 0 0 0 0 0 0 0 1 1 0 0 0 1 0 1 1 0 0
0.059678797088229 0 0 1 0 0 0 0 0 0 0 1 1 1 0 0 1 0 0 1 1 1
0.112766833744775 1 0 0 0 0 0 0 0 0 0 1 1 1 0 0 1 1 1 0 0 0
0.091018074420567 1 0 0 0 0 0 1 0 0 0 1 1 0 1 0 1 0 0 1 1 1
0.096712682908100 1 0 1 0 0 0 0 0 1 1 1 0 1 1 0 1 0 1 1 0 1
0.073776056987996 0 0 1 0 0 0 1 0 0 0 1 1 0 1 0 1 1 0 0 1 0
0.052628812080235 1 0 0 0 0 0 0 1 1 0 1 1 1 0 1 1 0 1 0 0 1
0.028569104678698 1 0 0 0 0 0 0 0 1 0 0 1 1 1 0 1 0 0 1 0 1
0.077547288595794 1 1 0 0 0 0 0 0 1 0 1 1 1 1 0 1 0 0 1 0 1
0.040457071020839 1 0 0 0 0 0 0 0 0 0 1 0 0 0 1 0 1 0 0 1 0
0.123464429501870 1 0 1 0 0 0 0 0 0 1 1 1 0 0 0 0 1 1 1 0 0
0.162253561561976 0 0 1 0 1 0 1 0 0 0 1 1 1 0 0 1 0 1 1 0 0
0.057148593118883 1 0 0 0 0 0 0 0 1 1 1 0 0 0 1 0 1 1 0 1 0
0.110658137794041 1 1 0 0 1 0 0 1 1 1 1 1 1 1 0 0 1 1 0 1 0
0.037165535561837 1 0 0 0 0 0 0 0 0 0 1 1 0 0 1 0 1 0 0 1 0
0.189195081756433 0 0 1 0 1 1 0 1 0 0 1 1 1 1 0 1 1 0 0 1 0
0.051542378590783 1 0 0 0 0 0 0 0 0 1 1 1 1 0 0 1 0 0 1 0 1
0.075154082304172 0 1 0 0 0 0 0 0 0 1 1 1 1 1 0 1 0 0 1 0 1
0.061687283461122 1 1 0 0 0 0 0 1 1 1 1 1 1 0 1 0 1 0 0 1 1
0.085099304595545 1 0 0 1 0 0 0 1 0 0 1 1 1 0 0 1 0 0 1 0 0
0.069579791006705 1 0 0 0 0 0 0 0 0 0 0 1 1 0 1 1 0 0 1 1 1
0.089095479337786 0 0 1 0 0 1 0 0 0 0 1 1 0 0 1 1 1 0 0 1 0
0.112121488783351 1 0 1 0 0 0 0 1 0 0 1 1 1 0 0 1 0 1 1 0 0
0.052008535673830 1 0 0 0 0 0 0 0 1 1 1 0 0 0 1 1 0 1 1 0 0
0.042475920367562 1 0 0 0 0 0 0 0 1 0 1 1 0 1 0 1 1 0 1 1 0
0.109579034402763 1 0 0 1 0 0 0 0 0 0 1 0 0 1 1 1 0 0 0 1 0
0.083583088688484 0 0 0 1 0 0 0 0 0 0 1 1 1 1 0 1 0 0 1 0 1
0.051096618185357 1 0 0 0 0 0 0 0 1 1 1 1 0 1 0 1 0 1 1 1 0
0.051048971831144 1 0 0 0 1 0 0 0 1 0 1 1 1 1 0 1 0 0 1 1 0
0.065957487709502 1 1 0 0 0 0 0 1 1 1 1 1 1 1 0 0 0 1 1 0 0
0.045773685628218 1 0 0 0 0 0 0 0 1 1 1 1 1 1 0 1 0 1 1 0 1
0.028142204296785 1 0 0 0 0 0 0 0 1 0 0 1 1 0 1 0 1 0 0 1 1
0.062499257950832 1 0 0 0 0 0 0 0 0 1 1 1 0 1 0 1 1 0 0 1 0
0.029119685482030 1 0 0 0 0 0 0 0 1 0 1 1 1 0 0 1 1 0 1 0 1
0.050755146271627 1 0 0 0 0 0 0 0 0 0 1 0 0 1 1 0 0 1 0 1 0
0.069982419599810 1 0 0 0 0 0 0 0 0 1 1 0 0 0 1 0 0 1 1 1 0
0.048327096610444 1 0 0 0 0 0 0 0 1 1 0 1 0 1 1 0 1 1 0 1 1
0.062398170150601 0 0 1 0 0 0 0 0 0 0 1 1 0 0 0 1 1 0 1 1 0
0.086989685022160 0 0 1 1 0 0 0 0 0 0 1 1 1 0 1 1 0 0 0 1 0
0.145311699058211 0 0 0 0 0 0 0 0 1 0 1 1 0 1 0 1 0 1 1 0 1
0.077728262921528 1 1 0 0 0 0 0 1 1 1 1 1 1 0 0 0 1 0 1 0 0
0.066255237719405 1 0 0 0 0 0 0 0 1 0 1 1 0 0 0 1 1 1 1 0 0
0.042101270682231 1 0 0 0 0 0 0 0 1 1 1 0 1 1 1 1 0 0 1 0 1
0.027110291937372 1 0 0 0 0 0 0 0 1 0 0 1 0 1 1 1 0 0 0 1 1
0.045019296381168 1 0 0 0 0 0 0 0 0 1 0 1 0 1 1 1 0 1 0 1 1
0.038335091058592 1 0 0 0 0 0 0 0 1 0 0 1 0 1 0 0 1 0 0 1 0
0.088534992817472 0 1 0 0 1 0 0 0 0 1 1 1 1 1 0 1 0 0 0 1 0
0.032020775514467 1 0 0 0 0 0 0 0 1 0 1 1 1 1 0 1 0 0 1 1 1
0.061192992468793 1 1 0 0 0 0 0 1 0 1 1 1 1 1 1 0 0 0 0 1 1
0.052536312654755 0 0 1 0 0 0 0 0 0 1 1 0 1 0 1 1 0 1 1 0 1
0.040341312441190 1 0 0 0 0 0 0 0 1 0 0 1 0 1 0 1 0 0 1 1 0
0.070969809680849 0 1 1 0 0 0 0 0 0 1 1 1 1 1 0 1 0 0 1 1 0
0.065168880284863 1 1 0 0 0 0 0 0 1 1 1 1 0 1 0 0 0 0 1 1 0
0.075687321550238 1 0 1 0 0 0 0 1 1 0 1 1 1 0 1 0 1 0 0 1 0
0.106390584065031 1 0 0 0 1 0 0 0 1 1 1 1 0 1 0 1 0 1 1 1 0
0.109080068482829 1 0 0 1 0 0 0 1 1 0 1 1 0 1 0 0 1 0 0 1 0
0.038900814748791 1 0 0 0 0 0 0 0 1 1 0 1 1 0 0 1 1 0 1 0 1
0.032259422217268 1 0 0 0 0 0 0 0 0 0 1 0 1 1 0 1 0 0 1 0 1
0.050774005537796 1 0 0 0 0 0 0 0 1 1 1 1 0 1 1 1 0 0 1 1 1
0.059042929724709 0 1 0 0 0 0 0 0 0 0 1 1 1 1 1 1 0 0 0 1 1
0.095490263361256 1 0 0 0 0 0 0 1 1 1 1 0 1 0 1 0 1 1 0 0 0
0.050822801516237 1 0 0 1 0 0 0 0 0 1 1 1 1 1 0 1 0 0 1 1 0
0.054144950940956 0 0 0 1 0 0 0 0 0 0 1 0 1 1 0 1 0 0 1 1 0
0.141696324075571 0 0 0 0 1 0 0 0 0 0 1 0 1 1 1 1 0 0 0 1 0
0.080341854344951 0 0 0 1 0 0 0 0 0 0 1 0 1 1 0 1 0 1 1 0 0
0.069063707654367 1 0 0 0 0 0 0 0 1 1 0 1 0 0 1 0 1 0 0 1 1
0.058427687782618 1 0 0 0 0 0 0 0 0 0 1 0 0 1 0 1 0 0 1 1 0
0.037456669822200 0 1 0 0 0 0 0 0 0 0 1 1 0 1 0 1 0 0 1 1 0
0.068720554634708 0 1 0 0 1 0 0 0 1 0 1 1 1 1 0 1 0 0 1 1 0
0.038333737501605 0 0 1 0 0 0 0 0 0 0 1 1 1 0 1 1 1 0 0 1 1
0.097608387975198 0 1 0 1 0 0 0 0 0 0 1 1 1 1 0 1 0 0 1 0 0
0.059860676620337 0 1 0 0 0 0 0 0 1 0 1 1 0 1 0 1 1 0 0 1 0
0.059870304907184 1 0 0 0 0 0 1 0 1 1 1 1 1 1 0 1 1 0 1 0 1
0.034469140490607 0 1 0 0 0 0 0 0 0 0 1 1 1 0 0 1 1 0 1 0 1
0.050141338774191 0 1 0 0 0 0 0 0 0 0 1 1 1 0 0 1 1 0 0 0 1
0.092969870769237 0 1 1 0 0 0 0 0 0 1 1 1 1 0 0 1 1 0 1 0 1
0.123815250982021 0 0 1 1 0 0 0 0 0 1 1 0 1 0 0 1 0 0 1 0 0
0.070933163090721 0 1 0 0 0 1 0 0 0 0 1 1 1 0 0 1 0 1 1 0 0
0.023756739118336 0 1 0 0 0 0 0 0 0 0 1 1 1 1 0 1 0 0 1 1 1
0.060251451470270 0 1 0 0 0 0 0 0 0 0 1 1 1 0 0 1 1 0 0 1 0
0.116306713249557 0 0 1 0 0 1 0 0 0 0 1 1 1 0 0 1 0 1 1 0 1
0.109470835388462 0 1 0 0 1 0 0 1 0 0 1 1 1 0 0 1 1 1 0 0 0
0.079983232645034 1 0 0 0 0 1 0 0 1 1 1 0 0 1 1 1 0 1 0 1 0
0.073722192412506 0 1 0 0 0 0 0 0 1 1 1 1 1 1 0 1 1 0 0 1 1
0.155217483606416 0 0 0 0 0 0 0 0 0 0 1 1 1 0 1 1 0 0 1 1 1
0.070832929405120 1 0 1 0 0 0 0 0 1 1 1 0 1 1 1 1 0 0 1 0 1
0.031320264991220 0 1 0 0 0 0 0 0 0 0 1 0 1 1 0 1 0 0 1 0 1
0.075292325039715 0 1 0 0 0 0 0 1 1 0 1 1 1 1 0 1 0 1 1 0 0
0.057318732872222 0 1 0 0 0 1 0 0 0 0 1 1 1 1 0 1 1 0 1 0 1
0.109311888527446 0 0 0 1 0 0 0 0 0 0 1 0 1 1 1 1 0 0 0 0 1
0.075258566665279 0 1 0 0 1 0 0 0 1 0 1 1 1 1 0 1 1 0 1 0 1
0.056871019874382 1 0 1 0 0 0 0 0 0 1 1 1 1 0 1 0 1 0 0 1 1
0.035389346885150 1 0 0 0 0 1 0 0 0 1 0 1 1 1 1 1 0 0 0 1 1
0.074460067769294 0 1 0 0 1 0 0 0 1 0 1 1 1 1 0 1 0 0 0 1 1
0.088545123861259 0 1 0 0 1 0 0 1 0 0 1 1 1 1 0 0 1 0 0 1 0
0.025231578713364 0 1 0 0 0 0 0 0 0 0 0 1 1 1 0 1 0 0 0 1 1
0.031780467175831 0 0 1 0 0 0 0 0 0 0 0 1 1 0 1 1 0 0 0 1 1
0.035784077001787 0 1 0 0 0 0 0 0 0 0 1 1 1 1 0 1 0 1 1 0 1
0.051760886145155 0 0 1 0 0 0 1 0 0 0 1 1 1 1 1 1 0 0 0 1 1
0.040923023047646 0 1 0 0 0 0 0 0 1 0 0 1 1 1 0 1 1 0 1 0 1
0.100201716033050 1 1 0 0 0 0 0 1 1 0 1 1 1 1 0 0 0 0 0 1 0
0.038411345165381 0 0 1 0 0 0 0 0 0 0 1 1 0 1 1 1 0 0 0 1 1
0.048528201470199 0 0 1 0 0 0 0 0 0 0 1 1 0 0 1 0 0 1 0 1 0
0.081273143819995 0 0 1 0 0 0 0 0 0 0 1 1 0 1 1 1 0 1 0 1 0
0.114783156845226 1 0 0 1 0 1 0 1 0 0 1 1 1 1 1 0 0 0 0 1 0
0.040726804240887 0 0 1 0 0 0 0 0 0 0 1 0 1 0 1 0 0 1 0 0 1
0.076567626574160 1 0 0 0 0 0 0 1 1 1 1 1 1 0 0 1 1 1 1 0 0
0.053669997385637 0 0 1 0 0 0 0 0 0 0 1 1 0 0 1 0 1 0 0 1 0
0.045854054245089 0 1 0 0 0 0 0 0 0 0 1 1 0 1 0 0 0 1 1 0 0
0.091320613866182 0 1 0 0 1 0 0 0 1 0 1 1 1 1 0 0 1 1 0 0 0
0.048089460719309 0 1 0 0 0 0 0 0 0 0 1 0 1 1 0 0 0 1 1 0 0
0.053469711013329 0 0 1 0 0 0 0 0 1 0 1 0 1 1 1 0 0 1 1 0 1
0.032807219450019 0 1 0 0 0 0 0 0 0 0 0 1 0 1 0 0 1 0 0 1 0
0.078472220600999 0 1 0 0 1 0 0 0 0 0 0 1 1 1 0 0 0 1 0 1 0
0.035993277157265 0 1 0 0 0 0 0 0 0 0 1 1 1 1 0 0 1 0 1 0 1
0.040323205317933 0 1 0 0 0 0 0 0 0 0 1 1 0 1 0 0 0 1 0 1 0
0.053398511679041 0 1 0 0 0 0 0 0 0 0 1 1 0 0 0 0 1 1 1 0 0
0.116069527132440 0 1 0 1 0 0 0 1 0 0 1 1 1 1 0 0 0 1 0 0 0
0.073502188728863 0 1 0 1 0 0 0 0 0 0 1 1 1 1 0 0 1 0 0 1 0
0.064449464956985 0 1 0 0 0 0 0 0 0 0 1 0 0 0 0 0 0 1 1 0 0
0.045357134753369 1 0 0 0 0 0 0 0 1 0 1 0 1 1 1 1 0 1 1 0 1
0.106480373090177 0 1 0 0 0 1 0 0 0 0 1 1 0 1 0 0 0 0 1 1 0
0.096579640188963 0 1 1 0 0 0 0 0 1 0 1 1 1 0 0 0 0 1 1 0 0
0.093401192576911 1 0 0 0 0 1 0 1 0 1 1 1 1 0 1 1 0 1 1 0 1
0.164752078378834 1 0 0 1 0 1 0 0 1 1 1 0 1 0 1 1 0 1 1 0 0
0.073620562120077 1 0 1 0 0 0 0 0 0 1 1 1 1 0 1 0 0 0 1 1 1
0.031733996280460 0 1 0 0 0 0 0 0 0 0 1 1 1 1 0 0 1 0 0 1 1
0.031203401350217 1 0 0 0 0 0 0 0 0 0 1 0 0 1 1 0 0 0 0 1 1
0.038968116933887 1 0 0 0 0 0 0 0 0 1 1 0 0 1 0 0 0 1 1 0 0
0.082898086984172 0 1 0 0 1 0 0 0 0 0 1 1 0 1 0 0 1 0 0 1 0
0.074124671700526 1 0 0 0 0 0 0 0 0 0 1 0 0 1 1 0 0 1 1 0 1
0.069824041051889 1 0 0 0 0 1 0 0 0 0 1 1 0 1 1 0 0 1 0 1 1
0.080367619881027 1 0 0 1 0 0 0 0 1 0 1 0 1 1 0 1 0 0 1 0 0
0.066472492017756 1 0 0 0 1 0 0 0 1 1 0 1 1 1 1 1 0 1 0 1 1
0.060111391613466 0 0 1 0 0 0 0 1 0 0 1 1 1 1 1 1 0 0 0 1 1
0.049357941020702 0 0 1 0 0 0 0 0 0 0 1 0 1 0 0 0 0 1 1 0 0
0.043720272126848 1 0 0 0 0 0 0 0 1 1 1 0 0 1 1 1 0 0 0 1 1
0.060831561444714 1 0 0 0 0 0 0 1 0 1 1 1 1 0 1 0 1 1 0 1 1
0.086013925019823 1 0 0 1 0 0 0 1 1 0 1 1 1 0 0 1 1 0 0 1 0
0.080750764747244 1 0 0 0 1 0 0 1 1 0 1 1 1 1 0 1 0 1 1 0 0
0.097575683351589 1 1 0 0 0 0 0 0 1 1 1 0 0 1 0 0 0 1 1 0 0
0.049787705042622 0 1 0 0 0 0 0 1 0 0 1 1 1 1 0 0 1 1 0 0 1
0.069445964566922 0 1 0 0 0 0 0 0 0 0 1 1 1 1 0 1 1 1 0 0 1
0.039356805535757 0 1 0 0 0 0 0 0 0 0 1 1 1 0 0 0 0 1 1 0 1
0.020100077798204 1 0 0 0 0 0 0 0 0 1 0 1 1 1 0 1 0 0 1 1 1
0.118868508993729 0 1 0 0 0 1 0 1 0 0 1 1 1 0 0 0 1 1 0 0 0
0.058122385970764 0 1 0 0 0 0 0 0 1 0 1 0 1 1 0 0 0 1 1 0 1
0.065940184567086 0 0 1 0 0 1 0 0 0 0 1 0 1 1 1 1 0 0 0 1 1
0.025963069764513 1 0 0 0 0 0 0 0 0 0 1 1 0 1 0 0 0 0 1 1 0
0.106316275653373 1 0 1 0 0 1 0 1 0 1 1 1 1 0 1 1 0 0 0 1 0
0.064850053515934 0 1 0 0 0 0 0 1 1 0 1 1 1 1 0 1 1 0 1 0 1
0.083811021073436 1 1 0 0 0 0 0 0 1 1 1 1 1 0 0 0 1 1 1 0 1
0.039271378568398 1 0 0 0 0 0 0 1 0 0 1 1 1 1 0 1 0 0 1 0 1
0.096359546080515 1 0 0 0 0 1 0 1 1 0 1 1 1 1 1 0 0 1 0 1 1
0.051924776153415 1 0 0 0 0 1 0 0 1 1 1 1 1 1 0 1 1 0 1 0 1
0.078109167469773 1 1 0 0 0 0 0 0 0 1 1 1 1 1 0 0 0 1 1 1 0
0.064971211477956 0 0 1 0 0 0 0 1 0 0 1 1 1 0 1 0 1 1 0 0 1
0.022289059614291 1 0 0 0 0 0 0 0 0 1 1 0 1 1 1 0 0 0 1 1 1
0.114553579181805 1 0 0 1 0 0 0 1 0 1 1 0 1 1 0 0 0 0 1 0 0
0.067331562397180 1 0 1 0 0 0 0 0 0 1 1 1 1 1 0 1 0 0 1 1 0
0.195241728513178 0 0 1 1 0 1 0 0 0 0 1 0 1 0 1 0 0 1 0 0 0
0.035339379031919 0 0 1 0 0 0 0 0 0 0 1 1 1 0 1 1 0 1 0 1 1
0.048063707290592 1 0 0 1 0 0 0 0 1 1 1 1 1 1 0 0 1 0 1 1 0
0.046688761743353 1 0 0 0 0 1 0 0 0 1 1 1 1 1 1 0 0 0 1 1 1
0.082395567576222 1 0 0 1 0 0 0 0 1 1 1 0 1 1 1 0 0 0 0 1 0
0.060694601592852 0 0 1 0 0 0 0 0 0 0 1 1 1 0 0 1 1 1 1 0 1
0.053820781773901 1 0 0 0 0 1 0 0 0 1 1 1 1 0 1 0 1 0 0 1 1
0.067667879282278 0 0 1 0 0 0 0 1 0 0 1 0 1 1 1 0 0 1 0 0 1
0.102143303293263 1 1 0 0 0 0 0 1 0 1 0 1 1 0 0 0 1 0 0 0 1
0.035501121990442 1 0 0 0 0 1 0 0 0 0 1 1 1 1 0 1 0 0 1 0 1
0.063468862329881 1 0 0 0 0 0 0 0 0 0 1 0 0 0 0 0 0 1 1 0 0
0.068977785890693 0 0 1 1 0 0 0 0 0 1 1 1 1 1 1 1 0 0 1 1 1
0.037966168303686 0 1 0 0 0 0 0 0 0 0 0 1 1 1 0 1 0 0 1 0 1
0.111827869595611 0 1 1 0 0 0 0 1 1 0 1 1 1 0 1 0 1 1 0 0 1
0.048427516699733 1 0 0 0 0 0 0 0 1 1 1 0 0 1 1 1 1 1 0 0 1
0.073652467339650 0 1 0 0 0 1 0 0 1 0 1 1 1 1 0 1 0 0 1 0 1
0.033068346363819 0 1 0 0 0 0 0 0 0 0 1 1 0 1 0 1 1 0 0 1 1
0.046939404355940 1 0 0 1 0 0 0 0 1 1 1 1 1 1 0 1 1 0 1 0 1
0.026411901855606 1 0 0 0 0 0 0 0 0 1 1 0 0 1 1 0 1 0 0 1 1
0.033874729827618 1 0 0 0 0 0 0 0 0 1 1 1 1 1 0 0 1 0 1 1 1
0.034748701166085 0 1 0 0 0 0 0 0 0 0 1 0 0 1 0 0 1 0 0 1 0
0.079457352741682 0 0 1 0 0 0 0 1 0 0 1 1 1 0 0 1 0 1 1 0 0
0.092619359780483 0 1 0 1 0 0 0 0 1 1 1 0 1 1 0 1 0 0 1 1 0
0.060110240387092 0 1 0 0 0 0 1 0 0 0 1 1 0 1 0 1 1 0 0 1 0
0.068349429829791 0 0 0 1 0 0 0 0 1 0 1 0 1 1 0 1 1 0 1 0 1
0.099137775156178 0 1 0 1 0 0 0 0 1 0 1 0 1 1 0 0 1 0 0 0 1
0.041156659838189 1 0 0 1 0 0 0 0 0 1 1 1 1 1 1 0 1 0 0 1 1
0.135020500928553 1 0 0 1 0 1 0 1 0 1 1 1 1 1 1 1 1 0 0 0 1
0.019695947671702 1 0 0 0 0 0 0 0 0 1 1 0 1 1 1 0 0 1 0 1 1
0.098941065755294 0 1 0 1 0 0 0 1 1 1 1 1 1 1 0 0 1 1 1 0 0
0.058625835424285 1 0 0 0 0 1 0 0 0 1 1 1 0 1 0 1 0 1 1 0 0
0.071481500681731 1 0 0 1 0 0 0 0 1 1 1 0 1 0 1 1 1 0 0 0 1
0.082002444422014 0 0 1 0 1 0 0 0 1 0 1 1 1 1 1 0 0 1 0 1 0
0.146130506231857 0 0 1 1 0 1 0 0 1 1 1 1 1 1 1 1 0 0 1 1 0
0.152460995712009 0 0 0 1 1 0 0 1 1 0 1 1 1 1 0 1 1 1 0 0 0
0.097218367329775 1 0 0 0 0 1 0 0 1 0 0 1 0 0 1 1 1 0 0 1 0
0.048984945987542 0 0 1 0 0 0 0 0 0 1 0 1 1 1 0 1 0 0 1 1 1
0.073530705280401 0 0 0 1 0 0 0 0 1 0 1 0 1 1 1 1 0 0 0 1 1
0.039481310170471 0 0 1 0 0 0 0 0 0 0 1 0 1 1 1 0 0 0 0 1 1
0.082645795868602 1 0 0 1 0 0 0 0 0 1 1 1 0 1 0 0 1 0 1 1 0
0.035773955279338 0 1 0 0 0 0 0 0 0 0 1 0 0 1 1 0 0 0 0 1 1
0.071647107090941 0 1 0 1 0 0 0 0 0 1 1 0 1 1 1 0 0 0 0 1 1
0.056036659632714 0 1 0 0 0 1 0 0 0 0 1 0 1 1 1 1 0 0 0 1 1
0.091377059643158 0 1 0 0 1 0 0 0 1 0 0 1 1 1 0 1 1 0 0 1 0
0.024970799200586 0 1 0 0 0 0 0 0 0 0 1 0 1 1 0 1 0 0 0 1 1
0.035194758948782 0 1 0 0 0 0 0 0 0 0 0 1 1 0 0 0 0 1 1 0 0
0.099636791094773 0 1 0 0 0 0 0 0 0 0 0 0 1 1 0 0 0 0 1 1 1
0.119447594807384 0 1 0 1 0 0 0 1 1 1 1 0 1 1 1 0 0 1 0 0 0
0.057116174158445 1 1 0 0 0 0 0 0 1 1 1 0 1 1 1 0 0 0 0 1 1
0.037769105604343 0 1 0 0 0 0 0 0 0 0 0 0 0 1 0 1 0 0 0 1 0
0.066196489115469 0 1 0 0 0 0 0 0 0 0 1 0 0 1 0 0 0 0 0 1 0
0.049803247203684 0 1 0 0 1 0 0 0 0 1 1 1 1 1 1 0 0 1 0 1 1
0.030460357479946 0 1 0 0 0 0 0 0 0 0 1 0 1 1 1 0 0 1 0 1 1
0.058007974162393 0 1 0 0 0 0 0 0 0 0 0 1 0 1 1 0 0 1 0 1 1
0.044839163159276 0 0 1 0 0 0 0 0 0 0 1 1 1 1 0 0 0 1 1 0 1
0.096681483749563 0 0 1 0 1 0 0 0 0 1 1 1 1 1 0 0 0 1 1 1 0
0.061035206976323 0 1 0 0 0 0 0 0 0 0 0 1 0 0 0 1 0 1 0 1 0
0.041368417607328 0 0 1 0 0 0 0 0 0 0 0 1 1 0 0 0 0 1 1 0 0
0.104493197890897 1 0 1 0 0 1 0 0 1 1 1 1 1 1 1 0 1 1 0 0 1
0.081393986520341 0 1 0 0 1 0 0 0 1 1 1 0 1 1 1 0 0 1 0 1 0
0.053424621025337 0 0 1 0 0 0 0 0 1 0 1 0 1 1 1 0 1 1 0 0 1
0.048684659689238 0 1 0 0 0 0 0 0 0 1 1 0 0 1 1 0 0 1 0 1 1
0.029542025828422 1 0 0 0 0 0 0 0 0 0 0 1 1 1 0 0 0 0 1 1 0
0.038412208445523 1 0 0 0 0 0 0 0 1 1 0 1 1 1 0 0 1 0 1 1 0
0.051435913986222 0 1 0 0 0 0 0 0 0 0 1 0 0 1 0 0 1 1 0 0 1
0.050282358810687 0 1 0 0 0 0 0 0 0 0 1 0 1 0 1 0 1 1 0 0 1
0.040225398502090 0 0 1 0 0 0 0 0 0 0 1 1 1 0 1 0 0 1 1 0 1
0.041109266665285 0 0 1 0 0 0 0 0 0 0 0 1 1 0 0 1 0 0 1 1 0
0.049222766990747 0 1 0 0 0 0 0 0 1 0 0 1 1 0 0 0 1 1 0 0 1
0.054301659768271 1 0 0 0 0 1 0 0 0 0 1 1 1 1 0 0 0 1 1 0 0
0.111116854295729 0 1 1 0 0 1 0 0 0 1 1 1 1 1 0 1 0 0 1 0 1
0.096787601381302 0 0 1 1 0 0 0 0 1 1 1 0 1 1 1 0 0 1 0 0 1
0.095569274512753 0 1 0 0 0 0 0 0 0 0 1 0 0 1 1 0 1 1 0 1 1
0.056749524865546 0 1 0 0 0 1 0 0 0 0 1 0 1 1 1 0 0 1 0 0 1
0.074828344107704 0 0 1 0 0 0 0 0 0 1 1 1 1 1 1 0 0 1 0 1 1
0.072536493930807 1 1 0 0 0 0 0 0 1 1 0 1 1 1 0 0 1 0 0 1 1
0.057708326093097 0 0 0 1 0 0 0 0 0 0 0 1 1 1 0 1 0 0 1 1 0
0.129814520799042 0 0 1 1 0 0 0 1 1 1 1 1 1 1 0 1 1 0 1 0 1
0.094165133737938 1 1 0 0 0 0 0 0 0 1 1 0 1 0 1 0 0 1 0 0 1
0.030151810846735 0 1 0 0 0 0 0 0 0 0 0 1 1 0 1 0 0 1 0 0 1
0.056658822094564 0 1 0 0 0 0 0 0 1 1 0 0 1 1 1 0 0 1 0 0 1
0.067314779471301 0 1 0 0 1 0 0 0 0 0 1 1 1 0 1 0 0 1 0 1 0
0.027920438262791 0 1 0 0 0 0 0 0 0 0 0 0 1 1 0 0 1 0 0 0 1
0.035890728699682 0 0 1 0 0 0 0 0 0 0 0 1 1 1 0 0 1 0 1 0 1
0.037273639039522 0 0 1 0 0 0 0 0 0 0 1 0 1 1 0 0 1 0 1 0 1
0.048614867986586 1 0 0 0 0 0 1 0 1 1 0 1 1 1 1 1 0 0 0 1 1
0.040561613816983 0 1 0 0 0 0 0 0 0 0 0 1 1 0 0 0 1 1 0 0 1
0.042486369867351 0 0 1 0 0 0 0 0 0 0 0 1 1 0 0 0 1 0 0 1 0
0.070895430860083 1 0 1 0 0 0 0 0 0 1 0 1 1 1 0 0 0 0 1 0 1
0.104263733007198 0 1 1 0 0 0 0 0 0 0 1 0 1 1 0 0 1 0 0 0 1
0.064404327634791 1 0 0 0 0 0 0 1 0 1 0 1 0 1 0 0 0 1 1 0 0
0.048510799988654 0 1 0 0 0 0 0 0 1 0 0 0 1 0 1 1 0 1 0 0 1
0.043799093812471 0 1 0 0 0 0 0 0 1 0 0 0 1 1 0 1 1 0 0 0 1
0.056626401937752 0 0 1 0 0 0 0 0 0 0 0 1 1 0 1 1 0 1 0 0 1
0.060906182493103 0 1 0 0 0 0 0 1 0 0 0 1 0 1 0 0 1 1 0 0 0
0.050068140804776 0 0 1 0 0 0 0 0 0 0 1 1 1 1 0 0 1 0 0 1 1
0.047154601721496 0 1 0 0 0 0 0 0 1 0 0 1 1 0 1 0 0 1 0 1 0
0.031735817461069 1 0 0 0 0 0 0 0 0 1 0 1 0 1 1 0 0 0 1 1 0
0.066828217800909 0 1 0 0 0 0 0 0 1 0 0 0 1 0 1 0 0 1 0 0 0
0.066015153267420 0 1 0 1 0 0 0 0 1 1 1 1 1 0 1 1 0 1 0 0 1
0.095273088062014 0 1 0 1 0 0 0 0 1 0 1 1 1 0 0 1 0 1 1 0 0
0.071545084735936 0 1 0 0 0 1 0 0 1 1 1 1 1 1 1 1 0 1 0 1 1
0.038782991661220 0 1 0 0 0 0 0 0 1 0 1 1 1 0 1 1 0 1 1 0 1
0.039498335361702 0 1 0 0 0 0 0 0 1 0 1 1 1 0 1 1 0 1 0 1 1
0.041386592180433 0 1 0 0 0 0 0 0 1 0 0 1 1 0 1 0 1 1 0 0 1
0.077392309624456 1 1 0 0 0 0 0 1 1 1 0 1 1 0 1 0 0 1 0 1 0
0.062675122580196 0 0 1 0 0 0 0 0 0 0 0 1 0 1 0 1 1 0 0 1 0
0.072373207530346 0 1 0 0 1 0 0 0 1 1 1 1 1 0 1 1 0 1 0 0 1
0.053138522555347 1 0 0 1 0 0 0 0 1 1 0 1 1 1 1 1 0 0 0 1 1
0.110908146308458 1 0 1 1 0 0 0 0 1 1 1 1 1 1 0 0 0 0 1 1 0
0.059955754239388 1 0 0 0 1 0 0 1 0 1 1 1 1 1 0 1 0 0 1 1 0
0.065151503132278 0 1 0 1 0 0 0 0 1 1 1 1 1 1 0 1 1 0 1 0 1
0.125203285655423 1 0 1 0 0 1 0 0 0 1 1 0 1 0 1 0 0 0 1 0 0
0.045757078813989 0 1 0 0 0 0 0 0 0 1 1 1 0 1 0 1 0 1 1 1 0
0.066616642129843 0 1 0 0 0 0 0 0 1 1 0 1 1 0 0 1 0 1 1 0 0
0.034353364794371 0 0 1 0 0 0 0 0 0 0 0 0 1 1 1 0 0 0 1 0 1
0.065277232194993 1 0 0 0 0 0 0 0 1 1 0 0 0 1 0 0 1 1 1 0 0
0.044608456995809 0 0 1 0 0 0 0 0 0 0 0 1 1 0 1 0 0 1 0 1 0
0.072356624413343 0 1 0 0 0 1 0 0 0 1 0 1 1 1 0 0 0 1 1 0 0
0.091657291176441 0 0 0 1 0 1 0 0 0 0 0 0 1 1 0 1 0 0 1 0 0
0.084017300778795 0 0 0 1 0 1 0 0 0 0 1 1 1 1 0 1 0 0 1 1 0
0.016420607128950 1 0 0 0 0 0 0 0 0 1 0 1 1 1 1 0 0 0 1 1 1
0.044990827774405 0 0 1 0 0 0 0 0 0 0 0 1 1 0 1 0 1 0 0 0 1
0.076352294254233 1 0 0 0 0 1 0 1 0 0 0 1 1 1 0 1 0 0 1 0 0
0.039857737424897 1 0 0 0 0 0 0 0 1 1 1 0 1 0 1 1 1 1 0 0 1
0.045556666077732 0 0 1 0 0 0 0 0 1 0 0 1 1 1 1 1 0 0 0 1 1
0.054976365450196 0 0 0 1 0 0 0 0 0 1 1 0 1 1 1 1 0 1 0 1 1
0.089858296753357 1 0 1 0 0 0 1 1 0 1 1 1 1 1 0 0 0 0 1 1 0
0.135340821783740 0 1 0 1 1 0 0 0 1 1 1 1 1 1 0 1 0 1 0 1 0
0.064126178698427 0 0 1 0 0 0 1 0 0 0 0 1 1 1 0 1 0 0 1 1 0
0.041407270665534 0 1 0 0 0 0 0 0 0 1 0 0 0 1 1 1 0 0 0 1 1
0.042454865213351 1 0 0 0 0 0 0 0 1 1 0 1 1 0 1 1 1 1 0 0 1
0.083415210183612 1 0 0 1 0 0 0 1 1 1 1 1 1 1 1 1 1 1 0 0 1
0.075765829196527 0 1 0 0 1 0 0 0 0 1 1 1 1 1 0 1 0 0 1 1 1
0.069810731813555 0 1 0 1 0 0 0 0 0 1 1 1 1 0 1 0 1 1 0 0 1
0.075987988666442 0 1 0 0 0 0 0 0 0 0 1 0 0 1 0 1 1 0 1 0 1
0.186460635480152 0 0 0 0 0 0 0 0 0 0 0 1 0 1 0 1 0 1 1 1 0
0.102688996258084 0 0 1 1 0 0 0 0 0 0 0 1 1 1 0 0 1 0 1 0 0
0.072794435444475 0 1 0 0 0 1 0 0 0 1 0 1 0 1 1 1 0 1 0 0 1
0.143869465452047 0 1 0 1 0 1 0 0 0 1 0 1 1 1 1 0 0 1 0 0 0
0.039439414006593 0 0 1 0 0 0 0 0 0 0 0 1 0 0 1 1 0 0 0 1 0
0.090902916792342 1 0 1 0 0 0 0 1 0 1 0 1 1 0 1 0 0 0 0 1 0
0.096441575297800 0 1 0 0 0 1 0 0 0 1 1 0 0 1 0 1 0 1 0 0 0
0.037863027599994 1 0 0 1 0 0 0 0 0 1 1 1 1 1 1 0 0 1 0 1 1
0.064350735419698 1 1 0 0 0 0 0 0 1 1 1 1 0 1 1 0 0 1 0 1 1
0.090496086148648 0 1 0 1 0 0 0 0 0 1 0 1 1 0 0 1 1 0 0 0 1
0.048806356149447 0 0 1 0 0 0 0 0 0 0 1 1 1 0 0 0 1 1 0 1 0
0.119542321117267 1 1 0 0 0 0 0 0 0 1 0 1 0 1 1 0 0 0 0 1 1
0.034520491236304 0 1 0 0 0 0 0 0 1 1 0 1 1 1 1 1 0 1 0 1 1
0.094777364264587 1 0 0 1 0 0 0 1 1 1 0 1 1 1 0 1 1 0 1 0 0
0.033656071291068 0 1 0 0 0 0 0 0 0 1 0 1 1 0 1 1 0 1 0 1 1
0.066439138659115 0 1 0 1 0 0 0 0 0 1 1 1 1 0 1 0 0 1 0 1 0
0.082963587540554 0 1 0 1 0 0 0 1 0 1 1 1 1 1 1 1 0 1 0 1 1
0.076702701154434 0 1 1 0 0 0 0 0 1 1 1 1 1 0 1 1 0 1 0 1 0
0.048485624430332 1 0 0 0 0 1 0 0 0 1 0 1 1 1 0 1 0 0 1 1 0
0.099709239778011 0 0 1 0 1 0 0 0 0 1 0 1 1 0 1 1 0 1 0 1 0
0.059886979390089 0 1 0 0 0 1 0 0 0 0 0 1 1 1 0 0 1 0 0 0 1
0.045117831483120 0 1 0 0 0 0 0 0 1 0 1 0 0 1 1 1 0 1 0 0 1
0.107907087954773 0 1 0 0 1 0 0 1 1 1 0 1 1 1 1 0 0 1 0 0 1
0.061295930006590 0 1 0 0 0 0 1 0 0 1 1 0 1 1 1 1 0 1 0 1 1
0.033791323182423 0 1 0 0 0 0 0 0 1 0 0 0 1 1 1 1 0 0 0 1 1
0.043551540559378 1 0 0 0 0 0 0 0 1 0 1 0 0 1 1 0 1 0 0 1 0
0.064033817658075 1 0 0 1 0 0 0 0 0 1 1 1 1 0 1 1 0 1 0 1 1
0.049164191093493 0 1 0 0 0 0 0 0 0 1 1 1 0 0 1 1 0 1 0 1 0
0.043155925831972 1 0 0 0 0 0 0 0 0 0 1 0 1 0 1 1 0 0 1 0 1
0.087833293304757 0 1 0 1 0 0 0 0 0 1 0 1 1 1 0 1 0 0 1 1 0
0.033162291578045 0 1 0 0 0 0 0 0 1 0 0 1 0 1 1 1 0 0 0 1 1
0.051604915299345 0 0 1 0 0 0 0 0 0 1 0 1 1 0 1 1 0 0 1 1 0
0.080109110892012 0 0 1 0 1 0 0 0 0 0 0 1 1 1 1 0 0 0 0 1 0
0.038950620073912 1 0 0 0 0 0 0 1 0 0 1 1 0 1 1 0 0 0 1 1 0
0.090795724369555 1 0 0 0 0 0 0 1 1 1 1 1 0 1 0 0 1 1 1 0 0
0.115959243623406 1 1 0 1 0 0 0 1 1 1 1 1 1 0 1 0 1 0 0 0 1
0.066933045546771 1 1 0 0 0 0 1 1 1 1 1 1 1 1 0 1 0 0 1 1 0
0.083524250297497 0 0 1 0 0 1 0 0 0 1 0 0 1 1 1 1 0 0 1 0 1
0.059254653870356 1 0 0 0 0 1 0 0 0 1 0 1 1 0 1 0 0 1 1 0 0
0.042912126822572 1 0 0 0 0 1 0 0 0 1 0 1 1 1 0 1 0 0 1 0 1
0.027393261701237 1 0 0 0 0 0 0 1 0 0 1 1 0 1 1 1 0 0 0 1 1
0.054602576680544 0 1 0 0 0 0 0 1 0 0 1 1 0 1 0 1 0 1 0 1 0
0.106042387624515 0 1 1 0 0 0 1 0 1 1 1 1 1 1 1 1 0 0 1 1 1
0.066207902176778 1 0 0 0 1 0 0 1 0 0 1 1 1 1 1 0 0 1 0 1 0
0.079987993077402 1 0 0 1 0 0 0 0 1 1 1 0 1 1 1 1 0 1 0 1 1
0.062054056808999 0 1 0 0 1 0 0 0 0 1 1 1 1 1 0 1 0 1 0 1 1
0.039431954839391 1 0 0 0 0 0 0 0 0 1 0 1 1 0 0 0 0 1 1 0 0
0.057338484602116 1 0 0 0 0 0 0 1 1 0 1 1 0 1 1 1 0 1 0 1 1
0.080368323832463 1 0 0 1 0 0 0 0 0 1 0 1 1 0 0 0 1 0 1 0 0
0.052634731701184 0 0 0 1 0 0 0 0 1 0 0 0 1 1 1 1 0 0 1 0 1
0.091779525810864 0 0 0 1 0 0 0 0 1 1 1 0 1 1 1 1 0 1 1 0 1
0.056419207239075 0 1 0 0 0 0 1 0 0 1 0 1 1 1 0 1 1 0 0 1 1
0.088663770019868 0 0 1 1 0 0 0 0 1 1 0 1 1 1 1 1 0 0 1 0 1
0.037985376878015 0 1 0 0 0 0 0 0 0 0 1 0 0 1 1 1 0 0 0 1 1
0.045827450352097 0 1 0 0 0 1 0 0 0 1 0 1 1 1 1 1 0 0 0 1 1
0.056048913525806 0 1 0 0 0 0 0 0 1 1 0 1 0 1 1 1 0 1 0 1 0
0.061829860798791 1 0 0 0 1 0 0 0 0 1 0 1 1 1 0 0 0 1 1 0 0
0.073693478203642 0 0 1 0 0 1 0 0 0 0 0 1 1 0 1 1 0 0 0 1 0
0.140502818727795 0 1 1 0 0 0 0 1 1 1 1 1 1 0 0 1 0 1 1 1 0
0.037196724716546 1 0 0 0 0 0 0 1 0 1 1 1 1 1 1 1 0 0 1 1 1
0.045971155862058 0 1 0 0 0 0 0 0 0 1 1 1 1 0 0 1 1 1 1 0 1
0.055026813754862 0 1 0 0 0 0 0 0 1 0 0 1 1 1 1 0 0 1 0 0 1
0.058532045471632 0 1 0 0 0 0 0 0 1 1 0 1 0 0 1 1 0 1 0 0 1
0.071145283869210 0 0 1 0 0 0 0 0 1 0 0 1 1 0 1 1 1 0 0 1 0
0.097313860689216 0 0 1 1 0 0 0 0 0 0 1 0 1 1 1 0 0 0 1 0 1
0.101423048361525 1 1 0 0 0 1 0 0 1 1 1 1 1 1 0 0 1 0 1 0 0
0.044656834849833 0 1 0 0 0 0 0 0 0 1 0 1 0 0 1 0 0 1 1 0 0
0.046407513081413 0 0 1 0 0 0 0 0 1 0 0 0 1 1 1 1 0 0 1 0 1
0.119741796413846 0 1 0 1 0 0 0 0 1 0 0 1 1 0 0 0 1 0 1 0 0
0.073550214173621 0 1 0 0 0 0 0 0 0 1 0 1 1 0 0 0 1 1 0 0 0
0.049244688871226 0 0 0 1 0 0 0 0 0 1 0 0 1 1 1 1 0 0 1 1 1
0.056274042437025 1 0 0 0 0 0 0 0 0 1 0 0 0 0 1 0 0 1 1 0 0
0.035308389279235 0 1 0 0 0 0 0 0 0 1 0 1 1 0 1 0 0 1 1 0 1
0.018241804666912 1 0 0 0 0 0 0 0 0 0 1 1 1 0 1 0 0 1 0 1 1
0.052147267944071 1 0 0 0 0 0 0 1 0 1 0 1 0 0 1 1 1 0 0 1 0
0.103939778007850 0 1 0 1 0 0 0 1 0 1 1 1 1 0 1 1 0 1 1 0 0
0.049435037128090 0 0 1 0 0 0 0 1 0 0 0 1 1 1 1 1 0 0 1 0 1
0.090725823461392 1 1 0 0 0 0 0 0 1 0 1 1 1 0 1 0 0 1 0 1 1
0.062643564713883 1 0 1 0 0 0 0 0 1 0 1 1 1 0 1 0 0 1 0 0 1
0.056064663462710 0 1 0 0 0 0 0 1 0 0 0 1 0 1 0 1 1 0 0 1 0
0.035346792094699 1 0 0 0 0 0 0 0 1 0 1 0 1 1 0 1 1 0 1 0 1
0.067715730105045 0 0 0 1 0 0 0 1 0 0 0 0 0 1 1 1 0 0 0 1 0
0.067315480659094 0 0 1 0 0 0 0 1 0 0 0 1 0 1 1 1 0 0 0 1 0
0.079689249169017 0 1 0 0 1 0 0 0 0 0 1 0 1 1 0 0 1 0 0 0 1
0.032879019940774 1 0 0 0 1 0 0 0 0 1 1 1 1 1 1 0 0 1 0 1 1
0.044794362513960 0 0 0 1 0 0 0 0 0 0 0 0 1 1 1 1 0 0 0 1 1
0.099116349421280 1 0 1 0 0 0 0 0 0 0 1 1 1 0 0 0 0 0 1 1 0
0.079433462802300 1 0 0 0 0 0 0 1 0 0 0 1 0 0 1 0 0 0 0 1 0
0.066168766478790 0 0 0 1 0 0 0 0 0 1 0 0 0 1 1 1 0 0 0 1 0
0.116078114900556 0 0 1 1 0 0 0 1 0 1 0 1 1 1 1 0 0 0 1 0 0
0.025252082197533 1 0 0 0 0 0 0 0 0 1 1 1 0 1 1 0 0 1 0 1 1
0.044935338951392 0 0 1 0 0 0 0 0 0 0 0 0 1 0 1 1 0 0 0 1 0
0.083058879378874 0 1 0 0 0 0 0 1 1 1 1 1 0 1 1 1 1 1 0 0 1
0.065197795294377 0 0 1 0 0 0 0 1 0 0 0 0 1 1 0 0 1 0 1 0 0
0.049506005647881 1 0 0 0 0 1 0 0 0 1 1 1 1 0 1 1 0 1 0 1 1
0.078543786657129 0 0 1 0 0 0 0 1 0 0 1 1 1 1 0 0 1 0 1 0 1
0.043561485923488 1 0 0 0 0 0 0 0 0 1 0 1 1 1 0 1 1 0 1 0 1
0.029402610914967 0 1 0 0 0 0 0 0 0 0 0 0 0 1 1 0 0 0 0 1 0
0.090594864012666 0 1 0 1 0 0 0 1 0 1 1 1 0 1 1 1 0 0 0 1 0
0.072076095579817 0 1 0 0 0 0 1 0 0 0 1 0 1 1 0 0 1 0 0 0 1
0.065677397053777 0 0 1 0 0 0 0 0 1 0 1 1 1 0 1 0 1 1 0 0 1
0.072870655481549 1 0 1 0 0 0 0 0 1 1 0 1 1 1 0 0 0 1 1 0 0
0.072651316508141 0 1 0 0 0 1 0 0 0 0 0 1 0 1 1 1 0 0 0 1 0
0.053204963310548 1 0 0 0 0 0 0 0 1 0 1 1 0 1 0 0 1 1 0 1 1
0.039175609803991 1 0 0 1 0 0 0 0 0 1 1 1 1 1 1 0 0 0 1 1 1
0.054067812299875 0 1 0 0 0 0 0 1 0 0 0 0 0 1 1 0 1 0 0 0 1
0.051464871287273 0 1 0 0 0 0 0 0 1 0 1 0 0 1 0 1 0 1 0 1 0
0.032231749526426 0 1 0 0 0 0 0 0 0 0 0 1 0 0 1 0 1 0 0 0 1
0.073035855886451 0 1 0 0 0 1 0 0 0 1 0 1 1 0 1 0 1 0 0 0 1
0.050496898473059 0 1 0 0 0 1 0 0 0 0 0 1 1 1 1 0 0 0 1 0 1
0.044860257415445 1 0 0 0 0 1 0 0 1 0 0 1 1 1 1 1 0 0 0 1 1
0.060524200569426 0 1 0 0 0 0 0 0 0 0 1 0 1 1 0 1 0 1 0 1 0
0.036827924646218 0 1 0 0 0 0 0 0 0 0 0 1 1 0 1 0 1 0 0 1 1
0.062380195889819 1 1 0 0 0 0 0 0 1 1 1 1 1 0 0 1 1 0 1 0 1
0.032152390566616 0 0 1 0 0 0 0 0 0 0 0 1 0 1 1 0 0 0 1 0 1
0.025644627971376 1 0 0 0 0 0 0 0 0 1 1 1 1 0 1 1 0 1 1 0 1
0.090331208863291 0 0 1 0 0 1 0 0 0 0 0 1 0 1 1 1 0 0 1 0 1
0.041281128019520 0 0 1 0 0 0 0 0 0 0 0 1 0 1 1 0 0 0 1 1 0
0.050745279818313 0 1 0 0 0 0 0 1 0 0 0 1 1 0 1 0 1 0 0 0 1
0.050910368387647 0 0 0 1 0 0 0 0 0 0 0 1 0 1 1 1 0 0 1 0 1
0.048355692077357 0 0 1 0 0 0 0 0 0 0 0 1 0 0 1 1 0 0 1 0 1
0.067279033151192 0 0 0 1 0 0 0 1 0 0 0 1 0 1 1 1 1 0 0 0 1
0.055738889302654 0 0 1 0 0 0 0 0 0 1 0 1 0 0 1 0 0 1 1 0 0
0.046985170394973 0 0 1 0 0 0 0 0 0 0 1 0 1 0 0 1 1 0 0 1 0
0.024708541257197 1 0 0 0 0 0 0 0 0 1 1 1 0 0 1 1 1 0 0 1 1
0.091268667065623 0 0 1 0 0 0 1 0 0 1 1 0 1 1 0 1 1 0 1 0 1
0.083438113364224 1 0 0 0 0 1 1 0 0 1 1 1 1 1 1 1 0 0 1 1 1
0.036401629394303 0 1 0 0 0 0 0 0 0 0 0 0 1 0 1 0 1 0 0 0 1
0.114270929088635 0 1 0 0 1 1 0 0 0 1 1 1 1 1 0 0 0 1 1 0 0
0.048662251281860 0 0 0 1 0 0 0 0 0 1 0 1 0 1 1 1 1 0 0 1 1
0.084709446952670 0 0 0 0 0 1 0 0 0 0 0 0 0 1 1 1 1 0 0 0 1
0.046499939273987 0 0 0 1 0 0 0 0 0 0 1 1 0 1 1 1 0 0 1 1 1
0.044652125745625 0 0 0 1 0 0 0 0 0 0 0 1 0 1 1 0 0 0 1 1 0
0.093064601786980 0 1 0 1 0 0 0 0 0 0 1 1 0 1 1 0 0 0 1 1 0
0.065532611721383 0 0 0 1 0 0 0 0 0 0 0 0 0 1 1 0 1 0 0 1 1
0.101512560185010 0 1 0 0 0 1 0 0 1 1 1 0 1 1 1 1 0 1 1 0 1
0.064543604841233 1 1 0 0 0 0 0 1 1 1 1 1 0 1 0 1 0 1 0 1 0
0.040797820564291 0 1 0 0 0 0 0 0 1 0 0 0 0 1 1 0 1 0 0 0 1
0.066267663883968 0 0 0 1 0 0 0 0 1 0 0 0 0 1 1 1 0 0 1 1 0
0.043317502970306 0 0 1 0 0 0 0 0 0 0 0 1 0 1 1 0 1 0 0 1 1
0.026820643345918 1 0 0 0 0 0 0 0 0 0 1 1 0 1 1 0 1 0 0 1 1
0.116065617635913 0 1 0 1 0 0 0 1 0 1 1 1 0 1 0 1 1 1 0 0 0
0.041530280087650 0 0 1 0 0 0 0 0 0 0 1 1 0 1 0 0 1 1 0 0 1
0.040865601372677 0 0 1 0 0 0 0 0 0 0 0 1 0 1 0 0 0 1 1 0 0
0.039117392654353 0 0 0 1 0 0 0 0 0 0 0 1 0 1 1 1 0 0 0 1 1
0.058631211600069 0 1 0 0 0 0 0 0 0 1 1 1 1 0 1 0 0 1 0 1 1
0.107741160723925 0 1 0 0 1 0 1 0 0 1 0 1 1 1 1 1 0 0 0 1 1
0.077251098269829 1 0 0 1 0 0 0 0 1 1 0 1 1 1 0 0 1 1 0 1 0
0.075408562938942 0 0 1 0 1 0 0 0 0 1 1 1 1 1 0 0 1 1 0 0 1
0.058101924155112 0 1 0 0 0 1 0 0 0 0 1 1 0 1 1 0 1 0 0 0 1
0.119891254623411 0 1 0 0 0 0 1 0 1 1 1 1 0 1 1 1 0 1 0 1 1
0.094250083882690 0 0 1 0 1 0 0 0 0 0 1 0 1 1 0 0 1 1 0 0 0
0.107279613029087 1 0 1 0 0 1 1 0 1 1 1 1 1 1 0 0 1 0 0 1 0
0.068611374564713 0 0 1 0 1 0 0 0 0 1 1 1 1 1 1 1 0 0 1 1 1
0.069365327039943 0 0 1 0 0 0 1 0 0 0 0 1 1 0 1 0 1 0 0 1 0
0.064674005764759 1 0 1 0 0 0 1 0 1 1 1 1 1 1 1 0 1 0 0 1 1
0.069869699604004 0 0 0 1 0 0 0 0 0 0 0 1 0 0 1 1 1 0 0 1 0
0.054444208415252 0 0 1 0 0 0 0 0 0 1 0 0 1 1 0 0 0 1 1 0 0
0.106752105810309 0 1 1 0 0 0 0 0 1 0 0 1 1 0 1 1 0 0 0 1 0
0.068507333843556 0 0 0 1 0 0 0 0 1 0 0 1 0 1 1 1 1 0 0 0 1
0.059820228886099 0 0 1 0 0 0 0 0 0 1 1 1 0 1 0 1 0 1 1 0 1
0.104665736270743 1 0 0 0 1 0 1 0 1 0 1 1 1 1 0 0 1 1 0 1 0
0.069826195245956 0 0 1 0 0 0 0 0 1 0 0 0 1 1 0 0 1 1 0 0 0
0.054349832200110 0 0 0 1 0 0 0 0 1 0 0 1 1 1 1 1 0 0 1 1 1
0.030024852730643 0 1 0 0 0 0 0 0 0 0 0 0 0 1 1 0 0 0 0 0 1
0.064888732347871 1 0 0 0 0 1 0 0 1 1 0 1 1 1 0 1 0 1 1 0 0
0.077588869699926 0 1 0 0 1 0 0 0 0 0 0 1 1 0 1 0 1 0 0 0 1
0.077612917153864 1 1 0 0 0 0 1 1 1 1 1 1 1 1 0 0 1 0 0 1 0
0.095171878561839 0 0 1 0 1 0 0 0 1 1 1 0 1 1 1 1 0 1 0 0 1
0.033233090072224 1 0 0 0 0 0 0 0 0 1 1 0 0 0 1 1 0 1 0 0 1
0.026028781405696 1 0 0 0 0 0 0 0 0 1 1 1 1 1 1 0 0 1 1 1 1
0.053889263693712 0 0 1 0 0 0 0 0 0 1 1 1 0 0 1 1 1 1 0 0 1
0.068559253059106 0 1 0 0 0 0 1 0 0 0 1 0 1 1 0 1 0 0 0 1 1
0.098899924056730 0 1 0 1 0 0 0 0 1 1 1 1 0 0 1 1 0 1 0 1 0
0.057982084942890 0 0 1 0 0 0 0 0 0 0 1 0 0 1 0 0 1 1 0 1 0
0.047455142389282 1 0 0 0 0 1 0 0 0 0 1 0 1 1 1 0 0 0 0 1 1
0.040070971720026 0 0 1 0 0 0 0 0 0 0 0 0 0 1 1 0 1 0 0 0 1
0.040147942118578 1 0 0 0 0 0 0 1 0 0 1 1 0 0 1 1 1 0 0 0 1
0.058526718494518 0 0 1 0 0 0 0 1 0 0 1 1 0 1 1 1 0 0 1 0 1
0.067449523839821 1 0 0 0 0 0 1 1 0 1 0 1 1 0 1 1 1 0 0 0 1
0.056753683743044 1 0 0 0 0 0 1 0 0 1 0 1 1 1 0 0 0 1 1 0 0
0.036432376736000 0 0 1 0 0 0 0 0 0 0 1 0 0 1 1 0 0 1 0 0 1
0.056496443476882 0 1 1 0 0 0 0 0 1 1 1 1 1 1 1 0 0 1 1 0 1
0.094641594597515 0 1 1 0 0 1 0 0 1 1 1 1 1 1 1 0 0 0 1 0 1
0.061909188886451 1 0 1 0 0 0 0 1 0 1 1 1 1 0 1 1 0 0 1 0 1
0.030652605062099 1 0 0 0 0 0 1 0 0 1 0 1 1 1 1 0 1 0 0 1 1
0.061073178328757 0 1 0 0 0 0 0 0 1 0 1 1 1 0 0 1 1 1 1 0 1
0.066340221150836 0 1 1 0 0 0 0 0 1 1 1 1 1 0 1 1 0 1 0 0 1
0.073693625211719 0 1 0 1 0 0 0 0 0 1 1 1 1 0 1 1 1 0 0 1 1
0.045228509908689 1 0 0 0 0 0 1 0 0 1 0 1 1 1 0 0 1 0 1 0 1
0.037976275473996 0 0 0 1 0 0 0 0 0 0 0 0 0 1 0 0 1 0 1 0 0
0.047307601691492 1 0 0 0 0 1 0 0 1 0 1 1 1 1 0 1 1 0 0 1 1
0.025285507006970 1 0 0 0 0 0 1 0 0 0 1 1 1 1 1 0 0 1 0 1 1
0.045779834133723 1 0 0 0 0 0 1 0 0 1 1 0 1 1 1 0 0 1 1 0 1
0.057400600085186 1 0 0 0 0 0 1 0 0 1 1 1 1 1 1 0 0 0 1 1 1
0.042034117047698 0 0 1 0 0 0 0 0 0 0 0 0 0 1 0 0 1 0 1 0 0
0.101515443505934 1 0 1 0 0 0 1 0 0 0 1 1 1 0 1 0 0 1 0 0 1
0.076025417483814 0 1 0 0 0 0 1 0 0 1 0 0 0 1 1 0 1 0 0 1 0
0.070444584003824 1 0 0 0 0 0 1 1 0 0 1 1 1 1 0 1 0 1 1 0 1
0.060009499677742 0 1 1 0 0 0 0 0 1 1 1 1 1 1 0 0 1 1 0 0 1
0.069490541812407 1 0 0 0 0 0 1 0 1 0 0 0 1 1 0 0 1 0 1 0 0
0.173836605827486 0 1 1 0 0 1 1 0 0 1 1 1 1 1 0 1 1 0 0 1 0
0.036598202594232 1 0 0 0 0 0 1 0 0 1 0 1 1 1 1 0 0 1 0 1 1
0.058558701047031 1 0 0 0 0 0 1 0 0 1 1 1 1 1 0 0 1 1 0 1 1
0.097948880668976 0 0 1 0 1 0 0 0 0 1 0 1 1 1 0 1 1 0 1 0 1
0.102130547525283 0 1 0 0 0 1 0 0 0 0 0 1 0 0 1 0 0 1 0 0 0
0.049813002534568 0 0 1 0 0 0 0 0 0 1 0 0 0 1 1 0 0 0 1 0 1
0.090301771745937 1 0 0 0 0 1 1 0 0 1 0 1 1 1 0 0 1 0 1 0 0
0.086651069958382 1 0 0 0 1 1 0 0 0 1 1 1 1 1 1 0 0 1 0 1 0
0.071079801698575 0 1 0 0 0 0 1 0 0 1 0 1 1 0 1 0 0 1 1 0 0
0.075086850274338 0 0 0 0 1 1 0 0 0 0 0 1 1 1 1 1 0 0 0 1 1
0.058842078997075 0 0 0 1 0 0 0 0 0 1 0 0 0 1 1 0 0 1 1 0 0
0.067701843126898 0 0 0 1 0 0 0 0 0 0 0 0 0 1 1 0 1 0 1 0 0
0.101649900662088 1 0 1 0 0 1 0 0 1 1 1 1 1 0 1 1 1 0 0 0 1
0.053216385730458 0 0 0 1 0 0 0 0 0 0 1 0 0 1 0 0 0 1 1 0 0
0.106231940671197 0 1 0 1 0 1 0 0 0 1 1 1 1 1 1 1 0 0 0 1 1
0.046260304344431 0 0 0 1 0 0 0 0 0 0 0 0 1 1 0 0 0 1 1 0 0
0.125604570693205 1 1 0 0 0 1 1 1 0 1 1 1 1 1 0 1 0 0 1 0 0
0.054589390965511 1 0 1 0 0 0 0 0 1 1 1 1 1 1 0 0 1 1 0 1 0
0.028027346235264 1 0 0 0 0 0 0 0 1 1 0 0 1 1 1 0 1 0 0 1 1
0.063492795698454 0 0 0 0 0 1 0 0 0 0 0 1 0 1 1 1 0 0 0 1 1
0.065505043943905 1 0 0 0 0 1 0 0 1 0 1 1 1 0 0 1 1 0 1 0 0
0.081988689469040 1 0 1 0 0 0 0 0 1 1 1 0 1 1 0 0 1 0 1 1 0
0.041457043184863 0 0 0 1 0 0 0 0 0 0 0 0 0 1 1 0 0 0 1 0 0
0.118333482381478 1 0 1 0 0 1 0 0 1 0 1 1 1 0 1 0 0 1 0 1 0
0.083406819805497 0 0 0 1 1 0 0 0 0 0 1 1 1 1 1 1 0 0 1 1 1
0.069004907134851 1 1 0 0 0 0 0 1 1 1 1 1 0 1 1 1 0 0 1 1 0
0.053344294655669 1 0 0 0 0 1 0 0 1 1 0 1 1 1 1 0 1 0 0 1 1
0.241364438515158 1 1 1 1 0 1 0 1 1 1 1 1 1 0 1 0 0 0 1 0 0
0.026146682016498 1 0 0 0 0 0 0 0 0 1 1 1 0 1 0 1 0 1 1 0 1
0.038189914349364 0 1 0 0 0 0 0 0 0 0 0 1 0 0 1 1 0 0 0 1 0
0.076826970263600 0 1 0 0 0 0 1 0 0 1 1 1 1 1 0 0 1 1 1 0 1
0.042369122660717 1 0 0 0 0 0 1 0 0 1 1 0 1 1 1 1 0 1 0 1 1
0.047711584386222 1 0 0 0 0 0 0 1 0 1 1 1 0 0 1 1 1 1 0 0 1
0.035873043718423 1 0 0 0 0 0 0 0 1 0 0 1 0 1 0 1 1 0 0 0 1
0.089791378833282 1 0 1 0 0 0 1 0 1 1 0 1 1 1 0 0 1 0 0 1 0
0.054007290853758 1 0 1 0 0 0 0 1 1 1 1 1 1 1 1 0 0 0 1 1 0
0.037610922960253 1 0 0 0 0 0 0 0 1 1 0 0 1 1 1 0 0 0 1 1 0
0.050353551806203 1 0 0 0 0 0 0 0 0 0 0 1 0 0 0 1 1 0 0 0 1
0.024308269857122 1 0 0 0 0 0 0 0 0 0 1 1 0 1 0 1 0 0 1 0 1
0.025560715125202 0 1 0 0 0 0 0 0 0 0 1 1 1 1 0 1 0 1 0 1 1
0.036793370940819 0 1 0 0 0 0 0 0 0 0 0 0 0 1 0 0 1 0 0 0 0
0.072535471289433 1 0 0 1 0 0 0 0 0 1 1 1 0 0 1 1 1 0 0 0 1
0.046487523596146 0 1 0 0 0 0 0 0 0 1 0 0 1 0 1 0 0 1 1 0 0
0.017556568184490 1 0 0 0 0 0 0 0 0 0 1 1 1 1 0 0 0 1 0 1 1
0.032833561447869 1 0 0 0 0 0 0 0 1 0 1 1 1 1 0 0 0 1 1 1 0
0.042433762823997 0 1 0 0 0 0 0 0 0 1 1 0 1 0 1 1 0 1 0 0 1
0.052833374835521 1 0 0 1 0 0 0 0 0 1 1 1 1 1 0 0 0 1 1 1 0
0.057781970393807 1 0 0 0 0 0 1 0 1 0 0 1 1 1 0 1 1 0 1 0 1
0.024208647903405 1 0 0 0 0 0 0 0 1 0 1 0 1 1 1 0 0 1 0 1 1
0.020347515609633 1 0 0 0 0 0 0 0 0 0 1 1 1 1 0 0 0 0 1 1 1
0.092958221683792 0 1 0 1 0 0 0 0 1 0 0 1 1 0 1 1 0 0 0 1 0
0.084889063348854 1 0 1 0 0 1 0 0 1 1 1 1 1 1 0 1 0 0 1 1 0
0.035737810947817 1 0 0 0 0 0 0 1 0 1 0 1 0 1 1 1 0 0 1 0 1
0.129654295740661 0 0 1 1 0 0 0 0 1 1 1 0 1 1 0 0 1 1 1 0 0
0.061926132121614 1 0 0 0 0 0 0 1 1 0 0 0 0 1 1 1 0 0 1 0 0
0.078751634725200 0 0 0 1 1 0 0 0 0 1 0 1 1 1 1 1 0 0 0 1 1
0.076712866158538 1 0 0 0 0 0 1 1 0 1 0 0 1 1 1 1 0 0 1 0 1
0.041066790324065 1 0 0 0 0 0 0 0 1 0 0 1 1 0 0 0 1 1 0 1 0
0.044957989220131 1 0 0 0 0 0 0 0 0 1 0 1 0 0 1 1 1 0 0 0 1
0.047823861922174 0 1 0 0 0 0 0 1 0 0 0 1 0 1 0 1 1 0 0 0 1
0.082376006341651 0 0 1 0 1 0 0 0 0 0 1 1 0 1 1 0 0 1 0 0 1
0.052600074361033 0 0 0 1 0 0 0 0 0 1 0 0 0 1 1 1 0 1 0 0 1
0.041691790922181 0 0 0 1 0 0 0 0 0 0 0 0 0 1 0 0 1 1 0 0 0
0.067847651860029 0 0 1 0 0 0 1 0 0 0 1 1 1 0 1 1 0 1 0 1 0
0.048007989205797 0 0 0 1 0 0 0 0 0 0 0 0 0 1 1 0 0 1 0 1 0
0.082182245595135 1 0 0 1 0 0 0 1 0 1 1 1 0 1 1 1 0 0 1 1 0
0.056182894447360 1 0 0 1 0 0 0 0 0 0 1 1 1 1 0 0 0 0 1 1 0
0.039744809912336 1 0 0 0 1 0 0 0 0 1 1 1 1 1 0 1 0 0 1 0 1
0.069352638513109 1 0 0 0 1 0 0 1 0 1 0 1 1 1 1 1 0 0 1 0 1
0.041259783681277 1 0 0 0 0 0 0 0 1 1 0 0 0 1 1 1 0 1 0 0 1
0.043608560003293 0 0 0 1 0 0 0 0 0 0 0 0 1 1 0 0 1 0 0 1 0
0.046876125927567 1 0 0 0 1 0 0 0 0 1 1 1 1 0 1 1 0 1 0 0 1
0.029263963818859 0 1 0 0 0 0 0 0 0 0 1 1 1 0 1 0 0 1 1 0 1
0.061914274791956 0 1 0 0 0 0 1 0 0 0 0 1 1 0 0 1 1 0 0 1 0
0.053028480153547 1 1 0 0 0 0 0 0 1 1 1 1 1 0 0 1 0 0 1 1 0
0.053359386608777 1 0 0 0 0 1 0 0 1 0 1 1 1 1 0 0 1 1 0 1 0
0.096474982646364 1 0 0 1 0 1 0 0 1 1 1 1 1 1 0 1 1 0 0 1 0
0.093406799798268 0 0 0 1 1 0 0 0 0 1 1 1 0 1 1 1 0 1 0 0 1
0.043467918292550 1 0 0 0 1 0 0 0 0 1 1 1 0 1 1 1 0 0 0 1 1
0.053195859113723 1 0 0 0 0 0 0 0 1 1 0 0 1 0 1 1 1 0 0 1 0
0.061955269655708 0 1 1 0 0 0 0 0 1 1 1 1 1 1 1 0 0 0 0 1 1
0.035988114202199 1 0 0 0 1 0 0 0 0 0 1 1 1 1 1 0 0 0 0 1 1
0.080989507438442 0 0 0 1 0 1 0 0 0 0 1 1 0 1 1 1 0 1 0 0 1
0.045954880926585 1 0 0 0 1 0 0 0 0 1 1 1 1 1 1 0 0 0 1 1 0
0.131982771467926 1 0 0 1 1 0 0 1 0 1 1 1 1 1 1 1 0 0 0 0 1
0.036477342240887 1 0 0 0 1 0 0 0 0 1 1 1 1 1 0 1 1 0 0 1 1
0.057877872941282 1 0 0 0 1 0 0 0 1 1 0 1 1 1 0 1 1 0 0 0 1
0.092036516450105 0 1 1 0 0 0 1 0 1 1 1 1 1 1 0 1 0 1 0 1 0
0.046949787850343 0 0 1 0 0 0 0 0 0 0 0 0 1 1 0 0 0 0 1 0 0
0.056836411991239 0 0 0 1 0 0 0 0 0 1 0 1 0 1 1 0 1 1 0 0 1
0.059306422264961 1 0 0 0 1 0 0 0 0 1 1 1 1 0 0 1 1 0 1 0 1
0.042058922971934 1 0 0 1 0 0 0 0 0 1 1 1 1 1 0 0 1 0 0 1 1
0.048872734707762 0 0 1 0 0 0 0 0 0 1 0 1 0 1 1 0 1 1 0 0 1
0.058469520974993 0 1 0 0 0 0 1 0 0 1 0 1 1 1 0 1 0 0 1 1 0
0.049947785937158 1 0 0 0 0 0 1 0 0 1 1 0 0 1 1 1 0 1 0 0 1
0.048260388298983 0 0 0 1 0 0 0 0 0 0 0 0 1 1 1 0 0 0 1 1 0
0.052896865990989 0 0 0 0 1 0 0 0 0 0 0 1 1 1 0 1 1 0 0 1 1
0.058493556107069 0 0 0 0 1 0 0 0 0 0 0 1 0 1 0 1 1 0 0 0 1
0.044979029502481 0 0 0 0 1 0 0 0 0 0 0 0 1 1 0 0 1 0 1 0 1
0.045832565225852 0 0 0 0 1 0 0 0 0 0 0 1 0 1 1 0 1 0 0 1 1
0.058330731335397 0 0 0 0 1 0 0 0 0 1 0 0 0 1 1 0 1 1 0 0 1
0.064691273087446 0 0 0 0 1 0 0 0 0 0 0 1 1 1 0 0 1 1 0 0 1
0.087441622912541 0 0 0 0 1 0 0 1 0 0 0 0 0 1 1 0 1 0 0 0 1
0.104034690215997 0 0 0 0 1 1 0 0 0 1 0 1 0 1 1 1 1 0 0 0 1
0.117906329391784 0 1 0 1 0 0 0 0 0 0 1 1 1 0 0 1 1 0 1 0 1
0.049401977460495 0 0 0 0 1 0 0 0 0 0 0 1 0 1 0 0 1 0 1 0 1
0.139094149268241 0 1 1 1 0 0 0 0 1 1 1 1 1 1 1 0 0 0 1 0 1
0.102677928891152 0 1 0 1 0 0 1 0 0 1 1 1 1 1 0 1 1 0 0 1 0
0.077209110161691 1 0 0 1 0 0 0 1 0 1 0 1 1 0 1 1 0 0 0 0 1
0.039703657727814 0 0 1 0 0 0 0 0 0 0 0 1 0 0 0 0 1 1 0 0 0
0.074015512094668 1 0 0 1 0 0 0 0 0 1 1 1 0 1 1 1 0 1 0 0 1
0.116486036254771 0 0 0 1 1 0 0 0 0 1 0 0 1 1 0 0 1 1 0 0 0
0.023228608048461 1 0 0 0 0 0 0 0 0 0 1 1 1 0 0 0 1 0 0 1 1
0.038955751099689 0 0 0 0 1 0 0 0 0 0 0 0 0 1 0 0 1 0 0 1 0
0.065291491546676 1 0 0 0 1 0 0 0 0 0 1 1 0 1 0 0 1 0 0 1 0
0.037796490920500 1 0 0 0 0 1 0 0 0 0 1 1 1 0 1 1 0 0 0 1 1
0.071298916661864 1 0 0 0 0 0 0 1 1 0 0 1 1 0 1 1 0 0 1 0 0
0.043285336909731 0 0 0 1 0 0 0 0 0 0 0 0 0 0 1 0 0 1 0 0 0
0.075789424490098 0 1 0 1 0 0 0 0 1 1 0 1 1 1 1 0 1 0 0 1 1
0.039461609256040 0 0 0 0 1 0 0 0 0 0 0 0 0 1 0 0 1 0 1 0 0
0.040765320232059 0 0 0 1 0 0 0 0 0 0 0 0 1 0 0 0 1 1 0 0 0
0.078097328358395 1 1 0 0 0 0 1 0 1 1 1 1 1 0 0 1 0 1 1 0 0
0.049399458285534 0 0 0 1 0 0 0 0 0 0 0 1 1 0 0 0 1 1 0 1 0
0.084206303785028 0 0 0 1 0 0 0 1 0 0 0 1 0 0 1 0 1 1 0 0 0
0.103223815625381 0 0 0 1 0 0 0 1 1 0 0 1 0 1 1 1 0 1 0 0 1
0.085441098030662 1 0 0 1 0 0 0 0 1 0 1 1 1 0 0 0 1 1 0 1 0
0.069931210422883 0 1 0 1 0 0 0 0 1 1 1 1 1 1 0 1 1 1 0 0 1
0.064523657131558 0 0 0 1 0 0 0 0 0 1 0 1 1 0 1 1 1 1 0 0 1
0.053259471972328 0 0 0 1 0 0 0 0 0 0 0 1 0 0 0 0 0 1 1 0 0
0.027181707392428 1 0 0 0 0 0 0 0 0 1 0 1 1 0 0 1 1 0 0 1 1
0.060918504565793 0 0 1 0 0 0 0 0 0 0 0 1 0 0 1 0 1 1 0 0 1
0.064316279114742 1 0 0 0 1 0 0 0 0 1 0 1 1 1 0 0 1 0 0 1 1
0.106193603732400 0 0 1 1 0 0 0 0 0 1 0 1 1 0 1 0 0 1 0 0 0
0.032866740342909 0 1 0 0 0 0 0 0 0 1 0 1 1 0 1 0 1 0 1 0 1
0.044232610903201 0 1 0 0 0 0 0 0 1 1 0 1 1 0 1 1 1 0 0 1 1
0.045745219015647 0 0 0 0 1 0 0 0 0 0 0 0 0 1 0 0 1 1 0 0 0
0.042566509853520 0 0 1 0 0 0 0 0 0 1 0 1 0 1 1 0 1 0 1 0 1
0.132088660077753 0 0 0 0 0 0 0 0 0 0 0 0 0 1 0 0 1 0 1 0 1
0.147356377830461 0 0 0 1 1 0 0 0 1 0 0 0 1 1 0 0 1 0 1 0 0
0.108023656680156 0 0 1 0 1 0 0 0 0 1 0 1 0 1 0 0 1 1 0 0 0
0.058592973596745 0 0 0 0 1 0 0 0 0 0 1 0 1 1 1 0 0 1 0 1 1
0.044942892185655 0 0 0 0 1 0 0 0 0 0 0 0 0 1 1 1 0 0 0 1 1
0.075033593782174 0 0 0 0 1 0 0 0 1 0 0 1 0 1 1 1 0 0 1 0 1
0.082839771861758 0 1 0 0 1 0 0 0 0 1 0 1 1 0 1 0 0 1 1 0 0
0.067398854362950 0 1 0 0 1 0 0 0 1 0 1 1 1 1 1 0 0 1 1 0 1
0.144386464238814 0 0 0 0 1 1 0 0 1 0 1 1 1 1 0 1 1 0 1 0 1
0.097019944513091 1 1 0 0 1 0 0 0 1 1 1 1 1 1 1 0 0 0 0 1 1
0.067901291179103 0 0 1 0 0 1 0 0 0 0 1 0 1 1 1 0 1 0 0 0 1
0.047679692175128 0 0 0 0 1 0 0 0 0 0 0 0 1 1 1 0 0 0 1 0 1
0.110065390058189 0 1 0 0 1 0 0 0 0 0 0 1 0 1 1 0 0 0 1 0 1
0.100334091461415 0 0 0 0 1 0 1 0 0 0 0 0 0 1 1 0 1 0 0 0 1
0.062571712544328 0 0 0 0 1 0 0 0 0 1 0 0 1 1 1 0 1 0 0 1 1
0.097115235907570 0 0 1 0 0 0 1 1 0 1 0 1 1 1 1 1 1 0 0 0 1
0.049972526629829 1 0 0 0 1 0 0 0 1 0 1 1 1 1 1 1 0 0 1 0 1
0.048975993386155 1 0 0 0 1 0 0 0 0 0 1 1 1 1 0 0 1 0 1 0 1
0.073535646357919 0 0 0 0 1 0 0 0 0 0 1 1 1 1 0 1 0 1 1 0 1
0.107685130488263 0 0 0 1 0 1 0 0 0 0 0 0 0 1 1 0 1 0 0 1 0
0.073258577154683 1 0 0 0 1 0 0 0 0 0 1 1 0 1 0 1 0 0 1 0 1
0.049800938795091 0 1 0 0 0 0 0 0 0 1 0 1 0 1 1 0 1 0 0 0 1
0.073563028543533 0 0 1 0 1 0 0 0 0 1 0 1 1 1 1 0 0 0 1 0 1
0.036004465323611 0 1 0 0 0 0 0 0 1 0 0 1 1 0 1 1 0 0 1 0 1
0.103503876916904 0 0 1 0 0 0 1 0 0 0 0 0 0 1 1 0 0 0 0 1 0
0.100656611572694 0 1 1 0 0 0 1 0 0 1 1 1 1 0 1 1 0 0 0 1 0
0.043242410208264 1 0 0 0 1 0 0 0 1 1 1 1 1 1 1 0 1 0 0 1 1
0.063284639359327 1 1 0 0 0 0 1 0 1 1 1 1 1 1 0 0 1 0 1 0 1
0.069157549951434 0 1 0 0 0 0 1 0 0 1 0 1 1 0 1 1 1 0 1 0 1
0.078888764897890 0 0 1 0 1 0 0 0 1 0 1 1 1 1 1 0 1 0 1 0 1
0.039791871423733 1 0 0 0 1 0 0 0 0 1 1 1 1 1 1 0 0 0 1 1 1
0.140403082520306 1 1 1 0 0 0 1 0 1 1 1 1 1 1 0 0 0 0 1 0 1
0.048445405945287 0 0 1 0 0 0 0 0 0 1 0 0 0 1 1 0 1 0 0 1 0
0.087038353114636 0 0 0 1 0 0 1 0 0 0 0 0 1 1 0 0 1 0 1 0 0
0.101756974143766 0 0 1 0 1 0 0 0 1 1 0 1 1 1 1 0 1 0 0 1 1
0.099539830630222 0 0 0 1 1 0 0 0 0 1 1 1 1 1 1 0 1 1 0 1 1
0.046990353857940 0 0 0 1 0 0 0 0 0 0 0 1 1 0 1 0 0 1 0 1 1
0.062374680906268 1 0 1 0 0 0 0 1 0 0 1 1 1 1 1 0 0 0 0 1 1
0.071483489164958 1 0 0 0 1 0 0 0 1 1 0 1 1 1 0 0 1 0 1 0 0
0.065666910848499 0 0 0 1 0 0 1 0 0 0 1 1 1 1 1 1 0 1 0 1 1
0.063243946428757 0 0 0 1 0 0 0 0 0 1 0 1 1 1 1 0 0 1 0 1 1
0.129657066919121 0 1 1 0 1 0 0 0 1 1 1 1 1 1 1 0 0 1 0 1 1
0.153157382367513 0 0 0 1 1 0 0 0 0 0 0 0 0 1 1 0 0 0 0 1 0
0.074814588975135 0 0 0 0 1 0 1 0 0 0 0 1 1 1 1 1 0 0 0 1 1
0.099580285459131 1 0 1 0 0 0 1 1 1 1 1 1 1 1 1 0 1 1 0 1 0
0.038840588161589 1 0 0 1 0 0 0 0 1 1 1 1 1 1 1 0 1 0 0 1 1
0.160905099564144 0 1 0 1 1 0 0 0 1 1 1 1 1 1 1 1 1 0 0 0 1
0.100881079467467 0 1 0 0 0 1 1 0 0 1 1 1 1 1 0 1 0 1 1 0 0
0.049402599871168 0 0 0 0 1 0 0 0 0 0 0 1 1 1 1 1 0 0 1 1 1
0.052735276579916 0 0 0 1 0 0 0 0 0 0 1 1 0 1 1 0 0 1 0 1 1
0.057161868823142 0 0 0 0 1 0 0 0 0 0 1 1 0 1 1 1 0 1 0 1 1
0.047513220322450 1 0 0 0 0 1 0 0 0 1 1 0 1 1 1 0 0 0 1 1 0
0.093494328397062 0 1 0 0 1 0 0 0 1 1 0 1 1 0 1 1 0 1 0 1 0
0.036406402068052 1 0 0 0 1 0 0 0 0 1 1 1 1 1 1 1 0 0 0 1 1
0.060296689477491 1 0 0 1 0 0 0 0 0 1 1 1 1 0 0 0 1 1 0 0 1
0.025922992001842 1 0 0 0 0 0 0 0 0 0 1 0 1 1 0 0 1 0 0 1 1
0.046757189726372 1 0 0 0 1 0 0 0 1 0 1 1 1 1 1 0 0 1 0 1 1
0.050433423248969 0 1 0 0 0 0 0 0 1 0 0 0 1 1 0 0 1 0 1 0 0
0.079116354719373 0 0 0 0 1 0 0 0 0 1 0 1 0 1 1 1 0 0 0 1 1
0.073463475028632 1 1 0 0 0 0 0 0 1 1 1 1 0 0 0 1 1 0 0 1 0
0.065244142408631 0 0 0 1 0 0 0 0 0 0 0 1 1 0 1 0 0 1 1 0 0
0.063258602469672 0 1 0 0 1 0 0 0 0 1 1 1 1 0 1 0 1 1 0 0 1
0.083624396256905 0 1 0 0 0 0 1 0 1 0 0 1 1 1 0 0 1 0 1 0 0
0.056710180685220 1 0 1 0 0 0 0 0 0 1 1 1 0 1 1 0 0 0 0 1 1
0.198885290015143 0 1 0 1 0 0 0 0 0 0 0 0 0 0 1 0 0 1 0 0 0
0.164553463625404 0 1 0 1 0 1 0 1 1 1 1 1 1 1 0 0 1 0 0 0 0
0.076712871208598 0 0 0 1 0 0 0 0 0 1 0 0 0 0 0 0 1 1 0 0 0
0.064276994185230 0 1 0 1 0 0 0 0 1 1 1 1 1 1 1 1 0 0 1 1 0
0.094299394676124 1 0 0 1 0 0 0 0 1 0 0 1 1 0 0 1 1 0 0 0 1
0.073026853616218 0 1 0 0 0 0 0 0 1 1 1 0 0 1 1 0 0 1 1 0 0
0.071518012981888 0 0 1 0 0 0 0 0 0 1 0 0 1 0 1 0 1 1 0 0 0
0.045274287369235 0 1 0 0 0 0 0 0 0 1 0 1 1 0 1 1 0 0 1 1 0
0.070192437520756 0 0 0 0 1 0 0 0 0 0 0 1 1 1 1 0 1 0 1 0 1
0.077166970151537 1 1 0 0 0 0 1 1 0 1 1 1 1 1 1 0 0 0 1 1 0
0.050374231618232 1 0 0 0 0 1 0 0 0 0 1 1 0 1 0 1 1 0 0 0 1
0.058647461920736 0 0 0 0 1 0 0 0 1 0 0 0 1 1 1 1 1 0 0 1 1
0.038552527544209 0 1 0 0 0 0 0 0 0 0 0 1 1 0 0 0 1 0 1 0 0
0.062586892004997 0 1 0 0 0 0 0 1 0 1 0 0 0 1 1 1 0 0 0 1 0
0.080507403633813 0 1 0 0 0 1 0 0 0 1 0 0 1 1 1 0 0 0 1 0 0
0.039866180971121 1 0 0 0 0 0 0 0 1 0 1 0 1 1 0 0 1 1 0 1 0
0.046090629560968 1 0 0 0 0 1 0 0 0 0 1 1 1 0 0 1 1 0 0 0 1
0.050752168031588 1 0 0 0 0 1 0 0 0 0 1 1 0 1 1 0 0 0 1 1 0
0.058921742027698 0 1 0 0 0 1 0 0 0 0 1 1 1 1 0 1 0 1 0 1 1
0.032268018704427 0 1 0 0 0 0 0 0 0 1 1 0 1 1 1 0 1 0 0 1 1
0.099746908969050 0 0 0 1 0 0 1 0 0 1 0 1 1 1 1 1 0 0 1 1 1
0.110112317175424 0 0 0 1 0 1 0 0 0 0 0 1 1 0 0 0 1 1 0 0 0
0.080761297814952 0 0 0 1 1 0 0 0 0 0 1 1 1 1 1 1 0 1 0 1 1
0.030884994818792 1 0 0 0 0 0 0 0 1 0 1 1 0 1 0 1 1 0 1 0 1
0.055830229495213 0 0 0 0 1 0 0 0 0 0 1 0 0 1 0 1 1 0 0 1 1
0.133045048473848 0 0 0 1 0 1 0 1 0 0 0 1 0 1 1 1 0 0 1 0 0
0.034100891330387 1 0 0 0 0 0 0 0 0 0 1 1 0 1 0 1 1 0 0 1 1
0.095301466405362 1 1 0 0 0 0 1 1 1 1 0 1 1 1 0 1 0 0 1 0 0
0.073441823155910 1 0 0 0 1 0 0 1 1 1 1 1 1 0 1 1 1 0 0 0 1
0.094957647910090 1 1 0 0 0 1 0 0 0 1 1 1 1 0 1 0 0 0 1 0 1
0.066181059751318 1 1 0 0 0 0 1 0 1 1 1 1 1 1 0 0 1 0 1 1 0
0.072929138745927 0 1 1 0 0 0 0 0 1 1 1 0 1 1 1 0 0 1 0 0 1
0.067148044577843 0 0 0 1 0 0 0 0 1 1 0 0 1 1 1 1 1 0 0 1 1
0.084508937875695 1 0 0 0 1 0 1 0 0 1 1 1 1 1 0 1 1 0 1 0 1
0.063465353617426 1 0 1 0 0 0 0 0 1 0 1 1 1 1 0 0 1 0 1 0 1
0.038688099642285 0 1 0 0 0 0 0 0 0 0 0 0 1 1 0 0 1 0 0 1 0
0.043319179308328 0 0 0 1 0 0 0 0 0 0 0 1 1 0 0 0 1 1 0 0 1
0.021926372508303 1 0 0 0 0 0 0 0 0 0 1 1 1 1 0 0 0 1 1 0 1
0.072796066989651 1 0 0 0 0 0 1 0 1 1 0 1 1 0 1 1 1 0 0 1 1
0.082682696224422 0 0 0 1 0 0 1 0 0 0 0 1 1 0 1 0 1 1 0 0 1
0.079347291276469 1 0 1 0 0 0 0 1 1 1 0 1 1 1 0 1 0 0 1 1 0
0.036421160956224 0 1 0 0 0 0 0 0 0 0 1 1 0 1 0 1 0 1 0 0 1
0.051913774780440 0 0 0 0 1 0 0 0 0 0 1 0 0 1 1 0 1 0 0 1 1
0.070951883914785 1 0 0 0 0 1 1 0 0 0 1 1 1 1 0 1 0 1 0 0 1
0.054044392891598 1 0 0 0 1 0 0 0 0 1 1 0 1 1 1 0 1 0 0 1 1
0.059217938954309 0 1 1 0 0 0 0 0 1 1 1 1 1 1 1 0 1 0 1 0 1
0.075884419276094 0 0 0 0 1 0 0 0 0 0 1 1 0 1 0 0 1 1 0 0 1
0.050012002646617 1 0 0 0 0 0 1 0 1 0 1 0 1 1 1 1 0 1 0 0 1
0.024236197565268 0 1 0 0 0 0 0 0 0 1 0 1 1 1 1 1 0 0 1 1 1
0.027045797658323 0 1 0 0 0 0 0 0 0 1 1 0 1 1 1 1 0 0 1 1 1
0.067009263397371 1 0 1 0 0 0 1 0 1 1 1 1 1 1 0 1 0 0 1 1 0
0.054532003837705 1 0 0 0 0 0 0 1 0 1 1 0 0 0 1 1 1 0 0 1 0
0.054440778291715 0 0 0 1 0 0 0 0 0 0 1 1 1 1 0 0 1 1 0 1 1
0.032613077877186 0 1 0 0 0 0 0 0 0 1 0 0 1 1 1 1 0 0 0 1 1
0.082859505872715 0 0 1 0 0 0 0 1 1 0 1 0 1 1 1 1 1 0 1 0 1
0.053485378513559 0 0 1 0 0 0 0 0 0 1 1 0 0 1 1 0 1 0 0 1 1
0.043719654207474 0 1 0 0 0 0 0 0 0 1 1 1 0 0 1 1 0 1 1 0 1
0.140510053411833 0 0 1 1 0 0 0 1 1 0 0 1 1 0 1 1 0 0 0 1 0
0.072027145960982 0 0 1 1 0 0 0 0 0 1 1 1 1 1 0 0 1 1 0 0 1
0.072130673133957 0 0 0 0 0 1 0 0 1 0 0 0 1 1 1 1 0 1 0 1 1
0.034736314258972 0 1 0 0 0 0 0 0 0 0 0 1 0 0 0 1 0 0 1 0 0
0.032716975024492 0 1 0 0 0 0 0 0 0 1 1 0 1 1 1 0 0 1 1 0 1
0.088361265056066 0 0 1 0 0 1 0 0 0 1 0 1 0 1 1 0 1 0 0 0 1
0.133590518862894 0 1 0 0 1 0 1 1 0 1 1 1 1 1 0 1 0 1 0 1 0
0.049488984284007 0 0 0 0 1 0 0 0 0 0 0 0 1 0 0 0 1 1 0 0 0
0.081895458857739 0 0 0 1 0 0 0 1 0 0 0 0 1 1 0 0 1 1 0 0 0
0.083645279207536 0 0 1 1 0 0 0 0 0 1 1 1 0 1 1 0 0 1 0 0 1
0.070518216384112 0 0 0 0 1 0 0 0 1 0 0 0 1 1 1 1 0 1 0 0 1
0.025938514749279 1 0 0 0 0 0 0 0 0 1 1 0 1 0 1 0 1 0 0 1 1
0.165652743416229 0 0 1 1 1 0 0 0 1 1 1 1 1 1 1 1 0 1 0 0 1
0.075753476756756 1 0 0 1 0 0 1 0 0 1 1 1 1 1 0 0 1 1 0 0 1
0.044161306921195 0 1 0 0 0 0 1 0 0 0 0 1 1 1 1 0 0 0 0 1 1
0.053277115484131 1 0 0 0 0 1 0 0 1 1 1 1 1 1 1 0 0 1 1 1 0
0.035345303626080 1 0 0 0 0 0 0 0 0 1 0 0 1 0 0 0 1 0 1 0 0
0.049356716396168 0 1 0 0 0 0 0 0 1 0 0 0 0 1 0 1 0 0 1 0 0
0.036614307161427 1 0 0 0 0 0 0 0 0 1 0 0 1 0 0 1 0 0 1 0 0
0.052476416702550 1 0 0 0 0 0 0 0 1 0 0 0 1 0 0 0 1 0 0 1 0
0.086012530119447 0 0 0 1 1 0 0 0 0 0 1 1 1 1 0 1 1 0 0 1 1
0.068143878695143 0 1 0 1 0 0 0 0 0 1 1 1 1 1 1 0 1 0 1 1 1
0.043320409469796 1 0 0 0 0 0 0 0 0 0 1 0 1 0 0 0 1 1 0 0 1
0.038883351567766 1 0 0 0 0 0 0 1 0 1 0 1 1 0 1 1 0 1 0 0 1
0.036844475603736 0 0 0 1 0 0 0 0 0 0 0 0 0 1 0 1 0 0 1 0 0
0.108828246157414 0 0 0 1 0 1 0 0 1 0 1 1 1 1 1 1 0 1 0 1 1
0.057069761791027 0 1 0 0 0 0 0 0 0 1 0 1 1 1 1 0 0 0 1 1 0
0.061695439807105 1 0 0 0 0 0 0 1 1 0 0 1 1 0 0 1 1 0 0 0 1
0.072977898598978 1 0 0 0 0 0 0 1 0 1 0 1 0 1 0 1 0 0 1 0 0
0.049350988798244 0 1 0 0 0 1 0 0 0 1 1 1 1 1 1 1 0 0 1 1 1
0.039344441277350 0 0 0 1 0 0 0 0 0 0 0 0 1 0 0 0 1 0 1 0 0
0.031714051776954 0 1 0 0 0 0 0 0 0 0 1 0 1 0 1 0 0 0 1 0 1
0.046582740161115 0 0 1 0 0 0 0 0 0 1 0 1 1 0 0 1 1 0 1 0 1
0.085383291699018 0 0 1 0 0 0 0 0 1 1 1 1 1 1 0 1 1 1 1 0 1
0.057234502474210 0 1 0 0 0 0 0 0 1 0 1 0 1 0 0 1 1 0 1 0 0
0.067847632339749 1 0 0 0 0 1 0 1 0 0 1 1 0 1 1 1 0 0 0 0 1
0.037210992775309 0 1 0 0 0 0 0 0 1 0 1 0 1 1 1 0 1 0 1 0 1
0.039744049334150 1 0 0 0 0 0 0 0 1 0 0 1 0 1 0 0 0 1 1 0 0
0.081141269334797 0 0 1 1 0 0 0 0 0 1 1 1 1 0 1 0 1 0 0 0 1
0.033313581255030 1 0 0 0 0 0 0 0 0 1 1 0 1 0 0 1 1 0 1 0 1
0.058777277746093 1 0 0 0 0 0 0 1 1 1 0 1 1 1 1 0 0 1 1 1 0
0.057633783077804 1 0 0 1 0 0 0 0 1 1 0 1 1 1 1 0 0 0 1 1 0
0.033234351637324 0 1 0 0 0 0 0 0 0 0 0 0 1 0 0 1 0 0 1 0 0
0.040248113123814 0 0 0 1 0 0 0 0 0 0 0 1 1 0 1 0 1 0 0 1 1
0.029582621203828 1 0 0 0 0 0 1 0 0 0 0 1 1 1 1 0 0 0 0 1 1
0.055027532800753 1 0 0 0 0 1 0 0 0 1 1 1 1 0 0 1 1 0 0 1 0
0.035070293130020 1 0 0 0 0 0 0 0 1 0 1 1 0 1 1 0 0 1 1 1 0
0.030635485347028 1 0 0 0 0 0 0 0 0 1 1 0 1 1 0 0 1 0 1 1 0
0.084455156051665 0 0 1 0 1 0 0 0 0 0 1 0 1 1 1 0 0 0 1 0 1
0.056722678717899 0 1 0 0 0 0 1 0 0 1 0 1 1 0 1 1 0 1 0 0 1
0.025342847647901 1 0 0 0 0 0 0 0 0 0 1 1 0 1 1 0 0 0 1 1 1
0.054980283587233 1 0 0 0 0 0 0 1 0 1 1 0 1 0 1 1 0 1 1 0 0
0.065101381212493 0 1 1 0 0 0 0 0 0 1 1 1 1 0 1 0 0 1 0 0 1
0.032057961896647 1 0 0 0 0 0 0 1 0 1 0 1 1 1 1 1 0 0 0 1 1
0.065736860053609 1 0 0 1 0 0 0 0 0 0 1 1 1 0 1 0 0 0 0 1 1
