0.362883538007736 0 1 1 0 1 0 1 1 0 0 1 1 0 0 0 1 1 1 0 0 1 0 0
0.214982390403748 0 1 0 0 1 1 1 0 1 1 1 0 1 0 1 1 0 0 0 0 0 1 0
0.347618609666824 1 1 1 1 0 1 1 1 1 1 1 0 0 1 0 1 0 1 0 1 0 1 0
0.549816727638245 0 1 0 0 1 0 1 1 1 1 0 0 0 1 0 0 0 0 0 0 0 1 1
0.246633306145668 0 0 0 0 0 1 1 0 1 0 0 0 1 1 1 0 0 0 0 1 0 0 1
0.517430365085602 0 0 0 1 1 0 1 1 0 1 1 0 1 0 0 1 0 1 1 1 1 0 1
0.233617261052132 1 0 0 0 0 0 1 1 0 1 0 0 1 0 0 0 0 1 0 1 1 0 0
0.248736158013344 1 0 1 1 0 1 0 1 0 1 0 1 1 1 1 1 0 0 0 1 0 0 1
0.255782157182693 1 0 1 0 0 0 0 0 0 0 1 1 0 1 1 1 1 1 0 1 1 0 0
0.119204066693783 1 0 0 1 0 0 0 0 1 0 1 1 0 1 0 1 0 1 1 0 0 1 1
0.247794613242149 1 1 0 1 0 1 0 1 1 1 1 0 1 1 1 0 1 0 0 1 1 1 1
0.632176101207733 1 1 1 1 1 0 0 0 1 1 0 0 0 0 1 1 1 1 1 0 0 0 1
0.357955545186996 1 0 0 0 1 1 1 0 1 1 0 1 1 0 0 0 1 0 1 0 0 1 1
0.455508828163147 1 1 1 1 0 1 0 0 0 1 1 1 1 1 1 1 1 0 1 0 1 1 0
0.760036706924438 1 1 1 0 1 1 1 0 0 0 0 0 0 1 0 1 0 1 1 1 1 1 0
0.470005959272385 1 0 1 1 0 0 0 1 1 1 0 0 0 0 0 0 1 0 1 1 0 0 1
0.356263309717178 1 0 1 1 1 1 0 1 1 0 0 1 1 1 1 1 0 0 0 0 1 1 0
0.636628985404968 0 0 1 0 1 0 1 1 0 0 0 0 0 0 1 0 1 1 1 1 1 1 1
0.369244903326035 0 1 1 1 1 0 1 1 1 1 0 1 1 0 1 0 0 1 1 0 1 0 0
0.210228875279427 0 0 0 0 0 0 1 1 0 0 0 0 1 0 1 0 1 1 1 1 1 1 0
0.020612483844161 1 0 0 0 0 0 0 0 0 1 1 1 0 1 1 1 0 1 0 1 1 1 0
0.283949434757233 1 1 1 0 0 0 0 0 0 1 1 0 1 1 1 0 1 0 1 1 0 1 1
0.536940157413483 0 0 0 0 0 1 0 1 0 1 1 1 0 0 0 0 0 0 0 0 0 1 0
0.110922068357468 0 1 1 0 0 0 0 0 0 0 1 1 1 0 0 0 0 0 1 0 0 1 0
0.563153624534607 0 0 0 1 1 0 1 0 1 1 0 0 1 0 0 0 0 1 1 1 0 1 1
0.130716686532965 0 1 0 1 0 0 0 0 0 1 1 1 1 1 1 1 1 0 0 0 0 1 0
0.186616727506240 1 1 0 1 0 0 0 1 0 1 1 1 0 0 0 1 0 0 1 0 1 0 0 x
0.090927460216984 1 1 0 0 0 0 0 1 0 1 1 1 1 0 0 1 0 1 1 0 1 0 0 x
0.175833050696192 0 1 1 1 0 0 0 1 0 1 1 1 1 0 0 1 0 1 0 0 1 0 0 x
0.087472434289990 1 0 0 0 0 0 0 1 1 0 0 1 1 1 1 1 0 1 0 1 1 1 1 x
0.506542268914559 0 1 0 1 0 0 1 1 1 0 0 1 0 0 0 0 0 0 0 0 0 1 0 x
0.142175076003141 0 0 1 0 0 0 1 0 0 0 1 1 1 1 1 1 0 0 0 1 0 0 0 x
0.306358941518232 1 1 0 0 1 0 0 0 0 0 1 1 0 1 1 1 1 1 0 0 0 0 1 x
0.199695466902506 1 1 0 1 0 0 0 0 1 0 1 1 1 0 0 0 0 0 1 1 0 0 1 x
0.225571069462309 1 0 0 0 0 1 1 0 1 0 0 1 1 0 0 1 0 0 1 1 0 0 1 x
0.207782997965193 0 0 1 0 0 0 1 0 1 0 1 1 1 1 1 0 0 0 0 0 0 1 0 x
0.122773140208415 0 0 1 0 0 0 1 0 1 0 0 0 1 1 1 1 1 1 1 0 0 1 1 x
0.244612078081048 0 1 1 0 1 0 0 0 1 1 0 0 1 1 1 1 1 0 0 1 0 1 1 x
0.266265858826453 1 0 0 1 0 0 1 0 1 0 0 0 0 1 0 1 1 0 0 0 0 1 1 x
0.188988901234986 0 1 0 0 1 1 0 0 0 0 1 1 1 1 1 1 1 1 0 1 0 0 1 x
0.330167172881385 0 1 1 1 0 1 0 1 0 1 1 1 1 0 1 1 1 0 1 0 1 0 0 x
0.185250558245708 0 1 1 0 0 0 0 1 0 1 1 1 1 0 0 1 1 0 1 1 1 0 1 x
0.282385434469605 1 1 0 1 0 1 0 0 0 1 1 1 1 0 0 1 1 1 0 0 0 0 0 x
0.220883601108639 0 0 0 0 0 0 0 0 0 0 1 1 1 1 1 1 0 1 1 0 1 0 1 x
0.119586920887041 1 0 0 0 0 0 1 0 0 1 1 0 1 1 1 1 1 1 1 1 1 1 0 x
0.250924539625320 0 1 1 0 0 0 0 1 0 1 1 0 1 0 1 1 0 1 1 1 1 0 0 x
0.106090934460815 0 0 0 0 0 0 1 0 0 0 1 1 1 1 1 1 1 1 0 1 1 0 1 x
0.244738811045467 1 1 0 0 0 0 0 1 0 0 0 1 0 1 1 0 1 1 1 0 0 0 1 x
0.181258949167831 0 1 0 1 0 0 0 1 0 1 1 1 0 1 1 1 1 1 0 1 1 1 0 x
0.356298217820637 0 0 1 1 0 0 1 1 1 0 0 1 1 1 0 1 1 1 1 1 0 0 1 x
0.170936417000546 1 1 0 0 0 0 0 0 1 1 1 1 0 0 0 1 1 0 1 1 0 1 1 x
0.063435712514189 1 0 0 0 0 1 0 1 1 0 1 1 1 1 1 1 0 0 0 1 0 1 0 x
0.263943072741187 0 1 1 0 0 0 1 1 1 1 1 0 1 1 1 0 1 1 1 0 1 1 1 x
0.226410760412948 1 1 0 0 0 0 1 0 0 1 1 0 0 0 1 1 0 1 0 1 0 1 0 x
0.204029703110533 0 0 0 0 0 0 1 0 0 1 1 0 1 1 1 1 0 1 0 0 0 1 1 x
0.050250380527854 0 0 1 0 0 0 0 0 0 0 1 1 1 0 1 1 1 1 1 0 1 1 0 x
0.165935923889689 0 0 1 0 1 0 0 0 0 0 1 1 1 0 1 1 1 0 0 0 0 0 0 x
0.049152542464466 0 1 0 0 0 0 0 0 1 0 1 0 1 0 0 1 1 0 1 0 0 1 0 x
0.091923912004306 1 0 0 0 1 0 0 0 0 0 1 1 1 1 1 1 0 1 0 1 1 0 0 x
0.107986509850134 1 1 0 0 0 0 0 0 0 1 0 1 1 1 0 1 0 0 1 0 0 1 0 x
0.159253745674278 1 1 0 1 0 0 0 0 0 1 1 1 1 1 0 1 0 0 0 1 0 1 0 x
0.048477871751223 1 0 0 0 0 0 0 0 1 0 1 1 1 0 1 1 1 0 1 0 0 1 0 x
0.092218444065006 1 0 1 0 0 0 1 0 1 0 1 1 1 0 1 0 0 0 1 0 0 1 0 x
0.184165563974214 0 1 1 0 0 0 0 0 0 0 0 0 1 0 1 1 1 0 0 0 0 1 0 x
0.080792832770234 1 0 0 0 0 0 1 0 1 0 0 1 0 1 1 1 0 0 1 1 0 1 0 x
0.174724649956246 0 0 0 0 0 0 0 0 0 1 0 1 0 1 0 1 1 0 1 0 0 1 0 x
0.067174660594480 1 0 0 0 0 1 1 0 0 1 1 1 1 1 1 0 0 1 0 1 0 1 0 x
0.039968202672038 1 0 0 0 0 0 0 0 0 1 0 1 1 0 0 0 1 1 1 0 0 1 0 x
0.253209752596802 1 1 0 0 0 0 1 0 1 0 1 0 1 0 1 0 1 0 1 0 1 1 1 x
0.307001772073493 1 1 0 1 0 0 1 1 1 0 1 1 0 0 1 1 0 1 0 1 1 0 1 x
0.188582736205974 1 0 0 1 0 0 1 0 0 1 1 1 1 1 1 1 1 1 0 1 0 0 0 x
0.086038289022232 1 0 0 0 0 0 0 1 1 1 1 1 1 0 1 0 1 1 1 0 1 0 0 x
0.166883905673170 0 1 0 0 0 1 0 1 0 1 1 1 1 1 0 1 1 1 0 1 1 1 0 x
0.083780592452696 1 0 0 0 0 1 0 0 0 1 0 0 1 1 1 1 0 1 0 1 0 1 0 x
0.060187763538592 1 0 0 0 0 0 0 0 1 0 1 1 1 1 0 0 0 0 1 1 0 1 0 x
0.051851248402294 1 0 0 0 0 0 0 0 0 1 1 1 1 0 0 0 1 1 1 1 0 1 0 x
0.191433470635011 1 0 0 0 0 0 0 1 0 1 0 1 1 1 1 0 0 1 0 0 0 0 0 x
0.097383537306387 0 0 0 0 1 0 0 0 0 1 0 1 1 0 0 1 0 1 0 1 0 1 0 x
0.055969125666192 0 0 1 0 0 0 0 0 0 1 1 0 1 0 0 1 1 0 1 0 0 1 0 x
0.103063061177400 0 1 0 0 0 0 1 0 0 1 0 1 1 0 0 1 1 1 1 0 0 1 0 x
0.154814268529478 0 0 0 0 0 1 0 0 0 1 1 0 1 0 0 1 1 1 0 1 1 1 0 x
0.054187646408786 1 0 0 0 0 0 0 0 0 1 0 1 0 0 0 1 0 1 1 0 0 1 0 x
0.043126771613044 1 0 0 0 0 0 0 0 0 1 1 1 1 0 1 0 0 1 1 0 0 1 0 x
0.158343944743133 1 0 0 0 0 1 0 0 0 1 0 1 0 1 0 1 0 1 0 1 1 1 0 x
0.269216452354279 0 0 0 0 0 0 0 0 0 0 0 0 1 1 0 1 1 1 1 0 0 1 0 x
0.065213045941236 0 1 0 0 0 0 0 0 1 1 1 1 1 0 1 1 1 0 0 1 0 1 0 x
0.255085175787063 0 0 0 0 0 0 0 0 1 1 1 1 1 0 1 1 1 0 1 0 0 1 0 x
0.189801269632887 1 0 1 0 0 0 0 0 0 0 1 1 1 0 0 1 1 1 1 0 0 1 0 x
0.091206123149573 0 1 0 0 0 0 0 1 0 0 0 1 1 1 0 1 1 0 1 1 1 1 0 x
0.027616815809096 1 0 0 0 0 0 0 0 0 1 0 1 1 0 1 0 1 0 0 1 1 1 0 x
0.091259971246247 0 1 0 0 0 0 0 0 0 1 1 1 0 0 0 1 1 0 0 1 1 1 0 x
0.071390265009933 0 0 1 0 0 0 0 0 0 1 1 1 1 0 0 0 1 1 1 0 1 0 0 x
0.068291722440798 0 0 0 0 1 0 0 0 0 0 1 1 0 0 1 1 1 0 0 1 1 1 0 x
0.068477044032967 0 1 0 0 0 0 0 0 0 1 1 1 0 0 1 1 1 1 1 0 1 1 0 x
0.139151492398022 0 1 1 0 0 0 0 0 0 1 1 1 1 0 0 1 1 0 1 1 1 0 0 x
0.044369559514608 0 1 0 0 0 0 0 0 0 1 0 1 1 0 0 0 1 0 1 0 1 0 0 x
0.144128576295803 1 0 1 0 0 1 0 0 0 0 1 1 1 0 1 0 1 0 0 1 0 1 0 x
0.253548602045920 0 1 0 0 0 0 0 0 0 0 0 0 0 0 0 1 1 0 1 1 1 0 0 x
0.121432873969533 0 1 0 0 0 0 0 1 0 0 1 1 1 1 0 0 1 1 1 0 1 1 1 x
0.091270027107160 0 1 0 0 1 0 0 0 0 1 1 1 1 0 0 1 1 1 0 0 1 1 0 x
0.088395674481481 0 1 0 0 0 0 0 0 0 1 1 1 1 1 1 1 1 0 1 0 1 0 0 x
0.102334336903397 1 0 0 0 0 0 0 1 0 1 1 1 0 0 1 1 1 1 1 0 1 1 0 x
0.020807962871150 1 0 0 0 0 0 0 0 0 1 0 1 1 0 0 1 1 0 0 0 1 1 0 x
0.205952353936830 1 0 0 0 1 0 0 0 1 0 1 1 0 0 0 1 1 0 0 1 1 1 0 x
0.072520068829042 0 0 1 0 0 0 0 0 0 1 0 0 1 0 0 1 1 1 0 0 1 1 0 x
0.152000045432362 1 0 0 0 0 1 0 0 1 1 0 1 1 0 0 0 1 1 0 0 1 1 0 x
0.096669672992338 1 1 0 0 0 0 0 1 1 1 0 1 1 0 0 1 1 0 1 0 0 1 0 x
0.070364836310194 1 0 0 0 0 0 0 0 0 0 0 1 1 0 0 0 1 0 1 0 1 1 0 x
0.070993585047952 0 0 1 0 0 0 0 0 0 1 0 1 1 0 0 1 1 0 0 1 1 1 0 x
0.058009692898590 0 1 0 0 0 0 0 1 1 0 1 1 1 1 1 1 0 0 1 1 0 1 0 x
0.093963578009354 0 0 1 0 0 0 0 0 0 1 1 1 0 1 1 1 0 0 0 0 1 1 0 x
0.019830977182290 1 0 0 0 0 0 0 0 0 0 1 1 1 1 0 1 0 0 0 1 1 1 0 x
0.105212287413637 0 1 1 0 0 0 0 0 1 1 1 1 1 0 0 1 1 0 1 0 1 1 0 x
0.084310933344604 1 1 0 0 0 0 0 0 1 1 1 1 1 1 1 0 0 0 0 1 0 1 0 x
0.118515678413670 0 0 1 0 0 1 0 0 1 1 1 1 1 0 1 1 1 0 0 0 1 1 0 x
0.074967986910438 0 1 0 0 0 0 0 0 1 0 1 1 1 0 1 0 0 0 1 1 0 1 0 x
0.060611785307454 1 0 1 0 0 0 0 0 1 1 0 1 1 1 1 0 0 0 0 1 0 1 0 x
0.054688133840089 1 0 0 0 0 0 0 0 1 1 1 1 1 1 1 1 1 0 0 1 0 1 0 x
0.284121773486254 1 1 1 0 0 0 0 0 0 1 0 1 1 0 1 0 0 0 0 1 1 1 0 x
0.032490523973845 1 0 0 0 0 0 0 0 0 1 0 0 1 0 1 0 1 0 0 1 0 1 0 x
0.271444766917258 1 0 0 0 0 1 1 1 0 0 0 1 1 1 1 1 0 1 1 1 1 1 0 x
0.121305521475977 1 0 0 0 0 0 0 0 0 1 0 1 1 0 1 1 1 1 1 0 1 0 0 x
0.159466491444636 0 0 0 0 1 0 0 0 0 1 1 1 1 0 1 1 0 0 0 1 1 0 0 x
0.144237191949417 1 1 0 0 0 0 0 1 1 1 1 1 1 1 0 0 0 0 1 1 1 1 0 x
0.140984396623141 1 0 0 0 0 0 0 0 0 1 0 1 0 0 0 0 1 1 1 0 1 1 0 x
0.032269326304625 1 0 0 0 0 0 0 0 0 1 1 1 0 1 1 1 0 0 1 1 1 1 0 x
0.127192337301800 0 0 0 0 0 0 0 0 0 0 0 1 0 0 1 1 0 1 0 0 1 1 0 x
0.072097082225197 0 0 1 0 0 0 0 0 1 0 1 1 0 1 0 1 1 1 1 0 0 1 1 x
0.117490219366296 1 0 1 0 0 0 0 0 1 1 0 1 1 0 1 0 1 0 1 1 0 1 0 x
0.020087252283327 1 0 0 0 0 0 0 0 0 0 0 1 1 0 1 1 0 1 0 0 0 1 1 x
0.067669206098079 0 1 0 0 0 0 0 0 0 0 1 1 1 0 1 0 0 0 1 1 0 0 0 x
0.068282891944065 1 0 0 0 1 0 0 0 0 1 0 1 1 0 1 1 0 1 0 0 0 1 0 x
0.063056033282293 0 1 0 0 0 0 0 1 0 0 0 1 1 1 0 0 0 0 1 1 0 0 0 x
0.240750200334870 0 0 0 0 0 0 0 0 0 0 1 1 0 1 1 1 1 0 0 1 0 1 0 x
0.174381918492195 0 1 0 0 0 0 0 0 1 0 1 1 1 1 1 1 0 0 0 0 1 0 0 x
0.063103387124792 0 0 1 0 0 0 0 0 0 1 1 1 0 1 0 1 1 0 1 0 1 1 0 x
0.111084947681470 0 0 1 0 0 0 0 0 0 1 1 1 1 0 1 0 1 0 0 1 1 0 1 x
0.075561808459431 1 1 0 0 0 0 0 1 0 1 1 1 1 0 1 1 0 0 1 0 0 1 0 x
0.198687771383620 1 0 0 0 0 0 1 1 0 0 0 1 1 0 1 0 0 0 0 0 0 1 1 x
0.041272988833856 0 1 0 0 0 0 0 0 0 1 0 1 1 1 1 0 1 1 0 1 0 1 0 x
0.044843076597787 1 0 0 0 0 0 0 1 1 1 1 1 1 1 1 1 1 1 0 0 1 1 0 x
0.340559835639532 0 0 1 0 0 1 1 0 0 1 1 0 1 0 0 1 0 1 1 0 1 1 0 x
0.105920487451352 1 0 1 0 0 0 0 0 1 1 1 0 1 1 1 1 0 0 0 0 0 1 0 x
0.150017183838195 0 0 0 0 0 0 0 0 0 1 0 1 1 0 1 0 1 1 0 0 1 1 0 x
0.111849965211281 0 1 0 0 0 0 0 1 0 1 1 1 1 0 1 1 1 0 1 0 0 0 0 x
0.213947911179314 1 0 1 0 0 0 1 0 0 1 1 1 1 0 1 0 0 0 0 0 0 0 0 x
0.025073558267716 1 0 0 0 0 0 0 0 0 1 1 1 1 0 1 0 1 1 0 1 0 1 0 x
0.051403605399563 0 0 1 0 0 0 0 0 0 0 1 1 1 0 1 1 1 0 0 0 1 0 1 x
0.110245318131715 0 0 1 0 0 0 0 1 0 1 1 1 1 0 1 1 1 0 0 0 1 0 0 x
0.088380313035239 0 1 1 0 0 0 0 0 1 0 1 1 1 1 1 0 1 0 1 0 0 0 1 x
0.139211040816393 1 0 0 0 1 1 0 1 0 1 1 1 1 0 1 1 1 1 0 0 0 0 1 x
0.228219905241414 1 1 0 0 1 0 0 1 0 1 1 1 1 0 1 1 1 1 0 0 1 0 0 x
0.072529837508873 0 1 0 0 0 0 0 0 0 1 1 1 1 0 1 1 1 1 0 1 1 1 1 x
0.114857526885003 0 1 0 0 1 0 0 0 0 1 0 1 1 0 1 0 1 1 0 1 0 1 0 x
0.040268045698545 1 0 0 0 0 0 0 1 0 0 1 1 1 0 1 0 1 1 1 0 0 1 0 x
0.181032909541122 0 0 0 0 1 0 0 0 0 1 1 1 1 1 1 1 1 0 0 1 1 1 1 x
0.177052695304641 1 0 0 0 1 1 1 0 0 0 1 1 1 0 1 1 0 1 0 0 0 0 0 x
0.209395782315444 0 1 0 0 1 0 0 0 1 0 1 1 0 0 1 1 0 1 0 1 1 1 0 x
0.076729519088821 1 0 0 0 0 0 0 0 1 1 1 1 1 0 1 1 1 1 0 0 1 1 1 x
0.135423788317859 0 1 0 0 0 0 0 1 1 1 1 1 1 0 1 0 1 0 1 0 0 1 0 x
0.098405811109121 0 1 0 0 1 0 0 0 0 0 0 1 1 1 0 1 0 1 0 1 0 1 0 x
0.109249920206320 0 0 1 0 0 0 0 0 1 1 1 1 1 0 1 1 0 0 1 1 0 0 0 x
0.071722875686028 1 0 0 0 0 0 0 0 1 0 0 1 1 0 1 1 1 1 0 1 0 1 0 x
0.082719922605159 0 1 0 1 0 0 0 0 0 1 1 1 1 1 0 0 1 0 0 1 1 1 0 x
0.200879139185248 0 1 0 0 0 0 0 0 1 1 1 1 1 1 0 1 0 0 0 1 0 1 1 x
0.037448366121622 1 0 0 0 0 0 0 0 0 1 1 1 1 1 1 1 1 0 0 1 1 0 1 x
0.072799910639225 1 0 0 0 0 0 0 0 0 1 1 1 0 0 1 1 1 0 0 1 1 1 1 x
0.104309901666158 1 0 0 0 0 0 0 1 1 1 1 1 1 1 1 1 0 0 1 0 0 0 1 x
0.059744093040894 0 1 0 0 0 0 1 0 0 1 1 1 1 1 1 0 1 0 1 0 1 0 0 x
0.035354949142219 1 0 0 0 1 0 0 0 0 1 1 1 1 1 1 0 0 1 0 1 0 1 0 x
0.060125689856823 1 0 0 0 0 0 0 1 0 1 1 0 1 0 1 1 1 1 0 1 0 1 0 x
0.035904557157233 0 1 0 0 0 0 0 0 0 1 0 1 1 1 1 0 1 1 1 1 1 0 1 x
0.026182386284397 1 0 0 0 0 0 0 0 0 1 1 0 1 1 1 0 1 1 0 0 0 1 1 x
0.196783118014936 1 1 0 0 0 0 0 1 0 0 1 1 0 1 1 1 1 1 0 0 1 1 0 x
0.053710449921999 0 1 0 0 0 0 0 0 0 1 0 1 1 1 1 0 1 1 0 1 1 0 0 x
0.130271981422066 1 0 0 0 0 0 0 0 0 0 1 1 1 1 1 0 0 1 0 0 0 1 0 x
0.062323916816995 1 0 0 0 0 1 0 0 0 1 1 0 1 1 1 0 1 1 0 1 0 1 1 x
0.072422442385917 1 0 0 0 0 1 0 0 1 1 1 0 1 1 1 0 1 1 0 1 0 1 0 x
0.052884670134548 1 0 0 0 1 0 0 0 0 1 1 0 1 1 1 1 0 1 0 1 0 1 1 x
0.035751468545773 1 0 0 0 0 0 0 0 0 1 1 0 1 0 1 1 1 1 0 0 1 1 0 x
0.119782341489920 1 1 0 0 0 0 0 1 0 1 0 1 1 1 0 0 1 1 1 0 0 0 1 x
0.097104669347387 0 0 1 0 0 0 0 0 1 1 0 1 0 0 1 1 1 0 1 0 0 1 1 x
0.105885233566629 1 0 0 0 1 0 0 1 0 1 1 1 1 0 0 1 0 1 0 1 0 1 0 x
0.133209658719625 1 0 1 0 0 1 0 0 1 1 0 1 1 0 1 0 1 0 0 0 0 1 1 x
0.023562004155836 1 0 0 0 0 0 0 0 0 0 0 1 1 1 0 1 1 0 0 1 1 1 1 x
0.139471597963160 1 0 0 0 1 1 0 0 0 1 0 1 1 1 1 0 0 1 0 1 0 1 1 x
0.039110484812062 0 1 0 0 0 0 0 1 0 0 1 1 1 0 1 1 1 0 0 0 1 1 0 x
0.059469465299042 1 0 0 0 0 1 0 1 0 0 1 1 1 1 1 1 0 1 0 1 1 0 1 x
0.141836619187418 0 1 1 0 0 1 0 0 0 1 1 1 1 1 1 0 1 1 0 0 0 0 1 x
0.082292169235749 0 0 1 0 0 0 0 0 1 0 1 1 1 1 1 0 1 0 1 0 0 1 0 x
0.053603347839898 0 0 1 0 0 0 0 0 0 0 1 1 1 0 1 1 0 0 1 0 0 1 1 x
0.171990695744476 1 1 0 0 0 0 0 1 1 0 1 1 1 1 1 1 1 1 1 0 0 1 0 x
0.063527401263637 0 0 0 0 1 0 0 0 0 0 1 1 1 0 1 1 1 1 0 1 1 1 0 x
0.303449552528181 0 0 1 1 0 0 0 0 0 1 1 1 0 0 0 1 1 0 0 1 1 1 1 x
0.099125826800210 1 0 0 0 1 0 0 0 0 1 1 1 0 1 1 1 1 1 0 0 0 1 0 x
0.013979287454997 1 0 0 0 0 0 0 0 0 1 1 1 0 1 1 1 1 1 1 0 0 1 1 x
0.240682357378138 0 1 0 0 0 0 0 1 1 0 0 1 1 0 0 0 1 0 1 1 1 0 1 x
0.109681594102890 0 1 0 1 0 0 0 0 0 1 1 1 1 1 0 0 1 1 1 1 0 1 0 x
0.030431128071159 1 0 0 0 0 0 0 0 0 1 0 1 0 1 1 1 0 1 1 0 1 1 1 x
0.072590449778322 0 1 1 0 0 0 0 0 0 1 1 1 1 1 1 0 0 1 1 0 0 0 1 x
0.059254476141467 0 0 1 0 0 0 0 0 0 1 0 1 1 1 0 1 1 0 0 0 1 0 1 x
0.220515740591982 0 0 0 0 0 1 0 1 0 0 1 1 1 0 0 1 1 0 0 0 0 1 0 x
0.037473484866740 1 0 0 0 0 0 0 0 1 1 0 1 0 1 0 1 1 0 1 0 0 1 0 x
0.078674066269717 1 0 0 0 0 0 1 0 0 1 0 1 1 1 0 1 1 1 0 1 1 1 0 x
0.040863171423881 1 0 0 0 0 0 0 0 0 1 0 1 1 1 0 0 1 0 0 1 0 1 1 x
0.220488568717913 1 0 1 0 0 1 1 0 1 0 1 1 1 1 1 0 1 1 0 1 0 0 0 x
0.133259900477532 0 1 0 0 1 0 0 0 0 0 0 1 1 0 1 1 1 0 1 0 0 1 0 x
0.093197687105900 1 0 0 0 0 0 1 1 0 1 0 0 1 1 1 0 0 0 1 0 0 1 0 x
0.101175927324819 0 1 0 0 0 1 0 0 0 1 0 1 1 1 1 0 0 1 1 0 0 0 0 x
0.023180375750711 0 1 0 0 0 0 0 0 0 1 0 1 1 1 1 0 1 0 1 0 1 1 0 x
0.105468910015272 0 1 0 0 0 0 0 0 0 1 1 1 1 1 0 0 1 1 1 0 0 0 0 x
0.048722034791079 1 0 0 0 0 0 0 0 0 0 1 1 1 1 1 1 1 0 0 0 1 1 1 x
0.137501924332737 0 1 1 0 0 0 0 0 0 0 0 1 1 1 1 0 1 0 1 0 1 0 1 x
0.075670032688930 1 0 0 0 0 0 0 0 0 1 1 0 1 1 0 0 0 0 0 1 1 1 0 x
0.027970114255520 1 0 0 0 0 0 0 0 0 1 0 0 1 1 1 0 1 0 1 1 0 1 1 x
0.082076668275992 0 1 1 0 0 0 0 0 1 0 1 1 1 0 1 1 0 0 1 0 0 1 0 x
0.062770311929585 1 0 0 0 0 0 0 0 1 1 1 0 0 1 1 1 0 0 1 0 0 1 1 x
0.038623506491100 0 1 0 0 0 0 0 0 0 1 1 0 1 1 1 0 0 0 1 1 0 1 0 x
0.074006408320923 0 1 0 0 0 0 0 0 0 1 1 1 1 1 1 0 0 1 1 1 1 1 0 x
0.073755196056662 0 1 0 0 0 1 0 0 0 1 1 1 1 0 1 0 1 0 0 1 0 1 0 x
0.017043101575721 1 0 0 0 0 0 0 0 0 1 1 1 1 0 1 1 1 1 0 1 0 1 1 x
0.050211824896796 1 0 0 0 0 0 0 0 0 0 0 1 1 0 1 0 1 1 1 0 0 1 1 x
0.050962109091145 1 0 0 0 0 0 0 1 0 0 1 1 1 0 0 1 1 0 1 1 0 1 0 x
0.032488518400286 1 0 0 0 0 0 0 1 0 0 0 1 1 0 1 1 0 1 0 1 0 0 1 x
0.054806379552548 0 1 0 0 0 1 0 0 0 1 0 1 1 1 1 0 1 0 1 1 0 0 1 x
0.096428005942796 1 0 0 0 0 0 0 1 0 1 1 1 1 0 1 1 1 0 1 0 1 1 1 x
0.045466354429095 1 0 0 0 0 0 0 0 0 1 0 1 1 0 1 0 1 1 1 1 0 0 1 x
0.070421890028154 0 0 0 0 1 0 0 0 0 1 0 1 0 1 1 1 1 1 0 1 1 1 0 x
0.083886526694354 1 0 0 0 0 0 0 0 0 1 1 1 1 0 1 1 0 1 0 1 1 1 1 x
0.077607709458820 0 0 1 0 0 0 0 0 1 1 0 1 0 1 1 1 0 0 1 0 0 1 0 x
0.056288400434981 1 0 0 0 0 0 0 0 0 0 1 1 1 1 1 1 0 0 0 1 0 1 1 x
0.031181204166115 0 0 1 0 0 0 0 0 0 0 1 1 1 0 1 1 1 1 0 0 0 1 1 x
0.019769386869423 1 0 0 0 0 0 0 1 0 1 0 1 1 1 1 1 1 1 0 1 0 1 1 x
0.032487238014149 1 0 0 0 0 0 0 1 0 1 1 1 1 1 1 1 1 0 0 1 1 1 0 x
0.139852128689343 1 0 0 0 0 0 0 0 0 1 0 1 1 1 1 1 1 1 0 0 0 0 1 x
0.138358523255575 0 1 0 0 0 0 1 0 0 0 1 0 1 1 1 1 1 1 1 1 0 1 0 x
0.099445743902638 0 1 0 0 0 0 0 0 0 0 0 1 1 0 0 1 0 1 1 1 0 1 0 x
0.027421408642458 1 0 0 0 0 0 0 0 0 1 1 1 1 1 1 0 1 0 1 1 1 0 0 x
0.116231017646694 1 1 0 0 0 1 0 1 0 1 1 1 1 1 1 0 0 0 1 1 0 0 0 x
0.050715172504836 0 1 0 0 0 0 0 0 0 0 1 0 1 0 1 1 1 0 0 1 1 1 0 x
0.040910626139307 1 0 0 0 0 0 0 0 0 1 0 1 0 1 1 1 1 0 0 0 1 1 0 x
0.033988021137487 1 0 0 0 0 0 0 1 0 1 1 1 1 1 1 0 1 1 1 1 0 0 1 x
0.095812700377431 1 0 0 0 0 1 0 1 0 0 0 1 1 0 1 1 1 1 0 0 0 1 1 x
0.063011436593822 0 0 1 0 0 0 0 0 0 1 1 1 1 1 1 1 1 0 1 0 0 1 1 x
0.090713410546714 0 1 1 0 0 0 0 0 1 1 1 1 1 1 1 0 1 0 1 1 0 0 0 x
0.037996414761184 1 0 0 1 0 0 0 0 0 1 1 1 1 1 1 0 1 0 0 1 1 1 0 x
0.023298042677024 1 0 0 0 0 0 0 0 0 0 1 1 0 1 1 1 1 1 0 1 1 1 1 x
0.121466552930761 1 0 0 0 0 1 0 0 0 0 0 1 1 1 1 1 1 0 0 1 1 0 0 x
0.064471386720741 0 1 0 0 0 0 0 0 0 1 1 1 1 0 0 1 1 0 0 0 1 1 0 x
0.068107447707347 1 0 0 0 0 0 0 1 1 0 1 1 1 0 1 1 0 0 1 0 0 1 0 x
0.084600358379366 1 0 0 0 0 0 1 0 0 1 1 1 0 1 1 1 1 1 1 1 0 1 1 x
0.041016663304150 1 0 0 0 0 0 0 0 0 1 1 1 0 1 1 1 0 1 0 0 1 1 1 x
0.042142490919273 0 0 1 0 0 0 0 0 1 0 1 0 1 0 1 1 1 1 0 0 0 1 1 x
0.108660173283076 1 0 0 1 0 0 0 1 0 0 1 1 1 1 1 1 1 1 0 1 1 0 1 x
0.024567063017523 1 0 0 0 0 0 0 0 0 1 0 1 0 1 1 1 1 0 1 1 0 1 1 x
0.094888902095732 0 1 0 0 0 1 0 0 0 1 1 0 1 1 1 0 1 1 0 1 1 0 1 x
0.031036780901214 0 1 0 0 0 0 0 1 0 0 1 1 1 0 1 1 1 1 0 0 0 1 1 x
0.042159217395837 1 0 0 0 0 0 0 1 0 0 0 1 0 1 1 1 0 1 1 0 0 1 1 x
0.037629703273711 0 1 0 0 0 0 0 0 0 1 0 1 1 0 1 0 1 0 1 1 0 1 0 x
0.144190125668871 0 0 1 0 0 0 0 1 0 0 1 1 1 0 0 1 0 1 0 0 0 1 1 x
0.040549888091404 0 1 0 0 0 0 0 0 0 1 1 1 1 0 1 0 1 1 0 1 0 0 1 x
0.072883011180834 0 0 1 0 0 0 0 0 1 0 0 1 1 0 1 1 1 0 1 0 1 0 0 x
0.128894486238808 1 0 0 0 1 0 0 0 0 0 0 1 1 1 1 1 1 0 0 1 0 1 0 x
0.027792837422047 0 1 0 0 0 0 0 0 0 1 1 1 0 1 1 1 1 0 1 0 0 1 1 x
0.019074356437499 0 1 0 0 0 0 0 0 0 0 1 1 1 0 1 1 1 0 1 0 0 1 1 x
0.060105885511258 1 0 0 0 0 0 0 0 0 0 1 0 0 1 1 1 0 1 0 1 1 0 1 x
0.023371127457961 0 0 1 0 0 0 0 0 0 0 1 1 1 1 1 1 1 1 0 1 1 0 1 x
0.139064663612498 1 0 0 1 0 0 0 0 0 1 1 0 1 0 1 0 1 1 0 1 0 1 1 x
0.192918624554741 1 1 0 1 0 0 0 0 0 1 1 1 1 1 1 0 0 0 1 0 1 0 0 x
0.087069643151746 1 0 0 1 0 0 0 0 0 1 1 1 0 1 1 1 1 0 1 0 1 1 0 x
0.073846626734977 0 0 1 0 0 0 0 0 1 1 1 1 1 1 1 1 0 1 0 1 1 0 0 x
0.029443832869405 1 0 0 0 0 0 0 0 0 1 1 1 1 1 1 0 0 1 1 1 0 0 1 x
0.042625111486983 0 0 1 0 0 0 0 0 0 0 1 1 1 0 1 0 1 1 1 0 0 0 1 x
0.043964450793005 0 0 1 0 0 0 0 0 0 1 1 1 1 0 1 1 1 1 0 1 0 0 1 x
0.076203956121586 1 1 0 0 0 0 0 1 0 1 1 1 1 1 1 1 0 0 1 1 0 0 1 x
0.074480957664094 1 0 0 0 0 0 0 0 0 1 1 1 1 1 1 0 1 1 0 1 1 1 1 x
0.067006413266394 1 0 0 1 0 0 0 0 1 0 1 1 1 1 0 1 1 0 0 1 1 1 0 x
0.051520992651796 1 0 0 0 0 0 0 1 0 0 1 1 1 1 0 0 0 1 1 0 0 0 1 x
0.084494836008920 1 0 0 0 0 0 0 1 0 0 0 1 1 1 1 1 1 0 0 1 1 0 0 x
0.104756633816815 1 0 0 0 0 0 0 0 0 0 1 0 0 0 0 1 1 0 1 0 0 1 1 x
0.053240967029462 0 1 0 0 0 0 0 1 0 0 1 1 1 0 1 1 1 1 0 1 0 1 0 x
0.055559777322645 0 0 0 0 1 0 0 0 0 0 1 1 0 1 1 1 1 1 0 0 1 1 0 x
0.051122689164602 0 0 1 0 0 0 0 0 0 0 1 1 1 1 1 0 1 1 0 1 0 0 1 x
0.037454296245548 0 1 0 0 0 0 0 0 0 1 1 1 0 1 1 1 1 1 1 0 1 1 1 x
0.051982664195690 0 1 0 0 0 0 0 1 0 1 1 1 1 0 1 1 1 1 0 0 1 0 1 x
0.028619620460668 1 0 0 0 0 0 0 0 0 1 1 1 1 1 1 0 1 0 1 1 0 1 0 x
0.022781298506666 0 1 0 0 0 0 0 0 0 1 0 1 1 1 1 0 0 1 1 1 0 0 1 x
0.030536149852208 0 0 1 0 0 0 0 0 0 0 0 1 1 1 1 0 0 0 1 1 0 0 1 x
0.031420278834325 1 0 0 0 0 0 0 1 0 0 1 0 1 0 1 1 1 1 0 0 0 1 1 x
0.186985498516142 0 1 0 1 0 1 0 0 0 1 0 0 1 1 1 0 0 1 0 1 0 0 0 x
0.097150184701782 1 0 0 1 0 0 0 1 0 1 1 1 0 1 1 1 0 1 1 0 0 1 0 x
0.024672714638284 1 0 0 0 0 0 0 0 0 1 1 1 0 1 1 1 0 1 0 1 0 1 1 x
0.035131040581488 1 0 0 0 0 0 0 0 0 1 0 1 0 1 1 1 0 1 1 1 0 1 1 x
0.082671299859681 0 1 0 1 0 0 0 0 0 1 1 1 1 0 1 1 1 0 1 0 1 1 0 x
0.094507594869985 1 0 0 0 1 0 0 1 0 0 0 1 1 1 1 1 0 1 0 1 0 0 1 x
0.061345242688703 0 0 1 0 0 1 0 0 0 1 1 1 1 1 1 0 1 1 0 1 0 0 1 x
0.078985751473748 1 0 1 0 0 0 0 0 0 1 1 0 1 1 1 0 0 1 0 1 0 1 1 x
0.016302360158044 0 1 0 0 0 0 0 0 0 1 0 1 1 1 1 0 1 1 1 0 0 1 1 x
0.028265730787102 1 0 0 0 0 0 0 0 1 1 1 0 1 1 1 1 1 0 0 1 1 1 0 x
0.059917966463427 1 0 0 0 0 0 0 1 0 0 1 1 1 0 1 0 0 0 1 1 0 0 0 x
0.026525385844659 1 0 0 0 0 0 0 1 0 1 0 1 1 1 1 0 1 1 1 0 0 1 1 x
0.063501772277784 0 0 1 0 0 0 0 0 0 1 1 1 1 1 1 0 1 0 1 1 0 0 1 x
0.047301636897326 0 0 1 0 0 0 0 0 0 0 1 1 1 1 1 0 0 0 1 1 1 0 0 x
0.013825280101859 1 0 0 0 0 0 0 0 0 0 1 1 1 1 0 1 1 0 1 1 1 0 1 x
0.037824996598763 0 0 1 0 0 0 0 0 0 1 1 1 0 1 1 1 1 1 0 0 1 0 1 x
0.060862048294321 0 1 0 0 0 1 0 0 0 0 0 1 1 1 1 0 0 0 1 1 0 1 0 x
0.100792066259969 1 0 0 0 0 0 0 0 0 0 0 1 1 0 1 1 1 0 1 1 1 1 0 x
0.140065107112433 1 0 0 0 0 0 0 1 0 1 1 1 0 1 0 1 0 0 1 1 1 0 1 x
0.144478173011372 0 1 0 1 0 0 0 1 0 0 1 1 1 0 1 1 1 1 0 0 1 1 0 x
0.043951148020229 1 0 0 0 0 0 0 0 0 1 1 1 1 0 0 1 0 1 0 1 0 0 1 x
0.022570327817684 1 0 0 0 0 0 0 0 0 1 1 0 1 0 0 1 1 1 0 0 0 1 1 x
0.036147627547367 0 1 0 0 0 0 0 0 0 1 0 1 0 1 1 1 1 1 1 0 0 1 1 x
0.043875800391844 1 0 0 0 0 0 0 0 0 0 1 1 0 1 1 1 0 1 1 0 1 1 0 x
0.032016690729179 1 0 0 0 0 0 0 1 0 1 1 0 1 1 1 1 0 1 1 0 0 1 1 x
0.062863762533491 0 0 1 0 0 0 0 0 0 1 1 0 1 1 1 0 0 1 1 0 0 0 1 x
0.036672270948476 0 1 0 0 0 0 0 1 0 1 1 0 1 1 1 1 1 1 0 0 0 1 1 x
0.081907462152451 0 0 0 0 1 0 0 0 0 1 1 0 0 0 1 1 1 1 0 0 1 1 0 x
0.058969464898819 0 1 0 0 0 0 0 0 0 1 1 1 1 1 0 1 1 0 1 1 0 1 1 x
0.024268970415132 0 1 0 0 0 0 0 1 0 0 0 1 1 1 1 1 1 0 1 0 0 1 1 x
0.032172561468589 0 0 1 0 0 0 0 0 0 1 1 0 1 1 1 1 1 1 0 0 1 1 1 x
0.080777206819704 0 0 1 0 0 0 0 0 0 0 1 1 1 0 1 0 0 0 1 1 0 0 0 x
0.039949716755718 1 0 0 0 0 0 1 0 0 1 1 0 1 1 1 0 1 0 0 1 0 1 0 x
0.100033740800804 0 1 1 0 0 0 0 1 1 1 0 1 1 1 1 1 0 1 0 1 0 0 1 x
0.105040163215778 0 1 0 0 1 0 0 1 0 1 1 1 1 1 1 1 1 1 0 0 0 1 0 x
0.077848415217977 1 0 0 0 1 0 0 0 0 1 1 0 1 1 1 0 1 1 0 1 0 1 0 x
0.065178570680294 1 0 0 0 0 0 0 1 0 1 1 1 1 1 0 1 1 0 1 0 0 1 1 x
0.053342821796216 1 0 0 0 0 0 0 1 0 0 1 0 1 1 0 1 0 1 1 1 0 0 1 x
0.025322478085709 0 1 0 0 0 0 0 0 0 1 0 0 1 1 1 0 1 1 0 1 0 1 1 x
0.028924334744267 0 1 0 0 0 0 0 0 0 0 0 0 1 1 1 0 1 0 1 0 0 1 1 x
0.066470408828752 1 0 1 0 0 0 0 0 1 1 0 1 1 1 1 0 0 0 1 0 0 1 1 x
0.053431900392348 1 0 1 0 0 0 0 0 1 0 1 1 1 1 1 0 0 0 1 1 0 0 1 x
0.019099442399676 1 0 0 0 0 0 0 0 0 0 1 1 1 0 1 1 1 0 0 1 1 1 0 x
0.030412295960879 0 1 0 0 0 0 0 1 0 0 1 0 1 1 1 1 0 1 1 0 0 1 1 x
0.026596998293446 1 0 0 0 0 0 0 0 0 1 1 1 0 1 1 1 1 0 1 0 1 1 1 x
0.056161830844780 1 0 0 0 0 0 0 0 0 1 1 0 1 1 0 0 1 0 1 1 1 0 1 x
0.030750875827329 0 1 0 0 0 0 0 0 0 1 0 0 1 0 1 1 1 0 1 0 0 1 1 x
0.061466665380218 0 0 1 0 1 0 0 0 0 1 1 1 1 1 1 1 0 1 0 1 0 1 0 x
0.026160083903094 0 1 0 0 0 0 0 0 0 1 0 1 0 1 1 1 0 0 1 0 1 1 0 x
0.027081281422839 0 1 0 0 0 0 0 1 0 0 0 1 1 1 1 1 1 1 0 1 0 1 1 x
0.015547877581584 1 0 0 0 0 0 0 0 0 1 0 0 1 1 1 1 0 1 0 1 0 1 1 x
0.072396218665999 0 0 1 0 0 0 0 0 0 0 0 1 0 1 1 1 0 1 1 0 0 0 1 x
0.029656973082731 0 0 1 0 0 0 0 0 0 0 0 1 0 1 1 1 1 1 0 0 1 1 1 x
0.048750932847639 0 1 0 0 0 0 0 1 0 0 0 1 1 1 0 1 0 0 1 0 0 1 0 x
0.051086284366893 0 0 1 0 0 0 0 0 0 0 0 1 1 1 1 1 0 1 0 0 1 0 1 x
0.023581879776282 0 1 0 0 0 0 0 0 0 0 1 1 1 1 1 0 1 0 1 1 1 1 0 x
0.069311684522272 0 1 0 0 0 1 0 1 0 1 1 1 1 1 1 1 0 1 0 1 0 0 1 x
0.084296295507758 1 0 0 0 0 0 0 1 0 1 1 1 1 0 0 1 0 1 1 1 0 0 1 x
0.039503569063682 0 1 0 0 0 0 0 0 0 0 1 0 1 1 1 0 1 1 1 1 0 1 1 x
0.094947581744995 0 1 0 1 0 0 0 0 0 0 1 1 0 1 1 1 0 0 1 0 0 1 0 x
0.116998211911129 1 1 0 0 0 1 0 1 0 1 1 1 1 0 1 1 0 1 0 1 0 0 1 x
0.042530604947694 0 0 1 0 0 0 0 0 0 0 0 1 1 0 1 0 1 0 1 0 1 1 0 x
0.038684431612367 0 0 1 0 0 0 0 0 0 0 1 1 1 1 1 0 1 0 0 1 1 1 0 x
0.044684143414230 1 0 0 0 0 0 0 1 0 1 1 0 1 1 1 1 0 1 0 0 0 1 1 x
0.069011929607696 0 0 1 0 1 0 0 0 0 1 1 1 1 1 1 1 1 1 0 0 1 1 0 x
0.095226967039557 0 1 0 0 0 1 0 1 0 1 0 1 1 1 1 0 1 1 0 1 0 0 1 x
0.029333469855011 1 0 0 0 0 0 0 0 0 0 1 0 1 0 1 1 0 1 0 1 0 1 1 x
0.068473484695753 0 0 1 0 0 1 0 0 1 0 1 1 1 1 1 1 0 1 0 1 0 0 1 x
0.066158817364113 0 1 0 0 0 0 1 1 0 0 1 1 1 1 1 1 1 0 0 1 1 0 1 x
0.097097323545176 1 0 0 0 0 0 0 0 1 1 1 1 0 1 0 1 0 0 1 0 1 1 0 x
0.077234083335552 0 1 0 0 0 0 1 0 0 1 1 1 1 1 1 0 1 0 0 1 1 1 0 x
0.085094359607197 0 0 1 0 1 0 0 0 0 0 1 1 1 1 0 1 0 1 0 1 1 0 0 x
0.087764693429267 1 0 0 0 0 0 1 0 1 1 1 1 1 1 1 0 0 0 1 1 0 0 0 x
0.036840931853390 0 0 1 0 0 0 0 0 0 0 0 1 1 0 0 1 1 0 1 0 0 0 1 x
0.084973910515025 0 1 1 0 0 0 0 0 1 1 1 1 0 1 0 1 1 0 1 0 0 1 0 x
0.027997611362931 1 0 0 0 0 0 0 1 0 0 1 1 1 1 0 1 1 1 0 1 1 0 1 x
0.016107690566307 1 0 0 0 0 0 0 0 0 0 1 1 1 0 0 1 1 0 0 1 1 0 1 x
0.054788520416889 0 0 1 0 0 0 0 0 1 0 0 1 0 1 1 1 1 0 1 0 1 1 0 x
0.058701107529143 0 1 0 0 0 0 1 0 0 1 1 1 1 1 1 0 1 1 1 1 0 0 1 x
0.042767501362786 1 0 0 0 0 0 0 0 0 1 0 1 0 1 1 0 1 0 1 1 0 1 0 x
0.029985393781766 1 0 0 0 0 0 0 0 0 1 1 1 1 1 0 1 1 0 0 1 1 1 0 x
0.028527807533035 1 0 0 0 0 0 0 0 0 1 0 1 0 0 1 1 1 1 0 0 0 1 1 x
0.081225886403477 1 0 1 0 0 0 0 0 1 1 0 1 0 1 1 1 0 0 1 0 0 1 1 x
0.056791662490541 1 0 0 0 0 0 0 0 0 1 0 1 0 1 1 1 0 0 1 0 0 1 0 x
0.096217448867098 1 0 0 0 0 0 1 0 1 1 1 0 1 0 1 0 1 0 1 0 0 1 0 x
0.042704814421930 1 0 0 0 0 0 0 1 0 0 1 0 1 1 1 0 1 1 1 0 1 0 1 x
0.063005570993932 1 0 0 0 0 0 1 0 0 1 0 1 0 1 1 1 0 0 0 1 1 1 0 x
0.032579730382238 0 0 1 0 0 0 0 0 0 1 0 0 1 1 1 0 1 1 0 1 0 1 1 x
0.029952707589337 1 0 0 0 0 0 0 0 1 0 1 1 0 1 1 1 1 0 1 1 1 0 1 x
0.038494903447360 1 0 0 0 0 0 0 0 0 1 0 0 1 0 1 1 1 1 0 0 0 1 1 x
0.035519914907808 0 0 1 0 0 0 0 0 0 1 0 1 1 1 1 1 0 1 0 1 0 1 1 x
0.034583506151754 0 1 0 0 0 0 0 0 0 1 0 1 0 1 1 0 1 0 1 0 1 1 0 x
0.040647220394443 0 1 0 0 0 0 0 1 0 0 1 0 1 1 1 1 1 0 1 1 0 1 1 x
0.025384633362746 0 1 0 0 0 0 0 0 0 1 0 1 0 1 1 1 1 0 1 0 1 1 1 x
0.052036873657217 1 0 0 0 0 0 0 1 0 0 1 0 1 1 1 0 0 1 1 1 0 1 0 x
0.067125304824755 0 0 1 0 0 0 0 0 0 0 0 0 1 1 1 1 0 1 0 1 0 0 1 x
0.053532238766438 1 0 0 0 0 0 0 0 0 0 0 1 1 0 0 1 0 1 0 1 0 1 1 x
0.055968327270190 1 0 0 0 0 0 0 0 0 0 1 1 1 0 1 1 0 1 1 0 0 0 1 x
0.054244128275197 1 0 0 0 0 0 0 0 1 1 1 0 1 1 1 0 1 1 0 1 0 1 1 x
0.080723244276406 1 0 0 1 0 0 0 0 1 0 1 1 0 1 1 1 0 0 0 1 1 1 0 x
0.040194375914677 0 0 1 0 0 0 0 0 1 0 1 1 1 1 1 1 1 1 0 0 1 1 0 x
0.018041747535560 1 0 0 0 0 0 0 0 0 0 1 1 1 0 0 1 0 1 0 0 1 0 1 x
0.048861399910005 1 0 0 0 0 0 0 1 0 0 1 1 1 0 0 1 1 0 0 0 1 0 1 x
0.026915798314074 1 0 0 0 0 0 0 0 1 0 1 1 1 0 1 1 0 1 0 0 1 1 0 x
0.079414908273801 1 1 0 0 0 0 0 1 0 0 1 1 1 1 0 1 0 0 1 0 1 0 1 x
0.059578099913730 0 1 0 0 0 0 0 1 0 1 1 1 1 1 1 0 1 0 1 1 1 0 0 x
0.028464799997087 1 0 0 0 0 0 0 0 0 0 1 0 1 1 0 1 0 1 0 1 1 0 1 x
0.080724774965949 1 0 0 0 0 1 0 0 1 1 1 1 1 0 1 1 0 0 0 1 0 1 0 x
0.041189748038573 1 0 0 0 0 0 0 0 1 0 1 1 1 0 0 1 1 0 0 0 1 1 0 x
0.069321473155185 0 1 1 0 0 0 0 0 1 1 1 1 1 0 0 1 1 0 1 0 0 0 1 x
0.036863567018135 0 1 0 0 0 0 0 1 0 1 0 1 1 1 1 1 0 1 1 0 0 1 1 x
0.025420786966196 1 0 0 0 0 0 0 0 1 0 1 0 1 1 1 1 1 0 1 1 1 0 1 x
0.079887708293602 0 1 1 0 0 0 0 0 1 0 1 1 1 1 0 0 0 0 1 1 0 0 0 x
0.033052713648907 1 0 0 0 0 0 0 0 1 1 1 1 0 1 1 1 1 0 1 1 0 1 0 x
0.067608482060376 0 1 0 0 0 0 0 1 0 1 0 1 1 0 1 1 1 0 0 1 0 1 1 x
0.031000727593643 1 0 0 0 0 0 0 0 0 0 0 1 1 1 1 0 1 0 1 1 1 0 1 x
0.048973130659311 0 0 1 0 0 0 0 0 1 0 1 1 1 1 1 0 1 1 1 0 1 0 1 x
0.120652455177594 1 0 1 0 0 0 0 1 1 0 1 0 1 1 1 0 0 1 1 0 0 1 1 x
0.029582501664718 1 0 0 0 0 0 0 0 1 1 0 1 0 1 1 1 1 1 1 0 0 1 1 x
0.057907575832034 1 0 0 0 0 0 0 0 0 0 0 0 1 1 1 1 0 0 0 1 1 1 0 x
0.041730717008557 0 0 1 0 0 0 0 0 0 0 0 1 1 1 0 0 1 0 0 1 1 0 0 x
0.033023305300759 1 0 0 0 0 0 0 0 1 0 1 1 1 1 1 0 0 0 1 1 1 0 0 x
0.031222989533630 0 0 1 0 0 0 0 0 0 0 1 1 1 0 0 1 1 1 0 0 1 0 1 x
0.095990815635100 0 1 0 0 1 0 0 0 0 1 0 1 0 1 0 1 0 0 1 0 0 1 0 x
0.050832839762817 1 0 0 0 0 0 0 1 0 1 0 1 1 1 0 0 1 0 1 1 0 1 0 x
0.042908184886132 0 0 1 0 0 0 0 0 0 1 0 1 1 1 0 0 1 1 1 0 0 0 1 x
0.022165566519489 0 1 0 0 0 0 0 0 0 1 1 0 1 0 1 1 1 1 0 0 0 1 1 x
0.040399512432955 0 1 0 0 0 0 0 1 0 0 1 1 1 0 1 1 0 1 0 1 0 0 1 x
0.070963594696717 1 0 0 0 1 0 0 0 0 0 1 1 1 0 0 1 0 1 0 0 0 1 1 x
0.029063944388646 0 0 1 0 0 0 0 0 0 0 1 1 0 1 1 1 1 1 1 0 1 1 1 x
0.037523880022317 0 1 0 0 0 0 0 0 0 1 1 0 1 1 1 0 1 0 1 0 0 1 1 x
0.045288316631333 0 0 1 0 0 0 0 0 0 0 1 1 1 0 0 1 1 0 0 0 1 1 0 x
0.032171366605390 0 1 0 0 0 0 0 0 0 1 0 1 1 1 0 0 1 0 1 1 0 1 0 x
0.040317051807320 0 1 0 0 0 0 0 0 0 1 1 1 0 1 0 1 1 0 1 0 1 1 0 x
0.055440443154948 1 0 1 0 0 0 0 0 1 0 1 1 1 1 0 1 0 0 1 0 1 0 1 x
0.032118533314882 0 0 1 0 0 0 0 0 0 0 1 1 1 1 0 1 1 0 1 0 1 0 1 x
0.057529491288271 1 0 1 0 0 0 0 0 1 0 1 1 1 1 1 1 0 0 0 1 1 0 1 x
0.051963810659623 1 0 0 0 0 0 0 1 1 0 1 1 1 1 1 1 1 0 1 1 1 0 1 x
0.022376262952468 1 0 0 0 0 0 0 0 1 0 1 1 1 1 1 1 0 1 0 1 1 0 1 x
0.129157208946300 0 1 0 1 0 0 0 0 0 1 0 1 1 1 1 0 1 0 1 1 1 1 0 x
0.061657087382171 0 1 0 0 0 0 0 0 0 1 0 0 1 1 1 0 1 1 1 0 0 0 1 x
0.171852066686153 0 1 1 1 0 0 0 0 1 1 1 0 1 1 0 1 0 0 1 0 0 1 0 x
0.041246773490946 0 0 1 0 0 0 0 0 1 0 1 0 1 1 1 1 1 0 0 1 1 1 0 x
0.041145584227908 1 0 0 0 0 0 0 0 0 0 1 0 1 1 1 0 1 0 1 1 0 0 1 x
0.086808251784371 1 0 0 1 0 0 0 0 0 0 1 1 1 0 0 1 0 1 0 0 1 1 0 x
0.017359130706301 1 0 0 0 0 0 0 0 0 0 1 1 0 1 1 1 0 0 1 1 1 0 1 x
0.050139855141145 0 0 1 0 0 0 0 0 0 1 1 0 1 1 0 1 1 1 0 1 0 1 1 x
0.053418523158448 1 0 0 0 1 0 0 0 0 1 1 1 0 1 1 1 0 1 1 0 0 1 1 x
0.017907489617173 1 0 0 0 0 0 0 1 0 0 1 1 1 1 1 1 0 1 0 1 1 0 1 x
0.045988497557800 0 0 1 0 0 0 0 0 0 0 0 0 1 1 0 0 1 0 1 0 0 1 1 x
0.038852294192940 1 0 0 0 0 0 0 1 0 0 1 1 1 0 0 1 1 1 0 0 1 1 0 x
0.031222344415990 0 0 1 0 0 0 0 0 0 0 1 0 1 1 1 0 1 0 1 0 1 1 0 x
0.180816884282045 1 0 0 1 1 0 0 0 0 1 1 1 0 1 1 1 0 1 0 1 0 1 0 x
0.043865734389868 1 0 0 0 0 0 1 0 0 1 1 0 1 1 1 1 0 1 0 1 0 1 1 x
0.061158277806576 1 0 1 0 0 0 0 0 1 0 1 1 1 0 1 1 0 1 0 0 0 1 1 x
0.042987653713940 1 0 0 0 0 0 0 1 0 1 1 0 1 1 1 0 1 0 1 0 1 1 0 x
0.087550888265566 0 0 1 0 1 0 0 0 0 0 1 1 0 1 1 1 0 1 0 0 1 1 0 x
0.118026949175823 1 0 1 1 0 0 0 0 1 1 1 1 1 1 1 0 0 0 0 1 1 1 0 x
0.032744657980602 1 0 0 0 0 0 0 0 1 1 0 1 0 1 1 1 1 0 0 1 1 1 0 x
0.063930252020037 1 0 0 1 0 0 0 0 0 0 1 1 1 1 0 0 1 0 0 1 1 0 0 x
0.073531874639440 0 1 0 0 0 0 0 1 0 0 1 0 1 0 1 1 1 0 1 0 1 1 0 x
0.046226755550765 0 0 1 0 0 0 0 1 0 0 1 1 1 1 1 1 1 1 0 0 1 1 1 x
0.045895466175748 0 1 0 0 0 0 0 0 0 1 1 1 0 1 1 1 1 0 1 1 1 1 0 x
0.058509535414020 0 1 0 0 1 0 0 0 0 1 1 1 0 1 1 1 1 0 0 0 1 1 0 x
0.089469965795204 1 0 0 1 0 0 0 1 0 0 1 1 1 1 1 0 1 0 1 1 0 1 0 x
0.025766945488819 0 1 0 0 0 0 0 1 0 0 1 1 1 1 1 1 1 1 0 1 1 0 1 x
0.090414736817561 1 0 0 0 0 1 0 1 1 0 1 0 1 1 1 1 0 1 0 1 0 0 1 x
0.019561623984448 0 0 1 0 0 0 0 0 0 0 0 1 1 1 1 0 0 1 1 0 0 1 1 x
0.100111247225005 1 0 0 1 0 1 0 1 0 1 1 1 1 1 1 0 1 0 0 1 0 1 0 x
0.045268673216994 0 1 0 0 0 0 0 0 0 1 0 1 1 0 1 1 1 1 0 1 0 0 1 x
0.100707607943538 0 0 1 0 0 1 0 0 0 1 0 0 1 1 1 0 0 1 0 1 0 1 0 x
0.026348051858991 1 0 0 0 0 0 0 0 0 0 0 1 1 1 0 1 0 1 0 1 1 0 1 x
0.017786168865321 1 0 0 0 0 0 0 0 1 0 1 1 0 1 1 1 0 1 1 0 0 1 1 x
0.030630825629763 1 0 0 0 0 0 0 0 0 0 1 1 1 0 0 1 0 0 0 1 1 0 0 x
0.028216515927313 0 0 1 0 0 0 0 0 0 1 0 1 0 1 1 1 1 1 0 0 0 1 1 x
0.058466815886477 0 0 1 0 1 0 0 0 0 1 0 1 1 1 1 1 0 1 0 0 0 1 1 x
0.013827426284393 0 1 0 0 0 0 0 0 0 0 0 1 1 1 1 0 0 1 1 0 0 1 1 x
0.049718236397569 0 1 0 0 0 0 0 1 0 0 1 1 1 1 1 0 0 0 1 1 0 1 0 x
0.054275005758128 0 0 1 0 0 0 0 0 0 1 0 1 0 1 1 0 0 1 1 0 0 1 1 x
0.040654065156386 0 1 0 0 0 0 0 0 0 0 1 1 0 1 1 1 1 0 1 0 1 1 0 x
0.079171841839053 0 0 1 0 0 0 0 0 1 0 1 1 1 1 0 0 1 0 1 1 1 0 0 x
0.050261755315233 1 0 1 0 0 0 0 0 1 0 1 1 1 1 1 0 0 0 1 0 1 1 0 x
0.019347220632669 1 0 0 0 0 0 0 0 1 0 1 1 0 1 1 1 0 1 1 0 1 0 1 x
0.118533603513182 0 1 0 1 0 0 0 0 0 1 1 0 1 0 0 1 1 0 1 0 0 1 0 x
0.031463516546968 0 1 0 0 0 0 0 0 0 0 0 1 1 1 1 1 0 0 1 0 0 1 1 x
0.021083486997037 1 0 0 0 0 0 0 0 0 0 1 0 1 1 0 1 1 1 0 0 1 1 1 x
0.027548866791850 1 0 0 0 0 0 0 1 0 0 1 0 1 1 1 1 1 1 0 1 0 1 1 x
0.042928765740137 0 1 0 0 0 0 0 0 0 0 0 1 1 1 1 0 1 0 1 1 0 0 1 x
0.037640320050713 0 0 1 0 0 0 0 0 1 0 1 0 1 1 1 1 1 1 0 0 1 0 1 x
0.070375578185652 0 1 0 0 0 1 0 0 1 0 1 0 1 1 1 1 1 0 1 0 0 1 1 x
0.043515545587000 0 0 1 0 0 0 0 0 0 1 0 1 0 1 0 1 1 0 1 0 0 1 1 x
0.132869322247252 1 0 0 1 0 0 1 0 0 0 1 1 1 1 0 0 1 0 0 1 1 1 0 x
0.069279916418712 0 1 0 0 0 0 1 0 0 1 0 1 1 1 1 0 1 0 1 1 1 0 0 x
0.090358672087408 0 1 0 0 0 0 1 0 0 1 0 0 1 1 1 0 0 1 1 0 0 1 1 x
0.073927974226564 1 0 0 0 1 0 1 0 0 1 1 1 1 1 1 1 0 1 0 1 0 1 0 x
0.067704958975543 0 0 1 0 0 1 0 0 0 0 0 1 1 1 1 0 0 0 1 0 0 0 1 x
0.051933666901220 0 0 1 0 0 0 0 0 1 0 1 0 1 1 1 1 1 0 1 0 1 1 1 x
0.035948968185501 0 1 0 0 0 0 0 0 0 1 0 1 1 0 1 0 0 1 1 0 0 0 1 x
0.065898701699895 1 0 0 0 0 0 1 0 1 1 0 0 1 1 1 1 0 1 0 1 0 1 0 x
0.060381491345720 0 0 1 0 0 0 0 1 0 0 1 1 1 1 0 1 1 0 0 1 1 0 0 x
0.103588230388362 0 0 1 0 1 0 0 0 0 1 1 1 0 1 0 1 1 1 0 0 0 1 1 x
0.115654184563715 1 0 0 0 1 0 0 1 0 0 1 0 1 1 1 0 0 1 1 0 0 1 1 x
0.075967773195026 0 1 0 0 1 0 0 1 0 0 1 1 1 1 1 1 0 0 0 1 1 1 0 x
0.023701292042392 1 0 0 0 0 0 0 0 1 0 1 1 1 1 0 1 1 0 1 0 1 0 1 x
0.045654484298242 0 1 0 0 0 0 0 1 0 0 0 0 1 1 1 1 1 1 0 0 1 1 1 x
0.085973022353302 1 0 0 1 0 1 0 0 1 1 1 1 1 1 1 0 1 0 0 1 1 0 0 x
0.061173880520454 0 0 1 0 0 1 0 0 0 0 0 1 1 1 0 1 1 0 0 1 0 0 1 x
0.069930376504683 1 1 0 0 0 0 0 0 0 1 1 1 1 0 0 0 0 0 1 1 0 0 0 x
0.132058075281288 0 1 1 0 0 0 0 1 0 0 1 1 1 1 0 1 1 1 0 1 0 0 1 x
0.039469135548507 0 1 0 0 0 0 0 0 0 1 0 1 1 0 0 1 1 0 1 0 0 1 0 x
0.025901283393784 0 1 0 0 0 0 0 0 0 0 1 1 1 0 1 0 1 1 1 0 1 0 1 x
0.048723076509033 0 1 0 0 0 0 0 0 1 0 1 0 1 0 1 1 1 1 1 0 0 1 1 x
0.100457681712035 0 0 1 0 1 0 0 0 0 1 0 1 1 1 0 0 0 0 1 1 0 0 0 x
0.096149718140315 0 1 0 1 0 0 0 0 0 1 1 1 0 1 1 1 1 0 1 0 1 1 1 x
0.054474063749170 0 1 0 0 0 0 0 1 0 0 1 0 1 1 1 0 1 0 0 1 1 1 0 x
0.021892445552394 1 0 0 0 0 0 0 0 0 0 1 0 1 1 0 1 1 0 0 1 1 0 1 x
0.018218613795314 1 0 0 0 0 0 0 0 0 1 0 1 0 1 0 1 1 1 0 0 0 1 1 x
0.117434501275892 1 0 0 1 0 0 0 0 1 1 1 0 1 1 1 0 1 1 1 0 1 1 0 x
0.036554267592610 0 1 0 0 0 0 0 0 0 1 0 1 0 1 1 1 1 0 0 0 1 1 0 x
0.013191465117560 1 0 0 0 0 0 0 0 0 0 1 1 1 0 1 0 1 0 1 0 1 0 1 x
0.026218979942745 1 0 0 0 0 0 0 0 0 0 1 1 1 0 1 1 1 1 0 1 1 0 1 x
0.080068967303065 1 0 1 0 0 0 0 0 1 0 1 0 1 1 1 0 0 0 1 0 1 0 1 x
0.031386070699456 1 0 0 0 0 0 0 0 0 1 1 1 1 0 0 0 1 1 1 0 0 0 1 x
0.025821803181155 1 0 0 0 0 0 0 0 0 1 0 1 1 0 0 1 1 0 0 1 0 1 0 x
0.042699668279875 0 1 0 0 0 0 0 1 0 0 0 0 1 1 1 1 0 0 0 1 0 1 0 x
0.069092400267444 1 1 0 0 0 0 0 0 0 1 1 1 1 0 1 0 1 0 1 0 1 0 1 x
0.108885186362687 0 0 1 0 0 1 0 0 1 1 0 0 1 1 1 1 1 1 0 0 0 1 1 x
0.116046273066823 0 0 1 0 0 1 0 0 1 0 1 1 1 0 0 1 1 0 1 0 0 0 1 x
0.076804047108823 0 0 1 0 0 0 0 0 0 1 0 1 1 1 0 0 0 1 0 1 0 0 1 x
0.047056779014424 1 0 0 0 0 1 0 0 0 1 1 1 1 0 1 0 1 0 0 1 1 0 0 x
0.060986030494917 0 0 1 0 0 1 0 0 0 0 1 1 1 1 1 0 1 0 0 1 1 0 0 x
0.131746795849085 0 0 0 0 1 0 1 0 0 1 1 1 0 1 1 1 1 1 0 0 1 1 0 x
0.094172068466580 0 1 0 0 0 0 1 1 0 1 0 1 1 1 1 1 1 1 0 1 0 0 1 x
0.041244840242065 0 0 1 0 0 0 0 0 0 1 1 0 0 1 1 1 1 1 1 0 0 1 1 x
0.100538230871947 0 1 0 0 0 0 1 0 0 1 1 1 1 0 1 0 1 1 1 0 1 0 1 x
0.115898668971602 0 1 0 0 0 1 1 0 0 0 1 1 1 1 0 0 0 0 1 1 0 0 0 x
0.059347836411361 1 0 0 0 1 0 0 0 1 1 1 1 1 1 1 1 0 1 1 1 0 1 0 x
0.028525233942579 1 0 0 0 0 0 1 0 0 0 1 1 1 1 0 1 1 0 0 1 1 0 1 x
0.017001741582097 0 1 0 0 0 0 0 0 0 0 0 1 1 0 1 1 0 1 0 0 0 1 1 x
0.089654055490895 1 0 0 0 0 0 1 1 1 0 1 1 1 1 1 1 1 0 0 1 1 1 0 x
0.030623581600529 0 1 0 0 0 0 0 1 0 0 0 1 1 1 1 1 0 1 0 0 0 1 1 x
0.055225563812836 1 0 0 0 0 0 0 0 0 0 1 1 0 1 0 1 1 1 1 0 1 0 1 x
0.100623785999942 0 0 1 0 0 0 0 0 1 1 1 1 0 1 1 1 1 1 1 0 1 1 0 x
0.041535275852626 1 0 0 0 0 0 0 0 1 0 0 1 0 1 1 1 0 0 1 0 1 1 1 x
0.042076933173108 1 0 0 0 1 0 0 0 1 0 1 1 1 1 1 1 0 1 0 0 1 1 0 x
0.103719152181181 0 0 1 0 1 0 0 0 1 0 0 1 1 1 0 1 0 0 0 1 0 1 0 x
0.036945355380347 1 0 0 0 0 0 1 0 0 0 1 1 1 1 1 0 1 0 1 1 1 0 1 x
0.109544989376662 0 1 0 0 0 1 0 0 0 0 0 0 1 0 1 1 0 1 0 0 0 1 1 x
0.116096971551421 0 1 0 0 0 1 0 0 1 1 1 0 1 1 1 0 1 0 1 1 0 1 0 x
0.076587630465215 0 1 0 0 1 0 0 0 0 0 1 1 1 1 0 0 1 0 1 0 1 1 0 x
0.024413132931749 0 1 0 0 0 0 0 0 0 0 1 1 1 0 1 0 1 0 1 0 1 1 0 x
0.037834060065545 0 1 0 0 0 0 0 0 0 0 1 1 1 1 0 0 1 0 1 1 1 0 1 x
0.034403755021227 0 0 1 0 0 0 0 0 0 0 0 1 1 1 0 1 0 0 1 1 0 1 0 x
0.087400221662486 1 0 0 0 1 1 0 0 1 1 1 1 1 1 0 1 0 1 0 0 0 1 0 x
0.044970031187108 0 0 1 0 0 0 0 1 0 0 0 1 1 1 1 1 1 0 1 0 1 1 0 x
0.016463488552189 0 1 0 0 0 0 0 0 0 0 0 1 1 1 1 0 1 0 0 1 1 0 1 x
0.016138801882476 0 1 0 0 0 0 0 0 0 0 1 1 1 1 1 0 1 1 0 1 1 0 1 x
0.041837886308257 1 0 0 0 0 1 0 0 1 0 1 1 1 1 1 0 1 0 1 0 1 0 1 x
0.036909248299291 0 1 0 0 0 1 0 0 0 0 1 1 1 1 1 0 1 0 1 0 1 0 1 x
0.053787881379867 0 0 1 0 0 0 0 0 1 0 0 1 1 0 0 1 1 0 1 0 0 1 0 x
0.051556391751411 1 0 0 1 0 0 0 0 0 1 1 1 1 0 1 0 1 0 0 1 1 0 0 x
0.103182680727003 1 0 1 0 0 0 1 0 1 0 1 1 1 1 1 1 0 0 1 1 0 1 0 x
0.027524238987869 1 0 0 0 0 0 0 0 0 1 1 1 1 0 1 0 1 0 1 1 0 0 1 x
0.129941349778332 0 1 1 0 0 0 1 1 1 1 1 1 1 1 0 1 0 0 1 0 0 0 0 x
0.033396140782331 1 0 0 0 0 1 0 0 0 0 1 1 1 1 0 1 1 0 0 1 1 0 1 x
0.082659622176742 0 0 0 0 1 1 0 0 0 0 1 1 1 1 1 1 1 0 0 1 1 1 0 x
0.017240692736400 0 1 0 0 0 0 0 0 0 0 0 1 1 1 1 0 0 0 0 1 1 1 0 x
0.027522109868944 0 0 1 0 0 0 0 0 0 0 0 1 1 1 0 1 0 0 1 0 1 1 0 x
0.027850117243940 1 0 0 0 0 0 0 0 1 0 1 0 1 1 0 1 1 1 1 0 0 1 1 x
0.043236154022118 1 0 0 0 0 0 1 0 0 1 0 1 1 0 1 1 1 0 0 1 0 1 0 x
0.019536171126308 0 1 0 0 0 0 0 0 0 0 0 1 1 1 1 0 0 0 1 0 1 0 1 x
0.092085601675263 1 1 0 0 0 0 0 1 0 0 1 1 1 0 1 1 0 0 0 1 1 0 1 x
0.040801247433139 0 1 0 0 0 0 0 0 0 1 1 1 0 1 1 0 1 0 1 0 1 0 1 x
0.048431220741952 1 0 0 0 1 0 0 0 1 0 1 1 1 1 1 1 0 1 1 0 1 0 1 x
0.032890970377379 0 0 1 0 0 0 0 0 0 0 0 1 0 1 1 1 1 0 1 0 0 1 1 x
0.060013982570946 1 0 0 0 0 0 1 0 0 1 0 1 1 1 0 0 1 0 1 1 0 1 0 x
0.032252245241943 0 1 0 0 0 0 0 0 0 0 0 1 1 1 0 0 1 0 0 1 1 1 0 x
0.025134371848612 0 0 1 0 0 0 0 0 0 0 0 1 1 1 1 1 0 0 0 1 1 1 0 x
0.052504602179602 1 0 0 0 0 1 0 0 1 0 1 0 1 1 1 1 1 0 0 0 1 1 0 x
0.017992153913961 1 0 0 0 0 0 0 0 1 0 1 0 1 1 1 0 1 0 1 0 1 0 1 x
0.015794594248884 1 0 0 0 0 0 0 0 1 0 1 1 1 1 1 0 1 1 1 0 1 0 1 x
0.030342767587665 1 0 0 0 0 0 0 0 1 0 1 0 1 1 1 1 0 1 1 0 1 1 1 x
0.080081438066156 0 0 1 0 1 0 0 0 1 0 1 1 1 1 1 1 0 1 1 0 0 0 1 x
0.056377777205572 0 1 0 0 1 0 0 0 0 0 0 1 1 1 1 0 0 0 0 0 1 1 0 x
0.036300992701712 1 0 0 0 0 0 1 0 1 0 1 1 1 1 1 1 0 1 1 0 1 0 1 x
0.044333868951836 0 1 0 0 0 0 0 0 0 1 0 1 1 0 1 1 0 0 0 1 0 1 0 x
0.043841767568318 0 0 1 0 0 0 0 1 0 0 0 1 1 1 1 1 0 0 1 1 0 1 0 x
0.089248734115020 0 1 0 1 0 0 0 0 0 0 1 1 1 0 1 0 1 0 0 1 1 0 0 x
0.034870923685641 0 1 0 0 0 0 0 1 0 0 0 1 1 1 1 0 0 1 1 0 1 0 1 x
0.056339906564264 0 1 0 0 0 1 0 0 0 0 1 1 1 1 1 0 0 0 0 1 1 0 0 x
0.026332900911404 1 0 0 0 0 0 0 0 0 1 1 0 1 1 0 0 1 1 1 0 0 1 1 x
0.054163816838073 0 0 0 0 1 0 0 0 0 0 0 1 0 0 0 1 1 0 0 0 1 1 0 x
0.090149043501507 1 0 0 0 0 1 1 0 1 0 1 1 1 1 1 1 1 0 0 1 1 0 1 x
0.028004194199290 0 0 1 0 0 0 0 0 1 0 0 1 1 1 1 1 0 1 1 0 0 1 1 x
0.077910691566336 0 0 1 0 1 0 0 0 0 0 1 1 1 1 0 1 0 0 1 0 1 1 0 x
0.079188756426219 0 0 0 0 1 0 0 1 0 0 0 1 1 0 1 1 1 1 0 0 1 1 0 x
0.098942118703771 0 0 1 0 0 0 0 1 1 0 0 1 1 1 1 1 0 1 0 1 1 1 0 x
0.013018888201832 1 0 0 0 0 0 0 0 0 0 1 1 1 0 0 1 1 1 0 0 0 1 1 x
0.040521939554645 0 0 1 0 0 0 0 0 0 1 0 0 1 1 1 0 0 0 1 1 0 1 0 x
0.011823087232722 0 1 0 0 0 0 0 0 0 0 0 1 1 1 1 0 1 1 0 0 1 1 1 x
0.077256256804677 0 1 1 0 0 0 0 0 1 1 1 1 1 1 1 1 1 1 1 0 0 1 1 x
0.048864170959175 1 0 0 0 0 0 1 0 0 1 1 1 1 0 0 1 1 1 0 0 0 1 0 x
0.038968435978054 0 0 1 0 0 0 0 1 0 0 0 1 1 1 1 1 1 1 1 0 0 1 1 x
0.013223332234303 0 1 0 0 0 0 0 0 0 0 0 1 1 0 1 1 1 0 0 0 1 1 1 x
0.019736627678964 0 1 0 0 0 0 0 0 0 0 1 0 1 1 1 1 1 0 0 1 0 1 1 x
0.060072908048012 0 0 1 0 0 1 0 0 0 0 1 0 1 1 1 1 1 0 0 1 0 1 1 x
0.018088446591428 0 1 0 0 0 0 0 0 0 0 0 1 1 0 1 0 1 1 0 0 0 1 1 x
0.068271438003724 0 1 1 0 0 0 0 0 1 1 1 1 0 1 1 1 0 1 0 0 1 0 1 x
0.051091760259518 0 0 0 0 1 0 0 0 0 0 0 1 0 0 1 1 1 1 0 0 1 1 1 x
0.089106038800845 1 1 0 0 0 0 0 0 0 1 1 0 1 1 1 0 0 1 0 1 0 1 1 x
0.059243932668128 1 1 0 0 0 0 0 0 1 1 1 1 0 1 1 1 0 0 1 0 1 0 1 x
0.013167114628684 0 1 0 0 0 0 0 0 0 0 1 1 0 1 1 1 1 1 0 0 1 1 1 x
0.029162072676034 0 1 0 0 0 0 0 0 0 0 1 1 0 1 1 1 0 0 1 0 1 1 1 x
0.039221268001840 1 0 0 0 0 0 1 0 0 0 1 1 1 0 1 0 1 0 0 1 1 0 0 x
0.026571029814011 0 1 0 0 0 0 0 0 0 1 1 1 0 1 1 1 1 0 0 1 1 0 1 x
0.068631466559376 0 1 1 0 0 0 0 0 0 1 1 1 0 1 1 1 0 1 0 0 0 1 1 x
0.029873444973796 1 0 0 0 0 0 1 0 0 0 1 1 1 0 1 1 0 1 0 1 0 0 1 x
0.124917000973448 0 1 1 0 0 0 1 0 1 1 1 1 0 1 1 1 0 1 1 0 0 0 1 x
0.031443498752874 0 1 0 0 0 0 0 0 0 1 1 0 0 1 1 1 1 0 0 0 1 1 1 x
0.073390007131681 1 1 0 0 0 0 0 0 0 1 1 1 0 1 1 1 0 0 0 1 1 0 1 x
0.051515610885622 0 1 0 0 0 0 0 0 0 0 0 1 0 0 1 1 1 0 0 0 1 1 1 x
0.054971741152068 1 1 0 0 0 0 0 0 1 1 1 1 1 0 0 1 0 1 1 0 0 0 1 x
0.070774363878974 0 1 1 0 0 0 0 0 1 1 1 1 1 0 1 0 1 1 0 0 0 0 1 x
0.045644048932656 1 0 0 0 0 0 0 0 1 0 1 1 1 0 1 0 0 1 1 0 0 0 1 x
0.115992757855157 1 1 0 0 0 0 0 0 1 1 1 0 1 0 0 0 0 0 1 0 0 1 0 x
0.112368409306545 0 0 1 0 0 1 0 1 0 0 0 1 1 1 1 1 1 0 0 1 1 0 1 x
0.106388678383533 0 0 0 0 1 1 0 0 0 0 1 1 1 0 1 1 1 1 0 0 1 1 0 x
0.050499702980342 1 0 0 0 0 0 1 0 1 0 1 1 1 1 0 1 0 1 0 1 1 0 0 x
0.080622705069617 1 0 1 0 0 0 0 0 1 0 1 1 1 1 1 1 1 1 0 0 1 1 1 x
0.052686950452228 1 0 0 0 1 0 0 0 0 1 0 1 1 1 0 1 0 1 0 0 1 1 0 x
0.089708029765317 1 1 0 0 0 1 0 1 1 1 1 1 1 1 1 1 0 0 1 0 1 0 1 x
0.056369879739784 0 1 0 0 0 1 0 0 0 0 1 1 0 1 1 1 1 0 0 0 1 1 1 x
0.083106634997224 0 1 1 0 0 0 0 0 1 1 0 1 1 1 0 0 0 1 1 0 0 0 1 x
0.038283018671195 0 0 1 0 0 0 0 0 0 0 1 0 1 1 0 1 1 0 0 1 1 1 0 x
0.016006990448082 0 1 0 0 0 0 0 0 0 0 1 0 1 1 1 1 1 0 0 0 1 1 1 x
0.069180851764685 1 1 0 0 0 0 0 0 1 1 1 1 0 1 1 1 0 0 1 1 0 1 0 x
0.090025432504456 1 0 1 0 0 1 0 0 1 1 1 1 1 1 1 1 0 0 0 1 0 1 0 x
0.021107894032745 0 0 1 0 0 0 0 0 0 0 1 0 1 1 1 1 0 1 1 0 0 1 1 x
0.026178045466734 1 0 0 0 0 0 0 0 1 0 1 1 1 1 0 1 0 1 1 0 1 0 1 x
0.041035167514065 0 0 1 0 0 0 0 0 0 0 1 0 1 1 1 0 1 1 1 1 0 1 1 x
0.036057260755987 1 0 0 0 0 0 1 0 0 0 1 1 1 0 1 1 0 1 0 1 0 1 0 x
0.083537071840216 0 1 0 0 1 0 0 0 0 0 1 1 0 1 1 1 0 1 0 0 1 1 1 x
0.014652808387246 0 1 0 0 0 0 0 0 0 0 0 1 1 1 1 0 1 0 1 0 1 1 1 x
0.037798408962023 0 1 0 0 0 0 1 0 0 0 0 1 1 1 1 0 1 1 0 0 1 0 1 x
0.029957189353309 0 1 0 0 0 0 0 0 0 0 0 1 1 0 1 0 1 1 0 0 1 0 1 x
0.085157923303704 0 1 1 0 0 0 0 1 1 1 1 1 1 1 1 1 1 1 0 0 1 0 1 x
0.035828323491548 0 1 0 0 0 0 1 0 0 0 1 1 1 0 1 1 1 1 0 0 0 1 1 x
0.031528384304201 0 1 0 0 0 0 1 0 0 0 1 1 1 1 1 1 0 1 0 1 1 0 1 x
0.079168207476589 0 1 0 0 0 1 1 0 0 0 1 1 1 1 1 1 1 0 0 0 1 0 1 x
0.045264164443010 1 0 0 0 0 0 1 0 0 0 1 1 0 1 1 1 0 1 0 1 1 0 1 x
0.037647476440312 0 1 0 0 0 0 1 0 0 0 0 1 1 1 1 0 0 1 0 1 0 0 1 x
0.116118954506119 1 0 0 0 1 0 0 0 0 0 0 1 0 1 1 1 0 1 0 0 1 1 1 x
0.050442755809734 1 0 0 0 1 0 0 0 0 1 1 1 1 1 0 0 0 1 1 0 0 0 1 x
0.082228516441873 1 0 0 0 1 0 0 1 1 0 1 1 1 1 0 1 0 1 1 0 0 1 0 x
0.061189263025340 1 0 0 0 1 0 0 0 0 0 1 1 1 1 0 0 0 0 1 1 1 0 0 x
0.033839939489417 1 0 0 0 0 0 0 0 1 0 1 0 0 1 1 1 1 1 0 0 1 1 1 x
0.040980452677620 0 0 1 0 0 0 0 1 0 0 0 0 1 1 1 1 0 0 1 0 0 1 1 x
0.153267248025338 0 1 0 1 0 1 0 0 0 0 1 1 1 1 1 0 1 0 0 1 1 1 0 x
0.072092873569775 0 1 0 1 0 0 0 0 0 1 1 1 1 1 0 0 0 0 1 1 1 0 0 x
0.074686184091682 1 0 0 1 0 0 0 1 0 1 0 1 1 1 1 1 0 0 0 1 1 1 0 x
0.049949489783621 1 0 0 0 1 0 0 0 1 1 1 1 1 1 1 0 1 0 1 0 1 0 0 x
0.025607530466873 0 1 0 0 0 0 0 0 0 1 1 1 0 1 1 1 0 1 1 0 1 0 1 x
0.029898447096330 1 0 0 0 0 0 1 0 0 0 1 1 1 0 1 1 0 1 0 0 1 1 0 x
0.066762908785976 0 1 0 0 0 1 0 0 0 1 1 1 0 1 1 1 0 0 1 0 1 0 1 x
0.043629213335186 0 1 0 0 0 0 1 0 0 0 1 1 1 1 1 0 0 1 0 1 1 0 0 x
0.074442191193667 0 0 1 1 0 0 0 0 0 0 1 1 1 1 0 1 0 0 0 1 1 0 0 x
0.091543019273273 0 0 1 1 0 0 0 0 0 1 1 1 1 1 1 0 1 1 0 1 1 0 0 x
0.014536812531001 0 1 0 0 0 0 0 0 0 0 0 1 1 1 1 0 1 0 0 1 0 1 1 x
0.054455639910574 1 1 0 0 0 0 0 0 1 1 1 1 1 1 1 0 0 1 1 0 1 0 1 x
0.062984905447934 0 1 0 1 0 0 0 0 0 1 1 1 0 1 1 1 0 1 0 0 1 0 1 x
0.040186652220632 0 1 0 0 0 0 1 0 0 0 1 1 0 1 1 1 0 1 0 0 1 0 1 x
0.035929036288086 0 0 1 0 0 0 0 0 0 1 0 1 1 0 1 1 0 1 1 0 0 1 1 x
0.022029009991071 1 0 0 0 0 0 0 0 0 0 1 1 1 1 0 0 1 0 0 1 1 0 1 x
0.052687614232195 0 1 0 0 0 1 0 0 0 1 0 1 1 1 1 0 1 0 0 0 1 0 1 x
0.034997503759365 1 0 0 0 1 0 0 0 0 1 1 1 1 1 0 1 1 1 0 0 0 1 1 x
0.055371870310357 1 0 0 0 1 0 0 0 1 0 1 1 1 1 0 0 1 1 1 0 0 0 1 x
0.026710912342303 1 0 0 0 0 0 0 0 0 1 1 0 0 1 1 1 1 1 0 1 0 1 1 x
0.084815044268898 0 1 1 0 0 0 0 1 1 1 1 0 1 1 1 1 0 0 0 1 0 1 0 x
0.050202194434778 1 0 0 0 0 0 1 0 0 0 1 1 1 1 0 0 0 0 1 1 1 0 0 x
0.020686274987758 1 0 0 0 0 0 0 0 0 0 1 1 1 1 1 0 0 0 1 1 1 0 1 x
0.113318192562666 1 0 1 0 1 0 0 0 1 1 1 1 1 1 1 0 0 1 1 0 0 1 0 x
0.086952797667123 0 1 0 0 1 0 0 0 0 1 0 1 1 1 0 0 0 1 1 0 1 0 0 x
0.068832629566368 0 0 1 1 0 0 0 0 0 0 1 1 1 1 1 1 0 0 1 0 1 1 0 x
0.064147953651366 1 1 0 0 0 0 0 1 1 1 1 1 1 1 0 1 0 0 1 1 0 0 0 x
0.033349632908772 0 0 1 0 0 0 0 0 0 0 1 0 0 1 1 1 1 1 0 0 1 1 1 x
0.024703145185390 1 0 0 0 0 0 0 0 1 0 1 0 1 1 1 0 1 0 0 1 1 1 0 x
0.017529783737201 1 0 0 0 0 0 0 0 1 0 0 1 1 1 0 1 1 1 0 0 0 1 1 x
0.048506978163279 1 0 0 0 0 0 0 1 0 0 1 1 1 0 1 0 1 1 1 1 0 0 1 x
0.020563050129790 1 0 0 0 0 0 0 0 1 0 1 1 1 1 0 1 1 0 1 1 0 0 1 x
0.063847146117950 1 0 0 0 0 0 1 0 1 0 1 0 1 1 1 1 1 1 0 0 1 1 0 x
0.028543979346024 1 0 0 0 0 0 0 1 0 0 1 1 1 0 1 1 0 1 1 0 1 0 1 x
0.015995715060333 1 0 0 0 0 0 0 0 1 0 0 1 1 1 0 1 1 0 0 1 1 0 1 x
0.047884547723878 1 0 0 0 0 0 1 0 0 0 1 0 1 1 1 0 0 1 1 0 1 0 1 x
0.072806208148412 1 0 1 0 0 0 0 0 1 0 0 1 1 1 0 1 0 0 0 1 0 0 1 x
0.072684028645326 0 1 1 0 0 0 0 0 0 1 0 1 1 1 1 0 0 0 0 1 0 1 0 x
0.045816867552333 1 0 0 0 1 0 0 0 1 0 1 1 1 1 0 1 0 1 0 1 0 0 1 x
0.032902963888833 1 0 0 0 0 0 0 0 1 0 0 0 1 1 0 1 1 0 0 1 0 1 1 x
0.043129283244467 0 1 0 0 0 0 1 0 0 0 1 1 1 1 1 0 0 1 1 0 1 0 1 x
0.039348111446047 1 0 0 0 0 0 0 1 1 0 0 1 1 1 0 1 1 0 0 1 0 1 0 x
0.172913722691283 0 1 1 1 0 0 0 0 0 1 1 1 1 1 1 0 0 1 0 1 0 0 1 x
0.036446198717196 0 1 0 0 0 0 0 1 0 0 1 1 0 1 1 1 0 1 0 0 1 0 1 x
0.058277717231315 1 0 0 0 1 0 0 0 1 1 0 1 1 1 0 1 1 1 0 0 0 1 1 x
0.025716066854781 0 0 1 0 0 0 0 0 0 0 1 1 0 1 1 1 0 1 0 1 1 0 1 x
0.075393814487983 0 0 1 0 0 0 0 0 1 0 1 1 1 0 1 1 0 1 0 0 1 0 1 x
0.018763757146617 0 1 0 0 0 0 0 0 0 0 1 1 0 1 1 1 0 1 0 1 1 0 1 x
0.046470869323941 0 0 1 0 0 0 0 0 0 0 1 1 0 1 0 1 1 1 0 1 1 0 1 x
0.091278578040527 1 0 0 0 1 1 0 0 0 1 1 1 1 1 1 0 0 0 1 1 0 0 0 x
0.070887191137649 1 1 0 0 0 0 0 0 1 0 1 1 1 1 0 1 0 0 1 1 0 0 1 x
0.115265513167192 0 0 1 1 0 0 0 0 0 0 1 1 1 0 0 0 1 0 1 0 1 0 0 x
0.030410855451164 0 0 1 0 0 0 0 0 0 1 0 0 1 0 1 1 1 0 0 0 0 1 1 x
0.026856553484602 0 1 0 0 0 0 0 1 0 0 0 1 1 1 1 1 0 0 0 1 1 0 1 x
0.026234853675844 0 0 1 0 0 0 0 0 0 0 1 0 1 1 1 0 1 1 0 0 0 1 1 x
0.037193523251516 0 0 1 0 0 0 0 0 0 1 0 0 1 1 1 0 1 0 0 0 1 1 0 x
0.042483836176927 0 0 1 0 0 0 0 1 0 0 1 1 1 1 1 1 0 1 1 0 1 0 1 x
0.013805185888090 0 1 0 0 0 0 0 0 0 0 0 1 1 1 1 1 1 0 0 1 1 1 1 x
0.075171908817665 0 0 0 0 1 0 0 0 0 1 0 1 0 0 1 1 1 0 1 0 1 1 0 x
0.038594978383476 0 1 0 0 0 0 0 1 0 0 1 0 1 1 1 1 0 1 0 1 1 0 1 x
0.036648500550046 1 0 0 0 1 0 0 0 0 1 1 1 1 1 0 1 0 1 0 1 0 1 0 x
0.070882731060300 0 0 1 0 0 1 0 0 0 0 0 1 1 0 1 1 0 0 0 1 0 0 1 x
0.041545286803924 1 0 0 0 0 0 1 0 1 0 1 1 1 1 0 1 1 1 0 1 0 0 1 x
0.092594870220761 0 0 1 1 0 0 0 0 0 1 0 1 1 0 1 1 0 0 1 0 0 1 0 x
0.035309321819730 0 0 1 0 0 0 0 0 0 0 0 1 0 1 1 1 0 0 1 0 1 1 1 x
0.029595576349590 1 0 0 0 0 1 0 0 0 0 1 1 1 1 1 0 1 0 0 1 1 1 0 x
0.020721182681834 1 0 0 0 0 0 0 1 0 0 0 1 1 1 0 1 1 1 0 0 0 1 1 x
0.072945143073516 1 0 0 0 1 1 0 0 0 1 1 1 1 1 1 0 1 0 0 0 1 1 0 x
0.018094075912254 0 0 1 0 0 0 0 0 0 0 1 0 1 1 1 1 0 1 0 1 0 1 1 x
0.075935921442492 1 0 1 0 0 0 0 0 1 1 0 1 1 1 1 1 0 1 0 0 1 1 0 x
0.088300982936164 0 0 1 1 0 0 0 0 0 1 1 0 1 1 1 1 1 0 0 0 1 1 0 x
0.049336442778988 1 0 0 0 0 1 0 0 1 1 0 1 1 1 1 0 1 0 0 1 0 1 0 x
0.027356547643403 1 0 0 0 0 0 0 1 0 0 1 1 1 1 1 0 1 0 0 1 1 1 0 x
0.049699587612816 0 0 1 0 0 0 1 0 0 0 1 1 1 1 1 1 0 1 0 1 1 0 1 x
0.032501882279478 1 0 0 0 1 0 0 0 0 1 1 1 1 1 1 0 1 0 1 1 0 0 1 x
0.055095309177172 1 0 0 0 1 0 0 0 1 1 1 1 1 1 1 0 0 1 1 1 0 0 1 x
0.137302727991383 0 1 0 1 1 0 0 0 0 1 1 1 1 1 0 0 1 0 0 1 1 0 0 x
0.022929127772090 0 1 0 0 0 0 0 0 0 0 0 1 0 1 1 1 0 1 0 0 1 1 1 x
0.113219523471596 1 1 0 0 0 1 0 1 1 1 0 1 1 1 1 1 0 0 0 1 0 1 0 x
0.031051315756558 0 0 1 0 0 0 0 0 0 0 1 1 1 1 0 1 0 1 1 1 0 0 1 x
0.137138373635808 1 0 0 1 0 1 0 0 0 1 1 0 1 1 1 1 0 0 0 1 1 1 0 x
0.047343219639776 0 0 0 0 1 0 0 0 0 0 0 1 1 1 0 1 1 0 0 1 1 1 0 x
0.045990070620996 1 0 0 0 1 0 0 0 0 1 1 1 1 0 1 0 1 0 1 0 0 1 0 x
0.027076618110318 0 1 0 0 0 0 0 0 1 1 0 0 1 1 1 1 1 0 1 0 0 1 1 x
0.017297325850031 1 0 0 0 0 0 0 0 1 0 0 1 0 1 1 1 1 0 0 1 0 1 1 x
0.036209242222790 1 0 0 0 0 0 0 1 1 0 1 1 0 1 1 1 1 1 0 0 0 1 1 x
0.079986541127414 1 1 0 0 0 0 0 0 1 1 0 1 1 0 1 1 0 0 1 0 1 0 1 x
0.084040874266690 0 0 0 0 1 0 1 0 0 0 0 1 1 0 1 1 1 0 0 0 1 1 0 x
0.068784296393714 1 1 0 0 0 0 0 1 1 1 1 0 1 1 1 1 0 0 1 0 1 0 1 x
0.027551552793838 0 0 1 0 0 0 0 0 0 0 1 1 1 1 1 1 0 1 0 1 1 1 0 x
0.084443811880529 0 0 1 0 1 0 0 0 0 1 0 1 1 0 1 1 0 0 1 0 0 1 0 x
0.134066471568643 0 0 1 1 0 0 0 0 0 1 0 1 0 1 1 1 0 0 1 0 1 1 0 x
0.032109384275629 0 1 0 0 0 0 0 0 1 0 0 1 1 0 1 1 1 0 0 0 0 1 1 x
0.070248872923733 0 1 0 0 0 1 0 0 0 0 0 1 1 1 1 0 0 1 0 1 1 0 1 x
0.020838630474887 0 1 0 0 0 0 0 0 0 1 0 1 1 1 0 1 1 0 1 0 1 0 1 x
0.056619529806673 0 1 0 0 0 0 1 0 0 0 1 1 1 1 0 1 1 1 0 1 1 0 1 x
0.045681997234910 0 1 0 0 0 0 0 1 1 0 0 0 1 1 1 1 1 0 0 0 0 1 1 x
0.053678084619498 1 0 0 1 0 0 0 1 1 1 1 1 1 1 1 1 1 0 0 0 1 1 0 x
0.013858102905097 0 1 0 0 0 0 0 0 0 1 0 0 1 1 1 1 1 0 0 0 1 1 1 x
0.055130072019272 1 0 0 1 0 0 0 1 1 1 1 1 1 1 1 0 1 0 0 1 1 0 0 x
0.030920141275955 0 1 0 0 0 0 0 1 0 1 0 1 1 1 1 1 1 0 1 0 1 0 1 x
0.036796451627767 0 0 1 0 0 0 0 0 0 0 0 1 1 1 0 1 0 0 1 1 1 0 1 x
0.014903714484719 0 1 0 0 0 0 0 0 0 0 1 1 1 0 1 1 1 1 0 1 0 1 1 x
0.014433297625264 1 0 0 0 0 0 0 0 0 0 1 1 0 1 1 1 0 0 0 1 1 1 0 x
0.023843669518308 0 1 0 0 0 0 0 0 0 1 0 0 1 1 0 1 1 0 0 0 0 1 1 x
0.022784289469496 1 0 0 0 0 0 0 0 1 0 1 1 0 1 0 1 1 1 0 0 0 1 1 x
0.022954895658159 0 1 0 0 0 0 0 0 0 0 1 1 0 1 1 0 0 1 1 0 1 0 1 x
0.023963644731106 0 1 0 0 0 0 0 0 0 1 0 0 1 1 1 1 0 1 0 0 0 1 1 x
0.033382143618245 0 0 1 0 0 0 0 0 1 0 0 0 1 1 1 1 1 0 0 0 0 1 1 x
0.040723540195297 1 0 0 0 0 1 0 0 0 0 1 1 0 1 1 1 1 0 0 1 0 1 1 x
0.046827389600163 0 1 0 0 0 0 1 0 0 0 1 0 1 1 1 0 0 1 0 1 0 0 1 x
0.040796050223287 1 0 0 0 0 1 0 0 0 0 1 1 1 0 1 0 1 0 0 1 0 1 0 x
0.065273214673096 1 0 0 1 0 0 0 1 0 0 1 1 1 1 0 1 0 0 0 1 1 0 0 x
0.067238721030305 0 0 1 0 1 0 0 0 0 0 1 1 1 1 1 0 1 1 1 0 0 1 1 x
0.097364610658202 1 0 1 0 0 0 1 0 1 0 1 1 1 1 1 0 0 1 1 0 1 0 1 x
0.022469508349423 0 1 0 0 0 0 0 0 0 0 1 1 0 0 1 1 0 1 0 0 1 0 1 x
0.095477564327581 0 1 1 0 0 0 0 1 1 1 0 1 1 1 1 1 0 0 1 0 0 1 0 x
0.055919985372566 1 1 0 0 0 0 0 0 1 1 1 1 1 1 0 1 1 0 1 0 1 0 1 x
0.013307432289207 0 1 0 0 0 0 0 0 0 0 0 1 1 1 0 1 1 0 0 0 1 1 1 x
0.051701863190404 1 0 0 0 0 1 0 0 1 0 1 1 0 1 1 1 1 1 0 0 0 1 1 x
0.013114364863083 1 0 0 0 0 0 0 0 0 1 0 1 1 1 0 1 0 1 1 0 0 1 1 x
0.051024259284642 0 0 0 0 1 0 0 0 0 0 0 1 0 1 0 1 1 1 0 0 1 1 1 x
0.024292658842709 0 1 0 0 0 0 0 0 1 0 0 1 1 1 0 1 1 0 1 0 0 1 1 x
0.087809813630137 0 0 1 0 1 0 0 0 1 0 0 1 1 1 1 1 1 0 0 0 1 1 0 x
0.016579489329100 1 0 0 0 0 0 0 0 1 0 1 1 0 1 1 1 1 0 1 0 0 1 1 x
0.091272278010979 0 1 1 0 0 0 0 0 1 0 1 0 1 1 0 1 1 0 0 0 0 1 1 x
0.041692617146091 1 0 0 0 0 0 1 0 0 0 1 1 1 0 0 1 1 1 0 0 1 0 1 x
0.015350699742669 1 0 0 0 0 0 0 0 1 0 0 1 1 1 1 1 0 0 0 1 1 1 0 x
0.016269740317457 1 0 0 0 0 0 0 0 0 1 0 0 1 1 1 0 0 1 1 0 0 1 1 x
0.027585195123413 1 0 0 0 0 0 0 0 1 1 0 1 1 1 1 0 1 0 1 0 1 1 0 x
0.119184718073531 0 1 0 1 0 0 1 0 0 1 1 1 1 1 1 1 0 1 0 1 1 0 0 x
0.052309841898166 1 0 0 0 0 0 1 0 0 1 0 1 1 0 1 0 0 1 1 0 0 1 0 x
0.019685095850574 1 0 0 0 0 0 0 0 1 0 0 1 1 1 0 1 0 0 1 1 0 0 1 x
0.067170414183598 0 1 0 0 0 0 1 0 1 0 1 1 1 0 1 1 1 0 1 0 0 1 0 x
0.055911579711424 1 0 0 1 0 0 0 0 1 1 0 1 1 1 1 0 1 0 0 1 0 1 0 x
0.026827847436931 0 0 1 0 0 0 0 0 0 0 0 1 1 1 0 1 1 1 0 0 0 1 1 x
0.024712099222569 1 0 0 0 0 0 0 0 0 1 0 1 1 0 1 0 0 0 1 1 0 1 0 x
0.057184493227623 0 0 1 0 0 1 0 0 0 0 1 1 0 1 1 1 1 0 0 0 1 0 1 x
0.071362856628137 1 0 1 0 0 0 0 0 1 0 1 1 0 1 1 1 0 1 0 0 0 1 1 x
0.026507987212527 1 0 0 0 0 0 0 1 0 0 0 1 1 1 0 1 0 0 1 0 1 0 1 x
0.018813768833481 1 0 0 0 0 0 0 0 0 1 0 1 1 1 0 0 1 0 1 0 1 0 1 x
0.015776127225242 1 0 0 0 0 0 0 0 0 1 0 1 1 0 1 1 0 0 1 0 1 0 1 x
0.065124494292881 0 0 1 0 1 0 0 0 0 0 1 0 1 1 1 1 0 1 0 0 0 1 1 x
0.020052371006094 1 0 0 0 0 0 0 0 0 1 0 1 1 0 0 1 1 0 1 0 0 1 1 x
0.073094624373060 0 0 1 0 0 1 0 0 0 0 1 1 0 1 1 1 0 0 1 1 0 0 1 x
0.033007325240256 1 0 0 0 0 0 0 0 0 0 0 1 1 0 0 1 0 0 1 0 1 0 1 x
0.074156875327877 1 0 0 1 0 0 0 1 1 1 0 1 1 1 1 1 0 0 1 0 1 0 1 x
0.057691470820667 1 0 0 1 0 0 0 1 1 1 1 1 1 1 1 1 0 1 0 1 0 1 0 x
0.148952752687128 0 0 0 1 1 0 0 0 0 1 0 1 1 0 0 1 1 0 0 0 1 1 0 x
0.020097111840383 1 0 0 0 0 0 0 0 1 1 0 1 1 1 1 1 1 0 1 0 1 0 1 x
0.022539570779582 1 0 0 0 0 0 0 0 1 1 0 0 1 1 1 1 0 0 1 0 1 0 1 x
0.120805697509985 0 1 1 0 0 0 1 0 1 0 1 1 1 1 1 1 0 1 0 1 0 0 1 x
0.066573943835656 1 0 0 0 1 0 0 0 1 1 0 1 1 1 0 1 0 0 1 0 0 0 1 x
0.016779558153792 1 0 0 0 0 0 0 0 0 1 1 1 0 1 1 0 1 1 1 0 0 1 1 x
0.120144230117641 1 1 0 1 0 0 0 1 1 1 1 1 1 1 0 1 0 1 0 0 1 0 1 x
0.023518329854860 1 0 0 0 0 0 0 0 1 0 0 1 1 1 1 1 0 0 1 0 1 0 1 x
0.017028853959309 1 0 0 0 0 0 0 0 0 1 0 1 1 1 0 0 1 0 1 1 0 0 1 x
0.065173176999925 1 0 0 1 0 0 0 0 1 1 0 1 1 0 1 1 0 0 1 0 0 1 0 x
0.036452145975197 0 0 1 0 0 0 0 1 0 0 1 0 1 1 1 1 1 1 0 0 0 1 1 x
0.032175748981492 1 0 0 0 1 0 0 0 0 1 1 1 1 1 1 0 1 0 1 0 1 0 1 x
0.058537751149721 1 0 0 1 0 0 0 0 1 1 0 1 1 1 0 1 0 0 0 1 1 0 0 x
0.059449843732280 0 0 1 0 0 0 1 0 0 0 0 1 1 1 1 0 1 0 1 0 1 1 0 x
0.067571267883044 0 0 1 0 0 0 1 0 0 0 1 0 1 1 1 0 1 1 0 0 1 1 0 x
0.085206037452553 1 0 0 1 0 0 0 1 1 1 0 1 1 1 0 1 0 0 1 1 0 0 0 x
0.043999684753713 0 1 0 0 0 0 0 0 0 1 0 1 0 1 1 0 0 0 0 1 1 0 0 x
0.039161069319462 0 1 0 0 0 0 0 0 0 1 0 0 1 1 1 0 0 0 0 1 0 1 0 x
0.027941632441961 0 1 0 0 0 0 0 0 0 0 0 1 1 1 0 0 0 1 1 0 1 0 1 x
0.012916152629733 1 0 0 0 0 0 0 0 0 1 0 1 1 0 1 1 0 1 1 0 0 1 1 x
0.079752751893615 0 1 0 0 0 1 0 1 0 0 1 0 1 1 1 1 1 0 0 0 1 0 1 x
0.027496880948392 1 0 0 0 0 0 0 0 0 0 1 1 0 0 1 1 1 1 0 0 0 1 1 x
0.017173103205916 1 0 0 0 0 0 0 1 0 0 0 1 1 1 1 1 1 0 0 1 0 1 1 x
0.014711828366084 0 0 1 0 0 0 0 0 0 0 0 1 1 1 1 1 1 0 1 0 1 1 1 x
0.021287574184680 1 0 0 0 0 0 0 1 0 1 0 1 1 1 1 1 0 1 1 0 1 0 1 x
0.039597947777204 1 0 0 0 0 1 0 0 1 0 1 1 1 1 1 1 1 0 0 1 1 1 0 x
0.023056300037222 1 0 0 0 0 0 0 0 1 1 0 0 1 1 1 1 0 0 1 1 0 0 1 x
0.017603794085681 1 0 0 0 0 0 0 0 0 0 0 1 1 0 1 1 0 0 0 1 1 0 1 x
0.011954738284351 1 0 0 0 0 0 0 0 0 1 0 1 1 1 1 1 0 0 1 1 1 0 1 x
0.016660694163662 0 0 1 0 0 0 0 0 0 0 0 1 1 1 1 1 0 0 1 1 0 1 1 x
0.031153758905424 0 1 0 0 0 0 0 0 1 0 1 0 0 1 1 1 1 0 1 0 0 1 1 x
0.044640979267961 1 0 0 0 0 0 0 1 0 1 0 0 1 1 1 0 0 0 1 1 0 0 1 x
0.016820862564663 0 1 0 0 0 0 0 0 0 0 1 0 1 1 0 1 1 0 1 0 0 1 1 x
0.030127325637604 0 1 0 0 0 0 0 0 0 0 0 1 1 1 0 1 1 1 0 0 0 1 1 x
0.040308784120449 0 0 0 0 1 0 0 0 0 0 0 1 1 0 0 1 1 1 0 0 0 1 1 x
0.034869323095659 1 0 0 0 0 1 0 0 0 1 0 1 1 1 1 0 1 0 1 0 1 0 1 x
0.046698799762938 1 0 0 0 0 1 0 0 0 1 1 1 1 0 1 0 1 0 1 0 0 1 0 x
0.040668888543829 1 0 0 1 0 0 0 0 1 1 1 1 1 1 1 0 1 0 1 1 0 0 1 x
0.076109207925999 1 0 0 1 0 0 0 0 1 1 1 1 0 1 1 1 1 0 1 1 0 0 1 x
0.083600414495413 1 1 0 0 0 1 0 0 1 1 1 1 1 1 0 0 1 0 1 0 0 0 1 x
0.054062576555605 0 0 1 0 0 1 0 0 0 0 0 1 1 1 1 1 1 0 1 0 0 1 1 x
0.041834831821329 1 0 0 0 0 1 0 0 0 1 0 1 1 1 0 1 1 0 0 0 0 1 1 x
0.108155495691003 1 0 0 1 1 0 0 0 1 1 1 1 1 1 1 0 1 0 1 0 0 0 1 x
0.099922775118505 0 1 0 0 1 0 1 0 0 0 1 1 1 1 1 1 0 1 0 0 1 1 0 x
0.047514947852903 1 0 0 1 0 0 0 0 0 1 1 1 1 1 0 0 1 0 1 0 1 0 1 x
0.057623580769551 1 0 0 1 0 0 0 0 1 1 0 1 1 1 0 1 1 0 0 1 0 0 1 x
0.088302882020680 0 0 0 0 1 0 1 0 0 0 0 1 1 0 1 1 1 1 0 1 0 0 1 x
0.054249310618590 0 0 1 0 0 0 0 0 0 1 1 0 1 0 1 0 1 1 0 1 0 1 0 x
0.030249561316322 0 0 0 0 1 0 0 0 0 0 0 0 1 0 1 1 1 0 0 0 0 1 1 x
0.067490429810467 0 1 0 0 1 0 0 0 0 1 0 0 1 1 1 1 1 0 0 0 0 1 1 x
0.047240199207522 0 0 0 0 0 0 1 0 0 0 0 0 1 0 1 1 1 0 0 1 1 0 1 x
0.045590351070831 0 0 0 0 0 0 1 0 0 0 0 0 1 0 1 1 1 1 0 1 0 1 1 x
0.038162282665301 0 0 0 0 1 0 0 0 0 0 0 0 1 0 1 1 1 0 0 0 1 1 1 x
0.034782466473815 0 0 0 0 1 0 0 0 0 0 0 0 1 0 1 1 1 0 0 1 0 1 1 x
0.064918739685894 0 0 1 0 0 1 0 0 0 0 0 1 1 1 0 1 1 0 0 0 1 1 0 x
0.046289796100449 0 0 1 0 0 0 0 0 0 0 0 0 1 0 1 1 1 0 0 1 0 1 1 x
0.145436702777964 0 0 0 0 1 1 0 0 0 1 0 0 1 0 1 1 1 0 0 0 0 1 1 x
0.057096869548553 0 0 0 0 0 0 1 0 0 0 0 0 1 0 1 1 1 0 0 1 1 1 0 x
0.019526656543685 0 1 0 0 0 0 0 0 0 0 1 0 1 0 1 1 1 0 0 0 0 1 1 x
0.057496526883559 1 0 0 1 0 0 0 0 1 1 0 1 1 1 1 0 1 0 1 0 1 0 1 x
0.116251745326945 0 0 1 1 0 0 0 0 1 1 1 1 1 0 1 1 1 1 0 0 1 0 0 x
0.019030028273997 1 0 0 0 0 0 0 1 0 0 1 1 1 1 1 1 0 1 0 1 1 1 0 x
0.034218519645412 1 0 0 0 0 1 0 0 0 0 1 1 1 0 1 1 1 0 0 0 1 0 1 x
0.050978063796662 1 0 1 0 0 0 0 0 1 1 1 1 1 1 1 1 0 1 1 0 1 0 1 x
0.011834228578430 1 0 0 0 0 0 0 0 0 1 0 1 1 0 1 1 1 0 0 1 0 1 1 x
0.035166757080100 1 0 0 0 0 1 0 0 0 1 1 1 1 0 1 1 1 0 0 0 1 1 0 x
0.064073812978337 1 0 0 0 0 0 1 0 1 0 1 0 1 1 1 1 0 1 0 1 1 0 1 x
0.056034957654756 0 0 1 0 0 0 1 0 0 0 0 1 1 0 1 1 1 1 0 0 0 1 1 x
0.082761607437203 0 1 0 1 0 0 0 0 0 1 1 0 1 1 1 1 1 0 0 1 1 0 1 x
0.064643220629071 0 0 0 0 1 0 0 0 0 0 1 0 1 0 0 1 1 0 0 0 1 1 0 x
0.053111345378095 0 0 0 0 0 1 0 0 0 0 0 1 1 0 1 1 1 0 0 1 1 0 1 x
0.028022249345892 0 0 0 0 1 0 0 0 0 0 0 0 1 1 1 1 0 1 0 1 0 1 1 x
0.025975810866616 0 0 0 0 1 0 0 0 0 0 0 0 1 1 1 1 1 1 0 0 1 1 1 x
0.031608455959129 0 0 0 0 1 0 0 0 0 0 0 0 0 1 1 1 1 0 0 0 1 1 1 x
0.048307993362869 0 0 0 0 1 0 0 1 0 0 0 0 1 1 1 1 1 1 0 0 0 1 1 x
0.032981179287474 0 0 0 0 1 0 0 0 0 0 0 0 1 1 1 0 1 1 0 0 0 1 1 x
0.051996559315304 0 0 1 0 0 1 0 0 0 0 1 1 1 1 1 1 0 1 0 1 1 0 1 x
0.069275691962954 0 1 0 0 1 0 0 0 0 1 1 0 1 1 1 0 0 1 0 1 0 1 0 x
0.038989880855344 0 0 0 0 1 0 0 0 0 0 0 0 1 1 0 1 1 0 0 1 1 0 1 x
0.052846450627569 0 0 0 0 1 0 0 0 0 0 0 1 0 1 1 1 1 0 0 0 1 0 1 x
0.034697797341237 0 0 0 0 1 0 0 0 0 0 0 0 1 1 1 0 1 0 0 1 1 0 1 x
0.039530668560833 0 0 0 0 1 0 0 0 0 0 1 0 1 0 1 1 1 1 0 0 0 1 1 x
0.043706489390599 0 0 0 0 1 0 0 0 0 0 0 0 1 1 1 0 1 0 0 1 1 1 0 x
0.070712754177378 0 0 0 0 1 0 1 0 0 0 0 0 1 1 1 1 1 0 0 1 0 1 1 x
0.043507859888711 0 0 0 0 1 0 0 0 1 0 0 0 1 1 1 1 1 1 0 0 0 1 1 x
0.087541691784302 1 0 0 0 0 1 1 0 0 1 1 0 1 1 1 0 1 0 0 1 0 1 0 x
0.105213979662325 1 1 0 0 0 1 1 0 1 1 1 1 1 1 1 0 0 1 1 0 0 0 1 x
0.041563386530593 0 0 0 0 1 0 0 0 0 0 0 1 0 1 1 1 1 1 0 0 0 1 1 x
0.032375894562943 1 0 0 0 0 1 0 0 0 0 1 1 1 1 1 0 1 0 1 1 0 0 1 x
0.052613826868937 0 0 0 0 1 0 0 0 0 1 0 0 1 1 0 1 1 1 0 0 0 1 1 x
0.075768218023647 0 0 1 0 0 0 1 0 0 1 0 0 1 1 1 0 1 0 0 1 0 1 0 x
0.097969422192382 1 0 0 1 0 1 0 0 0 1 1 1 1 1 1 0 1 0 1 0 0 0 1 x
0.029673517689569 1 0 0 0 0 0 1 0 0 1 0 1 1 1 0 1 1 1 0 0 0 1 1 x
0.083150746168446 0 1 0 0 1 0 0 0 1 0 1 0 1 1 1 1 1 0 1 0 0 1 1 x
0.074070602557367 0 0 1 0 0 0 1 0 0 0 1 1 1 0 1 1 1 0 1 0 1 1 0 x
0.028582363587218 0 1 0 0 0 0 0 0 0 1 0 0 0 1 1 1 0 0 1 0 0 1 1 x
0.027465174977438 0 1 0 0 0 0 0 0 0 0 0 0 1 1 1 1 0 0 1 0 1 1 1 x
0.041932330978120 0 0 1 0 0 0 1 0 0 0 0 1 1 1 1 1 0 1 1 0 0 1 1 x
0.033599420175227 1 0 0 0 0 1 0 0 0 1 1 1 1 0 1 1 1 1 0 0 0 1 1 x
0.020596132916013 1 0 0 0 0 0 1 0 0 0 1 1 1 1 1 1 1 1 0 1 0 1 1 x
0.062901541150666 1 0 0 0 0 0 0 1 1 1 0 0 1 1 1 1 0 0 1 1 0 1 0 x
0.025800466905340 1 0 0 0 0 0 0 0 1 1 0 1 1 1 1 0 1 0 1 1 0 0 1 x
0.024092021754241 0 0 1 0 0 0 0 0 0 1 0 0 1 1 1 1 1 0 1 0 0 1 1 x
0.053015220020315 0 0 1 0 0 0 1 0 0 0 1 1 1 1 1 0 1 1 1 0 0 1 1 x
0.051620616236223 1 0 0 0 1 0 0 0 0 1 1 1 1 0 1 0 1 1 1 0 0 0 1 x
0.043546523316758 0 1 0 0 0 1 0 0 0 0 1 1 1 0 1 1 1 0 0 0 1 0 1 x
0.029693964839969 1 0 0 0 0 1 0 0 0 0 1 1 1 1 1 0 0 1 1 0 1 0 1 x
0.146787123380095 0 0 1 1 1 0 0 0 0 1 1 1 1 1 1 0 0 1 0 0 0 1 0 x
0.062619753488006 1 0 0 0 0 1 1 0 0 0 1 1 1 1 1 0 1 1 0 0 0 1 1 x
0.022919361207710 0 1 0 0 0 0 0 0 1 0 0 1 1 1 1 0 1 1 0 1 0 1 1 x
0.043310774649953 1 0 0 0 0 0 1 0 0 1 1 1 1 1 1 0 1 1 1 0 1 1 0 x
0.020290137855852 0 1 0 0 0 0 0 0 1 0 0 1 1 1 1 1 1 0 1 0 1 1 1 x
0.025698524669572 0 1 0 0 0 0 0 0 1 0 0 1 1 1 1 0 1 0 1 0 1 1 0 x
0.113053078016590 1 0 1 0 0 1 0 0 1 0 1 1 1 1 1 1 0 1 0 0 0 1 1 x
0.088140335238544 0 0 1 0 0 1 0 0 0 1 1 0 1 1 1 1 1 0 0 1 1 0 0 x
0.036171756434171 1 0 0 0 1 0 0 0 0 1 1 1 1 1 1 0 1 1 1 0 0 1 1 x
0.053008005555968 1 0 0 1 0 0 0 0 0 1 0 1 1 1 1 0 0 0 1 1 0 0 1 x
0.041730517469908 0 1 0 0 0 0 1 0 0 0 1 1 1 1 1 0 1 1 0 1 0 1 1 x
0.018171475872496 0 1 0 0 0 0 0 0 1 0 0 0 1 1 1 1 1 0 0 0 1 1 1 x
0.073213671313488 0 1 0 1 0 0 0 0 0 0 1 1 1 1 0 0 1 0 1 0 1 0 1 x
0.082882313840442 0 1 0 0 0 1 0 1 0 0 1 0 1 1 1 1 0 0 0 1 0 1 0 x
0.070965885796681 0 1 0 0 1 0 0 0 0 0 1 0 1 1 0 1 1 0 0 0 1 0 1 x
0.059805182518598 1 0 0 1 0 0 0 0 0 1 1 1 1 0 0 0 1 0 1 0 0 1 0 x
0.040821007923913 0 0 0 0 1 0 0 0 0 0 0 0 1 0 1 0 1 1 0 0 1 0 1 x
0.027581719605207 0 1 0 0 0 0 0 0 1 0 1 0 1 1 1 1 1 0 1 1 0 1 1 x
0.038279862135616 1 0 0 0 0 1 0 0 0 1 1 1 1 1 0 0 1 1 1 0 0 0 1 x
0.080122691859203 0 0 0 0 1 0 1 0 0 0 0 0 1 1 1 0 1 1 0 0 1 0 1 x
0.038679928714764 1 0 0 0 0 1 0 0 0 1 0 1 1 1 1 0 0 0 1 1 0 0 1 x
0.113840021949910 0 0 0 0 1 1 0 0 0 0 0 1 1 1 0 0 1 0 0 1 1 0 0 x
0.023284066733810 0 0 1 0 0 0 0 0 1 0 0 1 1 1 1 1 1 1 0 1 0 1 1 x
0.047844375752142 0 1 0 0 0 0 1 0 0 0 0 1 1 0 1 1 0 1 0 0 1 0 1 x
0.083296122780554 0 1 1 0 0 0 0 0 1 1 1 1 0 1 1 0 1 1 0 1 0 0 1 x
0.032593232299052 1 0 0 0 0 0 1 0 0 0 1 1 1 1 0 0 1 1 1 0 0 0 1 x
0.024735240932283 0 0 1 0 0 0 0 0 1 0 0 1 1 1 1 1 1 1 0 0 1 1 1 x
0.027923501739178 0 1 0 0 0 0 0 0 1 0 0 1 1 1 1 0 1 1 1 0 1 0 1 x
0.057849250618730 1 0 0 1 0 0 0 0 1 1 1 0 1 1 1 1 0 0 1 1 0 0 1 x
0.021211265637786 1 0 0 0 0 0 1 0 0 0 0 1 1 1 1 1 0 0 0 1 1 0 1 x
0.029425438891120 1 0 0 0 0 0 1 0 0 0 0 1 1 1 0 1 0 1 0 0 0 1 1 x
0.069922473712864 1 0 0 0 0 1 1 0 0 0 1 1 1 1 1 1 0 1 0 1 0 0 1 x
0.085754979706090 1 1 0 0 0 0 1 0 1 0 1 1 1 1 0 0 0 0 1 1 0 0 0 x
0.031207920641214 0 0 0 0 1 0 0 0 0 0 0 0 1 0 1 1 0 1 0 0 0 1 1 x
0.070601926884553 0 0 1 0 0 1 0 0 0 1 0 1 1 1 1 1 1 0 0 1 0 1 0 x
0.063558717514522 1 0 0 0 1 0 0 0 1 1 1 0 1 1 1 1 1 0 1 0 1 0 1 x
0.102304172345936 0 0 1 0 1 0 0 1 0 0 1 1 1 1 1 1 0 0 1 1 0 1 0 x
0.045145963542251 1 0 0 0 1 0 0 0 1 0 1 1 1 1 1 0 1 0 0 1 0 1 0 x
0.034959322114526 0 0 0 0 1 0 0 0 0 0 0 0 1 1 1 0 1 0 1 0 1 0 1 x
0.031778118530930 1 0 0 0 0 0 0 0 0 1 1 0 1 0 1 0 1 0 1 0 1 1 0 x
0.053699405612319 1 0 0 0 0 1 0 0 0 0 1 1 0 1 1 0 1 0 1 0 1 0 1 x
0.037506873147472 1 0 0 0 0 0 1 0 0 0 1 1 1 1 1 0 0 1 0 1 1 1 0 x
0.031427454395169 0 1 0 0 0 0 0 0 1 0 1 0 1 1 1 0 1 0 1 0 1 0 1 x
0.104700893863852 0 0 1 0 1 0 0 0 0 1 0 1 1 0 1 0 0 1 1 0 0 0 1 x
0.034424401663683 0 1 0 0 0 0 0 0 0 1 1 0 0 1 1 1 0 1 0 1 0 1 1 x
0.060743023447273 0 1 0 0 0 1 0 0 0 1 0 1 1 1 0 1 1 0 1 0 0 1 1 x
0.040546672044194 1 0 0 0 0 0 1 0 1 0 0 1 1 1 1 0 1 0 0 0 1 1 0 x
0.035926478993987 0 1 0 0 0 0 0 1 0 0 0 0 1 1 1 1 0 0 0 1 0 1 1 x
0.031065486672061 1 0 0 0 0 0 0 1 0 0 0 1 1 0 1 1 0 0 0 1 0 1 0 x
0.027133019117723 0 1 0 0 0 0 1 0 0 0 0 1 1 1 1 1 1 0 0 0 1 1 1 x
0.037076693572261 1 0 0 0 0 0 1 0 1 0 0 1 1 1 1 1 1 1 0 0 0 1 1 x
0.047281552368724 0 0 0 0 1 0 0 0 0 0 1 0 0 1 1 1 1 1 0 0 1 0 1 x
0.024012421077916 0 1 0 0 0 0 0 1 0 0 0 1 1 1 1 1 1 0 0 0 1 1 1 x
0.015990348515804 1 0 0 0 0 0 0 0 1 0 1 0 1 1 1 1 0 1 0 1 0 1 1 x
0.036112525309965 1 0 0 0 0 1 0 0 0 1 1 0 1 1 1 1 0 0 1 0 1 0 1 x
0.049606959000332 0 1 0 0 0 0 1 0 0 0 1 0 1 1 1 1 1 0 1 0 1 0 1 x
0.025733242855831 1 0 0 0 0 0 0 1 0 1 0 1 1 0 1 1 1 1 0 0 0 1 1 x
0.057102058173102 0 1 0 1 0 0 0 0 1 1 1 1 1 1 1 0 1 0 0 1 1 0 0 x
0.082973892815622 1 0 0 0 1 0 1 0 1 0 1 1 1 1 1 0 1 0 1 0 0 1 0 x
0.020935282744498 1 0 0 0 0 0 0 0 0 1 0 0 1 1 0 1 0 0 1 0 0 1 1 x
0.026975009799607 0 1 0 0 0 0 0 0 0 0 1 1 0 1 1 0 0 0 1 1 0 1 0 x
0.016774823881002 1 0 0 0 0 0 0 0 1 0 1 1 0 1 1 1 1 1 0 1 0 1 1 x
0.056282852365931 0 0 0 0 1 0 0 1 0 0 0 0 1 1 1 1 1 0 0 0 1 0 1 x
0.026513951801600 1 0 0 0 0 1 0 0 0 1 1 1 1 1 1 1 1 0 1 0 1 0 1 x
0.041929668892099 0 0 1 0 0 0 0 0 1 0 0 1 1 0 1 1 0 1 0 1 0 0 1 x
0.056071228683918 1 0 0 0 0 1 0 1 0 1 1 1 1 1 1 0 1 1 1 0 0 0 1 x
0.031413507641465 0 1 0 0 0 0 0 0 1 0 1 0 1 1 1 0 1 1 0 0 0 1 1 x
0.107959911080208 1 0 0 0 1 1 0 0 0 0 1 1 1 1 1 0 1 0 1 0 1 0 1 x
0.082125662688671 0 1 0 0 1 0 0 0 0 1 0 0 1 1 1 1 0 1 0 0 1 0 1 x
0.088168490541148 0 1 0 1 0 0 0 0 1 0 1 0 1 1 1 1 1 0 0 0 1 1 1 x
0.139234713652858 0 1 1 0 0 0 1 1 0 0 1 1 1 1 1 1 0 0 1 0 1 1 0 x
0.060664192134594 1 0 0 0 1 0 0 1 0 1 1 1 1 1 1 0 1 0 1 0 1 0 0 x
0.059722736163371 0 1 0 0 0 1 0 0 0 1 1 1 0 1 1 1 1 1 0 0 1 0 1 x
0.048003359758300 1 0 0 0 0 1 0 0 0 1 1 1 0 1 1 1 0 1 1 0 0 1 1 x
0.098616036584095 1 1 0 0 0 0 0 0 0 1 1 1 0 1 0 1 0 1 1 0 0 1 1 x
0.036546480104128 1 0 0 0 0 0 1 0 0 0 1 0 1 1 0 1 1 1 0 0 0 1 1 x
0.063402981655633 0 0 1 0 0 1 0 0 0 0 1 1 0 1 1 1 1 1 0 0 0 1 1 x
0.249490159881754 1 1 1 0 1 1 1 0 1 1 1 1 1 0 0 1 0 0 0 0 0 0 0 x
0.061654395108634 1 0 0 1 0 0 0 0 0 1 1 1 1 0 1 1 0 1 1 0 1 0 1 x
0.066029594994295 0 0 1 0 0 0 1 0 0 0 0 1 1 1 1 0 0 1 1 1 0 0 1 x
0.150631557652687 1 0 1 1 0 0 0 1 1 1 1 1 1 1 1 1 0 0 1 0 0 1 0 x
0.019240504998850 0 1 0 0 0 0 0 0 0 0 1 0 0 1 1 1 0 1 0 0 0 1 1 x
0.016253587190344 1 0 0 0 0 0 0 0 0 1 1 0 1 1 1 1 0 1 1 0 1 0 1 x
0.068691022622216 0 1 0 1 0 0 0 0 1 1 1 1 1 0 1 1 1 0 1 0 0 0 1 x
0.026971964758672 1 0 0 0 0 0 0 0 1 0 1 1 0 1 1 0 1 0 1 0 1 1 0 x
0.026649803679580 0 1 0 0 0 0 0 0 0 0 1 0 1 0 0 1 1 0 0 0 1 0 1 x
0.022248144933849 0 1 0 0 0 0 0 0 0 0 1 0 1 1 0 0 1 1 0 0 1 0 1 x
0.029172249003425 1 0 0 0 0 1 0 0 0 1 1 1 1 1 1 1 0 1 0 0 1 1 0 x
0.087328896716588 0 1 0 1 0 0 0 1 0 1 1 0 1 1 1 1 0 0 1 0 0 0 1 x
0.066978556759608 1 0 0 1 0 0 0 0 0 1 0 1 1 1 0 1 1 0 1 0 0 1 1 x
0.021964578463601 0 1 0 0 0 0 0 0 0 0 1 0 1 1 0 1 1 1 0 0 1 1 1 x
0.032469588817126 0 0 1 0 0 0 0 0 0 0 1 0 1 0 1 1 0 0 1 1 0 0 1 x
0.046515928352759 0 0 1 0 0 0 0 1 0 0 1 0 1 1 1 1 0 0 1 1 0 0 1 x
0.041948712569988 0 1 0 0 0 0 0 0 0 1 0 0 1 1 0 0 1 0 1 0 1 0 1 x
0.068344851143384 0 1 1 0 0 0 0 0 1 1 0 1 1 1 1 0 1 0 0 0 1 1 0 x
0.031489336746808 0 1 0 0 0 0 0 0 0 0 1 0 1 0 0 1 1 1 0 0 0 1 1 x
0.026761290733285 0 1 0 0 0 0 0 0 0 1 1 0 1 0 1 1 1 0 1 0 1 0 1 x
0.061706802918154 0 1 0 0 0 1 0 0 0 0 1 1 1 1 0 0 1 0 0 1 0 0 1 x
0.087113640058254 1 1 0 0 0 0 0 1 1 0 1 0 1 1 0 1 0 0 0 1 0 1 0 x
0.040747217158655 0 0 1 0 0 0 0 0 1 0 0 1 1 1 1 0 1 1 0 0 0 1 1 x
0.037082604968069 0 0 1 0 0 0 0 0 0 0 0 0 1 0 1 1 0 0 1 0 0 1 1 x
0.031478145673945 1 0 0 0 0 0 1 0 0 0 0 1 1 1 0 1 1 0 1 0 0 1 1 x
0.120467353761500 0 1 0 1 0 1 0 0 1 1 1 1 1 1 1 1 1 0 0 1 0 0 1 x
0.038051785605100 0 0 1 0 0 0 0 0 1 0 0 1 1 1 1 1 0 0 1 1 0 0 1 x
0.026169964189057 1 0 0 0 0 0 1 0 0 1 0 1 1 1 1 1 0 0 1 0 1 1 0 x
0.023199443445625 1 0 0 0 0 0 0 0 1 0 1 0 1 0 1 1 0 1 0 0 1 0 1 x
0.021602582465668 1 0 0 0 0 0 0 0 0 1 0 1 1 0 1 1 0 1 0 0 1 1 0 x
0.029624725708214 1 0 0 0 0 0 1 0 0 1 0 1 1 1 1 1 0 1 1 0 1 0 1 x
0.037480534208086 0 1 0 0 0 0 0 0 0 0 1 0 0 1 0 1 0 1 0 0 1 0 1 x
0.018516325855718 1 0 0 0 0 0 0 0 1 0 0 1 1 1 1 1 1 0 0 1 0 1 1 x
0.010932328967372 1 0 0 0 0 0 0 0 0 0 0 1 1 1 0 1 0 0 0 1 1 0 1 x
0.019078376100588 1 0 0 0 0 0 0 0 0 1 1 0 1 0 1 1 1 0 1 0 1 0 1 x
0.063343182828939 0 0 0 0 1 0 0 0 0 0 1 0 1 0 1 0 1 0 0 1 1 0 0 x
0.029526036404896 1 0 0 0 1 0 0 0 0 1 1 1 1 1 1 1 0 0 1 0 1 1 0 x
0.027969830418141 0 1 0 0 0 0 0 0 0 0 1 0 0 1 1 1 0 0 1 0 1 0 1 x
0.036195614833117 1 0 0 0 1 0 0 0 0 1 1 1 1 1 1 0 1 0 0 1 1 1 0 x
0.047263485406101 0 0 0 0 1 0 0 0 0 0 0 1 0 1 1 0 1 0 1 0 1 1 0 x
0.140191716108027 0 0 0 0 0 0 0 0 0 0 0 0 1 0 1 1 1 0 0 1 1 0 1 x
0.099698530604727 0 0 0 0 0 1 1 0 0 0 0 1 1 0 1 1 1 0 0 0 1 1 0 x
0.169838371245215 1 1 0 0 1 1 1 0 1 1 1 1 1 1 1 0 0 1 0 0 0 1 0 x
0.132515803009322 1 0 0 0 1 1 1 0 0 1 1 1 1 1 1 1 0 0 1 0 0 1 0 x
0.092356776271867 0 0 1 0 0 0 1 0 0 0 1 0 1 0 1 1 0 0 1 1 0 0 1 x
0.107836505277242 0 0 0 0 0 1 1 0 0 0 1 1 1 0 1 1 1 1 0 1 0 0 1 x
0.067989371477186 0 0 0 0 0 0 1 0 0 0 0 1 1 0 1 1 1 1 0 0 1 1 1 x
