0.280018866062164 0 0 1 1 0 1 0 1 1 0 1 0 0 1 1 1 1 0 0 0 0 1 1
0.346834540367126 0 0 0 1 0 1 0 1 1 1 0 0 1 1 0 1 1 1 1 1 0 0 1
0.394069939851761 0 0 1 0 1 0 1 1 0 0 1 0 1 1 0 1 1 1 1 1 0 1 1
0.479861736297607 1 1 1 1 0 1 0 0 0 0 1 0 1 1 1 1 0 0 1 0 0 0 1
0.184718459844589 0 1 0 0 0 0 1 1 0 1 0 0 1 1 1 0 1 1 1 1 0 0 1
0.393902033567429 0 0 0 1 1 1 1 1 1 0 0 1 1 1 1 1 0 0 1 0 1 1 0
0.459997832775116 0 1 1 1 1 0 1 0 1 1 1 0 1 1 0 0 1 1 1 1 1 0 1
0.314023286104202 1 0 0 1 0 0 1 1 1 0 1 0 1 0 1 1 0 0 1 0 1 1 1
0.375682324171066 1 1 1 0 0 1 0 1 0 1 1 0 0 0 0 1 1 0 0 1 0 1 0
0.140237748622894 1 0 1 0 0 1 1 0 1 0 1 1 1 0 1 1 0 0 0 0 1 0 1
0.302226752042770 1 0 1 0 1 0 1 0 1 0 0 0 1 1 1 1 0 1 0 0 1 0 1
0.254837244749069 0 1 1 0 0 1 0 0 0 0 0 1 1 1 0 0 1 0 0 1 1 0 1
0.433798134326935 0 1 1 0 1 1 0 0 0 0 1 1 0 1 0 1 0 0 1 1 1 0 1
0.421231687068939 0 1 1 0 1 1 0 0 0 1 1 1 0 0 1 1 1 1 1 0 1 1 1
0.506371736526489 1 1 1 0 0 0 0 1 1 0 1 0 0 0 0 0 0 1 1 1 1 0 0
0.423769056797028 1 0 1 1 0 1 0 1 1 0 0 1 1 1 1 1 1 1 1 0 0 0 1
0.436854481697083 1 1 0 1 0 1 0 1 1 0 1 0 0 1 0 0 0 1 1 1 0 0 1
0.205090969800949 0 0 0 0 1 1 0 0 0 0 1 0 1 0 0 1 1 0 1 1 1 0 0
0.463642656803131 0 0 0 0 0 1 0 1 1 0 1 1 1 0 0 0 0 0 1 0 0 0 0
0.310373514890671 1 0 0 0 1 0 1 1 0 1 0 1 1 1 0 0 0 1 1 1 0 1 1
0.475700080394745 0 1 0 1 1 0 1 1 0 0 1 0 1 1 0 1 1 1 1 1 0 0 0
0.288205534219742 0 0 0 0 0 1 1 1 0 1 1 0 1 0 1 0 1 0 1 0 1 0 0
0.421057403087616 1 0 1 1 1 1 0 0 0 1 1 0 1 1 0 0 0 1 1 0 1 0 1
0.366538643836975 1 1 1 0 1 0 0 1 0 0 1 0 1 0 0 1 1 0 0 0 1 0 0
0.389705598354340 1 1 1 0 1 1 1 1 0 1 0 0 0 0 0 1 1 0 0 0 0 0 0
0.221573769550973 1 0 0 1 1 0 1 0 1 0 1 1 1 0 1 0 1 1 0 0 1 0 1
0.074964268642910 0 0 0 0 0 1 0 0 0 0 0 1 1 0 1 0 1 0 0 1 1 0 1 x
0.259021665316555 0 0 0 0 0 0 1 0 0 1 1 0 1 0 1 0 0 0 0 1 1 1 0 x
0.055599393018422 1 0 0 0 0 1 0 0 0 0 0 1 1 1 1 1 1 0 0 1 1 0 1 x
0.157657464430685 1 0 1 0 0 0 0 0 1 1 0 0 1 1 1 0 1 0 0 1 1 1 1 x
0.197132540140977 0 1 0 0 0 1 0 0 1 1 0 1 1 1 0 1 1 1 0 1 1 1 1 x
0.337781533324861 1 1 0 0 0 1 0 0 0 1 1 0 0 0 1 0 1 1 0 0 1 1 1 x
0.252426856276342 1 0 0 0 0 1 1 0 0 1 1 1 0 1 0 1 1 0 0 1 1 1 1 x
0.338084575038076 1 1 0 0 1 1 0 1 0 0 1 1 1 0 1 1 1 1 0 1 1 1 1 x
0.246536857755195 0 0 0 0 0 1 1 0 0 1 1 1 1 1 1 0 1 0 1 1 1 0 1 x
0.271359799836867 0 0 0 0 0 0 0 0 0 0 0 0 1 1 1 0 1 0 1 0 1 0 0 x
0.154770213679308 1 1 0 0 0 1 1 0 1 1 0 1 1 0 1 0 0 0 0 1 0 0 1 x
0.497517855270080 1 1 0 1 1 0 1 0 0 1 0 0 0 1 1 0 0 0 0 1 1 0 1 x
0.151117172666521 0 0 0 0 0 0 1 0 0 1 0 0 1 0 1 0 1 0 0 1 0 1 1 x
0.094331985834240 1 0 0 0 0 0 1 0 1 0 0 0 1 1 1 0 1 1 0 1 0 1 0 x
0.200643086608765 1 0 0 0 1 1 0 0 1 0 0 1 0 0 1 1 1 0 0 1 0 0 0 x
0.488852213440826 1 0 1 1 0 0 1 0 1 0 0 0 0 1 1 0 1 1 0 1 1 0 0 x
0.071722875686028 1 0 0 0 0 0 0 0 1 0 0 1 1 0 1 1 1 1 0 1 0 1 0 x
0.100111491112115 1 0 0 0 0 0 0 1 1 1 0 1 1 0 1 1 1 0 0 1 0 1 1 x
0.168219648489141 0 0 0 0 1 1 0 0 1 0 0 0 1 0 1 1 1 0 0 1 0 1 0 x
0.091463080134746 0 1 0 0 0 1 0 0 1 1 0 1 1 0 1 0 1 1 0 0 0 0 1 x
0.215328247504246 1 0 0 1 0 1 0 1 1 0 0 1 1 0 1 1 1 1 0 0 0 0 1 x
0.238520766077261 1 0 0 0 0 1 1 1 1 0 0 1 1 0 1 1 1 1 0 1 0 0 1 x
0.282637560495917 1 1 0 0 1 0 0 0 1 1 0 0 1 0 0 1 1 1 0 0 0 1 1 x
0.091060890092727 1 0 0 1 0 0 0 1 1 1 1 0 1 1 1 0 0 1 0 1 0 1 0 x
0.207932101562253 0 0 0 0 0 0 0 0 1 1 0 1 1 0 1 0 1 1 0 1 0 1 1 x
0.129923111007363 1 0 0 1 0 1 0 1 0 1 1 0 1 1 1 0 1 0 0 0 0 1 1 x
0.134346841925940 1 0 0 0 0 1 1 0 1 1 1 0 1 0 1 1 1 0 0 0 0 0 0 x
0.154872214278819 1 0 0 0 0 0 1 1 0 1 0 0 1 1 1 0 1 0 0 0 1 1 1 x
0.045435979385957 1 0 0 0 0 0 0 0 1 0 0 1 1 0 0 1 1 1 0 0 1 1 0 x
0.427713560109094 1 0 0 1 1 0 0 0 0 0 0 0 1 0 0 1 1 0 0 1 0 1 1 x
0.128235881493487 1 0 0 1 0 0 1 1 0 1 0 1 1 0 1 0 1 0 0 0 0 0 1 x
0.135534207006547 0 0 0 0 0 0 0 0 1 0 0 1 1 0 1 1 1 1 0 0 1 0 1 x
0.064549388088205 1 1 0 0 0 0 0 0 1 1 1 1 1 0 1 0 1 0 0 0 1 0 1 x
0.294994382566090 0 0 0 0 1 1 1 0 1 1 0 1 1 0 1 1 1 1 0 0 1 0 1 x
0.160852587243792 0 1 0 1 0 0 1 1 1 1 1 1 1 0 1 1 0 1 0 1 0 0 1 x
0.079848075432212 1 0 0 0 0 0 1 0 0 0 1 1 1 0 0 0 1 0 0 1 0 0 1 x
0.126934740764525 1 1 0 1 0 0 0 1 1 1 1 1 1 0 1 0 1 0 0 0 0 1 0 x
0.192144157243311 1 0 0 1 0 1 0 1 1 1 1 1 1 0 1 0 0 0 0 0 1 0 1 x
0.228496364668853 1 0 0 0 0 1 1 0 1 0 1 1 0 0 1 1 1 0 0 0 1 1 1 x
0.190059508832113 1 1 0 0 0 0 1 0 0 0 1 1 1 1 1 0 1 0 0 1 0 0 0 x
0.072087981257272 1 0 0 0 0 1 0 0 1 0 1 1 1 1 1 0 1 0 0 0 0 1 1 x
0.275224681092758 1 0 0 1 0 1 0 1 1 0 0 1 1 0 1 1 1 1 0 0 1 1 1 x
0.199937336144275 1 0 1 0 0 0 0 0 0 0 0 1 1 0 0 1 1 0 0 1 1 0 0 x
0.167110235842761 1 1 0 0 0 0 0 0 1 1 1 1 1 0 0 0 0 1 0 0 0 0 0 x
0.153930995420122 1 1 0 0 0 0 0 1 1 1 1 1 1 0 1 1 1 1 0 0 0 0 0 x
0.067515414631338 1 0 0 0 0 0 0 0 1 0 1 1 1 0 0 1 1 1 0 1 0 0 0 x
0.158633653406524 1 0 0 1 1 0 0 0 1 0 1 1 1 0 0 0 0 1 0 0 0 1 0 x
0.111479271375482 0 1 0 0 0 1 0 0 1 0 1 1 1 0 0 1 1 0 0 0 0 0 1 x
0.069032111082215 1 0 0 1 0 0 0 0 0 1 1 1 1 0 0 1 1 1 0 0 0 1 0 x
0.090815240327249 1 1 0 0 0 0 0 0 1 0 1 0 1 0 1 0 0 1 0 0 0 0 1 x
0.131778634298797 1 0 0 0 0 0 0 1 1 0 1 1 1 0 0 0 1 0 0 1 0 1 0 x
0.146194294659809 1 1 0 0 0 0 0 0 1 0 1 1 1 0 0 0 1 1 0 1 1 0 1 x
0.195543340360533 0 0 0 0 0 0 0 0 0 1 1 0 1 0 0 0 1 1 0 0 0 1 0 x
0.115863077426784 1 0 0 0 0 0 0 0 1 1 1 1 1 0 0 0 1 1 1 0 1 1 0 x
0.083848589695923 1 0 0 1 0 0 0 0 1 0 1 1 1 0 1 0 1 1 0 0 1 0 0 x
0.082844192640791 1 0 0 0 0 0 0 0 1 0 0 1 1 0 0 1 0 1 0 1 1 1 0 x
0.098254250441086 1 0 0 0 1 0 0 0 1 1 0 1 1 0 1 1 1 1 0 0 1 1 0 x
0.316424511901935 1 1 0 0 0 0 0 1 1 0 0 0 1 0 0 1 1 0 0 1 1 1 0 x
0.114868514888980 0 1 0 0 0 1 0 1 0 1 1 0 1 1 1 0 1 0 0 0 0 0 1 x
0.059945729178157 1 0 0 0 0 0 0 0 0 1 1 1 1 1 1 0 1 1 0 0 1 1 1 x
0.134265052067336 1 0 0 0 1 1 0 0 1 0 1 1 1 0 1 0 1 1 0 0 1 0 0 x
0.162737448723846 1 0 0 0 0 0 0 0 1 1 1 1 1 1 0 0 1 0 0 0 1 0 1 x
0.094675204366796 0 1 0 0 0 0 0 0 1 0 0 1 1 1 1 0 0 1 0 0 0 0 1 x
0.062513608093789 0 1 1 0 0 0 0 0 0 1 1 1 1 0 1 0 1 0 0 1 0 0 1 x
0.051487167343885 0 1 0 0 0 0 0 0 0 0 1 1 1 0 1 1 1 0 0 1 0 0 1 x
0.030472984661686 1 0 0 0 0 0 0 0 0 1 0 1 1 1 1 0 1 1 0 0 1 1 0 x
0.193616944584141 0 0 1 0 1 1 0 0 1 1 1 1 1 0 1 0 1 0 0 0 0 0 0 x
0.042239273865366 1 0 0 0 0 0 0 0 0 1 1 0 1 1 1 1 0 1 0 1 0 0 1 x
0.121288917775843 1 0 0 0 0 0 0 0 0 1 1 1 1 0 1 1 1 0 0 0 0 1 0 x
0.334278787209567 1 1 0 1 0 1 0 0 0 1 1 1 1 1 1 1 1 1 0 1 0 0 1 x
0.157888633478174 1 1 0 0 0 0 1 0 0 1 1 1 1 1 0 0 0 0 0 0 0 0 1 x
0.128524723592669 0 1 0 0 0 0 0 0 0 1 1 1 0 0 1 0 1 0 0 0 0 0 1 x
0.142909008321629 1 0 1 0 0 1 0 0 0 1 0 1 1 0 1 0 1 0 0 1 0 0 1 x
0.193413137615368 1 0 0 0 0 0 1 1 1 1 0 1 1 0 1 0 0 1 0 0 0 0 0 x
0.070934521392150 1 0 0 1 0 0 0 0 0 1 1 1 1 0 1 1 0 1 0 0 0 0 1 x
0.136751262333691 1 0 0 0 0 0 0 0 0 0 1 1 1 0 1 1 1 1 0 0 1 0 0 x
0.204665872805413 0 0 0 0 0 1 0 0 0 0 1 0 1 1 1 0 1 0 0 0 0 0 1 x
0.155859600932802 0 0 0 1 0 0 0 0 1 1 1 1 1 0 1 0 1 1 0 0 0 1 0 x
0.189290854419551 1 0 0 1 0 0 0 1 0 1 0 0 1 0 1 1 1 1 0 0 0 0 0 x
0.116068749812021 1 0 0 1 0 0 0 0 1 1 1 1 1 0 0 0 1 1 0 0 0 1 1 x
0.102789241739257 0 1 1 0 0 0 1 0 1 1 1 1 1 0 1 1 1 0 0 0 0 0 1 x
0.086788385817948 1 0 0 0 0 1 0 1 0 1 1 0 1 1 1 0 0 1 0 1 0 1 0 x
0.237307979067191 0 0 0 0 0 0 0 1 1 1 0 1 1 0 1 1 1 0 0 1 0 0 1 x
0.113699099692818 1 1 0 0 0 0 0 1 1 1 1 1 1 1 1 1 1 1 0 0 0 1 0 x
0.345038425578858 0 0 0 1 0 0 0 1 0 1 1 1 1 0 0 0 1 0 0 0 0 1 1 x
0.047771298490169 0 1 0 0 0 0 0 0 0 1 0 1 1 0 1 0 1 0 0 0 1 0 1 x
0.056718230378257 1 0 0 0 0 0 0 0 0 1 1 0 1 0 0 0 1 1 0 0 0 1 1 x
0.061080922823110 1 0 0 0 0 1 0 0 0 1 0 1 1 1 0 0 1 1 0 1 0 1 0 x
0.086323211593460 1 1 0 0 0 0 0 1 0 1 1 1 1 0 1 0 1 0 0 1 0 1 1 x
0.126819196176353 1 0 0 1 0 1 1 0 1 1 1 1 1 0 1 0 1 0 0 0 0 1 0 x
0.085139573335488 0 1 0 0 0 0 0 0 1 0 0 0 1 0 1 0 0 0 0 1 0 0 1 x
0.083144871566109 0 1 0 0 0 0 0 0 1 1 1 0 1 0 1 0 1 1 0 0 0 0 1 x
0.048554196588513 1 0 0 0 0 0 0 0 0 1 0 1 1 0 1 0 1 0 0 0 1 1 1 x
0.175053087552474 1 0 0 0 0 0 0 1 1 1 0 0 1 1 1 0 0 0 0 1 0 1 1 x
0.118014198132519 1 0 0 0 1 1 0 1 0 1 1 1 1 0 1 0 1 0 0 1 0 0 0 x
0.271940502912937 1 0 1 0 1 1 0 0 1 0 1 1 1 0 1 0 1 0 0 1 1 1 0 x
0.132573586678508 0 1 0 0 0 0 0 0 1 0 1 1 1 0 1 0 1 0 0 0 1 1 1 x
0.108629314531671 1 0 0 0 1 0 1 1 0 1 1 1 1 1 1 1 1 0 0 0 0 1 0 x
0.105375806156023 1 0 0 0 0 0 0 0 0 1 0 1 1 1 1 0 0 0 0 0 0 1 1 x
0.058968877251405 1 0 0 0 1 0 0 0 0 1 1 0 1 1 0 0 1 1 0 0 0 1 0 x
0.164688618705622 1 0 0 1 0 0 1 1 1 1 1 1 1 0 1 0 1 0 0 0 0 0 0 x
0.071027230598766 1 0 0 0 0 1 0 0 0 0 0 0 1 0 1 0 1 0 0 0 0 0 1 x
0.104737216008621 1 0 1 0 0 0 0 0 0 1 1 1 1 0 1 1 1 1 0 1 0 0 1 x
0.144382658168367 1 0 0 0 1 0 0 1 1 1 1 1 1 0 0 1 1 1 0 1 0 1 0 x
0.161893236713108 1 0 0 1 0 1 0 0 0 1 1 1 1 1 0 0 1 1 0 1 1 1 0 x
0.149899526715636 0 1 0 0 0 1 0 0 0 1 1 0 1 0 1 0 1 0 0 1 1 0 1 x
0.093536215272612 1 1 0 0 0 0 0 0 1 0 1 1 1 0 1 0 1 0 0 0 0 0 1 x
0.229046766924360 0 1 0 1 0 0 0 1 0 1 0 1 0 0 1 0 1 0 0 0 0 1 1 x
0.108085946382051 0 1 0 0 0 1 0 0 0 1 0 0 1 0 1 1 1 0 0 1 0 0 0 x
0.139531492557969 1 1 0 0 0 0 0 0 1 1 0 1 1 0 1 1 1 1 0 0 1 1 0 x
0.115102367674349 1 0 0 0 1 0 1 0 0 1 1 1 1 1 1 0 1 1 1 0 1 1 0 x
0.161041395590216 0 1 0 1 0 0 0 0 0 0 0 1 1 0 1 0 1 0 0 0 1 1 1 x
0.301900628409508 1 0 0 0 0 1 0 0 1 1 0 1 1 0 0 0 1 1 1 1 1 1 0 x
0.129091395829819 1 0 0 0 1 1 0 0 0 1 1 0 1 1 1 0 1 1 0 0 0 1 0 x
0.067398286289443 1 0 0 0 0 0 0 0 0 1 1 0 1 1 0 1 0 1 0 0 0 1 0 x
0.043214063155168 1 0 0 0 0 0 1 0 0 1 0 1 1 0 1 1 1 1 0 0 1 0 1 x
0.211703682005421 0 1 0 0 0 1 0 0 1 1 1 1 1 1 1 0 1 0 0 0 0 0 0 x
0.083985468617544 1 0 0 1 0 0 0 0 1 1 0 1 1 1 0 0 1 1 0 1 0 1 0 x
0.055986819505340 1 0 0 0 0 0 0 0 1 1 0 0 1 0 1 1 1 0 0 0 0 0 1 x
0.096454671455592 0 0 0 1 0 1 0 0 0 0 0 1 1 0 1 0 1 0 0 1 0 0 0 x
0.060794632599318 1 0 0 0 1 0 0 0 1 1 1 1 1 1 0 0 1 1 0 1 0 1 0 x
0.166964785664722 1 0 0 0 1 1 0 1 0 1 0 1 1 1 1 0 1 0 0 0 0 0 0 x
0.163177059996521 0 0 0 0 0 1 0 0 1 0 0 1 1 0 1 1 1 0 0 0 0 0 1 x
0.148092514240650 1 0 0 0 1 0 0 0 0 1 1 0 1 0 0 1 1 0 1 1 0 1 0 x
0.170212121732191 1 1 0 0 1 0 0 1 0 1 1 1 1 0 1 0 1 1 0 1 0 1 0 x
0.106944836430472 0 1 1 0 0 0 0 1 0 1 1 0 1 0 1 1 1 0 0 0 0 1 1 x
0.124185663980662 1 0 0 0 0 0 0 1 0 1 1 0 1 0 1 0 1 0 0 1 0 1 1 x
0.157082808717788 0 0 0 0 1 1 0 0 0 1 0 1 0 0 1 1 1 0 0 1 1 0 0 x
0.083656470683073 1 0 0 0 0 1 0 0 0 1 0 0 1 0 1 1 1 0 0 0 1 1 0 x
0.033643592099040 1 0 0 0 0 0 1 0 0 1 1 1 1 0 1 1 1 1 0 0 0 1 1 x
0.098167364560263 1 0 0 0 1 0 0 0 1 1 1 0 1 0 1 0 1 1 0 0 0 0 0 x
0.133975490715946 0 0 0 1 0 0 1 0 0 1 0 1 1 0 1 0 1 1 0 0 1 1 0 x
0.096941098036287 1 1 0 0 0 0 0 0 1 1 0 1 1 0 1 0 1 0 0 1 1 0 1 x
0.021384845754179 0 1 0 0 0 0 0 0 0 1 0 1 1 0 1 1 1 1 0 1 0 1 1 x
0.065692663229302 1 0 0 0 0 1 0 0 0 1 1 1 1 0 0 1 0 1 0 1 0 0 1 x
0.202564798098750 0 0 0 0 1 1 0 0 0 1 1 1 0 0 0 0 1 1 0 1 0 0 0 x
0.075644691007087 0 1 0 0 0 0 0 0 0 1 0 1 1 0 0 1 1 0 0 0 0 0 1 x
0.076996614188149 0 1 0 0 0 1 0 0 0 1 0 1 1 0 1 1 1 0 0 1 0 1 1 x
0.061217051365658 1 0 0 0 0 0 0 0 1 1 1 1 1 0 1 0 1 1 0 0 1 1 0 x
0.052329150467140 1 0 0 0 0 0 0 0 0 1 0 1 1 0 0 1 1 1 0 0 0 1 0 x
0.086366466301512 0 1 0 0 1 0 0 0 0 1 0 1 1 0 1 0 1 0 0 1 0 0 0 x
0.080854745137987 0 1 0 0 0 0 0 1 0 1 0 1 1 0 1 0 1 0 0 1 0 0 1 x
0.041155489848274 0 1 0 0 0 0 0 0 0 1 0 1 1 0 1 0 1 0 0 1 0 0 1 x
0.076701807325100 1 0 0 0 0 0 0 0 0 1 1 1 1 0 1 0 0 1 1 1 0 1 1 x
0.142088268617868 1 0 0 0 0 0 0 0 1 1 1 1 1 0 1 0 1 1 1 0 1 1 1 x
0.110975473507823 0 1 0 0 0 0 0 0 0 1 1 1 1 0 1 0 0 1 0 1 0 1 1 x
0.096263521866962 0 1 0 0 0 0 0 0 0 0 0 0 0 0 1 1 1 0 0 1 0 0 1 x
0.104145385218418 1 0 0 0 1 0 1 0 0 1 1 1 1 0 0 0 1 1 0 0 0 1 0 x
0.112538205687976 0 1 1 0 0 0 0 0 0 1 0 1 1 0 1 1 1 0 0 0 0 0 1 x
0.137783116352510 0 1 0 0 0 0 1 0 0 1 0 1 1 0 1 1 1 1 0 0 0 0 0 x
0.073292033230828 1 0 0 0 0 1 1 0 0 1 1 1 1 0 1 1 1 0 0 1 0 0 1 x
0.029138183231672 1 0 0 0 0 0 0 0 0 0 1 1 1 1 1 1 1 1 0 1 0 1 1 x
0.192719943126856 1 1 0 0 0 0 0 1 0 1 0 0 1 0 1 1 1 1 0 0 0 1 1 x
0.091621395031559 1 0 0 0 1 0 0 1 0 1 1 1 0 1 1 0 1 0 1 1 0 0 0 x
0.043938674093213 1 0 0 0 0 0 0 1 0 1 1 1 1 1 1 0 1 1 1 1 0 1 0 x
0.062581433948492 1 0 0 0 1 0 0 1 0 1 1 1 1 1 1 0 0 0 1 1 1 0 0 x
0.050921121102931 0 1 0 0 0 0 1 0 0 0 0 1 1 0 1 0 1 1 0 0 0 0 1 x
0.153435334418524 0 1 0 1 0 0 0 0 1 1 0 1 1 0 1 1 1 0 0 0 0 0 0 x
0.050514457898164 1 0 0 0 0 0 0 0 1 1 0 1 1 1 0 0 1 0 0 1 1 0 0 x
0.099076260344535 1 1 0 0 0 0 0 1 0 1 1 1 1 1 1 0 0 0 1 1 0 0 0 x
0.129861716449231 1 0 0 1 0 0 0 0 1 1 1 1 1 1 1 1 0 1 1 0 0 0 0 x
0.093778897435820 1 0 0 0 1 0 0 1 0 1 1 1 1 1 1 0 0 1 1 0 0 0 0 x
0.080454582277373 1 0 0 0 0 0 0 1 0 1 1 1 1 1 0 0 1 0 1 0 0 1 0 x
0.094309558448674 1 0 0 0 0 0 0 1 1 1 1 1 1 1 1 0 1 0 1 0 1 1 0 x
0.027700930034733 0 0 1 0 0 0 0 0 0 0 0 1 1 0 1 1 1 0 0 1 1 0 1 x
0.130163660371251 0 0 1 1 0 0 0 0 0 0 1 1 1 0 1 1 1 1 0 1 0 0 1 x
0.112883578183693 1 1 0 0 0 0 0 1 1 1 1 0 1 1 1 1 0 0 0 0 0 0 1 x
0.125863956244561 0 0 1 0 1 0 0 0 0 0 0 1 1 0 0 0 1 0 0 0 1 0 0 x
0.070463095779932 1 0 0 0 0 0 0 1 0 1 1 1 0 1 0 0 1 1 0 1 0 1 0 x
0.030580758591802 1 0 0 0 0 0 0 0 1 0 1 1 1 0 1 1 0 1 0 1 0 0 1 x
0.099856154697070 1 0 0 0 0 0 0 1 0 1 1 1 1 1 0 0 1 1 0 1 1 1 0 x
0.040906963859483 1 0 0 0 0 0 0 1 0 1 0 1 0 1 1 1 1 0 0 1 0 1 0 x
0.068379946424168 1 0 0 0 0 0 0 1 0 1 0 0 0 0 1 1 1 0 0 1 0 0 1 x
0.128885176769454 1 0 0 0 1 0 0 1 0 1 1 1 0 1 1 0 1 0 0 1 1 1 0 x
0.074803454927637 1 0 0 0 0 0 0 1 0 1 0 1 0 1 0 0 1 0 0 1 0 1 0 x
0.081436762160719 1 1 0 0 0 0 0 1 0 1 1 1 1 1 1 0 1 0 1 1 0 1 1 x
0.112123994994653 1 0 0 0 0 0 0 1 0 1 0 1 0 0 1 1 1 0 1 1 0 1 1 x
0.064174103043454 0 0 1 0 0 0 0 1 0 1 0 1 0 1 1 1 1 0 0 1 0 1 0 x
0.073605465477841 0 1 0 0 0 0 0 1 0 1 0 1 0 1 1 1 1 0 0 0 0 1 0 x
0.144040113941123 0 0 0 0 0 0 0 1 0 1 0 1 0 1 1 1 1 0 0 1 0 1 0 x
0.097021244327620 0 1 1 0 0 0 0 1 0 1 0 1 1 1 1 0 1 0 0 1 0 1 0 x
0.100138274419859 0 0 1 0 0 0 0 1 0 1 0 1 1 0 1 1 1 0 0 1 1 1 0 x
0.209655505266336 0 1 1 0 1 0 0 1 0 1 1 0 0 1 1 0 1 0 0 1 0 0 0 x
0.131111892394495 0 0 1 0 0 0 0 1 0 1 0 1 0 0 1 1 1 0 0 1 1 0 1 x
0.065330054439396 0 0 1 0 0 1 0 0 0 0 0 1 1 1 1 1 1 0 0 0 1 1 0 x
0.114216478557256 0 0 1 1 0 0 0 0 0 1 0 1 1 0 1 1 1 0 0 1 0 1 0 x
0.045779776611920 1 0 0 1 0 0 0 0 1 1 1 1 1 1 1 0 1 1 0 1 0 1 0 x
0.049203304240508 0 0 1 0 0 0 0 0 0 0 0 0 0 0 0 1 1 0 0 0 0 1 0 x
0.046228476079854 0 0 1 0 0 0 0 0 0 0 0 1 0 0 1 1 1 0 0 0 0 0 1 x
0.101061836299900 0 1 0 0 1 0 0 1 0 1 0 1 1 1 1 1 1 0 0 1 0 1 0 x
0.089182487930545 0 0 1 0 0 0 0 0 0 0 0 1 0 0 1 1 1 0 0 1 1 0 0 x
0.101340143621590 1 0 0 0 0 0 0 1 0 1 1 0 0 1 1 0 0 1 1 0 1 1 0 x
0.152657124242589 0 0 1 0 0 0 0 0 0 0 0 0 1 0 1 1 1 0 0 0 0 0 0 x
0.048849056507634 0 0 1 0 0 0 0 0 0 0 0 1 0 0 1 1 1 0 0 0 1 1 1 x
0.150523568834569 0 0 1 0 0 1 0 0 0 1 0 0 0 1 0 1 1 0 0 1 0 1 0 x
0.044258695385025 0 1 0 0 0 0 0 0 0 0 0 1 1 1 1 1 1 0 0 1 1 1 0 x
0.057152208000909 1 0 0 0 0 1 0 1 0 1 1 1 1 1 1 1 1 0 1 1 0 0 1 x
0.029910302269760 0 1 0 0 0 0 0 0 0 0 0 1 0 0 1 0 1 0 0 0 0 1 0 x
0.168345503000910 0 1 0 0 1 1 0 0 0 0 0 1 1 0 1 1 1 0 0 0 0 1 0 x
0.071521109435243 0 1 0 0 0 0 0 0 1 1 0 1 1 0 1 0 1 0 0 1 0 1 0 x
0.016107387260007 1 0 0 0 0 0 0 0 1 0 0 1 1 1 1 0 1 0 0 1 1 1 0 x
0.035026147860505 1 0 0 0 0 0 0 1 0 1 1 1 1 1 1 0 1 1 1 0 0 0 1 x
0.037297345148778 1 0 0 0 0 0 0 0 1 1 0 1 0 0 1 1 1 0 0 0 1 1 0 x
0.140591685611776 0 0 1 0 1 0 0 0 0 1 0 1 0 1 1 1 1 0 0 1 1 1 0 x
0.113562993923943 1 0 0 0 0 1 0 0 0 0 1 1 1 1 1 1 1 1 0 0 0 0 1 x
0.015351959612850 1 0 0 0 0 0 0 0 0 0 0 1 1 0 1 0 1 0 0 0 1 0 1 x
0.065456349896389 1 0 0 0 0 1 0 0 0 0 0 1 1 1 0 1 1 0 0 1 0 1 0 x
0.036095084161102 0 0 1 0 0 0 0 0 0 0 0 1 1 0 1 0 1 0 0 1 0 1 1 x
0.124803375648827 1 1 0 0 0 0 1 1 0 1 1 1 1 0 1 1 1 0 1 1 0 0 1 x
0.037308942139246 0 0 1 0 0 0 0 0 0 0 0 1 1 1 0 1 1 0 0 0 1 1 0 x
0.111091416817422 0 0 1 0 0 0 0 0 0 0 1 1 1 0 1 0 0 0 0 1 0 0 1 x
0.063306485759626 1 0 0 0 0 0 0 0 0 1 0 1 0 0 0 0 1 1 0 1 0 0 1 x
0.049336442778988 1 0 0 0 0 1 0 0 1 1 0 1 1 1 1 0 1 0 0 1 0 1 0 x
0.106561820631887 1 1 0 0 1 0 0 0 1 1 1 1 1 1 1 0 0 0 0 1 1 0 0 x
0.099181781474069 0 0 0 0 0 0 0 0 0 0 0 1 0 0 0 1 1 0 0 1 1 1 0 x
0.118008445329238 0 0 1 0 0 0 1 0 0 0 0 1 0 0 1 0 1 0 0 1 0 1 0 x
0.086166125010406 0 0 1 0 0 0 0 0 0 0 0 1 1 0 0 0 1 1 0 1 1 0 1 x
0.065736316340236 0 0 0 1 0 1 0 0 0 0 0 1 1 1 1 1 1 0 0 0 1 1 0 x
0.134485941973999 0 1 1 0 0 0 0 0 0 1 0 1 0 0 0 1 1 0 0 0 0 1 0 x
0.040882313292883 1 0 0 0 0 0 1 0 0 1 1 1 1 1 0 0 1 1 1 0 0 0 1 x
0.144087544245558 0 0 1 0 0 1 0 0 0 0 0 1 1 0 1 1 1 0 0 1 1 1 1 x
0.116233816561901 0 1 0 0 0 0 0 0 0 0 0 1 1 1 1 0 1 1 0 0 0 1 0 x
0.143016458647437 0 1 0 0 0 0 0 0 0 1 0 0 0 0 1 0 1 0 0 1 1 1 0 x
0.057460505705006 1 0 0 0 0 0 0 0 1 0 0 1 0 1 1 0 1 0 0 0 0 1 0 x
0.041989761735822 1 0 0 0 0 0 0 0 0 1 0 1 1 0 1 1 1 0 0 1 0 0 1 x
0.123056692958451 0 0 1 0 0 0 0 0 0 1 0 1 1 1 0 1 1 0 0 0 0 0 1 x
0.099138321341021 1 0 0 0 0 0 1 0 0 0 1 1 1 1 0 0 0 1 0 0 0 0 1 x
0.097296492416595 1 0 1 0 0 0 0 1 0 1 0 1 0 1 1 1 1 0 0 0 0 1 1 x
0.080014096300770 1 0 0 0 0 0 0 0 0 1 1 0 1 1 1 1 1 1 1 0 0 0 1 x
0.069254571896709 1 1 0 0 0 0 0 0 1 1 1 1 1 0 1 1 0 1 0 1 0 1 1 x
0.165195753346253 1 0 0 0 0 0 1 1 0 1 1 1 0 1 1 1 1 1 1 1 0 1 1 x
0.033930764774600 1 0 0 0 0 0 0 0 0 1 0 1 0 1 0 0 1 1 0 0 0 1 0 x
0.066602086293045 0 1 0 0 0 0 0 0 0 0 0 1 1 0 1 1 1 1 0 1 1 0 1 x
0.027958421948736 1 0 0 0 0 0 0 0 0 1 1 1 1 0 1 0 1 1 0 1 0 0 1 x
0.062318491451574 0 0 1 0 0 0 0 1 0 0 0 1 0 1 1 0 1 0 0 0 1 1 0 x
0.039789132434347 1 0 0 0 0 0 0 0 0 0 0 1 0 0 1 0 1 0 0 0 1 0 1 x
0.040761618184967 0 1 0 0 0 0 1 0 0 0 0 1 1 1 1 0 1 0 0 1 0 1 1 x
0.160154504380856 1 0 0 0 0 1 0 1 0 1 0 1 0 0 1 0 1 0 0 0 0 0 1 x
0.018680778136368 1 0 0 0 0 0 0 0 0 1 1 1 1 1 0 1 1 1 1 1 0 0 1 x
0.030593661362340 1 0 0 0 0 0 0 1 0 1 0 1 1 1 1 1 1 0 1 1 1 0 1 x
0.067604200714025 0 0 0 0 0 1 0 0 0 0 0 0 1 0 0 1 1 0 0 0 1 0 0 x
0.039182806185159 1 0 0 0 0 0 0 0 0 1 1 1 1 0 0 1 0 1 1 0 0 0 1 x
0.258510608349992 0 1 0 0 0 1 1 0 0 1 0 0 1 0 0 1 1 1 0 1 0 0 1 x
0.072646093100744 1 0 0 0 0 0 1 0 1 0 0 1 1 0 1 1 1 0 0 1 1 0 1 x
0.047187734730536 1 0 0 0 0 0 0 1 0 1 1 1 1 0 1 1 0 1 1 1 0 0 1 x
0.070828284844443 1 0 0 0 0 0 0 0 1 1 0 0 1 0 1 1 1 1 0 1 1 0 1 x
0.086564222640183 0 0 1 0 0 0 1 0 0 0 0 1 1 0 1 0 1 0 0 0 1 0 1 x
0.077356410336308 1 0 0 0 0 1 0 0 1 0 1 0 1 0 1 1 0 0 0 1 0 0 1 x
0.025565986864855 0 1 0 0 0 0 0 0 0 0 0 1 1 0 1 1 1 0 0 0 0 1 1 x
0.063070193726372 0 0 0 0 0 1 0 0 0 0 0 1 1 1 1 1 1 0 0 1 1 1 0 x
0.095013378169493 0 1 1 0 0 0 0 1 0 0 1 1 1 1 1 1 1 0 0 1 0 1 1 x
0.065536861341551 1 0 0 0 0 1 0 0 0 1 0 0 1 1 1 1 0 0 0 1 1 0 0 x
0.056838485197177 0 1 0 0 0 0 0 0 0 0 0 1 0 0 1 1 0 0 0 1 0 0 0 x
0.100308566487068 1 1 0 0 0 1 0 1 1 1 1 1 1 1 1 0 1 0 0 0 0 1 1 x
0.120310342702635 1 0 0 1 0 0 0 1 0 1 1 1 1 1 1 1 1 1 1 0 0 1 0 x
0.104395017100046 0 1 0 0 0 0 1 0 1 1 0 1 1 0 1 1 1 0 0 0 0 1 1 x
0.035599057119841 1 0 0 0 0 0 0 0 1 1 1 0 1 1 0 1 1 1 0 1 0 1 0 x
0.032344213745439 1 0 0 0 0 0 0 0 0 0 0 1 1 0 1 0 1 0 1 0 1 0 1 x
0.021895559736380 1 0 0 0 0 0 0 1 0 0 1 1 1 1 1 0 1 0 1 1 0 0 1 x
0.045510538204100 1 0 0 0 0 0 0 0 1 1 1 1 1 1 1 1 0 1 0 1 0 1 0 x
0.084681275890044 0 0 1 0 0 0 0 0 0 0 0 0 0 0 1 0 1 0 0 0 1 0 1 x
0.050341979643708 0 1 0 0 0 0 0 0 0 0 0 1 1 0 1 0 1 0 1 1 0 1 1 x
0.053902775142323 0 0 1 0 0 0 0 0 1 0 0 1 0 0 1 1 1 0 0 0 1 1 0 x
0.021198201521873 1 0 0 0 0 0 0 0 0 0 0 1 1 0 1 0 1 1 0 0 0 1 1 x
0.015473331015910 1 0 0 0 0 0 0 0 0 0 0 1 1 0 1 0 0 1 0 0 1 0 1 x
0.085897417419412 1 0 0 0 0 0 0 0 0 0 0 1 1 1 1 1 0 1 1 1 0 0 1 x
0.187967976818422 0 0 0 1 0 1 0 0 1 0 0 0 1 0 1 0 1 0 0 1 1 0 0 x
0.093118975283467 0 1 1 0 0 0 0 0 1 1 1 1 1 0 1 1 1 1 0 1 0 1 1 x
0.040068850190777 1 0 0 0 0 0 0 0 1 1 0 1 1 1 1 1 1 0 0 0 1 1 0 x
0.062059923089054 1 0 0 0 0 0 0 0 1 0 0 1 0 0 1 1 1 1 0 0 0 0 1 x
0.045980131393017 1 0 0 0 0 0 0 0 1 1 1 0 0 1 1 0 1 1 0 0 0 1 0 x
0.073246392820015 1 0 0 0 0 0 0 0 0 1 0 0 0 0 0 0 1 1 0 0 0 1 0 x
0.064947703856087 1 0 1 0 0 0 0 0 1 1 1 1 1 1 1 1 1 1 0 0 0 1 1 x
0.071213999000325 1 0 0 0 0 0 0 0 0 1 1 1 1 1 1 0 0 0 1 1 0 0 1 x
0.021011651043840 1 0 0 0 0 0 0 0 0 1 0 1 1 0 0 1 1 1 0 0 1 0 1 x
0.066065179250065 1 0 0 0 1 0 0 0 1 1 1 1 0 1 0 1 1 1 0 0 0 1 0 x
0.054207623377832 1 0 0 0 0 0 0 1 0 1 1 0 1 1 0 0 1 0 1 1 0 0 0 x
0.063664230012861 0 0 1 0 0 0 0 0 0 0 0 1 0 0 0 1 1 1 0 0 0 1 0 x
0.086792640527931 1 0 0 0 0 1 0 1 0 1 1 0 1 1 1 0 1 0 0 1 0 0 0 x
0.044823867156185 0 1 0 0 0 0 0 0 0 0 0 1 0 1 1 0 1 0 0 1 0 1 0 x
0.039320986136723 1 0 0 0 0 0 0 1 0 1 0 1 1 0 1 1 1 0 1 0 0 0 1 x
0.058040787479352 1 0 0 0 0 0 0 1 0 0 0 1 1 1 1 0 1 0 1 1 1 0 0 x
0.068774700490472 1 0 1 0 0 0 0 1 0 1 1 1 1 1 1 1 1 0 1 0 0 1 1 x
0.046427578502056 0 1 0 0 0 0 0 1 0 0 0 1 1 0 1 0 1 0 0 1 0 1 0 x
0.098771303894479 1 0 0 1 0 0 0 0 1 1 1 1 0 0 1 0 0 1 0 0 0 1 0 x
0.163890103146597 1 0 0 0 0 0 1 0 0 1 1 0 1 0 0 0 0 1 1 1 0 0 1 x
0.076603282098907 1 0 0 0 0 1 1 0 0 1 0 1 1 1 1 0 1 0 0 1 0 1 0 x
0.064019850177220 1 0 1 0 0 0 0 0 1 0 1 1 1 0 1 1 1 0 0 0 0 1 1 x
0.044695839900249 1 0 0 0 0 0 0 0 0 1 1 1 1 1 0 1 1 1 1 1 1 0 0 x
0.026080594637784 0 1 0 0 0 0 0 0 0 1 0 1 1 0 1 1 1 1 1 0 0 1 1 x
0.066365088736662 0 1 0 0 0 0 0 0 0 0 0 1 1 0 1 0 1 1 1 0 0 0 1 x
0.056983840402987 1 0 0 0 0 0 0 0 1 1 0 1 0 1 1 1 1 1 0 1 1 1 0 x
0.063887800868833 0 1 0 0 0 0 1 0 0 0 0 1 1 0 1 1 1 0 0 1 0 1 0 x
0.058303715451030 1 0 0 0 0 0 0 0 1 0 1 0 1 0 1 1 1 1 0 0 0 0 1 x
0.033212087578682 1 0 0 0 0 0 0 0 0 1 0 0 0 0 1 1 0 1 0 0 0 0 1 x
0.040102749794157 1 0 0 0 0 0 0 1 0 1 1 0 1 1 1 1 1 0 1 1 0 1 0 x
0.057861574379514 0 0 1 0 0 0 0 0 0 0 0 1 0 0 1 1 1 0 0 0 0 1 0 x
0.150041730681929 1 0 0 0 1 0 0 1 0 1 1 0 1 1 1 1 1 0 1 1 1 0 0 x
0.073900784872731 1 0 0 0 0 0 0 0 0 1 0 0 1 1 1 0 1 1 0 0 0 0 1 x
0.059477324461564 1 1 0 0 0 0 0 1 1 1 1 1 1 0 1 1 0 1 0 0 1 0 1 x
0.079930240159556 1 0 1 0 0 0 0 0 0 1 1 0 1 0 1 1 0 1 0 0 0 1 1 x
0.061877306208265 1 0 0 0 0 0 0 0 1 1 0 0 0 0 1 1 0 0 0 1 1 0 0 x
0.053289142051528 0 0 1 0 0 0 0 0 0 0 0 0 0 0 1 1 1 0 0 0 0 1 1 x
0.026368875886633 0 1 0 0 0 0 0 0 0 1 0 1 1 1 1 0 1 1 1 1 0 1 1 x
0.070257532916664 1 0 0 0 0 1 0 0 0 1 0 1 1 0 1 0 0 0 0 1 1 0 0 x
0.051275065257922 0 1 0 0 0 0 0 0 0 0 0 1 0 0 1 0 1 1 0 0 0 1 1 x
0.017603794085681 1 0 0 0 0 0 0 0 0 0 0 1 1 0 1 1 0 0 0 1 1 0 1 x
0.051824598106981 1 0 0 0 0 0 0 0 1 1 1 0 1 0 1 1 0 1 0 0 1 0 1 x
0.059622822356064 1 0 0 0 0 0 0 0 0 1 1 0 1 1 0 1 1 1 1 0 0 1 0 x
0.093194204612005 1 0 0 0 1 0 0 0 1 1 1 0 0 1 0 1 0 1 0 1 0 0 0 x
0.023319888308741 1 0 0 0 0 0 0 0 0 1 0 1 1 1 1 1 1 0 1 1 1 1 0 x
0.047642044933358 0 1 0 0 0 0 0 0 0 1 0 1 1 1 1 1 1 0 1 1 0 1 0 x
0.080175620843871 1 0 1 0 0 0 0 0 1 0 0 1 1 0 1 1 0 0 0 0 1 0 1 x
0.120944757252017 0 1 0 0 0 1 0 0 0 0 0 1 1 0 1 0 0 0 0 0 1 0 1 x
0.092249915949011 0 0 0 1 0 1 0 0 0 1 0 1 1 1 0 1 1 1 0 0 0 1 0 x
0.044373967812193 1 0 0 0 0 0 0 1 0 1 0 1 1 1 1 1 0 0 1 1 1 1 0 x
0.042946112948848 0 1 0 0 0 0 0 0 0 1 0 1 1 1 1 1 1 1 0 0 0 1 1 x
0.121870982326755 0 1 1 0 0 0 0 0 1 0 1 0 1 0 1 0 1 0 0 1 0 0 1 x
0.112939527109498 1 1 0 0 1 0 0 0 1 1 1 1 1 0 1 1 0 1 0 0 1 0 1 x
0.078404177518363 1 0 0 0 0 0 0 0 0 1 0 0 0 1 1 1 0 1 0 1 0 1 0 x
0.119238339040672 1 0 0 0 1 0 0 0 0 1 1 1 1 1 0 1 1 1 1 1 0 0 0 x
0.074883225483249 1 0 0 0 0 0 0 1 0 1 1 1 0 1 1 0 0 0 1 1 0 0 0 x
0.112780950067261 1 1 0 0 1 0 0 1 0 1 1 1 1 1 1 0 0 0 1 0 1 1 0 x
0.127828406732431 1 1 0 0 0 0 0 1 0 1 0 1 1 1 1 0 1 0 1 1 0 1 0 x
0.074391237022344 0 1 1 0 0 0 0 0 0 1 1 1 1 1 1 1 1 0 1 1 0 1 1 x
0.051795662917119 0 1 0 0 0 0 1 0 0 1 0 1 1 1 1 0 1 1 1 0 0 1 1 x
0.035286603399163 0 0 1 0 0 0 0 0 0 1 0 1 1 1 1 1 1 0 1 1 1 1 0 x
0.071123984068183 1 0 0 0 1 0 0 0 1 1 1 0 1 1 1 0 0 1 0 0 0 1 0 x
0.019452925370974 0 0 1 0 0 0 0 0 0 0 0 1 1 1 1 1 1 0 1 1 0 1 1 x
0.054009974897010 0 0 1 0 0 0 0 0 0 0 0 1 1 0 1 1 1 0 1 1 1 0 1 x
0.072342509667244 0 0 1 0 0 0 0 0 0 0 0 1 0 1 0 0 1 0 1 0 1 1 0 x
0.026964298279575 0 0 1 0 0 0 0 0 0 1 0 1 1 1 1 0 1 1 1 0 0 1 1 x
0.061212155227380 1 0 1 0 0 0 0 0 0 1 1 1 1 1 0 0 1 1 1 0 0 1 1 x
0.058581340197925 0 0 1 0 0 0 0 0 0 0 0 1 1 1 1 1 1 1 0 0 0 1 1 x
0.352709342419750 1 0 0 0 1 1 0 0 0 1 1 0 1 0 0 0 0 0 0 0 0 0 0 x
0.038311171479976 1 0 0 0 0 1 0 0 0 1 1 1 1 1 1 1 0 1 0 1 0 1 1 x
0.029827233357561 0 0 1 0 0 0 0 0 0 0 0 1 1 1 1 0 0 0 0 1 1 1 0 x
0.023832147001405 1 0 0 0 0 0 0 0 0 1 1 1 1 1 1 1 0 1 0 1 1 1 0 x
0.041884377715183 0 0 1 0 0 0 0 0 0 1 0 1 1 1 1 1 0 1 1 0 1 1 1 x
0.198833910958156 0 0 1 0 0 0 0 0 0 1 0 1 0 0 0 0 0 0 0 0 1 1 0 x
0.051625295591567 1 0 1 0 0 0 0 0 0 1 1 1 1 1 1 0 0 1 1 0 0 1 1 x
0.014679517038413 1 0 0 0 0 0 0 0 0 1 0 1 1 1 1 1 0 1 0 1 1 0 1 x
0.017240692736400 0 1 0 0 0 0 0 0 0 0 0 1 1 1 1 0 0 0 0 1 1 1 0 x
0.019681660128483 0 1 0 0 0 0 0 0 0 1 0 1 1 1 1 1 0 0 1 1 1 0 1 x
0.025785793606386 0 1 0 0 0 0 0 0 0 1 0 1 1 0 1 1 0 1 1 0 1 0 1 x
0.041765655361265 0 1 0 0 0 0 0 0 0 0 0 1 1 0 1 0 0 0 0 1 1 0 1 x
0.017868222420777 0 1 0 0 0 0 0 0 0 1 0 1 1 1 1 1 0 1 1 1 0 1 1 x
0.059593683956133 0 1 0 0 0 0 0 0 1 1 0 1 1 1 1 1 0 1 1 1 1 0 1 x
0.030675724689483 0 1 0 0 0 0 0 0 0 0 0 1 1 1 1 0 0 0 1 1 1 1 0 x
0.026599803532502 1 0 0 0 0 0 0 0 0 1 0 1 1 1 0 0 0 1 0 1 1 0 0 x
0.068867480234754 0 1 0 0 0 0 0 1 0 1 0 1 1 1 1 1 0 0 1 1 1 1 0 x
0.062263543020248 0 1 0 0 0 0 0 0 0 1 0 1 1 1 1 1 0 0 0 1 1 1 1 x
0.030079362001859 1 0 0 0 0 0 0 0 0 0 0 1 1 1 1 1 0 0 0 1 1 1 0 x
0.069388733699850 1 1 0 0 0 0 0 0 0 1 1 1 1 1 1 0 0 1 1 0 1 0 1 x
0.123174912026504 0 1 1 0 0 0 0 0 0 1 0 1 1 1 1 1 0 1 1 1 0 1 1 x
0.023150682993823 1 0 0 0 0 0 0 0 0 1 0 1 1 1 1 1 0 1 1 0 1 0 1 x
0.062309744093943 1 0 0 0 0 1 0 0 1 1 0 1 1 1 1 1 0 1 0 1 1 0 0 x
0.039785540519330 0 0 1 0 0 0 0 0 0 0 1 1 1 1 0 0 1 0 1 1 0 1 0 x
0.113822860356590 0 0 1 1 0 0 0 0 0 1 1 1 1 1 1 1 0 1 1 1 1 1 0 x
0.052897124806310 1 0 0 1 0 0 0 0 1 1 1 1 1 1 1 1 0 1 0 1 1 0 0 x
0.029673517689569 1 0 0 0 0 0 1 0 0 1 0 1 1 1 0 1 1 1 0 0 0 1 1 x
0.058184691128071 0 0 1 0 0 0 0 0 0 0 0 1 1 1 0 1 1 0 1 1 0 1 0 x
0.030263649570913 0 0 1 0 0 0 0 0 0 0 1 1 1 1 1 1 1 0 0 1 1 1 0 x
0.046191234086528 0 0 1 0 0 0 0 0 0 0 1 1 1 1 1 1 1 0 1 1 1 1 1 x
0.096289523446189 0 1 0 0 1 0 0 0 1 0 0 1 1 0 1 1 0 0 0 1 1 0 0 x
0.079843602632097 1 0 0 1 0 0 0 0 0 1 0 1 1 1 1 1 0 1 0 0 1 1 0 x
0.086735024526640 0 0 1 1 0 0 0 0 1 0 1 1 1 1 0 0 1 1 0 0 0 1 0 x
0.076121895559022 0 0 1 0 0 0 0 0 0 0 0 1 1 1 1 0 0 0 1 1 1 1 1 x
0.024601805864850 0 1 0 0 0 0 0 0 0 1 0 1 1 1 1 1 0 1 1 0 1 1 1 x
0.052087469530017 0 0 1 0 0 0 0 0 0 1 1 1 1 0 0 1 1 1 1 0 0 0 1 x
0.028126429902227 1 0 0 0 0 0 0 0 0 1 1 1 1 1 1 1 0 1 1 1 1 0 0 x
0.092266742285721 1 0 1 0 0 1 0 0 1 1 1 1 1 1 1 0 0 1 0 0 0 1 1 x
0.031742671660666 1 0 0 0 0 1 0 0 0 1 0 1 1 1 1 1 0 0 0 1 1 0 1 x
0.044373691124236 0 0 1 0 0 0 0 0 0 1 1 1 1 1 1 1 1 0 1 1 0 0 1 x
0.043979533463211 1 0 0 0 1 0 0 0 1 1 1 1 1 1 1 0 0 1 0 1 1 0 0 x
0.074590254504495 1 0 0 0 0 1 0 0 1 1 1 0 1 1 1 0 0 1 0 1 0 0 1 x
0.041066479519966 0 1 0 0 0 0 0 0 0 1 0 1 1 1 0 1 0 1 1 0 0 0 1 x
0.157283115784195 0 1 0 0 0 1 0 1 0 1 0 0 1 0 1 0 1 0 0 0 0 1 0 x
0.037552741971534 1 0 0 0 0 0 0 0 1 1 0 1 1 0 1 1 0 1 0 0 1 0 1 x
0.074079836204102 0 1 0 0 0 0 0 0 0 1 0 1 1 1 1 1 0 0 0 1 1 0 0 x
0.030453453122309 0 1 0 0 0 0 0 0 0 1 0 1 0 1 1 1 0 1 1 0 1 0 1 x
0.024472910682225 0 0 1 0 0 0 0 0 0 0 0 1 1 1 1 0 1 0 0 1 1 1 0 x
0.053575940036825 0 0 1 0 0 0 0 0 0 1 1 1 1 1 0 1 1 1 1 0 1 1 0 x
0.064885296127590 0 0 1 0 0 0 0 1 0 1 1 1 1 1 1 1 1 0 1 1 0 1 0 x
0.075345660692330 1 0 0 1 0 0 1 0 1 1 1 1 1 1 0 0 1 1 0 0 0 1 0 x
0.049619908465155 0 0 1 0 0 0 0 0 0 1 0 1 0 1 0 1 1 1 1 0 0 1 1 x
0.052439931930963 1 0 0 0 0 1 0 1 0 0 1 1 1 1 1 1 0 0 0 1 1 0 1 x
0.201649165640373 0 0 1 0 1 0 0 0 1 0 1 0 0 0 0 1 1 0 0 0 0 1 0 x
0.012757327666570 0 1 0 0 0 0 0 0 0 0 0 1 1 1 1 1 0 0 1 1 0 1 1 x
0.078043021835501 1 0 1 0 0 0 0 0 0 0 1 1 1 1 1 1 0 1 0 0 1 1 1 x
0.029536789545784 1 0 0 0 0 1 0 0 0 0 0 1 1 1 1 1 0 0 0 1 0 1 1 x
0.027999315707083 0 1 0 0 0 0 0 0 0 1 1 1 1 1 1 1 0 1 1 1 0 0 1 x
0.103245058712844 0 1 0 1 0 0 0 0 0 0 0 1 1 1 1 1 0 0 0 1 0 1 0 x
0.109365356514656 0 1 1 0 0 0 0 0 0 0 1 1 1 1 1 1 0 0 0 1 0 1 0 x
0.072480193933702 1 0 0 0 1 0 0 1 0 0 1 1 1 1 1 1 0 1 0 1 0 1 0 x
0.054491244951304 0 1 0 0 0 0 0 1 0 1 0 1 1 1 1 0 0 1 1 0 0 0 1 x
0.044964379674422 1 0 0 0 0 0 0 1 0 1 1 1 1 1 1 1 0 1 0 1 0 0 1 x
0.075180900174257 1 1 0 0 0 0 1 0 1 1 1 1 1 0 1 0 1 1 0 0 0 0 1 x
0.031630406325807 1 0 0 0 0 0 0 0 1 0 1 0 1 1 1 0 0 1 0 1 1 0 0 x
0.028619620460668 1 0 0 0 0 0 0 0 0 1 1 1 1 1 1 0 1 0 1 1 0 1 0 x
0.095067541773541 1 1 0 0 0 1 0 1 1 1 1 1 1 1 1 1 0 0 0 1 0 0 1 x
0.035768742203393 1 0 0 0 0 0 0 0 1 0 1 1 0 1 0 1 0 1 0 1 1 0 0 x
0.050598483924797 1 0 1 0 0 0 0 0 1 1 1 1 1 1 1 1 0 1 0 0 1 1 0 x
0.055806976086315 0 0 1 0 0 0 0 0 1 0 1 1 1 1 1 1 0 1 0 1 1 1 0 x
0.018234069827473 0 1 0 0 0 0 0 0 0 1 0 0 1 1 1 1 0 0 1 0 0 1 1 x
0.065750178103657 0 1 0 0 0 0 0 0 0 1 0 0 1 1 1 1 0 1 1 0 0 0 1 x
0.036584713879420 0 1 0 0 0 0 0 0 0 1 1 0 1 1 1 1 0 0 1 1 0 1 1 x
0.029775180612497 0 1 0 0 0 0 0 0 0 0 0 1 0 1 1 1 0 0 0 0 1 1 0 x
0.077645764920950 1 0 0 0 0 0 0 0 0 1 1 1 1 1 0 0 0 1 1 1 1 0 1 x
0.038864644094844 0 1 0 0 0 0 0 0 0 1 0 0 0 0 1 1 0 0 1 0 0 0 1 x
0.022656883660390 1 0 0 0 0 0 0 0 1 0 1 1 0 1 1 1 0 1 0 0 1 1 0 x
0.056031556889681 1 0 0 0 0 0 0 0 1 1 0 1 0 1 0 1 1 1 0 0 1 0 0 x
0.035609962659277 1 0 0 0 0 0 0 0 1 0 0 1 1 1 1 0 0 1 0 1 1 0 0 x
0.058715321100884 0 0 1 0 1 0 0 0 0 0 1 1 1 1 1 1 0 1 0 0 1 1 0 x
0.046755051820351 0 1 0 0 0 0 0 0 0 1 1 0 1 0 1 0 1 0 1 0 0 0 1 x
0.044083778480247 1 0 0 0 0 0 0 0 1 0 1 0 0 1 1 1 0 1 0 1 0 1 0 x
0.067307608197981 0 0 1 0 0 0 0 0 0 1 0 0 1 0 0 1 1 0 1 0 0 1 1 x
0.062410555901541 0 0 1 0 0 1 0 0 0 0 0 1 1 1 1 1 0 1 0 0 1 1 0 x
0.042076933173108 1 0 0 0 1 0 0 0 1 0 1 1 1 1 1 1 0 1 0 0 1 1 0 x
0.031071771349533 0 1 0 0 0 0 0 0 0 1 0 0 1 1 1 1 0 0 1 1 0 0 1 x
0.045902510683924 0 0 1 0 0 0 0 0 0 0 0 1 0 1 1 1 0 1 0 0 1 1 0 x
0.048422026189025 1 0 0 0 0 1 0 0 1 0 1 1 1 1 1 1 0 0 0 1 1 0 0 x
0.119212179103919 1 1 0 0 0 0 0 0 0 0 0 1 1 1 1 1 0 0 0 0 1 1 1 x
0.102158316732760 1 0 0 1 0 1 0 0 1 0 1 1 1 1 1 0 0 1 0 0 0 1 0 x
0.017659974955222 1 0 0 0 0 0 0 0 0 1 1 1 1 1 0 1 1 1 1 0 0 1 1 x
0.135487292023911 0 0 1 1 0 1 0 0 0 1 1 1 1 1 1 1 0 1 0 0 1 1 0 x
0.044497734907366 0 1 0 0 0 0 0 0 0 1 0 1 1 1 1 1 0 0 1 0 0 1 1 x
0.038982346034577 0 1 0 0 0 0 0 0 0 1 0 0 0 1 1 1 1 0 1 0 0 1 1 x
0.075528069659261 1 0 0 0 0 1 0 0 1 1 0 0 1 1 1 1 1 0 0 1 0 1 0 x
0.081576612281908 1 0 0 0 0 0 0 0 1 0 0 0 0 0 1 1 0 1 0 0 1 0 1 x
0.051076806642109 0 1 0 0 0 0 0 0 0 0 0 0 0 1 1 1 0 0 1 0 0 1 1 x
0.069788478306938 1 0 0 0 0 0 0 0 1 0 1 1 1 1 0 1 1 1 0 0 0 1 0 x
0.073414797985463 1 0 0 0 0 0 0 1 1 1 1 0 0 1 1 1 0 1 0 1 0 0 0 x
0.032371484425440 0 0 1 0 0 0 0 0 0 1 0 1 1 1 1 1 1 1 1 0 1 0 1 x
0.049382988900565 0 0 1 0 0 0 0 0 0 1 1 0 1 1 0 1 1 0 1 1 0 1 0 x
0.058780026181917 1 0 0 0 0 1 0 0 0 0 1 1 1 1 1 1 0 0 0 1 0 0 1 x
0.041071929954182 1 0 0 0 0 1 0 0 0 0 1 1 1 1 1 0 0 1 0 1 1 1 0 x
0.066847030828566 0 1 0 0 0 0 0 0 0 0 0 1 0 0 0 1 1 0 0 0 1 1 0 x
0.091224402208783 0 1 0 0 0 0 1 0 0 1 0 0 1 0 1 1 1 0 1 0 0 1 1 x
0.071178925062704 1 0 0 0 0 1 0 1 0 0 1 1 1 1 1 0 1 0 0 1 0 1 1 x
0.042875184817230 1 0 0 0 0 1 0 0 0 0 0 1 1 1 1 1 0 0 0 0 1 1 0 x
0.142817781038168 1 0 0 0 1 0 1 0 1 1 1 0 1 1 1 0 1 1 0 1 0 1 0 x
0.031609717598514 1 0 0 0 0 0 1 0 0 0 0 1 1 1 1 0 1 0 0 0 0 1 1 x
0.113976383281240 1 0 1 0 1 0 0 1 0 1 1 1 1 1 1 0 0 1 0 0 1 1 0 x
0.080935897740330 0 1 0 0 1 0 0 0 0 0 0 1 1 1 1 0 0 0 0 1 1 1 0 x
0.039295751467710 1 0 0 0 0 0 0 0 1 0 1 1 1 1 1 0 0 1 0 1 1 1 0 x
0.072676300058102 0 1 1 0 0 0 0 0 1 1 1 1 1 1 1 0 1 1 1 0 0 0 1 x
0.046509908683955 1 0 0 0 1 0 0 0 0 1 1 1 0 1 1 1 0 1 0 0 1 1 0 x
0.026477887985041 0 1 0 0 0 0 0 0 0 1 1 1 1 1 0 1 1 1 1 0 1 0 1 x
0.044443847107192 0 1 0 0 0 0 0 0 0 0 0 0 1 0 1 1 0 0 0 1 0 1 0 x
0.078099397561692 0 0 0 0 0 1 0 0 0 0 0 1 1 1 0 1 0 1 0 1 1 0 0 x
0.045934619067246 0 1 0 0 0 0 0 1 0 1 1 1 1 1 1 1 1 1 1 0 0 0 1 x
0.072879252867189 1 0 0 1 0 0 0 0 1 1 1 0 1 1 1 0 1 1 0 0 0 1 0 x
0.059889814327922 0 1 0 0 0 0 0 1 0 1 1 0 1 1 1 1 0 0 1 0 1 0 1 x
0.044936318935911 0 1 0 0 0 0 0 0 1 0 0 1 0 0 1 1 0 1 0 0 0 1 0 x
0.036130483746751 0 0 1 0 0 0 0 0 0 0 0 0 1 1 1 1 0 0 0 1 1 1 0 x
0.044936722068071 0 1 0 0 0 0 1 0 0 1 1 1 1 1 1 1 0 1 1 0 1 0 1 x
0.028102409955518 0 1 0 0 0 0 0 0 0 1 0 1 1 1 0 1 1 0 1 1 0 1 1 x
0.019459815660376 1 0 0 0 0 0 0 0 0 1 1 1 0 1 1 1 0 1 1 0 1 1 0 x
0.056379747958329 1 0 0 0 0 1 0 0 0 0 0 1 1 1 1 0 0 1 0 0 1 1 1 x
0.040969139183745 0 1 0 0 0 0 0 1 0 0 0 1 0 1 1 1 0 0 0 1 0 1 0 x
0.114316669319022 0 0 0 1 0 1 0 0 0 0 0 1 1 0 0 1 1 1 0 0 1 0 0 x
0.049583911298099 0 1 0 0 0 0 0 0 0 1 1 1 1 1 0 1 1 1 1 1 0 1 1 x
0.067817149018343 0 0 1 0 0 1 0 0 0 0 0 0 1 1 1 1 0 0 0 0 1 1 0 x
0.032525543698602 0 0 1 0 0 0 0 0 0 0 1 1 1 1 1 1 0 0 1 1 1 1 0 x
0.060636713116270 1 0 0 0 0 0 0 0 0 1 1 0 0 1 0 1 1 0 1 1 0 1 0 x
0.024057394129859 1 0 0 0 0 0 1 0 0 1 0 1 1 1 1 1 1 0 1 0 0 1 1 x
0.023324956010578 1 0 0 0 0 0 0 0 0 1 0 1 0 0 1 1 0 1 0 0 1 0 1 x
0.025503317307283 1 0 0 0 0 0 0 0 0 0 0 1 1 1 1 1 1 0 1 0 1 1 1 x
0.051699205657179 0 1 0 0 0 0 0 0 0 1 0 0 0 1 1 1 0 0 1 0 1 1 0 x
0.054750201946424 1 0 0 0 0 1 0 0 1 0 1 0 1 1 1 1 0 1 0 0 1 1 0 x
0.032654679724882 0 0 1 0 0 0 0 0 0 1 0 1 1 1 1 1 1 0 1 0 1 1 1 x
0.081075716972018 1 0 1 0 0 0 0 0 1 1 1 1 0 1 1 1 1 0 1 0 1 1 0 x
0.092547134153638 0 1 0 0 0 1 0 0 0 1 0 0 1 0 1 1 1 0 1 0 0 0 1 x
0.057711113375513 0 1 0 0 1 0 0 0 0 1 1 1 1 1 1 0 1 1 1 0 1 0 1 x
0.054087453365667 1 0 0 0 0 0 1 0 0 0 0 0 1 0 1 1 1 0 0 0 0 1 1 x
0.107956280836219 1 1 0 0 1 0 0 1 1 1 1 1 0 1 1 0 0 1 0 0 1 0 0 x
0.057533724728351 0 0 0 0 0 1 0 0 0 0 0 0 1 0 1 1 0 0 0 1 1 0 0 x
0.061842525676155 0 1 0 0 0 0 0 0 1 0 0 0 0 0 1 1 0 0 0 0 0 1 0 x
0.090823546238069 0 0 0 1 0 1 0 0 0 0 0 0 1 0 1 1 1 0 0 0 0 1 0 x
0.132751616365902 0 1 1 0 1 0 0 0 1 1 1 1 1 0 1 0 1 1 0 0 0 0 1 x
0.020734477197036 0 1 0 0 0 0 0 0 0 1 0 1 1 1 1 0 1 1 1 0 1 0 1 x
0.083934004762410 0 0 1 0 1 0 0 0 0 1 1 1 1 1 1 0 0 1 1 0 1 1 0 x
0.038529163242334 1 0 0 0 0 0 0 0 0 1 1 1 1 1 1 1 0 1 1 0 0 1 1 x
0.029449917904781 0 1 0 0 0 0 0 0 0 0 0 1 1 0 1 1 0 0 0 1 1 1 0 x
0.070657506739125 0 1 1 0 0 0 0 1 0 1 1 1 1 1 1 0 1 0 1 0 1 0 1 x
0.075969727157551 0 0 1 0 0 0 0 0 0 1 1 1 1 1 1 0 1 1 1 1 0 1 1 x
0.048317991068384 1 0 0 0 0 0 0 1 0 1 0 1 0 1 1 1 1 0 1 0 1 1 0 x
0.015165958511076 1 0 0 0 0 0 0 0 0 1 0 1 1 1 1 0 1 0 1 1 0 1 1 x
0.103860211168185 1 0 1 0 0 0 1 0 0 1 0 1 1 1 1 0 1 0 1 0 0 1 1 x
0.074881447760469 0 0 1 1 0 0 0 0 1 0 1 1 1 1 1 1 0 1 0 0 1 1 0 x
0.027672014249415 0 1 0 0 0 0 0 0 0 1 1 1 1 1 1 1 1 0 1 1 1 0 1 x
0.065315326845189 1 0 0 0 0 1 0 1 0 0 0 1 1 1 1 0 0 0 0 1 1 0 0 x
0.027477483896315 1 0 0 0 0 0 0 0 0 1 0 1 1 0 0 0 1 1 1 0 0 0 1 x
0.055785218688570 1 0 0 0 0 0 0 0 0 0 0 1 0 1 0 1 0 1 0 0 1 1 0 x
0.051687493500340 0 1 0 0 1 0 0 0 0 1 1 1 1 1 1 0 0 0 1 1 1 0 0 x
0.091197610914164 0 0 1 0 1 0 0 1 0 0 1 1 1 1 1 1 0 0 0 1 1 0 0 x
0.081184181599268 0 1 0 0 1 0 0 1 0 1 1 1 1 1 1 0 1 0 1 1 0 0 1 x
0.074844473524935 0 0 0 0 0 1 0 0 0 1 0 0 1 0 1 1 1 0 0 1 0 0 1 x
0.042593750027241 1 0 0 0 0 1 0 0 0 1 0 1 1 1 1 1 1 0 0 0 0 1 1 x
0.036133658166788 0 1 0 0 0 0 0 0 0 1 1 1 1 0 0 1 1 1 1 0 0 0 1 x
0.052132893050930 0 0 1 0 0 0 0 0 0 1 0 1 0 0 1 0 1 1 1 0 0 0 1 x
0.073543827691575 0 1 0 0 1 0 0 0 0 1 0 1 1 1 1 1 0 1 1 0 1 0 1 x
0.103399003018759 1 0 1 0 0 0 0 1 0 1 1 0 0 1 1 0 1 0 1 0 0 0 1 x
0.093618625705268 0 1 0 1 0 0 0 0 1 0 1 1 0 1 1 1 0 1 0 0 1 1 0 x
0.013612024454426 1 0 0 0 0 0 0 0 0 1 0 1 1 1 1 0 1 1 1 0 0 1 1 x
0.014907629758986 1 0 0 0 0 0 0 0 0 0 0 1 1 1 1 0 1 0 0 1 0 1 1 x
0.072170315211197 0 1 0 0 0 0 0 0 1 1 1 1 0 1 1 1 0 1 1 0 1 1 0 x
0.032363370319268 1 0 0 0 0 0 0 0 0 1 0 0 1 0 1 1 1 0 1 0 0 1 1 x
0.152389188990390 0 1 1 0 0 1 0 1 1 1 1 0 1 0 1 1 1 0 0 0 0 0 1 x
0.061342073408686 0 1 0 1 0 0 0 0 1 1 1 1 1 1 1 1 0 1 1 0 1 0 1 x
0.029172249003425 1 0 0 0 0 1 0 0 0 1 1 1 1 1 1 1 0 1 0 0 1 1 0 x
0.031996984502440 1 0 0 0 0 0 0 1 0 1 1 1 1 1 1 1 0 0 1 1 1 0 0 x
0.050320029267846 0 1 0 0 0 0 0 0 0 1 0 0 1 1 1 0 0 0 1 1 0 1 1 x
0.043619143402151 1 0 0 0 0 1 0 0 0 0 0 1 1 0 1 1 0 0 0 0 1 0 1 x
0.052558433196035 1 0 1 0 0 0 0 1 1 1 1 1 1 1 1 0 1 0 0 1 0 1 0 x
0.074198056366944 1 0 1 0 0 0 0 0 1 0 1 1 0 1 1 0 0 1 0 0 0 1 0 x
0.022722736222201 0 1 0 0 0 0 0 0 0 1 0 0 1 1 0 1 1 0 1 0 0 1 1 x
0.034452036409151 1 0 0 0 0 0 0 0 0 1 1 1 0 0 0 1 1 1 1 0 0 0 1 x
0.056602370196708 0 1 0 0 0 0 1 0 0 1 0 1 1 1 0 1 1 0 1 0 1 0 1 x
0.040949936915645 0 1 0 0 0 0 0 0 1 0 0 1 0 1 1 1 0 0 0 1 1 1 0 x
0.045957305450940 1 0 0 0 0 0 1 0 0 1 0 1 1 1 0 1 1 0 1 0 1 1 0 x
0.048249781939926 0 1 0 0 0 0 1 0 0 0 0 1 0 1 1 1 0 0 0 0 1 1 0 x
0.041328716870739 0 0 1 0 0 0 0 0 1 0 0 1 1 1 1 1 0 0 0 1 1 1 0 x
0.034932513875555 1 0 0 0 0 1 0 0 0 1 1 1 1 1 1 0 0 1 0 1 1 0 0 x
0.019090464196355 0 1 0 0 0 0 0 0 0 0 0 1 1 1 1 1 0 1 0 1 0 1 1 x
0.067207204129598 1 0 1 0 0 0 0 0 1 1 1 0 1 1 0 0 1 1 0 0 0 1 0 x
0.030545578123022 1 0 0 0 0 0 0 0 0 1 0 0 1 0 1 0 0 1 0 1 0 0 1 x
0.013882190159386 0 1 0 0 0 0 0 0 0 1 0 1 1 1 1 1 1 0 1 1 0 1 1 x
0.131338661146152 0 1 0 0 1 0 1 1 0 1 1 1 1 1 1 0 1 0 1 0 1 0 0 x
0.133525800482164 1 0 0 1 0 1 0 1 0 1 1 1 1 1 1 1 1 0 0 1 0 1 0 x
0.042906593599804 1 0 0 0 0 0 0 0 1 1 1 0 1 0 1 1 0 1 0 1 1 0 0 x
0.019083028304186 0 1 0 0 0 0 0 0 0 0 1 1 1 1 1 1 0 0 1 1 1 1 0 x
0.026332644746834 0 0 1 0 0 0 0 0 0 0 0 1 1 0 1 1 0 1 0 0 1 0 1 x
0.048177154575791 0 1 0 0 0 0 0 0 0 1 1 0 1 1 0 1 1 0 1 0 0 0 1 x
0.027583612683598 0 0 1 0 0 0 0 0 0 0 1 1 0 1 1 1 0 1 1 0 1 0 1 x
0.026072285369715 0 0 1 0 0 0 0 0 0 0 0 1 0 1 1 1 0 0 1 0 1 0 1 x
0.032118533314882 0 0 1 0 0 0 0 0 0 0 1 1 1 1 0 1 1 0 1 0 1 0 1 x
0.042612093667752 1 0 0 1 0 0 0 0 0 1 1 1 1 1 1 0 0 1 1 0 1 1 0 x
0.077760174124311 0 0 1 0 0 0 0 1 0 0 0 0 1 1 0 0 1 0 0 1 0 1 0 x
0.096623201513147 0 0 1 1 0 0 0 0 0 1 0 1 1 1 1 0 0 1 1 0 1 0 1 x
0.091042766579681 0 1 1 0 0 0 0 0 0 1 1 1 1 0 1 0 1 1 1 0 0 0 1 x
0.046636288968417 0 0 0 0 0 1 0 0 0 0 0 0 1 0 0 1 1 0 0 1 0 1 0 x
0.032829521989769 0 0 1 0 0 0 0 0 0 0 0 1 0 1 1 1 0 1 0 0 1 0 1 x
0.065875701913524 0 0 1 0 1 0 0 0 0 0 1 1 1 1 1 1 0 1 1 0 1 0 1 x
0.019911543217523 1 0 0 0 0 0 0 0 0 0 1 1 1 0 0 1 1 1 0 1 0 1 1 x
0.079291488705016 0 0 1 0 0 1 0 0 0 0 1 0 1 1 0 1 1 0 0 0 1 1 0 x
0.031000378793220 1 0 0 0 0 0 0 0 0 1 1 1 1 1 0 0 1 1 0 1 0 1 0 x
0.034185849087086 1 0 0 0 0 0 0 0 0 1 1 0 1 0 0 1 1 0 1 1 0 0 1 x
0.021325509120209 1 0 0 0 0 0 0 0 0 1 0 1 1 0 1 1 1 0 1 0 1 0 1 x
0.081674231195978 0 1 1 0 0 0 0 0 0 1 1 0 1 1 1 1 0 0 1 0 1 0 1 x
0.019508604110883 0 1 0 0 0 0 0 0 0 0 1 1 1 1 1 1 0 0 1 1 1 0 1 x
0.047822440252388 0 1 0 0 0 0 1 0 0 0 0 1 1 0 1 1 0 0 0 1 0 0 1 x
0.011457022807667 1 0 0 0 0 0 0 0 0 0 1 1 1 1 0 1 1 0 1 1 0 1 1 x
0.051663932979054 0 1 0 1 0 0 0 0 0 1 1 1 1 1 1 0 0 0 1 1 1 0 0 x
0.143759080095725 0 1 0 1 1 0 0 0 1 1 1 1 1 1 1 0 0 1 1 0 1 0 0 x
0.049161078828280 1 0 0 0 0 0 1 0 0 1 1 1 0 1 0 1 1 1 0 0 0 1 0 x
0.076856909546195 0 1 0 1 0 0 0 0 0 1 1 0 1 1 1 1 0 0 1 0 1 1 0 x
0.073379417807607 1 1 0 0 0 0 0 1 1 0 1 1 0 1 1 1 0 0 0 0 1 1 0 x
0.021483697487395 1 0 0 0 0 0 0 0 0 1 1 0 1 1 1 1 0 0 1 1 1 1 0 x
0.071619910751345 0 0 1 1 0 0 0 0 0 1 1 1 1 1 1 0 1 0 1 1 0 1 0 x
0.022510184684501 1 0 0 0 0 0 1 0 0 0 1 1 1 1 1 1 1 0 0 1 0 1 1 x
0.018953669072086 1 0 0 0 0 0 0 0 1 0 1 0 1 1 1 1 0 0 0 1 1 1 0 x
0.021716701122047 1 0 0 0 0 0 0 1 0 0 1 1 1 1 0 1 1 0 1 1 0 0 1 x
0.056201967147896 1 0 0 0 1 0 0 0 0 0 1 1 1 1 1 0 0 1 0 1 1 0 0 x
0.034123892566991 1 0 0 0 0 0 1 0 0 0 0 1 1 1 0 1 1 0 0 1 0 1 1 x
0.085683096784321 0 1 0 1 0 0 1 0 0 1 1 1 1 1 1 0 0 1 1 0 0 0 1 x
0.025411197316401 1 0 0 0 0 0 1 0 0 0 1 1 1 1 0 1 1 0 1 0 0 1 1 x
0.078958412907100 1 0 0 0 0 1 1 0 0 0 1 0 1 1 1 1 0 0 0 0 1 1 0 x
0.056140003255963 1 0 0 0 0 1 0 0 0 1 1 0 1 1 0 1 1 0 1 0 0 1 1 x
0.023850389403284 0 0 1 0 0 0 0 0 0 0 1 1 0 1 1 1 1 0 1 0 0 1 1 x
0.030959496606701 0 1 0 0 0 0 0 0 1 0 0 1 1 0 1 1 0 1 0 1 0 0 1 x
0.088174166858558 1 0 0 0 1 0 0 1 0 0 1 1 0 1 1 0 1 1 0 0 0 1 0 x
0.023958657364185 0 0 1 0 0 0 0 0 0 0 0 1 0 1 1 0 1 0 1 0 0 1 1 x
0.092541442982886 1 0 0 0 0 1 0 0 0 0 0 1 1 0 1 0 1 0 0 1 0 1 1 x
0.047513033221108 1 0 0 0 0 1 0 0 0 1 1 0 1 0 1 1 1 0 0 0 1 0 1 x
0.069991102604207 1 0 0 0 0 1 1 0 0 0 1 1 1 1 0 1 1 0 0 0 0 1 1 x
0.044735283976537 0 0 1 0 0 0 0 0 0 0 1 0 1 1 0 1 0 0 0 1 1 1 0 x
0.039459017632280 1 0 0 1 0 0 0 0 0 1 1 1 1 1 1 0 0 0 1 1 1 0 0 x
0.049183140362146 0 1 0 0 0 1 0 0 0 0 0 0 1 1 1 1 0 0 0 0 0 1 1 x
0.049420363580021 1 0 0 0 0 1 0 0 0 0 1 1 1 1 1 1 0 0 0 0 1 1 1 x
0.072982968386771 0 1 0 0 0 1 0 0 0 0 0 1 1 1 1 0 0 0 0 1 0 1 1 x
0.057544764641790 0 1 0 0 0 1 0 0 0 0 0 1 1 1 1 1 0 0 0 1 0 1 0 x
0.042526770913342 1 0 0 0 0 1 0 0 0 1 0 0 1 1 1 1 0 1 0 0 0 1 1 x
0.017173103205916 1 0 0 0 0 0 0 1 0 0 0 1 1 1 1 1 1 0 0 1 0 1 1 x
0.090176569837055 0 0 1 0 1 0 0 0 1 0 1 1 1 1 0 1 0 1 0 0 1 0 0 x
0.042901481032039 1 0 0 0 0 0 1 0 1 0 1 1 0 1 1 1 1 0 0 0 1 1 0 x
0.042490795360217 1 0 0 0 0 1 0 0 0 0 1 0 1 1 1 1 1 0 0 1 0 1 1 x
0.044059998871785 1 0 0 1 0 0 0 0 1 0 1 1 1 1 1 1 0 0 0 1 1 1 0 x
0.029959836835723 0 1 0 0 0 0 0 0 0 1 0 1 1 0 1 1 0 1 0 1 0 0 1 x
0.071097189536478 1 0 1 0 0 0 0 0 1 0 1 1 1 1 1 1 1 0 0 1 0 1 1 x
0.065105973239578 1 0 0 0 0 1 0 0 0 0 0 0 1 1 0 1 1 0 0 0 0 1 1 x
0.048584272449771 0 0 1 0 0 0 0 0 0 1 1 1 1 1 1 1 0 1 1 0 1 0 1 x
0.073682953707753 0 0 0 1 0 1 0 0 0 0 0 1 1 1 1 1 0 0 0 1 1 1 0 x
0.037257291986119 1 0 0 0 0 0 0 0 0 1 0 1 0 1 1 0 0 1 0 1 1 0 0 x
0.064691120500082 0 0 1 0 0 0 0 1 0 0 1 1 0 1 0 1 1 0 1 0 0 0 1 x
0.033401148080962 1 0 0 0 0 0 0 0 0 0 1 0 1 0 0 1 0 1 0 1 0 0 1 x
0.041094487331491 1 0 0 0 0 0 0 1 1 0 1 1 0 1 1 1 1 0 0 1 0 1 0 x
0.034266191397845 0 1 0 0 0 0 0 0 1 0 1 0 1 1 1 1 0 0 0 1 1 1 0 x
0.069107664784129 0 1 1 0 0 0 0 0 1 1 1 0 1 1 1 0 1 0 0 0 1 1 0 x
0.025921368466495 1 0 0 0 0 0 0 0 0 1 0 0 1 0 1 1 0 1 0 0 1 0 1 x
0.083720376391258 0 0 1 0 0 1 0 0 0 0 0 1 1 0 0 1 1 0 0 0 1 0 0 x
0.091012002994054 0 1 0 1 0 0 1 0 1 0 1 1 1 1 1 1 0 0 0 0 1 1 0 x
0.076479423364269 1 0 0 1 0 0 0 0 1 1 0 1 1 0 1 0 1 0 0 0 1 1 0 x
0.065872860578316 0 0 1 0 0 0 0 0 1 0 1 0 0 1 1 1 0 0 0 0 1 1 0 x
0.115666091324227 0 1 1 0 0 0 0 1 1 0 1 1 0 1 1 1 1 0 0 0 1 1 0 x
0.056056874887645 1 0 0 0 0 0 0 0 1 0 0 0 1 0 1 0 1 0 0 1 1 0 0 x
0.040939388430114 0 0 1 0 0 0 0 0 0 0 1 0 1 0 0 1 1 0 0 1 0 1 0 x
0.029495110573264 0 0 1 0 0 0 0 0 0 0 1 1 0 1 1 1 1 0 1 0 1 0 1 x
0.045474861404435 0 0 1 0 0 0 0 0 0 1 0 0 1 0 1 0 1 0 0 1 0 1 0 x
0.072293781088209 0 1 0 0 0 1 0 0 1 1 0 0 1 1 1 1 1 0 0 0 0 1 1 x
0.049491653172622 1 0 0 0 0 1 0 0 0 1 1 1 1 1 1 1 0 0 1 1 1 1 0 x
0.032831274991959 0 1 0 0 0 0 0 0 0 0 1 1 1 1 0 1 0 0 1 1 1 0 0 x
0.066415458254251 0 1 0 0 0 1 0 1 0 0 0 1 1 1 1 1 1 0 0 0 0 1 1 x
0.108613624504379 0 1 0 1 0 0 0 0 1 1 1 1 1 0 1 1 0 1 1 1 0 0 0 x
0.050076847412122 1 0 0 0 0 0 1 0 1 0 1 1 1 1 1 1 0 0 0 1 1 1 0 x
0.065959088368406 0 1 0 0 1 0 0 0 0 1 1 0 1 1 1 1 0 0 1 0 1 1 0 x
0.072519121845136 0 1 0 0 0 1 0 0 1 0 1 1 1 0 1 1 0 1 0 1 0 0 1 x
0.085146103463565 0 1 0 0 1 0 0 1 0 1 1 1 1 1 1 1 0 1 1 0 1 0 1 x
0.015205586632520 1 0 0 0 0 0 0 0 0 1 0 1 1 0 1 1 0 1 0 1 0 1 1 x
0.027008660933360 1 0 0 0 0 0 0 0 0 1 0 1 1 1 1 0 0 0 1 1 1 0 0 x
0.037359937512418 1 0 0 0 1 0 0 0 0 1 1 1 1 1 1 0 1 1 0 0 0 1 1 x
0.126798594451264 0 0 1 0 1 0 0 0 0 1 0 1 0 1 1 0 1 1 1 0 0 0 1 x
0.045219861297811 1 0 0 0 1 0 0 0 0 0 1 1 1 0 1 1 0 1 0 0 1 0 1 x
0.067788240191780 1 0 0 0 1 0 0 1 0 1 1 1 1 0 1 0 1 1 0 0 0 0 1 x
0.018810568606538 0 1 0 0 0 0 0 0 0 0 0 1 1 1 0 1 1 0 1 0 0 1 1 x
0.062602734828995 0 1 0 0 1 0 0 0 0 1 1 1 1 0 1 1 1 0 1 0 1 0 1 x
0.015776921151416 0 1 0 0 0 0 0 0 0 0 0 0 1 1 1 1 0 0 0 1 0 1 1 x
0.094935368796226 0 1 0 0 0 0 1 0 1 0 0 1 0 0 1 1 0 1 0 0 0 0 1 x
0.012257139061003 1 0 0 0 0 0 0 0 0 0 1 1 1 0 1 1 0 1 0 1 1 0 1 x
0.012743356967544 0 1 0 0 0 0 0 0 0 0 0 1 1 1 0 1 1 0 0 1 0 1 1 x
0.060889689494155 0 0 1 0 1 0 0 0 0 0 1 1 1 1 1 0 1 0 0 1 0 1 0 x
0.150087113909658 0 1 1 0 1 0 0 0 0 1 1 1 1 1 1 0 1 0 1 0 1 0 1 x
0.043839243251919 0 0 0 0 1 0 0 0 0 0 0 1 1 0 1 1 0 1 0 1 1 0 1 x
0.106524741645837 0 0 1 0 1 0 0 0 0 0 1 1 1 0 1 1 0 1 0 1 1 0 1 x
0.051717495096939 0 0 0 0 1 0 0 0 0 0 0 1 1 1 1 1 1 0 0 1 0 1 1 x
0.081487218044400 0 0 0 0 1 1 0 0 0 0 0 1 1 1 1 1 0 1 0 1 0 1 0 x
0.055461324590543 0 0 0 0 1 0 0 0 0 0 0 1 1 1 1 1 0 0 0 1 1 1 0 x
0.040308784120449 0 0 0 0 1 0 0 0 0 0 0 1 1 0 0 1 1 1 0 0 0 1 1 x
0.034460098186775 1 0 0 0 1 0 0 0 0 0 1 1 1 1 1 0 1 0 1 0 0 1 1 x
0.070577322750065 0 0 0 0 1 0 0 0 0 0 1 1 1 0 1 1 1 0 1 1 0 1 1 x
0.063117719285377 0 0 0 0 1 0 0 0 0 0 1 1 1 0 0 1 1 1 0 1 0 0 1 x
0.060810292579709 0 0 0 0 1 0 0 0 0 0 0 1 1 0 0 1 1 1 0 1 0 1 0 x
0.073151757982920 0 1 0 0 1 0 0 0 1 0 1 1 1 0 1 1 0 1 0 1 0 0 1 x
0.045145963542251 1 0 0 0 1 0 0 0 1 0 1 1 1 1 1 0 1 0 0 1 0 1 0 x
0.062928440417298 1 0 0 0 1 0 0 0 0 0 1 1 1 0 0 1 1 1 0 0 0 1 1 x
0.061591550296876 0 1 0 0 1 0 0 0 0 1 1 0 1 1 1 1 1 0 1 0 0 1 1 x
0.158371351069325 0 0 0 0 0 0 0 0 0 0 0 1 1 0 0 1 1 1 0 1 0 0 1 x
0.059785743280674 0 0 0 0 1 0 0 0 0 0 1 1 1 0 1 1 1 1 0 0 1 0 1 x
0.076695321767975 0 1 0 0 1 0 0 0 0 1 1 1 0 1 0 1 1 0 1 0 0 1 0 x
0.038020191253272 0 0 1 0 0 0 0 0 1 0 0 1 1 0 1 1 1 1 0 0 1 0 1 x
0.065157365207174 0 1 0 0 1 0 0 0 0 1 1 1 1 1 0 1 1 1 1 0 0 1 1 x
0.078951717747291 0 0 0 0 1 0 0 0 0 0 1 1 0 1 0 1 0 1 0 0 1 1 0 x
0.047424222176599 0 0 0 0 1 0 0 0 0 0 0 1 1 0 1 0 1 1 0 0 0 1 1 x
0.053348503444990 1 0 0 0 1 0 0 0 1 0 1 1 1 0 1 1 0 1 0 1 0 0 1 x
0.119130789912357 0 0 0 0 1 1 0 0 0 0 0 1 1 0 1 0 1 0 0 1 0 0 1 x
0.092800142574641 0 0 0 0 1 0 0 0 0 0 1 1 1 1 0 1 1 0 1 0 0 1 1 x
0.070787151128583 0 0 0 0 1 0 0 0 0 0 0 1 0 0 1 1 1 0 0 0 0 1 0 x
0.113552963803430 0 1 0 0 1 0 0 0 0 1 0 1 0 0 1 0 1 1 0 0 0 1 0 x
0.077920825393943 0 1 0 0 1 0 0 0 0 0 1 1 1 0 0 1 1 0 0 1 0 1 0 x
0.061838635149473 1 0 1 0 0 0 0 0 1 1 1 1 1 0 1 0 1 1 0 0 0 0 1 x
0.065671763827677 0 0 1 0 0 1 0 0 0 0 0 1 1 1 1 0 0 0 0 1 1 0 0 x
0.092736036975978 0 0 0 0 1 1 0 0 0 0 1 1 1 1 0 1 1 0 0 1 0 1 0 x
0.052220408067289 0 0 1 0 0 1 0 0 0 0 0 1 1 1 1 1 0 1 0 0 1 0 1 x
0.031785748488775 1 0 0 0 1 0 0 0 0 1 1 1 1 1 1 0 1 0 1 0 1 1 0 x
0.068678089392391 1 0 1 0 0 0 0 0 0 1 1 0 1 1 1 0 0 0 1 0 1 1 0 x
0.069776335556960 1 0 0 0 1 0 0 0 0 0 1 1 0 1 1 1 0 0 1 0 1 1 0 x
0.055474183303632 0 0 0 0 1 0 0 0 0 1 0 1 1 0 1 1 1 1 1 0 0 1 1 x
0.021386464109065 0 1 0 0 0 0 0 0 0 0 0 1 1 1 0 1 0 0 0 1 1 1 0 x
0.115738625224910 0 1 0 0 1 0 0 0 0 1 1 1 1 0 1 1 1 1 1 1 0 0 1 x
0.069727208158164 0 1 0 0 1 0 0 0 1 1 1 1 1 1 0 1 1 1 0 0 1 0 1 x
0.078429778725588 0 0 0 0 1 0 0 0 0 1 0 1 1 0 0 1 1 1 0 0 1 1 0 x
0.118154927668350 0 1 0 0 1 0 1 0 0 0 1 1 1 1 0 0 1 0 0 0 0 0 1 x
0.093121681115293 0 1 0 0 1 0 0 0 1 0 1 1 0 1 1 1 0 0 0 0 1 0 0 x
0.038106043399034 0 0 0 0 1 0 0 0 0 0 0 1 1 0 1 1 1 0 0 1 1 0 1 x
0.058386390252789 0 1 0 0 1 0 0 0 0 0 1 1 1 1 0 1 1 0 1 0 1 0 1 x
0.058322331992245 0 0 1 0 1 0 0 0 0 0 0 1 1 1 1 1 0 0 1 0 0 1 1 x
0.090913587099206 0 0 1 0 1 0 0 0 0 1 0 1 1 0 1 1 1 1 0 0 0 1 1 x
0.096483504906230 0 1 1 0 0 0 0 0 0 1 1 0 1 1 0 0 1 0 0 0 0 1 1 x
0.251758751750629 1 1 1 0 1 0 0 1 1 1 1 1 1 1 1 0 1 0 0 0 0 1 0 x
0.077093394850181 0 0 1 0 0 0 0 0 1 1 1 0 1 1 1 1 1 0 0 1 1 1 0 x
0.032063829785050 0 1 0 0 0 0 0 0 0 0 1 0 1 1 0 1 0 0 0 1 0 1 0 x
0.071264010850711 1 0 0 0 1 0 0 0 0 0 0 1 1 0 1 0 1 0 0 0 1 0 1 x
0.078025022935771 1 0 1 0 0 1 0 0 1 1 1 1 1 1 1 0 1 0 0 0 1 1 0 x
0.067871497712414 1 0 0 0 1 0 0 0 0 1 0 1 1 1 1 0 0 1 1 0 1 1 0 x
0.074988319954246 0 1 1 0 0 0 0 0 1 1 1 1 1 1 1 1 1 1 0 0 1 0 1 x
0.035370031588417 0 0 1 0 0 0 0 1 0 0 0 1 1 1 1 1 1 0 1 0 1 0 1 x
0.079363012036290 0 1 0 0 1 0 0 0 1 0 1 1 1 1 0 1 0 1 0 1 1 0 0 x
0.056309408986136 1 0 0 0 0 0 1 0 1 0 1 0 1 1 0 1 1 0 0 1 0 1 0 x
0.023331968841918 0 0 1 0 0 0 0 0 0 0 0 1 1 0 1 1 1 0 1 0 0 1 1 x
0.144884049794495 0 1 0 0 0 1 0 0 0 0 0 0 1 1 0 1 0 0 0 1 0 1 1 x
0.078496054628227 0 1 0 1 0 0 0 0 0 1 1 1 1 1 0 1 0 1 1 0 1 0 0 x
0.070584763322851 0 1 0 0 1 0 0 0 0 1 1 0 1 1 0 1 1 0 0 0 1 1 0 x
0.032567770284771 0 1 0 0 0 0 0 0 0 0 1 1 0 1 0 1 0 0 1 1 0 1 0 x
0.052511793719251 1 0 0 0 0 1 0 0 0 1 0 0 1 1 1 1 0 0 1 0 1 0 1 x
0.114804016622223 1 0 1 0 0 1 0 1 0 1 1 0 1 1 1 1 0 0 0 0 1 0 1 x
0.065523686460033 0 0 1 0 0 0 0 0 1 0 1 1 0 1 0 1 1 0 0 1 0 1 0 x
0.044943662483853 0 1 0 0 0 0 0 0 0 0 1 0 1 1 1 1 0 0 0 0 1 1 0 x
0.036951722500082 0 1 0 0 0 0 0 0 0 0 1 0 0 1 1 1 0 0 0 1 0 1 0 x
0.083845908034714 0 0 1 1 0 0 0 0 0 0 1 1 1 1 0 1 1 0 1 0 1 0 1 x
0.037277233886384 0 1 0 0 0 0 0 0 1 0 0 1 1 0 0 1 1 1 0 0 0 1 1 x
0.136378667843236 0 1 0 0 1 0 0 0 0 1 0 0 1 0 1 0 1 0 0 0 1 0 1 x
0.052304396971991 0 1 0 0 0 1 0 0 1 0 0 1 1 1 1 1 0 1 0 0 0 1 1 x
0.046967137339473 0 1 0 0 0 1 0 0 0 1 0 1 1 1 1 1 0 1 1 0 0 1 1 x
0.140009756203301 0 0 0 1 1 0 0 0 1 0 1 1 1 0 1 1 0 1 0 1 1 0 0 x
0.054782157239635 0 0 0 0 1 0 0 0 0 0 0 1 1 0 1 1 0 1 0 0 0 1 1 x
0.050099213040812 0 1 0 0 0 1 0 0 0 1 1 0 1 1 1 1 1 0 1 0 0 1 1 x
0.061043293818487 1 0 0 0 0 1 0 0 0 1 0 0 1 1 1 0 1 0 1 0 0 1 1 x
0.028577403607922 1 0 0 0 0 0 0 0 0 0 1 0 1 1 1 1 1 0 1 1 0 1 1 x
0.066625632201734 0 0 1 0 1 0 0 0 0 0 0 1 1 1 1 0 0 1 0 0 1 0 1 x
0.026336830131600 0 0 1 0 0 0 0 0 0 0 0 1 1 1 1 0 1 0 1 0 1 0 1 x
0.016558453523164 1 0 0 0 0 0 0 0 0 1 0 1 1 0 1 0 1 1 0 0 1 0 1 x
0.042802012847386 0 1 0 0 0 1 0 0 0 1 1 1 1 1 1 1 0 1 1 0 1 0 1 x
0.139336271838959 0 1 1 0 0 0 0 1 0 1 1 0 0 1 1 0 1 0 1 0 0 1 0 x
0.123188807806038 0 1 0 0 1 0 0 0 1 0 0 1 1 0 0 0 1 1 0 0 0 0 1 x
0.071682071314410 0 1 0 0 1 0 0 0 1 0 1 0 1 1 1 1 0 0 0 1 0 1 0 x
0.073555582895058 1 0 0 0 1 0 0 1 0 0 1 1 1 1 1 1 1 0 0 1 0 0 1 x
0.044042190160859 0 1 0 0 0 0 0 1 0 0 1 1 1 1 0 1 1 0 0 1 0 1 0 x
0.034959998932377 0 0 1 0 0 0 0 0 0 0 1 1 1 0 0 1 1 1 1 0 0 1 1 x
0.025664746798093 1 0 0 0 0 0 0 1 0 0 0 1 1 0 1 1 1 0 0 0 1 0 1 x
0.048184439729043 0 0 1 0 0 1 0 0 0 0 1 1 1 1 1 1 1 0 1 0 1 0 1 x
0.170422620627036 0 1 1 1 0 0 0 0 1 1 1 1 1 0 0 1 1 1 0 0 0 0 1 x
0.079306421787123 1 0 0 1 0 0 0 0 1 1 1 0 1 0 1 0 0 1 0 1 0 0 0 x
0.071502079221291 0 0 1 0 0 1 0 0 0 1 0 1 1 1 1 1 0 1 1 0 1 0 1 x
0.087009069324024 1 0 0 1 0 1 0 0 0 1 1 1 1 1 1 1 0 0 1 0 1 0 1 x
0.054152286666377 0 0 0 0 0 1 0 0 0 0 0 0 0 0 1 1 1 0 0 0 0 1 0 x
0.057539999979010 1 0 1 0 0 0 0 0 1 1 1 0 1 1 1 0 0 0 0 1 1 0 0 x
0.067035929113169 1 0 0 1 0 0 1 0 0 1 1 1 1 1 1 1 0 0 1 0 1 1 0 x
0.054991054091442 0 1 0 0 0 0 0 1 0 1 0 1 1 1 0 1 1 1 1 0 0 1 1 x
0.028334657364856 0 0 1 0 0 0 0 0 0 0 0 1 1 1 0 1 0 1 1 0 1 0 1 x
0.102074782382556 1 1 0 0 0 0 1 0 0 0 1 1 1 0 1 0 0 0 0 0 1 0 1 x
0.058613954606650 0 0 0 0 0 1 0 0 0 0 0 1 0 1 1 1 0 1 0 0 1 1 0 x
0.065865123393574 1 1 0 0 0 0 0 1 0 1 1 1 1 1 1 0 1 0 1 0 1 0 1 x
0.073647283867858 1 1 0 0 0 0 0 0 1 1 1 0 0 1 1 1 0 0 0 0 1 1 0 x
0.037344469272861 0 1 0 0 0 0 0 0 0 0 0 1 0 0 1 1 0 0 0 1 0 1 0 x
0.061620281378468 1 0 0 0 1 0 0 0 1 0 1 1 1 0 1 0 1 0 0 1 1 0 0 x
0.060341997759098 1 0 1 0 0 0 0 0 1 1 1 0 1 1 1 0 0 1 0 1 0 1 0 x
0.020550877657241 0 1 0 0 0 0 0 0 1 0 0 1 1 1 1 1 1 0 0 1 0 1 1 x
0.096736495451875 1 0 0 1 0 0 0 0 0 1 1 1 0 1 0 1 0 1 1 0 1 0 0 x
0.163113196213607 0 1 0 1 0 1 0 1 0 1 1 1 1 1 1 1 1 0 1 0 1 0 1 x
0.056589051615809 0 1 0 0 0 0 0 0 1 0 1 0 0 1 0 1 1 0 0 0 0 1 0 x
0.011755287997554 1 0 0 0 0 0 0 0 0 1 0 1 1 1 1 0 1 1 0 1 0 1 1 x
0.113781470346529 0 1 0 0 0 0 1 0 0 0 1 0 0 1 0 1 0 0 0 0 0 1 0 x
0.076720675098228 0 1 0 1 0 0 0 0 1 0 1 1 1 1 0 1 0 0 1 1 0 1 0 x
0.020289240625958 0 1 0 0 0 0 0 0 0 1 0 0 1 0 1 1 1 0 0 0 0 1 1 x
0.039722209093639 0 1 0 0 1 0 0 0 0 0 1 1 1 1 1 1 0 0 0 1 1 0 1 x
0.055172340791610 0 1 0 0 0 0 1 0 0 0 0 1 1 1 1 0 0 1 0 1 1 0 1 x
0.080792208501894 0 0 1 0 0 1 0 0 0 0 1 1 1 0 1 1 1 0 0 1 1 0 0 x
0.065154711771313 0 0 0 0 0 1 0 0 0 0 0 1 1 0 1 1 0 1 0 0 1 1 0 x
0.032708930157058 0 0 1 0 0 0 0 0 0 0 0 1 0 1 1 1 0 1 1 0 0 1 1 x
0.019736627678964 0 1 0 0 0 0 0 0 0 0 1 0 1 1 1 1 1 0 0 1 0 1 1 x
0.043843154174230 0 1 0 0 1 0 0 0 0 0 1 1 1 1 1 1 1 0 0 1 0 1 1 x
0.033802716438108 1 0 0 0 0 0 0 0 1 0 1 0 1 1 1 0 1 0 0 1 0 1 0 x
0.075775572619211 0 0 0 0 1 1 0 0 0 0 1 1 1 1 1 1 0 1 0 0 1 1 0 x
0.031275167298747 0 0 1 0 0 0 0 0 1 0 0 1 0 1 1 1 1 0 1 0 0 1 1 x
0.044305418929056 0 1 0 0 0 1 0 0 0 0 1 1 1 1 1 1 1 1 0 0 0 1 1 x
0.070384994100618 0 0 1 1 0 0 0 0 0 0 1 1 1 1 1 0 0 0 0 1 1 0 0 x
0.050039911588543 0 0 0 0 0 1 0 0 0 0 0 0 1 0 1 1 1 0 0 0 1 1 0 x
0.084593924884063 0 1 1 0 0 0 0 0 0 1 1 1 1 1 0 0 1 0 1 1 1 0 0 x
0.034114271222758 0 1 0 0 0 0 0 0 0 0 0 1 1 0 0 0 1 0 0 1 0 1 0 x
0.035354949142219 1 0 0 0 1 0 0 0 0 1 1 1 1 1 1 0 0 1 0 1 0 1 0 x
0.044467320768246 1 0 0 0 0 0 1 0 0 0 0 1 1 0 1 1 1 0 0 0 1 1 1 x
0.068398481031952 1 1 0 0 0 0 0 1 1 0 1 1 1 1 1 0 0 1 0 1 0 0 1 x
0.058625674133555 0 1 0 0 0 0 0 1 1 0 1 1 1 1 1 1 1 1 0 1 0 1 1 x
0.114821982561335 0 0 0 0 1 1 0 0 0 0 1 1 1 0 1 1 1 1 0 1 0 1 0 x
0.084684616196428 0 0 0 0 1 0 0 0 0 1 0 1 1 0 1 0 1 0 1 1 0 1 0 x
0.032041082726920 1 0 0 0 0 0 0 0 1 1 1 0 1 1 1 1 0 0 1 1 1 0 0 x
0.037517499083400 1 0 0 0 0 0 0 0 1 0 1 0 0 1 1 1 0 0 0 1 1 0 0 x
0.136309388341203 0 1 0 0 1 1 0 0 1 0 1 1 1 1 1 1 1 0 0 1 0 0 1 x
0.087426044827070 0 1 0 0 0 1 0 1 0 0 1 1 0 1 1 1 0 1 0 0 0 1 0 x
0.101288444398886 1 0 1 0 0 0 0 0 1 0 1 1 0 0 0 1 0 1 0 0 0 0 1 x
0.065854505540850 1 0 1 0 0 0 0 1 0 0 1 1 1 1 1 0 0 1 0 0 1 0 1 x
0.074369785657991 0 1 0 0 0 0 1 0 0 0 0 1 1 0 1 0 0 0 0 1 1 0 0 x
0.032136156820909 1 0 0 0 0 0 0 0 0 1 0 1 1 0 0 1 1 1 1 0 0 1 1 x
0.031222989533630 0 0 1 0 0 0 0 0 0 0 1 1 1 0 0 1 1 1 0 0 1 0 1 x
0.057934686165131 0 0 1 0 0 0 0 0 0 0 1 1 0 1 0 1 0 1 1 0 1 0 0 x
0.016118199880586 0 1 0 0 0 0 0 0 0 0 0 0 1 1 1 0 1 0 0 0 0 1 1 x
0.036630027108647 0 1 0 0 0 0 0 1 0 0 1 0 1 1 1 1 1 0 0 0 0 1 1 x
0.029213144645568 0 1 0 0 0 0 0 0 1 0 0 0 1 1 1 1 1 0 0 0 0 1 1 x
0.017654882922419 1 0 0 0 0 0 0 0 0 1 0 1 1 0 1 1 0 1 0 1 1 0 1 x
0.046246969940155 0 1 0 0 0 0 0 0 0 0 1 0 1 1 1 1 0 0 1 1 0 1 0 x
0.037409891288238 0 0 1 0 0 0 1 0 0 0 0 1 1 1 1 1 1 0 1 0 0 1 1 x
0.044935197510470 0 0 1 0 0 0 1 0 0 0 1 1 1 1 1 1 0 1 0 0 1 1 0 x
0.073805410936981 0 0 1 0 0 0 1 0 0 1 0 0 1 1 1 1 1 0 0 1 0 1 0 x
0.066535410263802 0 0 1 0 0 0 1 0 0 0 1 1 1 1 0 1 1 0 1 0 1 1 0 x
0.120486066724310 0 0 1 0 0 1 1 0 0 0 1 1 1 1 1 1 0 0 0 0 0 1 0 x
0.139036405283475 0 0 1 1 0 0 1 0 0 0 1 1 1 1 0 1 0 1 0 0 1 1 0 x
0.048336265304149 0 0 1 0 0 1 0 0 0 0 1 1 1 1 1 0 1 1 0 0 1 0 1 x
0.171243029470922 0 0 1 1 0 1 0 0 0 0 1 1 1 0 1 0 1 0 0 0 1 0 1 x
0.059758447408605 1 0 0 1 0 0 0 1 0 0 1 1 1 1 1 0 0 1 0 1 0 0 1 x
0.061206598505635 1 0 0 1 0 0 0 1 0 0 1 1 1 1 1 1 0 0 1 0 1 0 1 x
0.086311039582963 1 0 1 0 0 0 1 0 1 1 1 1 1 1 1 0 1 1 0 0 0 1 0 x
0.077432021140587 0 1 0 1 0 0 0 0 1 1 1 0 1 1 1 1 0 0 1 1 0 0 1 x
0.053068395742520 0 0 1 0 0 0 1 0 0 0 0 1 1 1 1 1 0 1 1 0 1 0 1 x
0.101535091449954 1 1 0 0 0 1 0 0 1 1 1 1 1 0 1 1 0 1 0 0 0 0 1 x
0.083094695718220 0 1 0 1 0 0 0 1 0 0 1 1 1 1 1 1 0 0 1 1 0 0 1 x
0.026587509027892 0 0 1 0 0 0 0 0 0 0 0 1 1 1 1 1 0 0 0 1 1 0 1 x
0.067971840085753 0 0 1 0 1 0 0 0 0 1 0 1 1 1 1 1 0 0 0 1 0 1 0 x
0.041761062969706 0 0 1 0 0 0 0 0 1 0 0 1 1 1 1 1 1 0 0 0 1 1 1 x
0.071587000071188 1 0 0 0 0 0 1 0 1 1 0 1 0 1 1 1 0 1 0 0 1 1 0 x
0.063089979675491 0 1 0 0 0 0 1 1 0 0 0 1 1 1 1 1 0 1 0 0 1 0 1 x
0.039932686873761 1 0 0 0 1 0 0 0 0 1 1 1 1 1 1 1 1 0 1 1 0 1 1 x
0.049429672771896 1 0 0 0 0 1 0 0 0 0 1 1 1 1 0 1 0 1 0 1 1 0 0 x
0.038282195177188 0 0 1 0 0 0 0 0 0 0 1 1 0 1 0 0 1 1 1 0 0 0 1 x
0.055010042564801 1 0 0 1 0 0 0 1 0 1 1 1 1 1 1 0 1 0 1 1 0 0 1 x
0.025790404477930 0 0 1 0 0 0 0 0 0 0 1 1 1 1 1 0 1 1 1 0 1 0 1 x
0.022519527760196 1 0 0 0 0 0 0 0 1 0 1 1 1 0 1 1 1 0 0 1 1 0 1 x
0.054182132485386 1 0 0 0 0 0 1 0 0 1 1 0 1 0 0 1 1 1 0 0 0 0 1 x
0.073817496441287 0 0 1 1 0 0 0 0 1 0 1 1 1 1 1 1 0 0 1 1 0 0 1 x
0.020675676632905 1 0 0 0 0 0 0 0 0 1 0 1 0 1 1 1 1 0 1 0 0 1 1 x
0.029333469855011 1 0 0 0 0 0 0 0 0 0 1 0 1 0 1 1 0 1 0 1 0 1 1 x
0.084902062459565 0 1 1 0 0 0 0 0 0 1 1 0 1 1 1 1 0 0 0 1 1 1 0 x
0.059816530609045 0 0 0 1 0 1 0 0 0 0 1 1 1 1 1 1 0 1 0 0 1 1 0 x
0.088226902561042 0 0 1 0 1 0 0 0 0 0 1 1 1 1 0 0 0 1 0 1 0 0 0 x
0.041957858365164 1 0 0 0 1 0 0 0 1 0 1 1 1 1 1 1 0 0 0 1 1 0 1 x
0.062213203022964 1 0 0 0 1 0 0 0 0 1 1 1 1 1 1 1 0 0 1 0 1 1 1 x
0.053242039914586 0 1 0 0 1 0 0 0 0 0 1 1 1 1 0 1 0 0 0 1 0 1 0 x
0.043937937059403 1 0 0 0 0 0 0 0 1 1 1 1 0 1 1 1 1 0 1 1 1 0 0 x
0.018516325855718 1 0 0 0 0 0 0 0 1 0 0 1 1 1 1 1 1 0 0 1 0 1 1 x
0.107860769398026 1 0 1 0 0 1 0 0 1 1 1 0 1 1 1 0 0 1 0 0 1 0 0 x
0.055077545279333 0 1 0 0 0 0 0 1 0 0 1 1 0 1 1 1 0 0 1 1 1 0 0 x
0.057823667647421 0 0 1 0 0 0 0 0 1 0 1 1 0 1 1 0 1 1 0 0 1 1 0 x
0.019750198708504 0 0 1 0 0 0 0 0 0 0 0 0 1 1 1 1 0 0 1 0 0 1 1 x
0.169937627826968 0 0 1 1 1 0 0 0 1 1 1 1 1 1 1 0 1 0 0 1 0 0 0 x
0.034598508133969 0 0 1 0 0 0 0 0 0 0 0 1 1 1 1 1 0 0 1 0 0 1 1 x
0.032461938497171 0 0 1 0 0 0 0 0 0 1 0 0 1 1 1 1 0 0 1 1 0 0 1 x
0.031398320757183 0 0 1 0 0 0 0 0 0 1 0 0 1 1 1 1 0 0 1 0 1 1 0 x
0.024092021754241 0 0 1 0 0 0 0 0 0 1 0 0 1 1 1 1 1 0 1 0 0 1 1 x
0.040521939554645 0 0 1 0 0 0 0 0 0 1 0 0 1 1 1 0 0 0 1 1 0 1 0 x
0.061350961151578 0 1 0 0 0 1 0 1 0 0 1 1 1 1 1 1 0 1 0 0 1 0 1 x
0.113173772980065 0 1 1 0 0 0 1 1 0 1 1 1 1 1 1 0 1 1 0 0 1 0 1 x
0.031618557420304 0 0 1 0 0 0 0 0 0 0 1 0 1 1 0 1 0 1 0 0 1 1 0 x
0.018555532630858 1 0 0 0 0 0 0 0 1 0 0 1 1 1 1 1 1 0 0 1 1 0 1 x
0.087230741078135 0 0 1 0 0 1 0 0 0 0 1 0 1 1 1 1 0 1 1 0 1 0 1 x
0.078967676437382 0 1 0 0 0 1 1 0 0 0 1 1 1 1 1 1 0 1 0 0 1 0 1 x
0.052564648759089 0 0 1 0 0 0 1 0 0 0 0 0 1 1 1 1 0 0 0 0 1 1 0 x
0.053058868770370 0 0 1 0 0 0 0 0 0 1 0 0 0 0 1 1 1 0 1 0 0 0 1 x
0.013825280101859 1 0 0 0 0 0 0 0 0 0 1 1 1 1 0 1 1 0 1 1 1 0 1 x
0.025936074747521 1 0 0 0 0 0 1 0 0 0 1 1 1 1 1 1 1 0 1 0 1 0 1 x
0.025218918871906 1 0 0 0 0 0 1 0 0 0 1 1 1 1 0 1 1 1 0 0 1 0 1 x
0.081289942267634 1 0 1 0 0 0 0 1 0 1 1 1 1 1 1 0 0 0 1 1 0 0 0 x
0.028175520413448 1 0 0 0 0 0 1 0 0 0 0 1 1 1 0 1 1 0 0 0 1 0 1 x
0.021129366933688 1 0 0 0 0 0 0 0 0 0 1 0 1 0 1 1 0 0 0 1 1 0 1 x
0.036407484007658 1 0 0 0 0 1 0 0 0 1 0 1 1 1 1 0 0 1 0 1 0 0 1 x
0.089240757809189 1 1 0 0 0 0 0 1 0 1 1 1 0 0 1 0 0 1 0 0 0 0 1 x
0.015271489296160 1 0 0 0 0 0 0 0 0 0 1 1 1 0 0 1 1 0 1 0 1 0 1 x
0.084682230937738 0 1 0 1 0 0 0 1 1 0 1 1 1 1 1 1 0 0 0 1 1 0 0 x
0.089103492240000 1 0 0 0 1 1 0 0 0 0 1 1 1 1 1 1 0 0 0 1 0 1 1 x
0.042659132813822 1 0 0 0 1 0 0 0 0 0 1 1 1 1 0 0 1 1 0 0 1 0 1 x
0.034240617418222 1 0 0 0 1 0 0 0 0 1 1 1 1 1 1 1 0 0 1 1 0 1 0 x
0.018041747535560 1 0 0 0 0 0 0 0 0 0 1 1 1 0 0 1 0 1 0 0 1 0 1 x
0.066890109853555 1 0 0 1 0 0 0 0 0 1 1 1 1 0 0 0 1 1 1 0 0 0 1 x
0.028493148533550 0 1 0 0 0 0 0 0 0 1 0 1 1 1 0 0 1 1 1 0 0 1 1 x
0.068075932315662 1 0 0 1 0 0 0 1 1 0 1 1 1 1 1 0 1 0 0 1 1 0 0 x
0.043254320556499 0 0 1 0 0 0 0 0 0 1 0 1 0 1 1 1 1 0 1 1 0 0 1 x
0.065600213748484 0 1 0 0 1 0 0 0 0 1 1 1 1 1 1 1 0 0 1 1 1 1 0 x
0.033045442977603 1 0 0 0 0 1 0 0 0 0 1 1 1 1 0 1 1 0 1 0 1 0 1 x
0.027133019117723 0 1 0 0 0 0 1 0 0 0 0 1 1 1 1 1 1 0 0 0 1 1 1 x
0.076970553893305 0 0 1 0 0 1 0 0 0 0 1 1 1 1 0 1 1 1 1 0 0 0 1 x
0.050918491544772 0 0 1 0 0 0 0 0 0 1 0 1 1 1 1 0 0 1 0 1 1 0 0 x
0.157464603418307 0 0 0 1 0 1 1 0 0 1 0 1 1 0 1 1 1 0 0 0 0 1 0 x
0.014954280583267 1 0 0 0 0 0 0 0 1 0 1 0 1 1 1 1 1 0 0 1 1 0 1 x
0.067292729666285 1 0 0 0 0 1 1 0 0 1 1 1 1 1 1 1 1 0 1 0 1 0 1 x
0.021211265637786 1 0 0 0 0 0 1 0 0 0 0 1 1 1 1 1 0 0 0 1 1 0 1 x
0.069771106958119 1 0 0 1 0 0 0 0 1 0 1 0 1 1 1 1 0 0 0 1 1 0 1 x
0.034950411367315 1 0 0 0 0 0 1 0 0 0 1 0 1 1 1 1 1 0 0 1 1 0 1 x
0.016072855238477 1 0 0 0 0 0 0 0 1 0 1 0 1 1 1 1 0 1 0 1 1 0 1 x
0.097848898202984 0 0 1 0 1 0 0 0 0 1 0 0 1 1 0 1 0 1 0 0 0 1 0 x
0.017482774060362 1 0 0 0 0 0 0 0 0 0 1 1 0 1 0 1 1 1 0 0 0 1 1 x
0.049118738394721 1 0 0 0 0 0 1 0 0 1 1 1 1 1 0 1 1 0 1 1 1 0 0 x
0.028527807533035 1 0 0 0 0 0 0 0 0 1 0 1 0 0 1 1 1 1 0 0 0 1 1 x
0.020996463095818 1 0 0 0 0 0 0 0 0 0 1 0 1 0 0 1 1 0 0 0 1 0 1 x
0.026666195210251 0 1 0 0 0 0 0 0 0 1 1 0 1 1 1 1 1 0 1 0 1 1 1 x
0.047497579232881 1 0 0 0 0 1 0 0 0 0 1 1 1 0 0 1 1 0 0 0 1 0 1 x
0.023913319321670 1 0 0 0 0 0 0 1 0 0 1 1 0 1 1 1 0 1 0 0 1 0 1 x
0.021083486997037 1 0 0 0 0 0 0 0 0 0 1 0 1 1 0 1 1 1 0 0 1 1 1 x
0.059702111396392 1 0 0 0 0 0 0 1 0 1 0 1 0 1 0 1 1 1 1 0 0 0 1 x
0.075954349128678 1 1 0 0 0 0 0 0 1 1 1 0 1 0 1 1 1 0 0 0 1 0 1 x
0.029954783983960 1 0 0 0 0 0 0 1 0 0 1 0 1 1 1 1 1 0 1 0 1 0 1 x
0.023980380871871 1 0 0 0 0 0 0 0 0 0 0 1 1 1 0 0 1 1 0 0 1 0 1 x
0.021445415743298 0 1 0 0 0 0 0 0 0 0 1 0 1 1 0 1 1 0 0 0 1 1 1 x
0.040763465551889 1 0 0 0 0 1 0 0 0 0 1 0 1 1 1 0 0 1 0 0 1 0 1 x
0.028464799997087 1 0 0 0 0 0 0 0 0 0 1 0 1 1 0 1 0 1 0 1 1 0 1 x
0.099256390987846 0 1 0 0 1 0 0 0 1 0 1 0 1 1 1 1 0 1 0 0 1 1 1 x
0.018080623045525 1 0 0 0 0 0 0 0 0 0 1 0 1 1 0 1 1 0 1 0 0 1 1 x
0.024030176031973 0 1 0 0 0 0 0 0 0 0 0 0 1 1 1 1 1 0 0 0 1 1 1 x
0.036840102015246 1 0 0 0 0 0 0 0 0 0 1 0 1 1 0 1 1 0 0 1 1 1 0 x
0.012935521922369 1 0 0 0 0 0 0 0 0 0 1 0 1 1 0 0 1 1 0 0 0 1 1 x
0.096187070064557 1 1 0 0 0 0 0 0 1 0 1 0 1 1 1 0 1 0 0 0 1 1 1 x
0.033925883704927 0 0 1 0 0 0 0 0 0 0 0 0 1 1 0 1 1 0 0 0 1 1 1 x
0.026486992260428 1 0 0 0 0 0 0 0 1 0 1 0 1 1 0 0 1 1 0 1 0 0 1 x
0.054348157919180 0 0 1 0 0 0 1 0 0 0 1 0 1 1 1 1 1 0 0 0 1 1 1 x
0.010999553275581 1 0 0 0 0 0 0 0 0 0 1 1 1 1 0 0 1 1 1 0 0 1 1 x
0.027306835542655 1 0 0 0 0 0 1 0 0 0 1 0 1 1 1 0 1 1 0 0 0 1 1 x
0.084327621708174 0 0 0 1 1 0 0 0 0 0 1 1 1 1 0 1 0 1 0 0 1 1 0 x
0.017050401689909 1 0 0 0 0 0 0 1 0 0 0 1 1 1 1 1 0 0 0 1 1 0 1 x
0.039277574332700 0 0 1 0 0 0 0 0 0 0 1 0 1 1 0 0 1 1 1 0 0 1 1 x
0.098617600614155 0 1 0 1 0 0 0 1 0 1 1 1 1 1 1 0 1 1 1 0 1 0 1 x
0.064078227411733 0 0 1 0 0 0 0 1 0 1 0 1 0 1 1 1 0 1 1 0 0 0 1 x
0.040717172542032 0 0 1 0 0 0 0 0 0 0 0 1 1 0 1 0 1 1 0 0 1 1 1 x
0.085413776509868 1 0 0 1 0 0 1 0 0 0 1 1 1 1 1 0 1 1 0 0 0 1 1 x
0.055781312595896 1 0 0 0 1 0 0 0 1 0 1 1 0 1 1 1 0 1 0 0 1 0 1 x
0.016820862564663 0 1 0 0 0 0 0 0 0 0 1 0 1 1 0 1 1 0 1 0 0 1 1 x
0.104226663613304 0 0 1 1 0 0 0 0 0 1 1 0 1 1 0 1 0 0 1 1 0 0 0 x
0.042600513163952 0 0 0 0 1 0 0 0 0 0 0 1 1 1 0 1 1 1 0 0 1 1 1 x
0.019151484809472 1 0 0 0 0 0 0 1 0 0 1 1 0 1 1 1 1 0 1 0 0 1 1 x
0.050184495786371 0 0 0 0 1 0 0 0 0 0 0 1 1 0 1 1 1 0 0 0 1 1 1 x
0.077071544013385 0 0 1 0 1 0 0 0 0 0 1 1 1 1 0 0 1 1 0 0 0 1 1 x
0.037525656077070 1 0 0 0 1 0 0 0 0 0 1 1 1 1 1 1 0 1 0 1 0 1 1 x
0.040896773736106 1 0 0 0 0 1 0 0 0 0 1 0 1 1 1 0 1 1 0 0 0 1 1 x
0.028671925234804 0 1 0 0 0 0 0 0 1 0 1 0 1 1 0 1 1 1 0 0 0 1 1 x
0.021295700928710 1 0 0 0 0 0 0 1 0 0 1 1 1 1 0 1 1 0 1 0 1 0 1 x
0.018305202336057 1 0 0 0 0 0 0 1 0 0 1 1 1 1 1 1 1 0 0 1 1 0 1 x
0.088989787256362 1 0 1 0 0 0 0 0 1 0 1 0 1 1 1 0 1 1 0 0 0 1 1 x
0.016450954080476 0 1 0 0 0 0 0 0 0 0 0 1 1 1 0 1 1 1 0 0 1 1 1 x
0.023786253546065 1 0 0 0 0 0 0 1 0 0 1 0 1 1 0 1 1 1 0 0 0 1 1 x
0.040020330175451 0 0 1 0 0 0 1 0 0 0 1 1 1 1 1 1 1 0 0 1 1 0 1 x
0.024675203650383 1 0 0 0 0 0 0 1 0 0 1 0 0 1 1 1 1 0 0 0 0 1 1 x
0.024811413810216 1 0 0 0 0 0 0 0 1 0 1 1 1 1 0 1 1 1 0 1 0 1 1 x
0.059304155348371 1 0 1 0 0 0 0 0 1 1 0 1 1 1 1 0 0 1 0 1 0 0 1 x
0.075909106404658 1 0 0 0 0 1 0 1 0 0 1 0 1 1 1 1 1 0 1 0 0 1 1 x
0.086778934032653 0 1 0 0 0 1 0 1 0 1 1 1 1 0 1 1 1 1 0 0 0 0 1 x
0.052972711464853 1 0 0 0 0 0 1 0 0 1 0 1 1 0 1 0 1 1 0 0 0 1 1 x
0.029158161867054 1 0 0 0 0 0 0 1 0 0 1 1 1 0 1 1 0 1 0 0 1 0 1 x
0.077403457560923 0 0 0 0 1 0 1 0 0 0 0 1 1 0 1 1 1 0 0 1 0 0 1 x
0.031570589423117 1 0 0 0 0 0 1 0 0 1 1 0 1 1 1 1 0 1 0 0 1 1 0 x
0.025507729803037 1 0 0 0 0 0 1 0 0 0 1 0 1 1 1 1 1 0 0 0 1 1 1 x
0.015416513715917 0 1 0 0 0 0 0 0 1 0 0 1 1 1 1 1 1 1 0 0 1 1 1 x
0.046472077385825 0 1 0 0 0 0 1 0 1 0 1 1 1 1 1 1 1 1 0 0 1 0 1 x
0.069149364599019 0 1 0 0 0 1 0 0 1 0 1 0 1 1 1 1 1 1 0 0 0 1 1 x
0.056111874593133 0 0 1 0 0 1 0 0 0 0 1 1 1 1 1 0 1 0 0 1 0 1 0 x
0.102953238875528 0 0 0 0 1 1 0 0 0 0 0 1 1 1 0 1 1 1 0 0 1 1 0 x
0.048415445726414 1 0 0 0 1 0 0 0 1 0 1 1 1 1 1 0 1 1 0 1 0 0 1 x
0.034892916595998 0 1 0 0 0 0 0 0 1 0 0 1 0 1 0 1 1 1 0 0 0 1 1 x
0.040839375907318 1 0 0 0 0 1 0 0 0 0 1 1 1 1 0 0 1 0 1 1 0 0 1 x
0.045263371782209 1 0 1 0 0 0 0 0 1 1 1 1 1 1 1 0 1 0 1 1 0 0 1 x
0.028323583288476 1 0 0 0 0 0 1 0 0 0 1 1 1 0 1 1 0 1 0 0 1 0 1 x
0.116444869967188 0 1 0 0 1 0 0 1 0 0 1 1 0 0 1 1 0 0 0 1 0 0 0 x
0.054593878300766 0 0 1 0 0 0 1 0 0 0 1 1 0 1 1 1 1 0 0 0 1 1 0 x
0.077746864881449 0 0 0 1 0 1 0 0 0 0 0 1 1 1 1 0 0 1 0 0 1 1 0 x
0.066937602809047 0 1 0 1 0 0 0 0 1 0 1 1 1 1 0 1 1 1 0 0 0 1 1 x
0.027360199971791 1 0 0 0 0 0 0 0 1 1 1 1 0 1 1 1 1 1 0 1 0 0 1 x
0.043047427026811 1 0 0 0 1 0 0 0 0 1 0 1 1 1 1 0 0 1 0 1 0 0 1 x
0.053933304460373 1 0 0 0 1 0 0 1 0 0 1 1 1 1 1 1 0 1 0 0 1 0 1 x
0.055558449348133 0 1 0 0 0 1 0 0 0 0 0 1 0 1 1 1 1 0 0 0 0 1 1 x
0.068652930741558 1 0 1 0 0 0 0 0 1 1 0 1 1 1 1 0 1 0 0 1 0 1 0 x
0.049747410640492 1 0 0 1 0 0 0 0 1 1 1 1 1 0 1 1 0 1 0 0 1 1 0 x
0.034693745047184 0 0 1 0 0 0 0 0 1 0 1 1 1 1 1 1 1 1 1 0 1 0 1 x
0.010129587180283 1 0 0 0 0 0 0 0 0 0 0 1 1 1 0 1 1 0 0 0 1 1 1 x
0.030384984273997 1 0 0 0 0 1 0 0 0 0 1 1 1 1 1 0 1 0 1 0 1 1 0 x
0.191637087342016 1 1 0 0 1 1 0 1 1 1 1 1 0 1 1 1 1 0 0 0 0 1 0 x
0.052402502112772 1 0 0 0 0 1 0 0 0 1 1 1 1 1 0 0 1 1 1 0 1 0 0 x
0.025614553603424 0 1 0 0 0 0 0 0 0 1 0 1 1 0 1 1 0 0 1 1 0 0 1 x
0.060076213172838 0 0 1 0 0 0 1 0 0 0 1 0 1 1 1 0 1 0 0 1 0 1 0 x
0.056383943430509 1 0 0 0 1 0 0 0 0 1 0 1 1 1 0 0 1 1 0 0 0 1 1 x
0.092308301183415 0 0 0 1 0 1 0 0 0 0 1 1 1 1 0 1 1 0 1 0 1 1 0 x
0.029693964839969 1 0 0 0 0 1 0 0 0 0 1 1 1 1 1 0 0 1 1 0 1 0 1 x
0.160011013542078 0 0 1 0 1 1 0 1 0 0 1 1 1 1 1 0 0 1 0 0 0 1 0 x
0.085712677534157 0 1 0 1 0 0 0 0 0 1 1 1 0 1 0 1 0 0 1 1 0 0 0 x
0.047639273164535 1 0 0 0 1 0 0 0 0 1 1 1 1 0 1 0 0 1 1 0 0 0 1 x
0.071988818896804 1 0 1 0 0 0 0 0 1 1 1 1 0 1 1 1 0 1 1 0 0 0 1 x
0.020858443909461 1 0 0 0 0 0 0 0 1 0 0 1 0 1 1 1 0 0 0 1 1 0 1 x
0.012674571574129 1 0 0 0 0 0 0 0 0 0 1 1 0 1 1 1 0 0 0 1 1 0 1 x
0.042477956639583 1 0 0 0 0 0 1 0 0 1 0 1 0 1 1 1 0 0 0 1 0 0 1 x
0.046037236430926 1 0 0 0 1 0 0 0 0 1 1 1 0 1 1 1 0 0 1 1 0 0 1 x
0.043936313985321 1 0 0 0 0 0 0 1 0 0 1 0 0 1 1 1 0 0 1 1 0 0 1 x
0.020177697367477 1 0 0 0 0 0 0 0 1 0 1 1 0 1 1 1 1 0 0 1 0 1 1 x
0.073778517940113 0 0 1 0 0 1 0 0 0 0 1 1 0 1 1 0 1 0 1 0 0 1 0 x
0.058843234243034 0 1 0 0 0 1 0 0 0 1 1 1 0 1 1 1 0 1 1 0 0 0 1 x
0.018260787890266 0 1 0 0 0 0 0 0 0 0 0 1 1 1 1 0 1 0 0 0 1 1 1 x
0.167389659663476 1 1 1 0 0 1 1 1 1 1 1 1 1 0 1 0 1 0 0 0 0 0 1 x
0.027478147514811 0 0 1 0 0 0 0 0 0 0 1 1 1 0 1 1 1 0 1 0 1 0 1 x
0.024097431909789 1 0 0 0 0 0 0 1 0 0 0 1 0 1 1 1 1 0 0 0 0 1 1 x
0.023602775773133 1 0 0 0 0 0 0 0 0 1 1 1 0 0 1 1 0 1 0 1 0 0 1 x
0.088558963371667 0 0 1 0 0 0 1 0 0 1 1 0 1 1 1 1 0 0 1 1 1 0 0 x
0.012569903875824 1 0 0 0 0 0 0 0 0 0 1 0 1 1 0 1 1 0 0 1 0 1 1 x
0.061407696011897 0 0 1 0 0 0 0 1 0 0 1 0 1 1 1 1 0 0 0 0 1 1 0 x
0.046358490824160 1 0 0 0 1 0 0 0 0 1 1 1 1 0 1 0 1 1 0 1 0 0 1 x
0.094382792046213 0 1 0 1 0 0 0 0 0 1 0 1 1 1 1 0 0 1 1 1 0 0 1 x
0.026093735024329 0 1 0 0 0 0 0 0 0 1 0 1 0 1 1 1 0 0 1 1 0 0 1 x
0.097841040238303 0 0 1 0 1 0 1 0 0 0 1 1 1 1 1 1 0 0 0 0 1 1 0 x
0.022570942851208 0 0 1 0 0 0 0 0 0 0 0 1 1 1 1 0 0 1 1 0 1 0 1 x
0.057871734208818 1 0 0 0 0 1 0 0 1 0 1 1 1 1 1 0 1 1 0 1 1 0 1 x
0.105587575073125 1 0 0 0 1 1 0 0 0 1 1 1 1 1 1 0 1 0 1 1 0 1 0 x
0.035369973921518 0 1 0 0 0 0 0 0 0 0 0 0 1 0 1 0 1 0 0 0 0 1 1 x
0.035081462623763 0 1 0 0 0 0 1 0 0 0 1 1 1 1 1 0 1 0 1 0 1 0 1 x
0.072386646999797 1 1 0 0 0 0 0 0 1 1 1 1 0 1 1 1 0 1 0 1 0 0 1 x
0.025094788692436 0 1 0 0 0 0 0 0 0 0 1 1 1 1 0 0 1 0 1 1 0 0 1 x
0.099275623892695 0 1 1 0 0 0 1 0 0 1 1 1 1 1 1 0 1 0 1 1 0 0 1 x
0.062764047105200 0 0 1 0 0 0 0 0 1 1 0 1 0 1 1 1 0 1 1 0 0 1 0 x
0.032093216937570 1 0 0 0 0 0 0 1 0 1 1 1 0 1 1 1 1 0 1 1 0 0 1 x
0.023453368595333 0 1 0 0 0 0 0 0 0 0 1 1 1 1 1 0 1 0 1 1 0 1 1 x
0.045105819438915 1 0 0 0 0 0 1 0 0 1 1 0 1 0 1 1 1 0 1 0 0 0 1 x
0.040274632080281 1 0 0 0 1 0 0 0 0 1 0 1 1 1 1 1 0 0 0 1 0 1 1 x
0.053288835441257 0 1 0 0 0 1 0 0 0 0 1 1 1 1 1 0 1 1 1 0 1 0 1 x
0.036919875046155 0 1 0 0 0 0 0 1 0 0 1 1 1 1 0 1 1 0 1 0 1 0 1 x
0.020724097648599 0 0 1 0 0 0 0 0 0 0 0 1 1 1 1 0 1 0 0 1 1 0 1 x
0.050542547555398 0 0 0 0 1 0 0 0 0 0 0 1 0 0 1 1 0 0 0 1 0 0 1 x
0.094311707880790 0 1 1 0 0 0 0 1 1 1 1 1 1 0 1 1 1 0 0 1 1 0 0 x
