0.552865922451019 0 1 1 1 1 0 0 1 0 0 0 1 0 1 0 1 1 0 1 0 1 1 0
0.451997846364975 0 0 0 0 1 1 1 1 0 1 0 1 0 1 0 1 1 1 1 1 0 0 1
0.357010692358017 1 1 0 1 1 0 1 1 0 1 1 0 1 1 1 1 0 0 1 1 0 0 0
0.039815183728933 0 0 1 0 0 0 0 0 0 0 0 0 0 0 0 1 0 1 0 0 0 0 0
0.457704573869705 0 0 0 0 0 1 1 1 0 0 0 1 0 0 0 0 0 1 0 1 1 0 1
0.365835964679718 1 1 1 0 1 0 0 1 1 0 0 1 1 1 1 0 1 0 1 0 1 1 0
0.206304445862770 0 0 0 0 1 0 1 0 0 0 0 1 1 1 1 0 0 0 0 0 1 1 1
0.668520629405975 0 0 1 1 1 1 1 1 0 1 0 0 0 0 1 0 1 0 0 1 0 1 1
0.250295579433441 0 0 1 1 1 0 0 1 1 1 1 1 0 1 0 0 1 0 1 1 0 0 0
0.090531244874001 1 0 0 0 0 0 0 0 0 1 0 1 1 0 0 1 0 0 1 0 1 1 1
0.321543842554092 1 0 1 0 1 1 1 0 0 0 1 1 1 1 0 1 1 0 1 0 0 1 0
0.621770977973938 1 1 1 1 1 1 0 0 1 0 0 0 1 1 1 0 0 1 1 1 0 0 1
0.345713675022125 1 1 0 1 0 1 0 0 0 1 1 0 0 0 1 1 0 0 0 1 1 0 0
0.435768932104111 1 0 0 1 0 1 1 1 0 1 1 0 1 0 0 0 1 1 0 1 0 1 1
0.353866606950760 0 1 0 1 0 0 1 1 0 0 1 0 1 1 1 0 0 1 1 1 1 1 0
0.475867778062820 1 0 0 0 1 1 1 1 1 1 1 0 0 0 1 1 1 1 0 1 1 0 1
0.100556910037994 0 0 0 0 1 0 0 0 0 0 1 0 0 0 1 0 1 1 0 1 1 0 1
0.347668230533600 1 0 0 1 1 1 0 1 1 1 1 0 0 0 0 0 0 1 1 0 0 0 0
0.093839116394520 0 0 1 0 1 0 0 0 0 0 1 0 1 1 1 0 0 0 1 1 0 0 1
0.225131526589394 1 0 1 1 0 1 0 0 1 1 0 1 1 1 0 0 0 1 0 0 1 1 0
0.211568325757980 0 0 1 0 0 1 0 1 1 0 0 1 1 1 1 0 1 0 0 0 1 1 1
0.285879582166672 1 0 1 0 1 1 1 0 0 1 1 1 1 1 1 1 0 1 0 0 1 0 0
0.049799080938101 1 0 0 0 0 0 1 0 0 0 0 1 0 1 1 1 1 0 0 1 0 1 1
0.215747058391571 1 0 1 0 0 0 1 1 1 1 0 1 0 1 1 1 1 1 0 0 1 0 0
0.366763561964035 0 0 1 1 1 0 1 1 1 1 0 1 0 1 1 1 0 1 0 0 1 1 0
0.218960723192643 1 0 0 0 0 0 1 1 1 1 0 1 1 0 1 0 0 0 0 1 0 1 0
0.177033245270274 1 0 0 0 0 0 0 0 1 0 1 0 0 1 1 1 0 0 0 0 0 0 0
0.087869473608151 1 0 1 0 0 0 0 0 1 1 0 1 1 1 0 1 0 0 1 1 0 0 0
0.149023991612460 1 0 1 0 0 0 1 0 0 1 1 0 1 1 0 1 0 1 1 0 0 0 0
0.347440480769609 1 0 1 0 0 0 1 0 0 0 1 0 0 0 1 1 1 1 0 1 0 1 1
0.142677151102873 0 0 0 0 0 0 0 0 1 1 0 0 0 1 0 0 1 1 0 0 0 1 0
0.188953328181855 0 1 0 0 0 0 0 0 1 1 0 1 1 0 0 0 0 1 0 1 1 1 0
0.168572077667303 1 0 0 1 0 0 1 0 1 0 0 1 0 1 1 1 1 0 0 0 1 0 0
0.313055469067517 1 0 1 0 1 0 0 0 0 1 0 1 1 0 1 0 1 1 0 1 1 1 0
0.170375517296548 1 0 1 0 0 1 1 0 1 0 0 1 1 1 1 1 0 0 0 0 0 1 0
0.252952271623254 0 0 1 1 1 0 0 0 0 1 1 0 1 0 0 1 0 0 1 0 0 0 1
0.278596182850015 0 0 1 0 0 0 0 0 0 1 1 1 1 1 0 0 0 0 1 0 0 0 0
0.390617355907946 0 0 0 0 0 0 0 0 0 1 1 1 1 1 0 0 0 0 0 1 0 1 1
0.128900607704982 1 0 1 0 0 0 1 0 1 1 0 0 1 1 0 1 0 0 1 0 0 1 0
0.145748854240551 1 0 1 0 1 0 1 0 1 0 1 1 1 1 0 0 0 0 1 0 0 0 1
0.264127406622753 1 1 0 0 0 0 1 0 1 1 0 0 0 1 1 1 1 1 0 1 0 0 1
0.105840830420888 1 0 0 0 0 0 0 0 1 0 0 0 1 0 1 0 1 1 0 1 1 0 1
0.103807996414658 1 0 0 0 1 0 0 0 0 0 1 1 0 1 0 1 0 1 0 0 0 0 0
0.088455888826200 1 0 0 0 0 0 0 0 0 0 0 0 0 1 1 1 0 0 1 0 1 0 1
0.113854922789628 0 1 0 0 1 0 0 0 0 0 1 0 0 1 0 1 0 1 0 0 1 0 0
0.194245084070067 1 0 1 0 0 0 0 1 0 0 0 1 1 1 0 1 0 1 1 0 1 1 0
0.114594583788895 1 0 0 0 1 0 1 0 1 0 1 0 1 1 0 1 0 0 0 1 0 0 0
0.242314221820054 0 0 1 0 0 1 0 0 0 0 0 1 1 0 0 1 0 1 1 0 1 1 1
0.148348767722704 0 0 1 0 0 0 1 0 0 0 0 1 1 0 1 1 1 0 0 0 0 0 0
0.155833788707332 1 0 1 0 0 0 0 0 1 0 0 1 1 1 0 1 0 1 1 0 1 1 1
0.068886241188814 1 0 0 0 0 0 0 0 0 0 0 1 0 0 1 0 1 0 0 0 0 0 0
0.181419304222390 0 0 1 0 1 0 0 0 1 1 1 0 0 1 0 1 1 1 1 0 0 0 0
0.206121452056544 0 0 0 0 0 0 0 0 1 1 0 0 1 0 0 1 1 0 0 0 1 0 0
0.310018236788471 1 0 1 0 1 0 0 0 0 0 0 1 0 0 0 0 1 0 0 1 0 0 0
0.258607686185979 1 0 0 1 1 0 0 0 0 0 1 1 0 0 0 0 1 1 1 0 0 0 0
0.232011764288689 1 0 0 0 1 0 0 0 0 1 1 0 0 0 1 0 0 1 1 0 1 1 0
0.122677040916126 1 0 1 0 0 0 0 0 0 1 0 1 1 1 0 1 1 0 1 0 1 1 0
0.120233654310604 1 0 0 0 0 0 0 0 1 0 0 0 0 0 0 0 1 0 1 0 0 1 0
0.135112104924819 1 0 0 0 0 0 1 0 0 0 0 1 1 1 1 1 0 0 0 1 0 0 0
0.112827779542920 1 0 1 0 0 0 0 0 0 1 0 0 0 1 1 0 0 0 1 0 0 0 0
0.029877626776260 1 0 0 0 0 0 0 0 0 1 0 1 0 1 1 1 0 1 0 0 1 1 0
0.038681929030528 0 0 1 0 0 0 0 0 1 0 0 1 0 1 1 1 0 1 0 0 0 1 1
0.038104900817115 1 0 0 0 0 0 0 0 0 0 0 0 0 0 1 1 0 0 0 0 0 1 0
0.091659340385888 1 0 1 0 0 0 0 1 1 1 0 1 0 1 1 0 0 1 0 0 0 0 1
0.094476802424625 0 0 1 0 0 0 0 0 0 1 0 1 0 0 1 1 0 0 0 0 0 1 0
0.205403542333810 1 0 1 0 1 0 0 1 1 0 1 0 0 1 1 0 0 1 0 0 1 0 0
0.105354897957207 1 0 0 1 0 0 0 1 1 1 0 1 0 1 1 1 0 1 0 0 0 1 1
0.406734518744549 1 1 0 0 0 0 0 0 0 0 0 1 0 1 1 1 1 1 1 1 0 1 0
0.245597178474395 1 0 1 0 0 0 0 0 0 0 0 0 0 1 1 0 0 0 0 0 0 1 1
0.190174007366573 0 0 1 0 1 0 1 0 1 0 1 1 0 1 1 1 0 1 1 0 0 0 0
0.200526555702959 1 1 0 0 1 0 0 0 0 1 1 0 1 1 0 0 1 0 0 1 1 0 1
0.204138847106960 0 0 0 0 0 0 0 0 1 0 0 1 1 0 0 1 0 1 0 0 0 1 0
0.106619128060900 1 0 0 0 0 0 1 0 1 1 0 0 0 1 1 1 0 0 0 0 0 0 1
0.105210787510056 0 0 0 0 1 0 0 0 0 0 1 0 1 1 1 1 1 1 1 1 1 0 0
0.329003099242454 1 1 1 0 0 0 0 0 1 0 1 0 1 1 0 1 0 0 1 1 1 0 0
0.142514116858866 0 1 0 0 1 0 0 0 0 0 1 0 1 0 1 0 0 1 0 1 1 0 0
0.178834477140615 0 1 1 0 0 0 0 1 0 1 0 0 0 0 1 0 1 1 0 0 0 0 0
0.161467777205774 0 0 1 0 0 0 0 0 0 1 0 0 0 1 1 1 1 1 0 1 0 0 0
0.113051806546570 0 1 0 0 1 0 0 0 1 1 1 0 0 1 0 1 1 1 0 0 0 0 1
0.127965192268487 0 0 1 0 1 0 0 1 1 0 0 1 1 1 1 1 0 0 0 0 0 0 1
0.205330410896972 1 0 0 0 1 0 0 0 1 0 0 0 0 1 0 1 0 0 0 0 1 0 1
0.167857679966882 1 0 0 0 1 0 0 1 0 1 1 1 1 1 1 0 0 0 0 0 0 0 1
0.151724719793705 1 0 1 0 0 1 0 0 1 1 1 1 1 0 0 1 0 1 1 0 0 1 1
0.222224242688205 1 1 1 0 1 0 0 0 1 1 1 1 1 1 0 0 0 0 0 0 0 0 1
0.118019348891113 1 0 0 0 0 0 0 1 0 1 0 1 0 0 0 1 1 0 0 0 0 1 1
0.038234560431756 1 0 0 0 1 0 0 0 0 0 1 1 1 1 1 1 0 1 0 0 1 1 1
0.149730860302434 1 0 0 0 0 1 0 0 1 0 0 1 0 1 1 1 1 0 0 0 0 0 0
0.115177377842261 0 1 0 0 0 0 0 0 1 0 0 0 0 1 0 1 0 0 0 0 0 1 1
0.127406390705771 0 0 1 0 1 0 0 1 1 0 1 1 1 1 0 1 0 1 0 0 0 0 1
0.247130886896442 0 0 1 0 0 0 0 1 1 0 0 0 0 0 0 1 0 0 1 0 0 0 1
0.068118354511885 0 1 0 0 0 0 0 0 1 1 0 0 0 1 0 1 0 1 0 0 0 1 0
0.094399875178973 0 0 0 0 0 0 0 0 1 0 0 0 0 1 1 1 0 1 0 0 1 1 0
0.121562086236116 1 0 1 0 1 0 0 1 1 1 1 1 1 1 1 1 0 0 1 0 0 0 1
0.190641200263950 1 0 0 1 0 0 0 0 0 1 0 0 0 1 1 1 0 1 1 0 0 1 1
0.063801664166238 1 0 0 0 0 0 0 0 1 1 0 1 0 1 1 1 0 1 0 0 0 0 1
0.097398069812620 0 0 1 0 1 0 0 0 1 0 1 1 0 1 1 1 0 1 0 0 1 0 1
0.111471146560997 0 0 1 0 0 0 0 1 1 0 0 1 0 1 1 0 0 1 0 0 1 0 0
0.147364109460321 0 1 1 0 0 1 0 0 1 1 0 1 0 1 1 1 0 0 0 0 1 0 0
0.159783250348713 1 0 1 0 0 1 0 1 1 1 0 1 1 1 1 0 0 1 1 0 1 0 1
0.126577812871509 0 1 1 0 0 0 0 0 1 1 0 0 1 1 1 1 0 1 0 0 1 1 1
0.072632962841848 1 0 0 0 1 0 1 0 0 0 1 1 1 1 1 0 0 1 0 0 0 1 1
0.159637100889123 1 0 0 1 1 0 0 1 1 0 1 1 1 1 1 1 0 1 0 0 1 1 1
0.251722778371143 0 0 0 0 1 0 0 1 1 0 1 0 1 1 1 0 0 0 1 0 1 0 1
0.178026329125915 1 1 1 0 0 0 0 1 1 1 1 1 1 1 1 1 0 1 0 0 0 1 1
0.152592645095928 0 1 0 1 0 0 0 0 1 1 0 0 0 1 1 1 0 1 0 0 1 0 1
0.125375622471845 0 0 1 0 0 1 0 0 1 0 0 1 0 0 1 1 1 1 0 0 0 0 1
0.310885749526518 1 0 0 0 0 0 1 0 1 1 0 1 0 0 1 0 0 1 1 0 1 1 1
0.049327014571191 1 0 0 0 1 0 0 0 1 1 1 1 1 1 1 1 1 0 0 1 0 1 1
0.080122850720278 1 0 0 0 0 1 0 0 0 1 0 0 1 1 1 1 0 0 1 1 0 1 1
0.216410273408673 1 0 0 1 0 0 0 0 0 0 0 0 1 1 1 1 0 0 1 1 1 1 1
0.051332270916759 1 0 0 0 0 0 0 0 0 0 0 0 1 1 1 1 0 1 0 0 0 1 1
0.152206834793289 1 0 0 1 0 0 0 0 0 0 1 1 0 0 1 1 0 1 0 0 1 1 1
0.150976875902207 1 0 1 0 0 1 0 0 1 0 0 1 1 0 1 1 0 0 1 0 0 0 1
0.060325848793567 1 0 0 0 0 0 0 0 1 1 0 1 1 0 1 1 1 0 0 0 1 1 1
0.083648233634210 0 1 0 0 1 0 0 0 0 0 1 1 0 1 0 1 1 0 0 0 1 1 0
0.041785232102627 1 0 0 0 1 0 0 0 0 0 1 1 1 1 0 0 1 0 0 0 1 1 0
0.126258218846645 0 0 0 1 1 0 0 0 0 0 1 1 0 1 1 1 1 1 0 0 0 1 0
0.153350481519626 1 0 0 0 0 0 0 0 0 1 0 0 1 0 1 1 1 0 1 0 0 0 0
0.140392375339580 0 1 0 0 0 0 0 0 0 0 0 0 0 1 0 1 1 1 0 0 1 1 1
0.202833222357123 0 1 0 0 1 0 1 0 0 0 1 0 0 1 1 1 1 1 0 0 0 1 1
0.119136465068482 0 0 0 0 0 0 0 0 0 0 0 0 0 1 0 1 0 1 1 0 0 1 1
0.119991211309814 0 1 0 0 1 0 0 0 0 1 0 0 0 1 1 1 0 1 0 0 0 1 1
0.252395600713912 0 1 1 0 0 0 1 0 1 0 0 0 0 1 0 1 0 1 0 0 0 1 0
0.175592636860108 0 0 0 0 1 0 0 0 1 0 0 0 0 1 0 1 0 0 1 1 0 1 1
0.124313181172641 0 1 0 0 0 0 0 1 1 1 0 0 0 1 1 1 0 1 0 0 0 1 1
0.109546008573834 1 0 0 1 1 0 0 0 0 1 1 1 1 1 0 1 0 0 0 0 0 1 1
0.345996961480153 0 0 1 1 0 0 0 0 1 0 0 1 0 0 0 1 0 0 0 1 1 0 1
0.095806830610426 1 1 0 0 0 0 0 0 0 1 0 1 0 1 1 0 0 0 0 0 1 1 0
0.238319024095116 1 0 0 0 0 0 0 0 0 1 0 0 0 1 0 0 0 1 0 1 1 1 1
0.145925158864343 0 1 0 0 0 0 0 0 1 1 0 0 0 1 1 0 1 0 0 0 0 0 0
0.170120851897391 1 0 1 0 0 0 0 0 0 1 0 1 1 0 1 1 0 1 0 0 0 0 0
0.087706595358325 1 0 0 0 1 0 1 0 0 0 1 1 1 1 0 1 1 0 0 1 0 1 0
0.073372100671018 1 0 0 0 1 0 0 0 1 0 1 1 1 1 1 1 1 0 1 1 0 1 0
0.329993963903853 0 0 0 0 0 0 0 0 0 0 0 1 0 1 1 1 1 0 0 0 0 1 0
0.129620592794051 1 0 1 0 1 0 0 0 1 1 1 1 1 1 1 0 0 0 1 1 0 1 1
0.173154802141609 1 1 0 0 1 0 0 0 0 0 1 1 1 0 1 1 0 0 0 0 1 1 1
0.163712055404036 0 0 1 0 0 0 1 0 1 0 1 0 0 1 1 0 1 0 1 1 0 0 1
0.175702935148298 0 0 0 0 1 0 0 0 1 0 1 0 1 1 1 0 0 1 0 0 0 1 1
0.168740368238042 0 0 1 0 0 1 0 0 1 1 0 0 0 1 1 1 0 1 0 0 0 1 1
0.178313963723916 1 0 0 0 0 1 0 0 0 1 0 0 0 1 0 1 0 0 1 0 0 1 1
0.139211979212458 0 0 1 0 0 0 0 0 1 0 1 0 1 0 1 1 1 1 0 0 0 0 0
0.025664746798093 1 0 0 0 0 0 0 1 0 0 0 1 1 0 1 1 1 0 0 0 1 0 1
0.075915566360542 1 0 0 0 0 0 0 0 1 0 1 1 1 1 0 1 1 0 0 0 0 1 1
0.319183190703120 1 0 0 0 0 0 0 1 0 1 0 1 1 1 0 0 0 0 0 0 0 0 0
0.040775006485069 1 0 0 0 0 0 1 0 1 0 1 0 1 1 1 1 1 0 1 0 0 1 1
0.111852923740295 1 1 0 0 0 0 1 0 1 0 1 1 1 0 1 1 1 0 0 0 1 1 1
0.135257406710575 1 0 0 0 1 1 0 0 0 0 1 1 1 0 1 1 1 0 0 0 1 1 1
0.086409505065234 1 0 0 0 0 0 1 0 1 0 1 1 0 1 1 1 1 0 1 1 0 1 1
0.029198385758538 1 0 0 0 0 0 1 0 0 0 1 1 1 0 1 1 1 0 0 0 1 1 0
0.171063935809887 1 0 0 0 1 0 1 0 1 0 0 1 1 0 1 1 1 0 0 1 0 1 1
0.243026453449783 1 1 0 0 1 0 1 0 0 0 0 1 1 1 1 1 0 0 0 0 1 1 0
0.117847738438386 1 0 0 0 0 0 0 0 1 0 1 1 0 0 0 1 1 0 0 0 1 1 1
0.066819364637216 0 0 0 0 1 0 0 0 0 0 0 1 0 0 1 1 0 1 0 0 1 0 0
0.094610502057171 0 1 0 0 1 0 0 0 1 1 0 1 0 1 1 1 0 0 0 0 1 1 0
0.105517935540643 0 0 0 0 0 0 0 0 1 0 1 0 0 0 1 0 0 1 0 0 1 1 0
0.212885648173432 1 0 0 0 0 0 0 0 0 0 0 0 0 0 1 1 1 1 0 0 1 1 0
0.088702264010737 0 1 0 0 1 0 0 0 1 0 1 1 1 0 1 0 1 0 0 0 1 0 0
0.063951898900600 0 0 1 0 1 0 0 0 0 0 1 1 1 1 1 0 1 0 0 0 0 1 1
0.322681801792733 0 1 0 0 1 0 0 0 1 1 1 1 0 0 0 1 0 0 1 1 1 1 0
0.115443840561479 1 0 0 0 0 0 1 1 1 0 0 0 1 1 1 0 1 0 0 0 1 0 1
0.081193729008532 1 0 0 0 0 0 1 0 1 0 1 1 0 1 1 0 1 0 0 1 0 0 0
0.230865577801796 1 0 0 0 0 1 0 0 0 0 1 1 1 1 1 1 1 1 0 0 0 0 0
0.059156471539837 0 0 1 0 0 0 0 0 1 0 0 1 1 0 1 0 1 1 0 0 0 0 1
0.127945182548687 1 0 1 0 0 0 0 1 1 0 0 1 1 1 1 1 1 1 0 0 0 1 1
0.044465457712009 1 0 0 0 0 0 1 0 1 0 1 1 1 1 1 1 0 1 0 1 1 0 1
0.122907921550895 0 0 0 0 1 0 0 0 0 0 1 1 1 1 1 1 1 0 0 0 1 0 1
0.113168158108964 1 0 1 0 0 0 0 1 1 1 0 1 0 1 1 1 0 1 0 0 1 1 0
0.023408325708741 1 0 0 0 0 0 0 0 0 0 1 1 1 1 1 1 1 0 1 0 1 1 1
0.206834114252362 1 0 1 0 0 0 0 1 0 1 1 1 1 0 0 0 1 0 1 0 1 1 1
0.050214313613245 1 0 0 0 1 0 0 0 1 1 1 1 0 1 1 1 1 0 0 0 1 1 0
0.073867558421468 0 0 1 0 1 0 0 0 0 0 1 1 1 0 1 1 0 1 0 1 0 0 1
0.212206148960216 1 0 0 0 0 0 0 1 0 0 0 1 0 0 1 0 0 0 0 0 1 1 1
0.099574452089429 0 0 0 0 1 0 0 0 1 0 0 0 0 0 0 1 0 1 0 0 1 0 0
0.108849164302203 1 1 0 0 0 0 0 0 1 1 1 1 1 1 1 0 1 0 0 1 1 1 1
0.080062002401663 0 0 0 0 1 0 0 0 0 0 1 0 1 0 1 1 0 0 0 0 1 1 0
0.143470434507574 1 0 0 1 1 0 0 0 1 1 1 1 1 1 1 0 1 1 0 0 1 0 0
0.151488909047373 0 1 0 0 1 0 0 0 0 0 1 1 0 1 1 0 1 1 0 1 1 1 0
0.065676853295017 0 1 1 0 0 0 0 0 0 1 1 1 1 0 1 1 0 0 0 0 1 0 1
0.099478637013671 1 0 1 0 0 1 0 0 1 1 1 1 1 1 1 1 1 0 0 1 1 0 1
0.083125838425060 1 0 0 0 0 0 1 0 0 0 1 1 1 0 1 1 0 0 0 0 1 1 1
0.074758757072365 1 0 0 0 1 0 1 0 0 1 1 1 1 1 1 1 1 0 0 0 1 1 1
0.015496296692274 1 0 0 0 0 0 0 0 1 0 1 1 1 1 1 1 1 0 1 1 1 0 1
0.177606669212132 0 1 0 0 0 0 0 0 0 0 1 1 0 0 1 1 0 0 0 0 0 0 0
0.209273494190149 0 0 1 0 1 0 0 0 0 1 1 1 1 1 1 0 1 0 0 0 0 0 0
0.089609608857522 0 1 0 0 1 0 0 0 0 0 1 1 1 0 1 1 1 1 0 1 0 1 1
0.161589087198395 0 1 1 0 0 0 0 0 0 1 0 1 1 1 1 1 1 0 0 0 0 0 1
0.145894042529492 0 0 1 0 0 0 0 0 1 1 1 1 0 0 1 1 0 1 0 0 0 0 1
0.099291373078358 0 1 1 0 0 0 0 0 1 0 1 1 1 0 1 0 1 1 0 1 0 0 1
0.100307777422947 1 0 0 0 1 0 1 0 1 0 1 1 0 1 1 0 1 0 0 0 1 0 0
0.088876067846097 0 1 0 0 1 0 0 0 0 0 1 0 1 0 0 1 1 0 0 0 0 0 1
0.085192972235953 0 0 1 0 0 0 0 0 1 0 0 1 0 0 1 0 0 1 1 1 0 0 0
0.080814317656312 1 1 0 0 0 0 0 1 0 1 1 1 1 0 1 1 1 0 0 1 0 0 1
0.056984306859645 1 0 0 0 0 0 0 0 1 1 1 1 0 1 1 1 0 1 1 1 1 0 0
0.164397428110146 1 0 1 0 0 1 0 0 1 1 1 1 0 0 0 1 0 0 0 1 1 0 0
0.119550293021262 0 1 0 0 1 0 0 0 1 0 1 1 1 1 0 0 1 0 0 1 1 0 1
0.088462876246380 1 0 0 0 1 0 0 0 1 0 1 1 1 0 1 1 0 0 0 0 0 1 0
0.194241024149855 0 0 1 0 1 0 0 0 1 0 1 1 0 0 1 0 0 1 0 1 1 0 0
0.044016440070255 0 1 0 0 0 0 0 0 1 0 1 0 1 0 1 1 1 0 0 1 1 0 1
0.070134961493680 1 0 0 0 0 0 0 0 0 0 0 1 1 0 1 1 1 0 0 1 0 0 1
0.090057067279059 1 1 0 0 0 1 0 0 1 1 1 1 1 1 1 1 0 0 0 1 1 0 1
0.075182679716968 1 0 0 0 1 0 0 0 1 1 0 1 1 1 1 1 0 1 0 1 1 0 0
0.108020343336091 1 0 0 0 0 0 1 0 1 1 0 1 0 0 1 1 0 0 0 1 0 0 0
0.047280257669169 0 0 0 0 1 0 0 0 0 0 0 0 1 0 0 0 1 1 0 0 1 0 0
0.071454290497627 1 0 0 0 0 0 1 0 0 1 0 1 0 1 1 1 1 0 0 1 1 0 0
0.052089355578053 0 0 1 0 0 0 0 0 1 0 1 1 0 1 1 0 1 1 0 1 0 0 1
0.133392538853815 1 0 0 0 0 1 0 0 1 0 0 1 1 0 1 0 1 0 0 1 1 1 0
0.115335114606204 0 0 0 0 1 0 0 0 1 0 1 1 1 0 1 1 1 1 0 1 1 0 1
0.013443842226161 0 0 0 0 0 0 0 0 0 0 0 0 0 0 0 0 0 1 0 0 0 0 0
0.062785047748476 1 0 0 0 0 0 0 0 0 0 1 0 1 0 1 1 0 1 1 0 0 0 1
0.159806344674967 1 0 0 0 1 0 0 0 0 0 0 0 1 1 1 1 1 0 1 0 1 0 1
0.119258457716336 0 0 1 0 0 0 0 0 1 0 0 0 0 0 1 0 0 1 0 1 0 1 0
0.102120103466524 0 1 0 0 0 0 0 0 0 1 1 0 0 0 0 1 0 1 0 0 0 0 0
0.088091740711991 1 1 0 0 0 0 0 0 0 1 1 1 1 0 1 1 1 0 0 0 1 0 1
0.049864641842497 1 0 0 0 0 0 1 0 1 0 0 0 1 1 1 1 0 0 1 0 0 0 1
0.202318241018614 0 0 0 0 0 0 0 0 0 0 0 0 0 0 1 0 1 1 0 0 1 0 0
0.182130804187360 1 0 1 0 0 1 0 0 1 0 0 1 0 1 1 0 0 0 0 1 0 1 0
0.085670165683842 0 0 1 0 0 0 0 1 0 0 1 1 1 1 1 1 1 1 0 0 0 0 1
0.220424796654174 0 1 0 0 0 0 0 0 0 1 0 0 1 1 1 0 0 0 0 0 0 0 0
0.120529605195572 0 0 0 0 1 0 0 0 0 0 1 0 1 0 0 0 1 1 0 1 1 1 0
0.198241097284285 0 0 0 0 1 0 0 0 1 0 0 0 0 0 0 0 0 1 0 0 0 1 0
0.216489612650708 0 1 0 0 1 0 0 0 1 1 1 1 0 1 0 0 1 0 0 0 0 0 0
0.110215680814276 0 0 0 0 1 0 0 0 0 0 1 0 1 1 0 1 0 1 0 1 0 0 0
0.183617915052533 0 1 0 0 0 0 0 0 1 1 1 0 1 0 1 1 0 0 0 0 1 1 1
0.171688563422039 0 1 1 0 0 0 0 1 1 0 1 1 1 0 1 1 1 0 0 1 1 1 1
0.065427445373832 0 1 0 0 0 0 0 0 1 1 0 1 0 0 0 1 1 1 0 0 0 0 1
0.030583334047634 1 0 0 0 0 0 0 1 1 0 0 1 1 1 1 1 0 1 0 0 1 0 1
0.046181769819826 1 0 0 0 0 0 0 0 1 1 0 1 0 1 1 1 0 0 0 0 1 1 0
0.072720754028465 1 0 0 0 0 0 0 1 1 1 1 1 1 1 1 1 1 0 0 0 1 0 1
0.054693518964190 0 1 0 0 0 0 0 0 0 1 0 1 0 0 1 1 0 1 0 0 1 0 0
0.102146756185177 0 0 1 0 1 0 0 0 0 0 0 1 1 1 0 1 1 1 0 0 1 0 1
0.061632411099542 0 1 0 0 0 0 0 0 0 0 0 1 0 1 1 1 0 1 0 1 0 0 1
0.129544826106827 1 1 0 0 0 0 0 1 1 1 0 1 0 1 1 1 1 0 1 0 1 0 1
0.054417982853236 0 1 0 0 0 0 0 0 1 0 0 0 1 0 0 1 0 1 0 0 0 0 1
0.184095645241223 0 0 0 0 0 0 0 0 0 0 0 0 1 0 1 1 0 1 1 1 0 0 1
0.159438512141811 1 0 0 0 0 0 1 0 0 0 0 1 0 0 0 0 0 1 0 0 0 0 0
0.107859096439938 1 0 0 0 1 0 0 0 0 1 1 0 0 1 1 1 0 0 0 0 1 1 1
0.058115491900187 0 1 0 0 0 0 0 0 1 0 0 1 1 1 0 0 1 1 0 0 1 0 0
0.232419728591707 1 0 0 0 0 0 0 0 1 1 1 1 1 1 1 1 0 1 0 0 0 0 0
0.060037561687998 0 1 0 0 0 0 0 0 0 1 0 1 0 1 0 0 0 1 0 0 1 0 0
0.166178775472270 1 0 0 0 1 0 1 0 1 1 1 1 1 1 1 1 0 0 0 1 1 1 1
0.097219782411242 1 0 0 0 0 0 0 0 0 0 0 1 1 1 1 1 1 0 0 0 1 0 1
0.054905566844598 0 1 0 0 0 1 0 0 1 0 1 1 1 1 1 1 1 1 0 0 1 0 1
0.032544989103219 0 1 0 0 0 0 0 0 1 0 0 1 1 0 1 0 1 1 0 0 1 0 1
0.066559542341592 1 0 0 0 0 0 0 1 1 0 1 1 1 0 1 1 1 1 1 0 1 0 1
0.072009196051805 1 0 0 0 0 0 1 1 0 0 1 1 1 1 1 1 1 0 1 1 1 0 1
0.093086330155079 1 0 0 0 1 0 0 1 0 0 1 1 1 0 1 1 1 0 0 0 1 0 0
0.039672503158948 1 0 0 0 1 0 0 0 0 0 1 1 1 1 1 0 1 1 0 0 0 1 1
0.139042550439514 1 0 0 0 0 1 0 0 1 1 1 1 1 1 1 1 1 0 1 1 1 1 1
0.054050277098753 0 1 0 0 0 0 0 0 1 0 1 0 1 0 0 1 1 1 0 0 1 0 1
0.178446248341381 0 1 0 0 1 0 0 0 1 0 0 0 1 0 0 1 1 1 0 0 1 0 0
0.079112997062685 0 1 0 0 0 0 0 0 1 0 0 1 0 0 1 0 0 1 0 0 0 0 1
0.166003812854545 1 0 1 0 0 0 0 0 0 1 1 1 1 1 1 1 0 0 0 0 0 0 1
0.055409318127655 0 0 1 0 0 0 0 0 0 0 1 1 1 1 1 1 0 1 0 0 1 1 0
0.086353433327489 1 1 0 0 0 0 0 1 1 0 1 1 1 1 1 1 1 0 0 1 1 0 1
0.067942451129223 0 0 0 0 1 0 0 0 0 0 1 0 0 1 0 1 0 1 0 0 1 0 0
0.058594220962560 0 1 0 0 0 0 0 0 1 0 1 0 0 1 0 0 1 1 0 0 0 0 1
0.034904846007106 0 1 0 0 0 0 0 0 1 0 0 1 1 1 1 1 0 1 0 0 1 0 1
0.050363359432000 1 0 0 0 1 0 0 0 0 0 1 0 1 1 1 1 0 0 1 0 0 1 1
0.050869600009073 0 0 1 0 0 0 0 0 1 0 0 0 1 1 0 0 1 1 0 0 0 0 1
0.077011791754239 1 0 0 0 0 0 0 1 1 0 1 1 1 0 1 1 1 0 0 1 0 1 1
0.073512659775913 0 1 0 0 0 1 0 0 1 0 0 1 1 0 1 1 1 0 0 0 1 0 1
0.014452593268843 1 0 0 0 0 0 0 0 0 0 1 1 1 1 1 1 0 1 1 1 1 0 1
0.057279332894922 1 0 0 0 0 0 1 0 1 0 1 1 1 0 1 0 1 0 1 0 1 0 0
0.040793150380606 0 1 0 0 0 0 1 0 0 0 1 1 1 0 1 1 1 0 0 0 1 0 1
0.072414173657113 1 0 0 0 1 0 0 0 0 1 0 1 0 1 1 1 0 0 0 0 0 1 0
0.041828295561883 1 0 0 0 0 0 0 0 0 1 1 1 1 0 1 1 1 0 0 0 1 1 0
0.076616218698583 0 1 1 0 0 0 0 0 1 0 1 1 1 1 1 0 1 1 0 0 1 0 1
0.036318269152111 1 0 0 0 0 0 0 0 0 0 1 0 1 0 1 1 0 0 1 0 1 1 0
0.139172719958000 1 0 1 0 0 0 0 0 1 1 0 1 0 1 1 1 0 0 1 1 1 0 0
0.074125546935049 1 0 0 0 0 0 0 0 1 0 1 0 1 1 1 1 0 1 1 0 1 0 0
0.086868677483659 0 0 0 1 1 0 0 0 0 0 1 1 0 1 1 0 1 1 0 0 0 0 1
0.033413928392546 1 0 0 0 0 1 0 0 0 0 1 1 1 0 1 1 0 1 0 0 1 0 1
0.083444875254505 0 1 0 0 0 0 0 1 0 0 1 1 1 0 1 0 1 0 0 0 1 0 1
0.037525656077070 1 0 0 0 1 0 0 0 0 0 1 1 1 1 1 1 0 1 0 1 0 1 1
0.043164457729118 1 0 0 0 0 0 0 0 0 1 0 1 0 0 1 1 0 0 1 0 1 0 0
0.033944296674217 0 1 0 0 0 0 0 0 1 0 0 1 1 1 1 0 1 1 0 1 0 0 1
0.063779478067270 0 1 0 0 0 1 0 0 0 0 0 1 1 0 1 0 1 1 0 0 0 0 1
0.168476163293372 0 0 1 0 0 0 0 0 1 0 0 1 0 1 0 0 0 1 0 0 0 0 0
0.086449258991615 0 0 1 0 1 0 0 0 1 0 1 1 1 1 1 0 1 1 1 0 0 0 1
0.104048873890945 1 0 1 0 0 0 0 0 0 0 1 1 1 1 1 0 1 0 1 1 0 0 1
0.051561524419017 0 0 1 0 1 0 0 0 0 0 1 1 1 1 1 1 0 1 0 0 0 1 1
0.021473864729551 1 0 0 0 0 0 1 0 0 0 1 1 1 1 1 1 0 0 1 0 1 1 0
0.033475762665379 1 0 0 0 0 0 0 0 0 0 1 1 1 1 1 1 0 1 1 0 0 1 1
0.038023797484849 1 0 0 0 0 0 0 0 1 0 1 1 1 0 1 1 0 0 1 0 1 0 1
0.111676222076427 0 0 0 1 1 0 0 0 0 0 1 0 1 0 1 1 0 1 0 0 1 0 0
0.090436589094336 0 1 0 0 0 0 0 0 1 0 0 0 1 0 0 0 1 1 0 1 0 0 1
0.095366740385463 0 0 1 0 1 0 0 0 0 0 1 0 1 0 1 1 1 0 0 0 1 0 1
0.085330401641121 0 1 0 0 1 0 0 0 0 0 1 1 0 0 1 1 1 0 0 0 1 0 1
0.094623363437417 1 0 0 0 0 0 1 0 1 0 1 1 1 1 0 1 1 0 1 1 1 0 1
0.125254707980990 0 1 1 0 0 1 0 0 0 1 1 1 1 0 1 1 0 1 0 0 1 0 1
0.126560841278291 0 0 0 1 1 0 0 0 0 0 1 0 0 1 0 1 1 1 0 0 0 0 1
0.065198981014017 0 1 0 0 0 0 0 0 1 1 1 1 0 1 1 1 0 1 0 0 1 1 0
0.088204268893389 1 0 0 0 0 0 1 0 0 0 0 0 1 1 1 1 0 0 1 1 0 1 0
0.022470667647627 0 0 1 0 0 0 0 0 0 0 1 0 1 1 1 1 0 1 0 1 1 0 1
0.016023438809046 1 0 0 0 0 0 0 0 0 1 1 0 1 1 1 1 0 0 1 1 1 0 1
0.049439592026608 1 0 0 0 1 0 0 0 0 0 1 1 0 1 1 1 1 0 0 0 0 1 1
0.068271271966106 1 0 0 0 0 1 0 0 0 0 1 1 0 0 1 1 0 0 0 0 1 1 0
0.052401435511110 1 0 0 0 0 0 1 0 1 0 1 1 1 1 1 1 1 0 0 0 0 1 1
0.046100243205601 0 1 0 0 0 0 0 0 0 0 1 0 1 1 1 1 1 1 0 1 1 0 1
0.039563524816351 1 0 0 0 0 0 0 0 0 0 1 1 1 0 1 1 0 0 1 1 1 0 0
0.038992433821436 0 0 1 0 0 0 0 0 0 0 0 0 1 0 1 0 0 1 0 0 1 0 0
0.098104755136388 0 0 1 0 1 0 0 0 0 0 0 1 1 1 1 0 1 1 0 1 0 0 1
0.087762768048628 0 0 1 0 0 1 0 0 0 0 0 1 1 0 1 1 0 1 0 0 1 0 0
0.065087150811002 0 0 1 0 0 0 0 0 1 1 0 0 1 1 0 1 1 1 1 0 0 0 1
0.103621165492437 0 0 1 0 0 0 0 0 1 1 1 1 1 1 1 1 1 1 0 0 1 1 1
0.152055111278947 0 1 0 0 0 1 0 0 1 0 0 1 0 1 0 1 0 1 0 1 1 0 0
0.057704729009136 1 0 0 0 1 0 0 0 0 0 1 0 1 1 1 0 1 0 0 0 1 1 0
0.048694062805173 1 0 0 0 1 0 0 0 1 0 1 1 1 1 0 1 0 1 1 0 0 0 1
0.063548336321245 1 0 0 0 1 0 0 0 1 1 1 1 1 1 0 1 1 0 1 0 0 1 1
0.053715166324316 1 0 0 0 1 0 0 0 0 1 1 1 1 0 0 1 1 0 0 0 1 1 0
0.072396218665999 0 0 1 0 0 0 0 0 0 0 0 1 0 1 1 1 0 1 1 0 0 0 1
0.066089469252966 0 0 1 0 0 0 0 0 0 0 0 1 1 1 1 1 0 1 0 1 0 0 1
0.077146847823083 1 1 0 0 0 0 0 1 1 1 0 1 1 0 1 1 0 0 0 0 1 0 1
0.053377486748053 1 0 0 0 1 0 0 0 0 1 1 1 1 1 0 1 0 0 1 0 1 0 0
0.133458668612151 1 1 0 0 0 1 0 1 1 0 0 1 1 0 1 0 1 0 0 0 0 0 1
0.051261178836867 0 0 1 0 0 0 0 0 1 0 1 0 1 1 1 0 1 1 1 0 1 0 1
0.113432136845603 0 0 0 0 0 0 0 0 0 0 0 0 0 0 0 1 0 1 0 0 1 0 0
0.119165835534782 0 1 1 0 0 0 0 0 0 0 0 1 1 0 1 1 0 0 0 0 1 0 0
0.036257545889763 1 0 0 0 0 0 0 0 1 0 1 0 1 1 1 1 1 0 1 1 0 0 1
0.179561510983973 0 0 0 0 1 0 0 0 0 0 1 1 1 1 1 0 0 1 0 0 1 0 0
0.042760879724449 0 1 0 0 0 0 1 0 0 0 1 1 1 1 1 0 1 1 0 1 1 0 1
0.078594163295437 0 0 0 0 1 0 0 0 0 0 1 0 1 0 0 0 1 1 0 0 1 0 1
0.087597720686426 0 0 1 0 0 0 0 0 0 0 1 0 1 1 1 1 0 1 1 1 1 0 0
0.056599668552900 1 0 0 0 0 0 0 1 1 0 0 1 0 1 1 0 1 1 0 1 0 0 1
0.068267202369138 0 0 1 0 0 0 0 0 1 0 0 0 0 0 1 0 0 1 1 0 0 0 0
0.033936458550794 0 1 0 0 0 0 0 0 1 0 1 1 1 1 0 1 1 1 0 0 1 0 1
0.035737436841707 1 0 0 0 0 0 0 0 1 0 1 0 1 1 1 0 1 0 1 1 1 0 1
0.066214744786540 0 1 0 0 0 0 0 0 1 1 0 0 0 1 1 0 0 1 0 0 1 0 0
0.088572852694368 1 0 0 0 0 1 0 1 1 0 0 1 1 0 1 1 0 1 0 0 0 0 1
0.034078383144102 0 1 0 0 0 0 0 0 0 1 0 0 0 1 0 1 0 1 0 0 0 0 1
0.096810631627934 0 0 1 0 0 0 0 1 1 0 0 1 0 1 1 0 1 1 1 0 0 0 1
0.053744050628919 0 1 0 0 0 0 0 0 1 0 1 1 0 1 1 0 1 1 0 1 1 0 1
0.041863825554626 1 0 0 0 0 0 1 0 0 0 1 0 1 1 1 0 1 0 1 0 0 0 1
0.056279729260512 0 1 0 0 0 0 0 1 1 1 0 1 1 1 1 1 1 1 0 0 1 0 1
0.091642309008074 1 0 1 0 0 0 0 0 1 1 1 0 1 1 0 1 1 0 1 1 0 0 1
0.125326092113180 0 1 0 0 0 1 1 0 1 0 1 0 1 1 1 0 1 0 0 0 1 0 0
0.067311282710601 1 0 0 0 1 0 0 0 0 0 1 1 0 1 1 1 0 0 1 1 0 0 1
0.055114664151212 1 0 0 0 1 0 0 0 1 0 1 1 1 1 1 0 1 0 1 0 0 0 1
0.054652446974310 0 0 1 0 0 0 0 0 0 0 1 1 0 1 1 1 0 1 0 1 1 1 1
0.025980856671749 1 0 0 0 0 0 1 0 0 0 1 1 1 1 1 0 1 0 0 1 1 1 0
0.043402190858179 0 1 0 0 1 0 0 0 0 0 1 1 1 1 1 1 1 0 0 0 1 1 1
0.072875449077582 0 0 1 0 0 0 0 1 1 0 0 0 1 1 1 1 0 1 0 0 1 0 1
0.114603974616242 0 0 1 0 0 0 1 0 0 0 1 0 1 0 1 0 0 1 0 1 1 0 0
0.043049663942851 1 0 0 0 1 0 0 0 1 0 1 1 1 1 0 1 1 0 0 0 1 1 0
0.135380432445956 1 1 0 0 0 0 0 1 1 1 0 1 0 1 1 1 0 1 0 1 1 0 1
0.070020346735390 0 1 0 0 0 0 1 0 1 0 1 0 1 1 0 1 1 1 0 0 0 0 1
0.065925650240574 0 1 0 0 0 0 1 0 1 0 0 1 1 1 1 0 1 0 0 0 1 0 1
0.065533365744126 0 1 0 0 0 0 0 0 1 0 1 1 1 0 1 1 1 1 0 0 0 0 1
0.022369597340315 1 0 0 0 0 0 0 0 0 1 1 1 0 1 1 1 0 0 1 0 1 1 0
0.046817752895565 1 0 0 0 0 1 0 0 1 0 1 0 1 1 1 1 0 1 0 0 1 0 1
0.051033703556005 0 0 0 0 1 0 0 0 0 0 0 0 0 1 1 1 0 1 0 1 0 0 1
0.075403040821660 1 0 0 0 0 0 0 1 1 1 0 0 1 1 1 1 0 1 1 1 0 0 1
0.022516529301469 1 0 0 0 0 0 0 0 0 0 1 0 1 0 0 1 0 0 1 0 0 0 1
0.053386001607630 1 0 0 0 0 0 0 0 1 0 1 0 1 0 0 1 0 1 0 0 1 0 1
0.072163069868228 0 1 0 0 1 0 0 0 0 0 1 1 1 0 1 1 1 0 0 1 1 0 1
0.045571235863143 1 0 0 0 0 0 0 0 0 0 1 1 1 1 1 0 0 1 0 0 1 1 1
0.025811280420193 1 0 0 0 0 0 0 1 0 0 1 0 1 1 1 1 0 1 0 1 1 0 1
0.064411019043726 1 0 1 0 0 0 0 1 0 1 1 1 1 1 1 1 0 1 0 1 1 0 1
0.042936741500430 0 0 1 0 0 0 0 0 0 0 1 0 1 1 0 1 1 1 0 1 1 0 1
0.118566483496006 0 0 0 0 1 0 0 0 1 0 1 0 1 0 1 0 1 0 0 1 1 0 0
0.029526036404896 1 0 0 0 1 0 0 0 0 1 1 1 1 1 1 1 0 0 1 0 1 1 0
0.027243976150272 1 0 0 0 0 0 0 1 0 0 1 0 1 0 1 1 1 0 0 0 1 0 1
0.066464303278194 0 0 1 0 1 0 0 0 0 0 1 1 1 1 1 1 1 0 1 1 0 1 1
0.066248770476885 1 0 0 0 0 0 0 1 1 0 1 1 1 0 1 1 1 0 0 1 1 0 1
0.059924698858634 1 0 0 0 0 0 0 0 0 0 1 1 0 1 1 1 1 1 0 0 1 0 1
0.054100540980334 1 0 0 0 0 0 0 0 0 0 1 0 1 0 0 1 0 0 0 0 0 1 1
0.052613420899986 0 0 1 0 0 0 0 0 1 0 1 0 0 1 1 1 0 1 0 0 1 1 0
0.034950411367315 1 0 0 0 0 0 1 0 0 0 1 0 1 1 1 1 1 0 0 1 1 0 1
0.020070887730633 1 0 0 0 0 0 0 0 0 0 1 1 1 1 1 1 0 1 0 1 1 1 0
0.097383356009252 0 1 0 0 0 1 0 0 1 0 0 0 1 1 0 1 1 1 0 0 0 0 1
0.050976411083971 0 1 0 0 0 0 0 0 1 1 0 1 1 1 1 0 1 1 0 1 1 0 1
0.053710170394590 1 0 0 0 0 0 0 1 0 0 0 0 1 0 1 1 0 1 0 0 1 0 1
0.047306760303926 0 0 1 0 0 0 0 0 0 0 1 0 1 0 0 0 1 1 0 0 1 0 0
0.050553308925617 1 0 0 0 0 1 0 0 0 0 1 1 0 1 1 1 0 1 0 1 0 0 1
0.114654404077969 1 0 0 0 1 0 0 0 0 0 1 1 0 1 1 1 0 1 0 1 1 0 0
0.094385143968019 0 1 0 0 1 0 0 0 0 0 1 0 1 1 1 1 1 0 0 1 0 0 1
0.032184183592355 0 1 0 0 0 0 0 0 0 0 1 1 1 0 0 0 1 1 0 0 1 0 1
0.054697922137586 1 0 0 0 0 0 1 0 0 1 1 0 1 1 1 1 0 1 0 1 1 1 0
0.046110019145743 1 0 0 0 0 0 0 1 0 1 0 1 1 1 1 1 0 1 0 0 1 1 1
0.061433862913382 1 0 0 0 0 0 0 1 0 0 0 1 0 0 1 1 0 0 0 0 0 0 1
0.062288299654898 1 0 0 0 1 0 0 0 0 1 1 0 1 1 0 1 0 1 0 0 1 1 0
0.019661886616468 1 0 0 0 0 0 0 1 0 0 1 1 1 1 1 1 1 1 0 0 1 1 1
0.052785481092685 1 0 0 0 0 0 0 0 0 0 1 0 1 1 0 1 0 1 1 1 0 0 1
0.048908428343709 0 0 1 0 0 0 0 0 0 0 1 0 1 0 0 0 1 1 1 0 0 0 1
0.045804254400654 1 0 1 0 0 0 0 0 1 1 1 1 1 1 0 0 1 0 0 1 1 0 0
0.051309629469577 1 0 1 0 0 0 0 1 1 1 1 1 1 1 1 0 1 0 0 1 1 0 0
0.044705042612197 0 1 0 0 0 0 0 0 0 0 0 1 0 0 0 0 0 1 1 0 0 0 0
0.082071413686357 0 0 0 0 1 0 0 0 0 0 1 0 0 0 0 1 0 1 0 0 0 0 1
0.148150723013654 0 0 0 1 1 0 0 0 1 0 1 1 0 1 1 1 1 1 0 0 1 1 0
0.096237489612913 0 1 0 0 1 0 0 0 0 0 1 1 1 1 0 1 1 1 1 0 0 0 1
0.093011292518392 1 1 0 0 0 0 0 1 0 1 1 1 1 1 1 1 0 0 0 0 1 1 1
0.034855915709329 0 0 1 0 0 0 0 0 0 0 1 1 1 0 1 0 1 1 0 0 1 0 1
0.109009049153735 1 0 1 0 0 0 0 1 1 0 1 0 1 1 1 0 1 1 0 0 1 0 1
0.044324156331087 0 1 0 0 0 0 0 0 1 1 0 1 0 1 1 1 0 1 0 0 1 0 1
0.112872953948471 0 0 1 1 0 0 0 0 1 0 1 1 1 1 1 1 1 1 0 1 0 0 1
0.143606896529718 0 1 0 0 0 0 0 0 0 1 0 0 0 0 0 0 0 1 0 0 0 0 0
0.039695680234591 1 0 0 0 0 0 0 0 0 1 1 1 0 1 1 0 1 0 0 1 1 0 0
0.032577176457387 1 0 0 0 1 0 0 0 0 1 1 1 1 1 1 1 1 0 0 1 1 1 0
0.038688827087072 0 1 0 0 0 0 0 0 0 0 1 1 1 1 0 0 1 1 1 0 0 0 1
0.064153221059469 1 0 1 0 0 0 0 0 0 1 1 1 1 0 1 0 0 0 1 1 1 0 0
0.032330395143050 1 0 0 0 0 0 0 0 0 1 1 1 1 1 1 1 0 0 1 1 1 1 0
0.021963923488927 0 1 0 0 0 0 0 0 0 0 1 1 1 0 1 0 1 0 1 0 1 0 1
0.046746189104034 1 0 1 0 0 0 0 0 1 1 1 1 1 1 1 0 0 1 0 0 1 1 0
0.066378329118658 0 1 0 0 0 0 1 0 0 1 1 1 1 1 0 1 1 1 0 0 1 0 0
0.043723573092385 0 1 0 0 0 0 0 0 0 0 1 1 0 0 0 1 0 1 0 0 0 0 1
0.087221848309712 0 1 0 0 0 0 0 0 0 0 1 1 1 0 0 0 1 0 0 0 1 0 0
0.054900282593944 1 0 0 0 0 0 0 0 1 0 1 1 1 1 1 1 0 1 0 0 1 1 1
0.038772273543785 1 0 0 0 0 0 0 1 1 0 0 0 1 1 1 1 1 0 1 0 0 1 1
0.052325629832606 0 0 0 0 1 0 0 0 0 0 0 0 0 0 0 1 0 1 0 0 0 0 0
0.062890232651009 1 0 1 0 0 0 0 0 1 1 1 1 1 1 0 1 0 1 0 1 1 0 1
0.058507990485300 0 1 0 0 0 0 0 0 0 1 1 1 0 1 0 1 1 1 0 0 0 0 1
0.028103814287134 1 0 0 0 0 0 0 0 0 0 1 1 0 1 1 0 0 1 0 1 1 1 0
0.042400241508541 1 0 0 0 0 0 0 1 0 1 0 1 1 0 1 1 1 0 0 0 0 1 1
0.163831068132242 0 0 0 1 0 0 0 0 0 0 1 0 0 0 0 0 0 1 0 0 0 0 0
0.099063706886008 0 1 0 0 0 0 0 0 1 1 1 0 0 1 0 1 1 1 1 0 1 0 0
0.019924975633859 0 1 0 0 0 0 0 0 0 0 1 0 1 1 0 1 0 1 0 0 1 0 1
0.052145821449895 0 0 1 0 0 0 0 0 0 1 0 0 1 0 0 1 0 1 0 0 1 0 0
0.070860999760652 1 0 1 0 0 0 0 0 1 1 1 1 1 1 1 0 1 0 1 0 1 0 0
0.030741445215315 1 0 0 0 0 0 0 0 0 0 1 1 0 1 1 0 1 0 0 0 0 1 1
0.051965497816600 1 0 1 0 0 0 0 1 0 1 1 1 1 1 1 0 0 1 0 0 1 1 0
0.041199453724671 1 0 0 0 0 0 0 0 1 1 0 0 1 0 0 1 1 0 1 0 0 0 1
0.068709624480337 0 0 0 0 0 0 0 0 1 0 0 0 0 1 0 0 1 1 1 0 0 0 1
0.034246747900311 1 0 0 0 0 0 0 0 0 0 1 1 1 0 0 1 0 1 1 0 1 1 0
0.062169394411116 1 0 1 0 0 0 0 0 0 1 1 1 1 0 0 1 0 0 0 0 1 1 0
0.036273968915883 0 1 0 0 0 0 0 0 0 0 0 1 0 1 0 0 0 1 1 0 0 0 1
0.079882838617624 0 1 1 0 0 0 0 1 0 1 1 1 1 1 1 1 0 1 0 1 1 0 1
0.122087357663493 1 0 0 1 0 0 0 1 1 0 0 1 1 0 1 1 1 0 1 0 0 0 1
0.066779685973572 0 1 0 0 0 0 0 0 1 0 0 0 0 1 0 1 0 1 1 0 0 0 1
0.075511878642369 0 1 0 0 0 0 1 0 1 1 0 1 1 1 1 1 0 1 0 1 1 0 0
0.127579250578623 1 1 0 0 0 1 1 0 0 0 1 1 1 1 1 0 0 0 0 0 1 0 1
0.018382295653372 0 1 0 0 0 0 0 0 0 0 0 1 1 1 0 1 0 1 0 0 0 1 1
0.023668897371424 1 0 0 0 0 0 0 0 0 0 1 1 0 0 1 0 1 0 1 0 0 0 1
0.028474168739216 0 1 0 0 0 0 0 0 0 0 0 1 1 1 1 0 0 1 0 0 1 0 1
0.052571826576770 0 1 0 0 0 0 0 1 0 0 1 0 1 1 0 1 1 1 0 0 0 0 1
0.052109434123303 0 0 0 0 1 0 0 0 0 0 0 0 1 1 1 1 0 1 0 0 1 1 0
0.091368374203778 1 0 0 0 1 0 0 0 0 0 1 1 1 0 0 1 0 0 1 0 0 1 1
0.138282991793667 1 0 0 0 0 1 0 0 0 0 1 0 1 0 1 1 0 0 1 1 1 0 1
0.050156855790334 1 0 0 0 0 0 0 0 0 0 0 1 0 1 1 0 0 1 1 0 0 0 1
0.037309123103773 0 1 0 0 0 0 0 0 0 0 0 1 1 0 0 1 0 1 1 0 0 0 1
0.036527979062777 1 0 0 0 0 0 0 0 0 0 0 1 0 0 1 0 0 0 1 0 0 1 0
0.038915233780445 1 0 0 0 0 1 0 0 0 1 0 1 1 1 1 1 0 1 0 1 1 0 1
0.054642261635772 0 0 1 0 0 0 0 0 0 0 0 0 1 0 0 1 1 1 0 0 0 0 1
0.012353042465540 1 0 0 0 0 0 0 0 0 0 1 1 1 0 0 1 1 0 1 0 0 1 1
0.029689442779518 0 1 0 0 0 0 0 0 0 1 0 1 1 1 0 1 0 1 0 0 1 1 0
0.019729496923941 1 0 0 0 0 0 0 0 0 0 1 1 1 0 1 0 0 1 0 0 1 1 0
0.044547909174786 0 1 0 0 0 0 0 0 0 0 1 1 1 0 1 0 0 1 1 0 1 0 0
0.065115787819805 0 1 0 0 1 0 0 0 0 0 0 1 1 1 0 1 0 1 0 0 0 1 1
0.022406754098090 1 0 0 0 0 0 0 1 0 0 0 1 0 1 1 1 0 1 0 0 0 1 1
0.033446255874675 1 0 0 0 0 0 0 0 1 1 0 1 0 1 1 0 1 0 1 1 0 0 1
0.080698334968028 1 1 0 0 0 0 0 1 1 0 1 1 1 0 0 1 1 0 1 0 0 0 1
0.049966624217438 0 1 0 0 0 1 0 0 0 0 0 1 1 1 1 0 0 1 0 0 1 1 0
0.073365139688334 0 1 0 0 0 0 0 0 0 0 0 1 0 1 1 0 0 1 1 0 1 1 0
0.071455121762480 0 0 0 0 0 0 0 0 0 0 0 0 0 0 0 0 0 1 1 0 0 0 0
0.016413056041563 1 0 0 0 0 0 0 0 1 0 0 1 1 0 1 1 1 0 1 0 0 1 1
0.070017506600367 0 1 1 0 0 0 0 0 1 1 1 1 1 0 1 0 1 0 1 0 1 0 0
0.142353335726576 1 0 1 0 0 0 0 0 1 1 1 0 1 1 0 0 0 1 1 1 1 0 0
0.044661128810506 1 0 0 0 0 1 0 1 0 0 1 1 1 1 1 1 0 1 0 0 1 0 1
0.015432359653267 1 0 0 0 0 0 0 0 0 0 1 1 1 0 1 0 1 0 1 0 0 1 1
0.054944761308625 0 1 0 0 0 0 0 0 1 0 1 0 1 1 1 0 1 0 1 1 1 0 1
0.067301202588883 0 1 1 0 0 0 0 0 0 1 1 1 1 0 0 1 1 0 0 0 1 0 1
0.049389353166565 0 1 0 0 0 0 0 0 1 0 0 1 1 0 0 0 1 1 1 0 0 0 1
0.035747670582795 0 0 1 0 0 0 0 0 0 0 1 0 0 1 1 0 0 1 0 0 1 0 1
0.015271489296160 1 0 0 0 0 0 0 0 0 0 1 1 1 0 0 1 1 0 1 0 1 0 1
0.046733297264955 0 1 0 0 0 0 0 1 0 0 0 1 1 0 0 1 1 1 0 0 0 0 1
0.106040801524746 0 1 1 0 0 0 0 0 0 0 1 1 1 0 1 0 1 0 1 0 1 0 1
0.021266393713536 1 0 0 0 0 0 0 0 1 0 1 1 1 1 1 0 1 1 0 1 1 0 1
0.096067260596763 0 1 1 0 0 0 0 1 0 1 1 1 1 0 1 1 0 1 0 0 1 0 0
0.088580648704750 0 1 0 0 0 0 0 0 1 1 1 0 1 1 0 1 1 0 0 1 1 0 1
0.066859114393462 1 0 0 0 0 1 1 0 0 0 1 1 1 1 1 0 0 1 0 0 1 1 0
0.067932829320087 1 1 0 0 0 0 0 0 0 1 1 1 1 0 0 1 0 0 1 0 1 0 1
0.075916062978610 0 1 0 0 1 0 0 0 0 1 1 1 1 1 0 1 1 1 0 0 1 1 1
0.068002209190546 0 0 1 0 0 0 0 0 0 0 1 1 0 0 1 0 0 1 0 0 0 1 0
0.077063664622026 1 0 1 0 0 0 1 0 0 1 1 1 1 1 1 0 1 0 0 1 1 1 0
0.099495704234819 1 1 0 0 0 0 0 1 1 1 0 1 1 0 0 1 1 0 0 0 0 1 1
0.050834399863215 0 0 1 0 0 0 0 0 0 0 1 0 1 1 1 0 0 1 0 0 1 1 1
0.020246226235869 1 0 0 0 0 0 0 0 0 1 1 1 1 0 1 1 1 0 1 0 1 0 1
0.031385419446571 0 1 0 0 0 0 0 0 1 0 1 1 1 0 1 1 1 0 1 0 1 0 1
0.086246621386895 0 0 1 0 1 0 0 0 0 0 1 0 1 1 0 1 1 0 0 1 0 0 1
0.089407017676233 1 0 1 0 0 0 0 0 1 1 0 1 1 0 0 0 1 0 0 0 1 0 0
0.060597975927006 0 1 0 0 0 0 0 0 1 1 0 1 1 1 1 0 1 0 1 0 1 0 0
0.054827953123381 0 1 0 0 0 0 0 0 0 1 0 1 1 1 0 1 0 1 1 0 1 0 0
0.096744003496221 1 1 0 0 0 0 1 1 1 1 1 1 1 1 1 0 1 0 0 0 1 0 0
0.024029613853566 1 0 0 0 0 0 0 0 0 0 1 0 1 0 0 0 1 1 0 0 0 0 1
0.060714187313590 0 0 0 0 0 0 0 0 0 0 1 0 0 0 0 0 1 1 0 0 0 0 1
0.028465750406336 0 1 0 0 0 0 0 0 1 0 1 1 1 1 1 0 1 1 1 0 1 0 1
0.058058647911031 1 0 0 0 0 0 0 0 1 0 1 0 1 0 0 0 1 0 1 0 0 0 1
0.020311911708413 1 0 0 0 0 0 0 0 0 1 0 1 0 1 1 1 0 0 1 1 0 1 1
0.019364073113323 1 0 0 0 0 0 0 0 0 0 1 1 1 0 0 1 1 1 0 0 1 0 1
0.025563893348050 1 0 0 0 0 0 1 0 0 0 1 1 1 1 1 0 1 1 0 1 0 1 1
0.055633595546272 1 0 0 0 0 1 0 0 0 0 0 1 0 1 1 1 0 1 0 0 0 1 1
0.058732749600236 0 0 1 0 0 0 0 0 1 0 1 0 1 1 1 0 1 1 0 1 1 0 1
0.059398434664741 1 0 0 0 1 0 0 0 0 0 1 0 1 1 0 1 0 1 0 0 0 0 1
0.023265136250420 0 0 1 0 0 0 0 0 0 0 1 0 1 1 0 1 1 1 0 0 0 1 1
0.029426817112932 0 0 1 0 0 0 0 0 0 0 1 0 1 1 0 1 0 1 0 0 1 0 1
0.024625830956817 1 0 0 0 0 0 1 0 0 0 1 1 1 1 1 0 1 1 0 0 1 0 1
0.035122181983927 0 0 1 0 0 0 0 0 0 0 1 0 1 0 1 1 0 1 0 0 1 1 0
0.048631741585388 1 0 0 0 1 0 0 0 1 1 0 1 1 1 1 1 0 0 1 1 0 0 1
0.123739917117340 1 0 0 1 1 0 0 0 0 0 1 1 1 1 1 0 1 0 0 0 0 1 1
0.049311428794575 1 0 1 0 0 0 0 0 0 1 1 1 1 1 0 0 1 1 0 0 1 0 1
0.053983236224868 0 1 0 0 0 1 0 0 0 0 1 1 1 1 1 0 0 1 0 1 1 0 1
0.013356107262711 1 0 0 0 0 0 0 0 0 0 0 1 1 0 1 1 0 0 1 0 0 1 1
0.107619190415271 1 0 1 0 0 1 0 0 0 1 1 1 1 1 1 0 0 1 0 1 1 0 0
0.036233358401568 0 0 1 0 0 0 0 0 0 0 1 0 0 1 0 0 1 1 0 0 0 0 1
0.037583188061617 1 0 0 0 0 0 1 0 0 0 1 0 1 1 0 1 1 0 0 0 1 1 0
0.054006424405840 1 0 0 0 0 0 0 0 1 1 1 1 1 0 0 1 1 0 1 0 1 0 0
0.067369055304328 1 0 0 0 1 0 0 1 0 0 1 1 1 1 1 1 1 1 0 0 0 1 1
0.040425807867014 1 0 0 0 0 0 1 1 0 0 1 1 1 1 1 1 0 1 0 0 1 1 0
0.039470045844613 1 0 0 0 0 0 0 0 1 1 0 0 1 1 1 1 1 0 1 1 1 0 1
0.025767215574791 1 0 0 0 0 0 0 0 0 1 1 1 0 1 1 0 1 1 0 1 0 1 1
0.047965985932650 0 0 1 0 0 0 1 0 0 0 1 0 1 1 1 1 0 1 0 0 1 0 1
0.029878774853338 1 0 0 0 0 0 0 0 0 0 1 0 0 1 1 0 0 1 0 1 0 0 1
0.017470182808302 1 0 0 0 0 0 0 0 0 1 1 1 0 1 1 1 0 1 0 1 1 0 1
0.045115122805398 0 1 0 0 0 0 0 0 0 0 1 1 1 1 0 0 0 1 0 0 1 1 0
0.069379248364796 0 1 0 0 1 0 0 0 0 0 1 1 1 0 1 0 1 1 0 0 1 0 1
0.036150938766642 1 0 0 0 1 0 0 0 0 1 1 1 1 1 0 1 1 1 0 0 1 0 1
0.058332984947812 1 0 0 0 0 0 1 0 0 1 1 1 0 1 1 0 1 0 0 0 1 1 0
0.162411015147768 1 1 1 0 0 0 0 1 1 1 1 1 1 0 1 0 0 0 0 0 1 0 0
0.034156121592353 0 0 0 0 1 0 0 0 0 0 0 0 0 1 0 0 1 1 0 0 0 0 1
0.019528907592511 1 0 0 0 0 0 0 0 0 1 1 0 1 1 0 1 1 1 0 0 1 0 1
0.056963387663813 0 1 1 0 0 0 0 0 0 1 1 1 1 1 0 1 0 1 0 0 1 0 1
0.028734492436531 1 0 0 0 0 0 0 0 0 1 1 1 1 1 0 1 0 1 1 0 1 0 1
0.044503370178015 0 0 0 0 0 0 0 0 0 0 0 0 0 1 0 0 0 1 0 0 0 0 1
0.088117539015758 0 0 0 0 1 0 0 0 0 1 0 0 1 1 0 1 1 1 0 0 1 0 0
0.020628739930361 1 0 0 0 0 0 0 1 0 0 1 0 1 1 1 0 1 1 0 0 0 1 1
0.031640863406385 1 0 0 0 0 0 0 1 0 0 1 0 1 1 0 1 1 1 0 0 1 0 1
0.037971270104167 0 1 0 0 0 0 0 0 0 0 1 1 1 1 0 0 1 1 0 0 0 1 1
0.070110423793079 0 0 0 0 1 0 0 0 0 0 1 0 0 1 1 0 1 1 1 1 0 0 1
0.033219837127041 1 0 0 0 0 0 0 0 0 0 1 0 1 1 0 0 1 1 0 0 1 1 0
0.030857633161314 0 1 0 0 0 0 0 0 0 0 1 1 1 0 0 1 1 1 0 1 0 0 1
0.036546480104128 1 0 0 0 0 0 1 0 0 0 1 0 1 1 0 1 1 1 0 0 0 1 1
0.017557794464172 1 0 0 0 0 0 0 0 0 0 1 0 1 0 1 0 1 0 0 0 0 1 1
0.040061814122688 0 1 0 0 0 0 0 0 1 0 0 1 1 0 1 0 1 0 1 1 0 0 1
0.015258703914004 1 0 0 0 0 0 0 0 0 1 1 0 1 1 1 0 1 1 0 1 1 0 1
0.019073862764089 1 0 0 0 0 0 0 0 0 0 1 0 1 1 1 0 1 1 0 1 0 1 1
0.071454703517212 1 0 1 0 0 0 0 0 1 1 0 1 1 0 1 0 0 0 1 0 0 1 0
0.033894211622681 1 0 0 0 1 0 0 0 0 1 1 1 1 1 1 1 0 1 1 0 1 0 1
0.068810738018103 1 1 0 0 0 0 0 0 0 1 1 1 1 1 0 1 0 1 0 0 1 1 0
0.082028005608112 0 1 0 0 0 0 1 0 1 0 1 1 1 0 1 0 1 0 1 0 1 0 0
0.041945947167831 0 0 1 0 0 0 0 0 0 0 1 1 1 0 1 1 0 1 0 0 1 0 1
0.079814528612746 0 1 1 0 0 0 0 0 1 1 1 1 1 0 1 1 1 0 0 1 1 0 0
0.041410806983422 1 0 0 0 1 0 0 0 0 1 1 1 0 1 1 1 0 1 0 0 0 1 1
0.034703587089326 1 0 0 0 0 0 0 0 0 0 1 0 1 0 0 0 1 0 0 0 1 0 0
0.016253587190344 1 0 0 0 0 0 0 0 0 1 1 0 1 1 1 1 0 1 1 0 1 0 1
0.063067494934908 0 1 0 1 0 0 0 0 1 0 1 1 1 1 1 0 1 1 0 0 1 0 1
0.135804575322044 0 0 1 0 1 0 0 0 0 0 0 0 1 0 1 1 0 1 0 0 1 0 0
0.122950334418194 0 0 1 0 1 0 0 0 0 0 1 1 0 0 1 0 1 0 0 0 0 0 1
0.029109558697195 1 0 0 0 0 0 0 1 0 0 1 1 1 0 1 0 1 1 0 0 1 0 1
0.055626466060424 1 0 0 0 0 1 0 0 1 0 1 1 0 1 1 0 1 1 0 0 0 0 1
0.019851430150428 1 0 0 0 0 0 0 0 0 0 1 1 1 0 0 1 1 0 0 0 1 1 0
0.038348650180778 0 0 1 0 0 0 0 0 0 1 1 0 1 1 0 1 1 1 0 0 1 0 1
0.025806308530031 0 1 0 0 0 0 0 0 0 0 1 0 1 1 0 1 0 1 0 0 1 1 0
0.021622208304201 0 0 1 0 0 0 0 0 0 0 1 0 0 1 1 1 0 1 0 0 0 1 1
0.011403977324564 1 0 0 0 0 0 0 0 0 1 1 0 1 1 1 1 1 0 1 1 0 1 1
0.165325714396236 0 1 0 1 1 0 0 0 0 0 1 1 1 1 1 1 0 1 0 0 0 1 1
0.054637887512031 0 1 0 0 0 0 1 0 0 0 0 1 1 1 0 1 0 1 0 0 0 0 1
0.038262888604195 1 0 0 0 0 0 0 0 0 0 1 0 1 0 0 1 1 0 1 0 0 1 1
0.027429421177627 1 0 0 0 0 0 0 0 0 1 1 0 0 1 1 0 1 0 1 1 0 0 1
0.048132541735454 1 0 0 0 0 0 1 1 0 0 1 0 1 1 1 1 1 0 0 0 0 1 1
0.042390821013068 0 0 0 0 1 0 0 0 0 0 0 1 0 1 1 1 0 1 0 0 0 1 1
0.160248477580464 0 0 1 0 0 0 0 1 0 0 1 0 0 0 1 0 0 1 0 0 0 0 0
0.024691588695538 1 0 0 0 0 0 0 0 1 0 1 1 1 1 1 0 1 0 1 0 1 1 0
0.135271312378873 0 1 1 0 0 0 0 0 0 1 0 1 0 0 1 0 0 1 0 0 1 0 0
0.090827257363173 0 1 1 0 0 0 0 1 1 1 1 0 1 1 1 1 1 0 0 0 1 0 1
0.112244679924879 0 0 1 0 1 0 0 0 0 0 1 1 0 1 1 1 1 1 0 1 0 1 1
0.029976995055643 0 0 1 0 0 0 0 0 0 0 1 1 1 1 1 0 1 1 1 1 0 1 1
0.065764109420736 1 0 1 0 0 0 0 0 0 1 1 1 1 1 0 1 1 1 0 1 0 1 1
0.086820007539301 1 1 0 0 0 0 0 0 0 0 1 1 1 0 0 1 0 0 1 0 0 0 1
0.062731548722628 1 1 0 0 0 0 0 1 0 1 1 1 1 1 0 1 0 1 0 0 1 0 1
0.064292901148465 0 1 0 0 1 0 0 0 0 1 1 0 1 1 1 1 1 0 0 0 1 1 0
0.068177852163600 0 1 0 0 0 0 0 1 0 1 0 1 0 1 1 1 0 1 0 0 1 0 0
0.037679229685350 0 1 0 0 0 0 0 0 0 0 1 1 1 0 1 0 1 1 1 1 0 0 1
0.028139727954214 1 0 0 0 0 0 1 0 0 0 1 1 1 1 0 1 0 1 0 0 1 1 0
0.088318335656915 0 0 1 0 1 0 0 0 0 0 1 1 1 1 1 0 1 0 1 1 1 0 1
0.063274483397328 0 0 1 1 0 0 0 0 0 0 1 1 1 1 1 0 1 1 0 0 0 1 1
0.136716984946039 1 0 1 1 0 0 0 1 1 1 1 1 1 1 1 0 1 1 0 0 1 0 1
0.025586902258841 1 0 0 0 0 0 0 0 1 1 0 1 1 1 1 1 1 0 1 0 0 1 1
0.022628806572220 1 0 0 0 0 0 0 0 0 0 1 0 1 1 1 0 0 1 0 0 1 1 0
0.088724331635199 0 1 1 0 0 0 0 1 0 1 1 1 1 0 0 1 1 1 0 0 0 0 1
0.029929243344230 0 0 1 0 0 0 0 0 0 0 1 1 0 1 1 0 1 1 0 0 0 1 1
0.027718389235073 1 0 0 0 0 0 0 0 0 0 1 1 0 0 0 1 0 0 1 0 0 1 0
0.062229427591868 0 1 0 0 0 0 0 0 0 0 1 1 1 0 0 1 0 1 0 0 1 0 0
0.067909237949743 0 0 1 0 0 0 0 0 0 0 1 0 1 1 0 1 1 1 1 0 0 0 1
0.051989295337456 0 0 1 0 0 0 1 0 0 0 1 1 1 1 0 1 1 1 0 0 0 1 1
0.037074105655907 1 0 0 0 1 0 0 0 0 1 1 1 1 1 0 1 0 1 0 1 0 0 1
0.058678533019272 0 0 1 0 0 0 0 0 0 0 1 1 1 1 0 0 1 1 0 0 0 1 1
0.030984114698113 0 1 0 0 0 0 0 0 0 0 1 0 1 1 1 0 1 1 0 0 1 0 1
0.071824981996716 1 0 1 0 0 0 0 0 0 1 1 1 1 0 0 1 0 0 1 1 0 1 0
0.030877129103585 0 0 1 0 0 0 0 0 0 0 1 1 1 0 1 0 1 1 1 0 0 1 1
0.114256319027527 1 0 1 0 1 0 0 0 1 1 1 1 1 1 0 0 1 0 0 0 1 0 0
0.158137994771321 0 1 1 0 0 0 0 0 0 1 1 0 1 1 0 1 1 1 0 0 1 0 0
0.122819932293636 0 1 0 0 0 1 0 0 1 0 0 1 0 1 1 0 0 1 1 0 1 0 0
0.079487494168433 0 0 1 0 0 0 0 0 1 1 0 0 1 0 1 0 1 0 1 0 1 0 0
0.052756680546080 0 1 0 0 0 1 0 0 0 0 1 1 1 1 0 0 1 1 0 0 1 0 1
0.034810537355258 1 0 0 0 0 0 0 0 1 0 0 1 0 0 1 1 0 0 1 0 0 1 0
0.021490211956111 1 0 0 0 0 0 0 1 0 0 1 1 1 0 1 1 1 0 1 0 0 1 1
0.024632531428650 1 0 0 0 0 0 0 0 0 1 1 1 0 1 1 1 1 0 1 1 0 0 1
0.043456428051289 1 0 0 0 0 0 0 0 0 0 1 1 0 0 1 0 1 0 0 0 0 1 0
0.016341777739083 1 0 0 0 0 0 0 1 0 0 1 1 1 1 1 1 0 1 1 0 1 0 1
0.041130882410316 1 0 0 0 0 0 0 1 0 0 1 0 0 1 1 0 1 1 0 0 0 0 1
0.019549764216894 1 0 0 0 0 0 0 0 0 0 0 1 1 0 0 1 0 0 1 0 0 0 1
0.164731314789265 1 0 1 0 1 0 0 0 0 1 1 1 1 1 0 1 0 1 1 1 0 0 1
0.062843561606121 0 1 0 0 1 0 0 0 0 0 0 1 1 1 1 0 1 0 1 0 0 1 1
0.076037252649676 0 1 0 0 1 0 0 0 1 1 0 1 1 1 1 1 1 0 1 0 1 0 1
0.043893331683779 1 0 0 0 1 0 0 0 0 1 1 1 1 1 1 1 0 0 1 0 0 1 1
0.066412338705275 0 0 0 0 1 0 0 0 0 0 0 1 1 0 1 0 1 0 1 0 0 0 1
0.063635292427351 0 1 0 0 0 0 0 1 1 0 0 1 1 1 1 0 1 1 0 0 0 0 1
0.060903860593800 1 0 1 0 0 0 0 1 1 1 1 1 1 1 0 1 1 1 0 0 1 0 1
0.024739057182677 1 0 0 0 0 0 0 0 0 0 0 1 1 0 1 1 0 0 0 0 1 1 0
0.031178034286643 0 0 0 0 1 0 0 0 0 0 0 0 1 1 1 0 1 0 1 0 0 1 1
0.031779869773209 0 0 0 0 1 0 0 0 0 0 0 0 1 1 0 1 1 1 0 0 0 1 1
0.055972366218323 0 0 0 0 1 0 0 0 0 0 0 0 1 1 0 0 1 0 1 0 1 1 0
0.104628155138009 0 0 0 1 1 0 0 0 0 0 0 1 1 1 1 0 1 1 1 0 0 1 1
0.045552167819489 0 0 0 0 1 0 0 0 0 0 1 0 1 1 1 1 1 0 1 0 1 1 1
0.039128305753008 1 0 0 0 1 0 0 0 0 1 1 1 1 0 1 1 0 1 0 0 1 0 1
0.051331166215809 0 0 1 0 0 0 0 0 0 0 0 0 1 1 1 0 1 1 1 0 0 1 1
0.048890600418757 0 0 0 0 1 0 0 0 0 0 0 0 1 1 0 0 1 1 1 0 0 0 1
0.132904051152141 0 1 0 0 1 0 0 0 1 0 0 0 1 1 1 0 1 0 1 0 1 0 0
0.060324353890770 1 0 0 0 1 0 0 0 1 0 1 1 1 0 1 1 0 0 1 0 1 0 0
0.035610412484730 0 1 0 0 0 0 0 0 0 1 0 1 1 0 0 1 1 0 1 0 0 0 1
0.056254827400615 0 1 0 0 1 0 0 0 0 0 0 1 1 1 0 1 1 0 0 0 0 1 1
0.053794773647823 1 0 0 0 0 0 0 0 0 0 1 1 1 0 1 0 0 0 1 0 1 0 0
0.043325753759474 0 1 0 0 0 0 0 0 1 1 0 1 1 0 1 1 1 0 1 0 1 0 1
0.085245643397126 1 0 0 0 1 1 0 0 0 1 1 1 1 1 0 1 0 1 0 0 1 0 1
0.025406600712397 0 1 0 0 0 0 0 0 0 0 1 0 1 1 0 1 0 1 0 1 0 1 1
0.019218631944181 1 0 0 0 0 0 0 0 0 1 1 1 1 1 0 1 1 1 0 1 1 0 1
0.153067869833621 0 1 1 0 0 0 0 1 1 1 0 1 1 0 1 1 1 0 1 0 0 0 0
0.045256202924021 0 0 0 0 1 0 0 0 1 0 0 0 1 1 1 1 1 0 1 0 0 1 1
0.038527746485146 0 0 1 0 0 0 0 0 0 0 1 1 1 0 1 0 1 0 1 0 1 1 0
0.034329420290352 0 0 1 0 0 0 0 0 0 0 1 1 1 0 1 0 1 0 1 1 0 0 1
0.048280558835650 0 0 1 0 0 0 0 0 0 0 1 0 1 0 1 0 0 0 1 0 1 0 0
0.086156903316713 0 0 0 0 0 0 0 0 0 0 0 0 0 1 1 0 0 1 0 1 0 1 1
0.084416807017270 1 1 0 0 0 0 0 1 0 0 1 1 1 0 1 0 1 0 0 0 1 1 0
0.094574852361479 0 1 1 0 0 0 1 0 1 1 1 1 1 0 1 1 1 0 0 0 1 0 1
0.041431577709475 0 0 1 0 0 0 0 0 0 0 1 0 1 0 1 0 1 0 1 0 0 1 0
0.061531501744628 0 0 1 0 0 0 0 0 1 0 1 0 1 1 1 0 1 0 1 0 0 1 1
0.119959116324983 1 1 0 0 0 0 1 1 0 0 1 1 1 0 1 1 1 0 0 0 1 0 1
0.057380960236171 1 0 0 0 0 1 1 0 0 1 1 1 1 1 1 1 0 1 0 0 1 0 1
0.041423777519363 0 0 1 0 0 0 0 0 0 0 0 0 1 0 0 0 1 0 1 0 0 0 0
0.034146174855427 1 0 0 0 0 0 1 0 0 0 1 1 0 1 1 1 0 1 0 0 1 1 0
0.067472671114484 1 0 1 0 0 0 0 1 0 1 1 1 1 1 1 0 1 1 0 1 0 0 1
0.034052671037062 0 1 0 0 0 0 0 0 1 0 0 1 1 1 1 0 0 1 0 0 1 1 0
0.036754753886470 1 0 0 0 0 0 1 0 0 1 0 0 1 1 1 1 1 0 0 1 0 1 1
0.028240707400530 1 0 0 0 0 0 0 0 0 0 1 1 0 0 0 1 0 1 0 0 0 0 1
0.084451007775215 1 0 0 0 1 0 0 1 1 0 1 1 1 1 1 0 1 0 1 0 1 1 0
0.025881381919081 1 0 0 0 0 0 0 1 0 0 1 1 1 0 1 1 0 1 0 0 1 1 0
0.105425915358740 1 1 0 0 0 1 0 0 1 0 1 1 1 1 1 0 0 1 0 0 1 1 0
0.024069952203740 1 0 0 0 0 0 0 0 0 0 1 1 0 1 0 0 1 1 0 1 0 0 1
0.045876526440984 1 0 0 0 1 0 0 0 0 1 1 1 0 1 1 0 1 0 0 1 0 0 1
0.053171933422855 1 0 0 0 0 0 1 0 1 0 1 0 1 1 1 0 1 0 0 0 1 1 0
0.020050003681771 1 0 0 0 0 0 0 0 0 0 1 0 1 1 0 0 1 1 0 0 1 0 1
0.090277008685290 1 1 0 0 0 0 0 1 1 1 0 1 1 1 1 1 1 0 0 0 1 1 0
0.043183830878014 1 0 0 0 0 0 0 1 1 0 0 1 1 0 1 1 1 0 1 0 0 0 1
0.024482081249702 1 0 0 0 0 0 0 1 0 1 1 0 1 1 1 1 1 0 1 0 1 0 1
0.033543151006429 0 1 0 0 0 0 1 0 0 0 1 1 1 1 1 1 0 1 0 0 1 1 0
0.037253068374451 0 1 0 0 0 0 1 0 0 0 1 0 1 1 1 1 0 1 0 0 1 0 1
0.044906838141419 0 0 0 0 1 0 0 0 0 0 0 0 1 0 1 0 1 1 0 0 0 0 1
0.057824782397600 0 1 0 0 0 0 1 0 0 0 1 1 1 1 0 1 1 1 0 0 1 1 1
0.053631018571435 0 0 0 0 1 0 0 0 0 0 1 0 1 1 1 1 1 1 0 0 0 1 1
0.038793911449064 0 0 1 0 0 0 1 0 0 0 0 1 1 1 1 1 0 1 0 0 0 1 1
0.027534028237512 1 0 0 0 0 0 0 1 0 1 1 1 1 1 1 1 1 1 0 1 1 0 1
0.030084120082464 0 1 0 0 0 0 0 0 0 0 0 1 0 1 0 0 1 1 0 0 0 0 1
0.072685697099907 0 0 0 0 1 0 0 0 0 0 1 0 1 1 0 1 1 0 1 0 0 1 0
0.064356914590703 0 0 1 0 0 0 0 0 0 0 0 0 0 1 0 1 0 1 0 0 0 1 1
0.077923699924204 0 0 1 0 0 1 0 0 0 0 1 1 1 0 1 0 1 1 0 1 0 0 1
0.019925311444726 0 1 0 0 0 0 0 0 0 0 0 1 1 0 1 0 1 0 1 0 0 1 1
0.154073940090249 1 0 0 1 1 0 0 0 1 1 1 1 0 1 1 1 0 0 1 1 0 0 0
0.023401539084482 0 1 0 0 0 0 0 0 0 0 1 1 1 0 0 1 1 0 1 0 0 1 1
0.026363912160216 0 1 0 0 0 0 0 0 0 0 0 1 1 0 0 0 1 0 1 0 0 0 1
0.022134152249306 0 1 0 0 0 0 0 0 0 0 1 0 1 1 0 1 1 1 0 0 0 1 1
0.018555244956949 0 1 0 0 0 0 0 0 0 1 0 1 1 1 0 1 1 1 1 0 0 1 1
0.026213333351963 1 0 0 0 0 0 0 0 0 1 1 0 1 0 0 1 1 0 0 1 0 0 1
0.024898847475951 0 1 0 0 0 0 0 0 0 0 1 1 1 0 1 0 1 1 0 0 1 1 0
0.043661590466182 0 1 0 0 0 0 0 0 0 0 1 0 1 1 1 1 0 1 0 0 1 1 0
0.040824671437022 0 0 1 0 0 0 0 0 0 0 0 1 1 0 1 0 0 1 1 0 0 1 0
0.058780784477040 0 1 0 0 0 0 0 0 1 1 0 1 1 1 0 1 1 0 1 0 0 1 1
0.063023796597302 0 1 0 0 0 0 0 0 0 0 0 1 1 0 0 1 1 1 1 0 0 1 1
0.049159378622471 0 1 0 0 0 0 0 0 0 1 1 1 1 1 0 0 1 1 1 0 1 1 0
0.026477887985041 0 1 0 0 0 0 0 0 0 1 1 1 1 1 0 1 1 1 1 0 1 0 1
0.039280725457065 0 1 0 0 0 0 0 0 0 0 1 1 1 0 1 0 1 0 0 1 0 1 1
0.079212821199093 0 1 0 1 0 0 0 0 0 1 0 1 1 1 0 1 1 1 0 0 0 1 1
0.029521635385927 0 1 0 0 0 0 0 0 0 1 1 1 1 0 1 1 1 0 1 0 1 1 0
0.042956460964595 0 1 0 0 0 0 0 0 0 1 0 1 0 1 0 1 0 1 1 0 0 1 1
0.037292931440174 0 1 0 0 0 0 1 0 0 1 1 1 1 1 1 1 1 0 1 0 1 0 1
0.045581152442379 0 1 0 0 0 0 0 0 0 1 1 1 1 0 1 1 1 0 1 1 0 1 1
0.062599641079403 0 1 0 0 0 0 1 0 0 1 0 1 0 1 1 1 0 1 0 0 1 1 0
0.100572653209266 0 0 1 0 0 0 0 0 0 0 1 0 1 0 0 0 1 0 0 0 0 0 1
0.024237046615082 0 1 0 0 0 0 0 0 0 1 1 0 1 1 1 1 1 0 1 0 1 0 1
0.046731394014327 0 0 1 0 0 0 0 0 0 0 0 0 1 0 1 1 0 0 1 0 0 1 0
0.025651353956549 0 1 0 0 0 0 0 0 0 1 1 0 1 1 0 1 1 1 1 0 0 1 1
0.091452714827915 0 1 1 0 0 0 0 0 0 1 1 1 1 0 1 0 1 0 1 1 0 1 0
0.020964599190052 1 0 0 0 0 0 0 1 0 0 1 1 1 1 1 1 1 0 1 0 1 1 0
0.069872043905371 0 1 0 0 0 0 0 1 0 1 1 1 1 1 0 1 1 1 1 0 0 1 1
0.023453368595333 0 1 0 0 0 0 0 0 0 0 1 1 1 1 1 0 1 0 1 1 0 1 1
0.075471600504702 1 0 1 0 0 0 0 0 0 1 1 1 1 0 0 1 1 0 0 1 1 0 0
0.024413132931749 0 1 0 0 0 0 0 0 0 0 1 1 1 0 1 0 1 0 1 0 1 1 0
0.111888416108157 1 1 0 0 1 0 0 1 1 1 1 1 1 1 0 1 0 1 0 0 0 0 1
0.055524845987894 0 1 0 0 0 0 0 0 0 1 1 1 1 1 1 1 1 0 1 0 1 1 1
0.017980417922730 1 0 0 0 0 0 0 1 0 0 1 1 1 1 1 1 1 0 1 1 0 1 1
0.069396756355972 0 1 0 1 0 0 0 0 0 1 1 1 1 0 1 1 1 0 1 0 1 0 1
0.038616509568314 1 0 0 0 0 0 0 0 0 0 1 1 0 1 0 0 1 0 1 0 1 0 0
0.130927736600965 0 0 1 1 0 0 0 0 0 0 1 1 1 0 1 0 1 0 1 1 0 1 0
0.030484930498425 0 1 0 0 0 0 0 0 0 1 1 1 1 0 1 1 1 1 0 0 1 0 1
0.074665365072438 1 0 1 0 0 0 0 0 1 1 1 1 0 1 0 0 1 1 1 0 0 0 1
0.030022389256754 1 0 0 0 0 0 0 0 0 1 1 1 0 1 0 1 0 1 0 0 1 1 0
0.012543082682435 1 0 0 0 0 0 0 0 0 1 1 0 1 1 1 1 0 1 0 1 1 0 1
0.018458877653534 1 0 0 0 0 0 0 0 1 1 0 1 1 1 1 1 0 1 1 0 1 0 1
0.017079067601724 1 0 0 0 0 0 0 0 0 1 1 0 1 1 0 1 1 1 0 1 0 1 1
0.076143233393045 1 0 1 0 0 0 0 1 0 1 1 1 0 1 1 0 1 0 1 0 0 1 0
0.041377352867332 0 0 0 0 1 0 0 0 0 0 0 0 1 1 0 0 1 1 0 1 0 0 1
0.029743220333433 0 1 0 0 0 0 0 0 0 0 1 0 1 0 1 0 1 0 1 0 0 1 1
0.080218478412159 1 0 1 0 0 0 0 0 1 1 0 1 1 0 0 1 0 0 1 0 0 0 1
0.043288967529290 0 0 1 0 0 0 1 0 0 0 1 1 1 1 1 1 0 1 1 0 0 1 1
0.023334394408572 1 0 0 0 0 0 0 0 0 0 1 1 1 1 0 1 1 0 1 0 1 1 0
0.023321755203628 1 0 0 0 0 0 0 0 0 1 1 0 0 1 0 1 1 0 0 1 0 0 1
0.027421539178424 1 0 0 0 0 0 0 0 0 0 1 1 0 1 1 0 1 0 1 1 0 0 1
0.048811960208454 0 1 0 0 0 0 0 0 0 0 1 1 1 0 1 0 1 0 1 0 0 1 0
0.067663220174979 0 1 1 0 0 0 0 0 0 1 1 1 1 0 1 1 0 0 1 0 1 1 0
0.070293654775294 0 0 1 0 0 0 0 0 0 1 0 0 1 0 0 0 1 1 1 0 0 0 0
0.075132599094379 0 1 0 0 1 0 0 0 0 1 1 1 1 0 1 1 1 0 1 0 1 1 0
0.045822425723487 1 0 0 0 0 0 0 0 1 0 1 1 0 1 0 0 1 1 0 0 1 0 0
0.053043217611004 0 0 1 0 0 0 1 0 0 0 1 1 1 1 1 1 0 1 0 1 0 1 1
0.088603722416999 1 1 0 0 0 0 0 1 0 1 0 1 1 1 1 1 0 0 1 0 0 1 1
0.013709414540371 1 0 0 0 0 0 0 0 0 1 1 0 0 1 1 1 1 0 0 1 0 1 1
0.033243018632117 0 1 0 0 0 0 0 0 0 1 0 0 1 1 0 1 0 1 1 0 0 1 1
0.015021430585160 1 0 0 0 0 0 0 0 0 0 1 1 0 0 1 1 1 0 0 0 0 1 1
0.059889701205488 0 1 0 0 0 0 0 0 0 0 1 0 1 0 0 1 1 0 1 1 0 0 1
0.031996382790664 1 0 0 0 0 0 0 0 0 1 1 1 0 0 0 1 1 0 1 0 0 0 1
0.052093418043524 0 1 0 0 0 0 0 1 0 0 0 0 1 1 0 1 0 1 0 1 0 0 1
0.025214623251157 1 0 0 0 0 0 0 1 0 0 1 1 0 1 1 1 0 1 0 0 1 1 0
0.071700086966852 1 0 1 0 0 0 0 0 0 1 1 1 0 1 0 0 1 0 0 0 1 1 0
0.035602646420981 1 0 0 0 1 0 0 0 0 1 1 1 1 1 0 1 1 0 0 0 1 1 0
0.054038128199848 1 0 0 1 0 0 0 0 0 1 1 1 1 1 0 1 1 1 0 1 0 1 1
0.025694179459000 1 0 0 0 0 0 0 0 0 1 0 1 0 0 1 1 0 0 0 1 0 1 0
0.082053574153622 1 0 1 0 0 0 0 0 1 0 1 1 1 0 0 0 1 0 1 0 1 0 0
0.074271178664532 1 0 0 1 0 0 0 1 0 0 1 1 1 1 1 1 0 1 0 0 1 1 0
0.045163390237692 1 0 0 0 0 0 1 0 1 0 0 1 1 1 1 0 1 0 1 0 0 1 1
0.097063937630580 0 1 0 1 0 0 0 0 0 0 1 1 1 0 1 0 1 1 0 1 0 0 1
0.114396844407274 0 1 0 1 0 0 1 0 0 1 1 1 1 1 1 1 1 1 0 0 1 0 1
0.059482428908014 0 0 1 0 0 0 0 0 0 1 1 0 1 0 0 1 1 0 1 0 1 0 0
0.042651193920337 1 0 0 0 1 0 0 0 1 1 1 1 1 1 1 0 1 1 0 0 1 0 1
0.026480556442913 0 1 0 0 0 0 0 0 0 1 0 1 1 1 0 1 0 1 1 1 0 0 1
0.048932632824554 0 0 0 0 1 0 0 0 0 0 1 0 0 1 1 1 0 0 1 0 1 1 0
0.038003901171898 1 0 0 0 0 0 0 0 1 1 1 0 0 1 1 0 1 1 0 1 0 0 1
0.075022368216089 0 1 0 0 0 1 0 0 0 0 1 1 1 0 1 0 1 0 1 0 0 1 1
0.070342852514998 0 0 0 0 1 0 0 0 0 0 0 1 1 0 0 0 1 1 0 0 0 0 1
0.026295397381513 1 0 0 0 0 0 0 0 0 1 0 1 0 0 1 1 0 0 1 0 0 0 1
0.021373851864508 1 0 0 0 0 0 0 0 0 1 1 1 0 1 0 1 1 1 0 0 0 1 1
0.035696330946093 0 1 0 0 0 0 0 0 0 1 0 1 1 1 0 1 0 1 0 0 1 0 1
0.049419347235621 0 0 1 0 0 0 0 0 0 1 0 1 1 0 1 1 0 0 1 1 1 0 0
0.055146315171637 1 0 0 0 1 0 0 0 1 0 1 1 1 1 0 0 1 0 1 0 1 0 0
0.093177279204613 0 1 0 0 0 1 0 0 1 0 1 1 1 0 1 0 1 1 0 0 1 0 1
0.135614364384638 0 1 0 0 1 1 0 0 0 0 1 1 1 1 1 1 1 0 0 0 1 1 0
0.054806379552548 0 1 0 0 0 1 0 0 0 1 0 1 1 1 1 0 1 0 1 1 0 0 1
0.041849049832831 1 0 0 0 0 1 0 0 0 0 1 0 1 1 1 0 1 0 0 1 0 0 1
0.071235146240793 1 0 0 0 0 1 0 0 0 0 1 0 1 0 0 1 0 1 0 0 0 0 1
0.150991382249117 1 1 0 1 0 0 0 1 0 1 1 1 1 1 0 1 1 0 0 0 0 1 1
0.064494420022120 1 0 0 0 0 1 1 0 0 0 1 1 1 1 1 1 1 0 0 1 0 1 1
0.049114958120179 0 1 0 0 0 1 0 0 0 0 0 1 1 1 1 0 1 0 0 1 0 1 1
0.031678580013667 1 0 0 0 0 0 0 1 1 0 0 1 1 1 1 1 0 0 1 0 1 1 0
0.062297014808992 1 0 0 0 1 0 0 0 0 1 1 0 1 1 1 0 1 1 0 1 0 0 1
0.021107894032745 0 0 1 0 0 0 0 0 0 0 1 0 1 1 1 1 0 1 1 0 0 1 1
0.104976350210107 1 0 0 0 1 1 0 0 0 0 1 1 1 0 1 0 0 1 0 0 0 0 1
0.043998779410428 0 0 1 0 0 0 0 0 0 1 1 0 1 1 1 1 0 0 1 0 1 1 0
0.032556302385304 0 0 1 0 0 0 0 0 0 1 1 0 1 1 1 1 0 1 1 0 1 0 1
0.066934322233895 0 0 0 0 1 0 0 0 1 0 0 0 0 1 1 0 1 0 1 0 0 0 1
0.055777097135916 0 0 0 0 1 0 0 0 1 0 0 0 1 1 1 1 0 1 1 0 1 0 1
0.063300933375970 1 0 0 0 1 0 0 0 1 0 0 1 1 1 1 1 0 0 1 0 1 1 0
0.138537265387723 0 1 0 1 0 1 0 0 1 0 0 1 1 1 1 0 1 0 0 0 0 0 1
0.048248121221038 0 0 1 0 0 0 0 0 0 0 1 1 1 0 1 0 0 1 1 0 1 1 0
0.110332869873930 1 1 0 0 1 0 0 0 1 1 1 1 1 1 1 0 1 0 0 0 1 1 0
0.030831320297592 0 0 1 0 0 0 0 0 0 0 1 0 1 1 1 1 0 0 1 0 1 1 1
0.036922667483265 1 0 0 0 0 0 0 0 1 0 0 1 1 0 0 1 0 0 1 0 1 0 0
0.030799448614001 1 0 0 0 0 0 0 0 0 1 1 1 0 1 0 1 1 0 0 1 1 1 0
0.034622425041852 1 0 0 0 0 0 0 1 1 0 0 1 1 1 1 0 1 1 0 0 1 1 0
0.050796095463296 1 0 0 0 0 1 0 0 0 1 0 1 0 1 1 0 1 0 0 1 0 0 1
0.026462474197910 0 1 0 0 0 0 0 0 0 0 0 1 1 0 1 0 0 1 0 0 1 1 0
0.075571154971394 0 0 1 0 1 0 0 0 0 1 1 0 1 1 1 1 0 0 1 0 1 0 1
0.030748786632057 1 0 0 0 0 0 0 0 1 0 0 1 1 0 1 0 1 0 1 0 0 0 1
0.069451166676982 0 0 0 0 1 0 0 0 1 0 0 0 1 1 0 1 1 1 0 0 0 0 1
0.138101762161383 0 0 1 0 1 0 0 0 0 0 1 0 1 0 1 0 1 0 1 1 0 0 0
0.035435237233034 1 0 0 0 0 0 0 1 0 0 1 0 1 1 1 0 1 0 0 1 1 1 0
0.035086633244866 0 0 0 0 1 0 0 0 0 0 0 0 1 1 1 1 0 0 1 0 0 1 1
0.086621450265918 0 1 0 0 0 0 1 0 0 1 1 1 1 1 0 1 0 1 1 0 1 1 0
0.023696032522332 1 0 0 0 0 0 0 1 0 0 1 0 1 1 1 0 1 1 0 0 1 0 1
0.044235163900130 0 0 0 0 1 0 0 0 0 1 0 0 1 1 1 1 1 0 1 0 0 1 1
0.058322331992245 0 0 1 0 1 0 0 0 0 0 0 1 1 1 1 1 0 0 1 0 0 1 1
0.062297704835447 1 0 0 0 1 0 0 0 0 0 1 1 1 0 0 1 0 1 0 0 1 0 0
0.018762413586101 0 1 0 0 0 0 0 0 0 1 0 1 1 1 0 1 1 1 0 1 0 1 1
0.040764537485067 1 0 0 0 0 0 0 1 1 0 0 1 1 0 1 1 1 0 0 0 1 1 0
0.037062586579296 0 0 1 0 0 0 0 0 0 1 1 0 1 1 1 1 1 0 1 1 1 0 1
0.069875486828601 1 0 1 0 0 0 0 1 1 1 1 1 0 1 1 0 1 1 0 0 0 1 0
0.043841977144853 1 0 0 0 0 0 0 0 0 0 1 0 0 0 1 0 1 0 0 1 0 0 1
0.075328390341458 0 1 0 0 0 0 0 0 0 1 0 1 0 1 0 0 1 1 1 1 0 0 1
0.054455639910574 1 1 0 0 0 0 0 0 1 1 1 1 1 1 1 0 0 1 1 0 1 0 1
0.026000267052325 0 1 0 0 0 0 0 0 0 0 1 1 0 1 0 1 0 1 0 0 1 1 0
0.064676016088680 1 1 0 0 0 0 0 1 1 1 0 1 1 1 1 0 0 1 0 0 1 1 0
0.045483867469935 1 0 1 0 0 0 0 0 1 1 1 1 1 1 1 0 0 1 1 1 0 0 1
0.103449845589915 0 1 0 0 0 1 1 0 0 0 0 1 1 1 1 1 0 1 0 0 1 0 1
0.071241094623819 1 0 1 0 0 0 0 1 1 0 1 1 1 1 1 0 0 1 1 0 0 1 0
0.086970003408060 1 0 1 0 0 0 1 0 1 0 1 1 1 1 1 0 0 1 1 0 0 0 1
0.084538659283877 0 0 1 0 0 0 0 1 0 0 1 0 1 1 0 0 1 1 0 0 1 0 1
0.071208411962021 0 1 1 0 0 0 0 0 0 1 1 1 1 0 1 1 1 0 0 0 1 1 0
0.062168747735745 1 1 0 0 0 0 0 1 1 1 1 1 1 1 1 0 1 0 1 1 1 0 0
0.070124656596810 1 1 0 0 0 0 0 1 1 1 1 0 1 1 1 0 1 0 1 0 0 0 1
0.024672714638284 1 0 0 0 0 0 0 0 0 1 1 1 0 1 1 1 0 1 0 1 0 1 1
0.062368997524898 1 1 0 0 0 0 0 1 1 1 1 1 1 1 1 1 0 1 1 0 1 0 1
0.042262899607525 0 1 0 0 0 0 1 0 0 0 1 1 1 1 1 0 1 0 1 0 0 1 1
0.057129149763856 0 1 0 0 0 1 0 0 0 1 1 0 1 1 1 1 1 0 0 1 1 0 1
0.025294383437762 0 1 0 0 0 0 0 0 0 0 1 1 0 1 1 0 0 1 0 0 1 1 0
0.040770527156441 0 0 1 0 0 0 0 0 0 0 1 1 0 1 0 0 1 1 0 0 1 0 1
0.045845291652642 1 0 0 0 1 0 0 0 0 0 1 1 1 0 1 0 1 0 0 0 1 0 1
0.047664328186759 0 1 0 0 0 0 0 1 0 0 0 1 1 1 0 0 1 1 0 0 1 1 0
0.036328554522779 0 0 1 0 0 0 0 0 0 0 0 0 1 0 0 1 0 1 0 0 0 1 0
0.055520818468442 0 1 0 0 0 0 0 0 1 0 0 1 0 1 1 0 0 1 0 0 1 0 0
0.037866304046778 0 1 0 0 0 0 0 0 0 1 1 1 1 1 1 1 0 1 1 1 1 0 1
0.048577688937970 0 1 0 0 0 0 0 0 0 0 1 1 0 0 0 0 1 0 1 0 0 0 1
0.051353326115492 1 0 0 1 0 0 0 0 0 1 1 1 1 0 0 1 1 0 0 0 1 1 0
0.061430484536947 1 0 0 1 0 0 0 0 0 1 1 1 1 0 0 1 1 1 0 0 1 0 1
0.108828058018372 0 1 0 0 1 0 0 1 0 1 0 1 1 0 1 1 1 0 0 0 1 0 0
0.093601499531709 1 0 0 1 0 0 0 1 1 0 1 1 1 1 0 1 1 1 0 0 1 1 0
0.034208699486868 0 1 0 0 0 0 1 0 0 0 1 1 1 1 1 0 1 1 0 0 1 1 0
0.141139511652462 1 0 0 1 1 0 0 0 0 1 1 1 1 1 0 1 1 0 0 1 1 1 0
0.046853891018681 1 0 1 0 0 0 0 0 1 1 1 1 1 1 1 0 1 0 1 1 0 1 0
0.077571692791816 1 0 0 1 0 0 0 0 1 1 0 1 1 0 1 1 0 1 0 0 1 1 0
0.047947812812928 1 0 0 1 0 0 0 0 0 1 1 1 1 0 1 1 1 0 0 0 0 1 1
0.086262360404840 0 1 0 1 0 0 0 0 0 1 1 1 1 0 1 1 1 1 0 0 1 1 0
0.061317411382944 1 1 0 0 0 0 0 0 0 1 1 1 1 1 1 0 0 0 1 0 1 1 0
0.068927055281326 0 0 0 0 1 0 0 0 0 1 0 0 0 1 1 1 0 0 1 0 1 0 0
0.061248199883410 1 0 0 1 0 0 0 0 0 0 1 1 1 0 0 1 1 0 0 0 0 1 1
0.078567739516885 0 0 0 0 0 0 0 0 0 0 0 0 0 1 0 0 0 1 0 0 1 1 0
0.083438367945022 0 1 0 0 1 0 0 0 0 1 1 0 1 1 0 1 1 0 1 0 0 1 1
0.033430377109547 1 0 0 0 0 0 1 0 0 0 1 1 1 0 1 1 1 0 0 0 0 1 1
0.024915065939485 0 1 0 0 0 0 0 0 0 0 0 1 1 1 1 0 0 1 0 1 1 1 0
0.028231824515112 1 0 0 0 0 0 0 1 0 0 1 1 1 1 1 0 1 1 0 1 1 1 0
0.032497304679055 1 0 0 0 0 0 0 0 0 1 1 0 1 1 1 0 1 0 0 1 0 1 1
0.030474083655707 1 0 0 0 0 0 0 1 0 0 0 1 1 1 1 1 0 1 0 1 1 1 0
0.075537293843990 0 0 0 1 1 0 0 0 0 0 1 1 1 0 1 1 1 0 0 0 0 1 1
0.024442957851294 1 0 0 0 0 0 0 0 1 1 0 1 1 1 0 1 1 0 1 1 0 0 1
0.031828242016483 0 1 0 0 0 0 0 1 0 0 0 1 1 1 1 0 1 1 0 1 0 1 1
0.036752082987106 1 0 0 0 0 0 1 0 1 0 0 1 1 1 1 1 0 1 0 0 1 1 0
0.080885524780662 0 0 0 0 1 0 0 0 0 1 1 0 0 1 1 1 0 1 0 0 1 1 0
0.075277030211442 0 0 1 0 0 0 0 0 0 0 0 1 0 0 0 0 1 1 1 0 0 0 0
0.182944528839778 0 0 1 1 1 0 0 0 0 0 1 1 1 1 1 1 1 0 0 0 0 1 1
0.113357382423529 1 0 0 1 1 0 0 0 0 1 1 1 1 0 0 1 0 1 0 0 0 0 1
0.123075186758122 0 0 0 1 1 0 0 0 0 0 0 1 0 0 1 1 0 1 0 0 0 1 0
0.053691571382349 1 0 0 1 0 0 0 0 1 1 1 1 1 1 0 1 1 0 1 0 0 1 1
0.155440898983197 0 1 0 1 1 0 0 0 1 1 1 1 1 0 1 1 1 0 0 0 1 0 0
0.090623472399798 1 0 0 1 0 1 0 0 1 1 1 1 1 1 1 1 1 0 0 0 1 0 1
0.114356591643702 0 0 1 1 0 0 0 0 1 1 1 1 0 1 1 0 1 1 1 0 0 0 1
0.012935799876128 0 1 0 0 0 0 0 0 0 0 0 1 1 1 1 0 0 1 0 1 0 1 1
0.030689746663203 0 1 0 0 0 0 1 0 0 0 0 1 1 1 1 0 1 1 0 0 0 1 1
0.127858044324000 0 0 0 1 1 0 0 0 0 1 1 0 1 1 1 1 1 0 1 1 0 1 1
0.145832366567174 1 0 1 1 0 0 0 0 1 1 1 1 1 1 0 1 1 1 0 0 0 1 1
0.021050583926595 1 0 0 0 0 0 0 0 0 0 1 1 1 0 0 1 0 0 1 0 1 1 0
0.048703232221851 0 0 1 0 0 0 0 0 1 0 1 0 1 1 1 1 0 0 1 0 1 0 1
0.038856019766037 0 0 1 0 0 0 0 0 0 0 1 1 0 1 1 0 0 1 1 0 0 1 1
0.020997093938568 1 0 0 0 0 0 0 0 0 0 1 0 1 0 1 0 0 1 0 0 1 0 1
0.027719775263645 0 0 1 0 0 0 0 0 0 0 1 1 1 0 1 1 1 0 1 0 0 1 1
0.056255625896689 0 0 0 0 0 0 0 0 0 0 0 0 0 0 0 0 0 1 0 1 0 0 0
0.080846169581339 1 0 0 1 0 0 0 0 1 1 0 1 0 1 1 0 1 0 0 1 0 1 0
0.033579802014488 1 0 0 0 0 0 0 1 0 1 0 1 0 1 1 1 1 0 0 1 0 1 1
0.059340979333615 0 0 1 0 0 0 0 0 0 1 1 0 0 0 1 1 0 0 1 0 1 0 0
0.080412809698714 1 0 0 0 0 1 0 0 0 1 0 1 0 0 1 1 0 0 0 0 0 1 0
0.032312870017031 0 1 0 0 0 0 1 0 0 0 0 1 1 1 1 1 0 1 0 1 0 1 1
0.047535488562081 1 0 0 0 0 1 0 0 1 0 0 1 1 1 1 1 0 0 1 1 0 0 1
0.059057091793667 1 0 0 1 0 0 0 0 1 0 1 1 1 0 1 0 1 0 0 0 1 1 0
0.030249561316322 0 0 0 0 1 0 0 0 0 0 0 0 1 0 1 1 1 0 0 0 0 1 1
0.044072357702533 1 0 0 0 1 0 0 0 0 1 1 1 1 0 1 1 1 0 0 0 0 1 1
0.017642908774945 1 0 0 0 0 0 0 0 0 0 1 1 1 0 0 0 1 1 0 0 1 0 1
0.046082209527786 0 0 0 0 1 0 0 0 0 0 1 0 0 1 1 1 0 1 1 0 1 0 1
0.050139855141145 0 0 1 0 0 0 0 0 0 1 1 0 1 1 0 1 1 1 0 1 0 1 1
0.043760681938561 0 0 1 0 0 1 0 0 0 0 1 1 1 1 1 1 1 0 0 1 1 0 1
0.082745807049037 1 0 0 1 0 0 1 0 1 0 1 1 1 1 1 0 1 1 0 0 0 1 1
0.078197531109505 1 0 1 0 0 0 0 0 0 1 1 1 0 1 1 0 0 1 1 0 0 1 0
0.095910967294958 0 1 0 0 1 0 0 0 0 0 0 1 1 0 1 0 1 0 0 0 1 1 0
0.056920314062575 0 0 1 0 0 1 0 0 0 0 1 1 1 1 0 1 1 1 0 0 1 0 1
0.032749036137868 0 0 1 0 0 0 0 0 0 0 1 1 1 1 1 1 0 0 1 1 1 0 1
0.028004194199290 0 0 1 0 0 0 0 0 1 0 0 1 1 1 1 1 0 1 1 0 0 1 1
0.077503051050584 0 0 1 0 0 1 0 0 0 0 1 1 0 1 1 0 1 1 0 0 1 0 1
0.015465076119795 1 0 0 0 0 0 0 0 1 0 0 1 1 1 1 1 0 0 1 1 0 1 1
0.134268024281568 0 1 1 0 0 1 0 0 0 1 1 1 1 1 1 1 1 0 0 1 1 0 1
0.034852365699073 1 0 0 0 0 1 0 0 0 0 1 1 1 1 0 0 1 1 0 0 1 0 1
0.072376953144217 1 0 0 0 0 1 0 0 0 0 1 0 1 1 1 0 0 1 0 1 1 0 1
0.029200868829130 0 0 0 0 1 0 0 0 0 0 0 0 1 1 1 1 1 0 0 1 0 1 1
0.108837890901463 1 0 1 0 0 0 0 1 1 1 0 1 1 1 1 0 1 0 1 1 0 0 0
0.033749621119885 0 0 1 0 0 0 0 0 0 0 1 1 1 0 1 1 1 0 1 1 1 0 1
0.079634962333441 1 0 0 0 1 0 0 0 0 1 1 1 0 1 0 0 1 1 0 0 1 0 1
0.053034145258718 0 1 0 0 0 0 0 1 0 1 0 0 1 1 0 1 1 1 0 0 0 1 1
0.075797110090075 0 1 1 0 0 0 0 0 0 1 1 1 1 0 0 1 0 1 1 0 0 0 1
0.059689113049207 1 0 0 0 0 1 0 0 1 1 0 1 1 1 0 1 1 1 0 0 1 0 1
0.032968077578808 0 0 0 0 1 0 0 0 0 0 0 1 1 1 1 1 1 0 1 1 0 1 1
0.101631379839532 1 0 1 0 1 0 0 1 1 1 1 1 1 1 1 0 0 1 0 1 0 0 1
0.071955599505698 1 1 0 0 0 0 0 0 1 1 0 1 1 1 0 1 0 0 1 1 0 0 1
0.031666032432558 0 0 1 0 0 0 0 0 0 0 0 1 1 0 1 0 0 1 1 0 0 0 1
0.133786394731824 1 1 0 1 0 0 0 1 1 1 1 1 1 1 1 0 1 0 1 0 1 1 0
0.026279308196311 1 0 0 0 0 0 0 0 0 0 1 0 1 1 0 1 0 1 0 0 1 1 0
0.047286653260640 1 0 0 0 1 0 0 1 0 1 1 1 1 1 1 1 0 1 0 0 1 1 0
0.026494672596578 0 1 0 0 0 0 0 0 0 0 0 1 1 1 0 0 1 1 1 0 0 1 1
0.086516871565801 1 0 1 0 0 1 0 0 1 1 1 1 1 1 0 0 1 1 0 0 0 0 1
0.040030277786087 1 0 0 0 0 1 0 0 0 1 1 0 1 1 1 1 1 0 0 1 1 0 1
0.054548085216759 0 1 0 0 1 0 0 0 0 1 0 1 1 1 1 1 0 1 0 0 1 0 1
0.065101007924414 0 0 0 0 1 0 1 0 0 0 0 0 1 1 1 1 1 0 1 0 0 1 1
0.053234635279006 0 0 1 0 0 0 1 0 0 0 1 1 1 1 1 0 1 1 0 0 0 1 1
0.035056291957368 0 1 0 0 0 0 1 0 0 0 1 0 1 1 1 1 1 0 0 1 0 1 1
0.016302360158044 0 1 0 0 0 0 0 0 0 1 0 1 1 1 1 0 1 1 1 0 0 1 1
0.052373379202268 0 0 1 0 0 0 0 0 0 0 1 1 1 0 1 1 0 0 1 1 1 1 0
0.013827426284393 0 1 0 0 0 0 0 0 0 0 0 1 1 1 1 0 0 1 1 0 0 1 1
0.035693450607304 0 1 0 0 0 0 0 0 0 0 0 1 1 1 1 0 0 1 1 1 0 0 1
0.019497071081626 0 1 0 0 0 0 0 0 0 0 1 1 1 1 1 0 1 1 0 1 0 1 1
0.044855187771283 0 1 0 0 0 0 0 0 1 1 0 0 1 1 1 0 1 1 1 0 0 0 1
0.023244960143774 0 0 1 0 0 0 0 0 0 0 1 1 1 1 1 1 1 0 1 1 0 1 1
0.045308623931896 0 1 0 0 0 0 1 0 0 1 1 1 1 1 1 1 1 0 0 1 1 1 0
0.047234158807010 1 0 0 0 0 0 1 0 0 1 1 0 1 1 0 1 1 1 0 1 0 0 1
0.059665746463028 1 0 0 1 0 0 0 0 0 1 1 1 0 1 0 0 1 1 0 0 0 0 1
0.128581893076899 0 1 1 0 1 0 0 1 1 1 1 1 1 1 1 1 0 0 0 0 1 0 1
0.078122265943878 0 1 0 0 0 0 0 1 0 0 1 1 0 1 0 0 1 1 0 0 1 0 1
0.070895481851228 1 0 0 1 0 0 0 1 0 1 1 1 0 1 1 1 1 0 0 0 1 1 0
0.057644772602317 0 1 0 0 1 0 0 0 0 1 1 0 1 1 1 1 0 0 1 0 1 0 1
0.064735797957117 1 0 0 0 1 0 0 0 0 1 1 0 1 1 0 1 0 0 1 1 0 0 1
0.068622565762192 0 0 1 0 0 0 1 0 0 0 1 0 1 1 0 1 1 0 0 0 1 1 0
0.056516961536444 0 1 0 1 0 0 0 0 0 1 1 1 1 1 1 0 1 1 1 0 0 1 1
0.034250196995446 0 0 0 0 1 0 0 0 0 0 0 0 1 0 1 1 0 1 0 0 1 0 1
0.015794594248884 1 0 0 0 0 0 0 0 1 0 1 1 1 1 1 0 1 1 1 0 1 0 1
0.025218594124455 1 0 0 0 0 0 0 0 0 1 1 0 0 1 1 1 0 0 0 1 1 1 0
0.014433297625264 1 0 0 0 0 0 0 0 0 0 1 1 0 1 1 1 0 0 0 1 1 1 0
0.047612563587424 0 1 0 0 0 0 0 0 0 1 1 1 1 0 1 0 1 1 1 0 1 0 0
0.113198291334327 1 1 0 0 0 1 0 1 0 1 1 1 1 1 1 0 1 1 0 0 1 0 1
0.060553661124226 1 0 0 1 0 0 0 0 1 1 1 0 1 1 1 0 1 1 0 0 1 0 1
0.062844914541345 1 0 0 1 0 0 0 1 0 0 1 1 1 1 1 0 1 1 0 0 0 1 1
0.054079588775374 0 0 0 0 1 0 0 0 0 0 0 0 0 0 1 1 0 0 0 0 0 0 1
0.053556754726347 0 0 0 0 1 0 0 0 0 0 0 0 1 1 0 1 1 0 0 1 1 1 0
0.076108189916846 1 0 1 0 0 0 0 1 1 0 1 1 1 1 1 0 1 1 0 0 1 1 0
0.064937548744097 0 0 1 0 0 0 0 1 0 0 1 1 0 1 1 1 0 1 0 0 0 1 1
0.019811625307310 1 0 0 0 0 0 0 0 0 1 1 0 1 0 1 0 1 1 0 0 1 0 1
0.159935791316138 0 0 1 0 0 1 0 0 0 0 0 0 1 0 0 0 1 0 0 0 1 0 0
0.058414537264880 1 0 0 0 0 1 0 0 0 1 0 1 0 1 1 1 0 0 0 1 1 0 0
0.043977631586732 1 0 0 0 0 0 0 0 0 1 1 0 0 1 1 0 1 1 0 0 0 0 1
0.075923757465485 0 1 1 0 0 0 0 0 0 1 1 1 0 1 1 1 0 1 0 0 1 0 1
0.041583110429581 0 0 1 0 0 0 0 0 0 0 1 1 1 1 1 1 1 0 1 0 1 0 1
0.050300169882169 0 0 1 0 0 1 0 0 0 0 1 1 1 1 1 1 1 1 0 1 0 1 1
0.109864944375032 1 1 0 0 0 0 0 1 0 1 1 0 1 1 1 1 0 0 1 1 1 0 1
0.025892129614575 0 1 0 0 0 0 0 0 0 1 0 0 1 1 1 1 1 0 1 1 0 1 1
0.038284521768874 1 0 0 0 0 0 0 0 0 1 1 0 1 0 0 1 0 1 0 0 1 0 1
0.091558142000195 0 0 1 0 0 1 0 0 1 0 1 1 1 1 1 1 0 1 0 1 1 0 1
0.022730165081446 1 0 0 0 0 0 0 0 1 0 1 0 1 1 1 0 0 1 1 0 1 0 1
0.051866421082390 1 0 0 1 0 0 0 0 0 1 1 1 1 0 1 0 1 0 0 0 1 0 1
0.023695734622563 1 0 0 0 0 0 0 0 0 0 1 1 0 1 0 1 0 1 0 1 0 1 1
0.029929048097791 1 0 0 0 0 0 0 1 1 0 0 1 1 1 1 1 0 1 1 0 0 1 1
0.076008633050767 0 1 0 0 0 0 1 0 1 1 0 0 1 1 1 1 1 0 1 0 0 0 1
0.071768745858769 0 1 0 0 1 0 0 0 0 1 1 1 0 1 1 1 0 0 1 0 1 0 0
0.021668065730620 0 0 1 0 0 0 0 0 0 0 1 1 1 0 1 1 1 1 0 1 0 1 1
0.021912360993577 0 1 0 0 0 0 0 0 0 1 0 1 1 1 1 1 0 1 0 1 0 1 1
0.038323940103523 0 1 0 0 0 0 0 0 0 1 0 1 1 1 1 0 0 1 0 0 1 1 0
0.055343990848421 1 0 0 1 0 0 0 0 0 1 1 1 0 1 1 1 1 0 0 1 0 1 1
0.073769727930912 1 0 0 0 1 0 0 0 0 1 1 0 1 0 1 1 0 0 0 0 1 0 0
0.063559925016958 0 0 1 0 0 0 0 0 0 1 1 1 1 0 1 1 1 0 0 1 1 0 1
0.038590402294184 1 0 0 0 0 0 0 0 1 1 1 1 0 1 0 1 1 1 0 1 0 0 1
0.038597520703296 0 1 0 0 0 0 0 0 0 0 0 0 1 1 1 1 0 1 0 1 0 1 1
0.027261786713297 0 0 1 0 0 0 0 0 0 1 0 0 1 1 1 1 0 0 1 0 1 0 1
0.063748924241130 1 1 0 0 0 0 0 0 1 1 1 1 0 1 0 0 1 0 1 0 1 0 0
0.072858318069910 1 0 0 1 0 0 0 0 1 1 1 1 0 1 0 0 1 0 1 0 1 0 0
0.042846328863454 1 0 0 0 1 0 0 0 0 0 1 1 1 1 0 1 0 0 1 0 1 1 0
0.082191041136889 0 0 1 0 0 0 1 0 0 1 0 0 1 1 1 1 0 0 1 0 1 1 0
0.032982705320150 0 0 1 0 0 0 0 0 0 1 0 0 1 1 1 1 0 0 1 1 0 1 1
0.065359582365930 1 1 0 0 0 0 0 0 1 1 1 1 1 0 1 0 1 0 1 0 1 0 0
0.017047853881873 1 0 0 0 0 0 0 1 0 0 1 0 1 1 1 1 1 0 0 1 0 1 1
0.021557708298552 0 0 1 0 0 0 0 0 0 0 0 1 1 0 1 1 0 1 0 0 0 1 1
0.017035079073462 1 0 0 0 0 0 0 0 0 0 1 1 1 0 1 0 1 0 1 0 1 1 0
0.065766277794059 0 0 1 0 0 0 0 0 1 0 1 0 0 1 0 1 1 1 0 0 1 0 1
0.017710652990674 0 1 0 0 0 0 0 0 0 1 0 0 1 1 1 0 1 0 1 0 0 1 1
0.066647326519494 0 1 0 0 1 0 0 0 0 1 0 1 1 1 1 1 0 0 1 1 0 1 1
0.033980901461347 0 1 0 0 0 0 0 1 0 0 1 1 1 1 1 1 0 1 0 1 1 1 0
0.013180840776224 1 0 0 0 0 0 0 0 0 0 1 1 0 1 0 1 1 0 1 0 0 1 1
0.028900057692629 1 0 0 0 0 0 0 1 1 0 1 1 1 1 1 1 1 0 1 0 1 0 1
0.040766455442085 0 0 1 0 0 0 0 1 0 0 1 1 1 1 1 1 1 1 0 1 1 0 1
0.077994148771068 0 1 0 0 1 0 0 1 0 0 1 1 1 1 0 1 1 0 0 0 1 1 0
0.039510076036987 0 1 0 0 0 0 0 1 0 0 1 0 1 1 1 1 1 0 0 1 1 1 0
0.097832873639105 0 1 0 0 0 0 0 1 0 1 1 1 1 0 1 1 1 1 0 1 1 1 0
0.015135341352117 1 0 0 0 0 0 0 0 0 0 1 0 1 1 1 0 1 0 1 0 0 1 1
0.049967009297270 0 1 0 0 0 0 1 0 0 0 1 0 1 1 1 1 0 0 0 1 1 1 0
0.030466284160560 0 0 1 0 0 0 0 0 0 1 0 0 1 1 1 1 0 1 0 0 0 1 1
0.055563460248313 1 0 0 0 1 0 0 0 1 1 1 1 1 1 1 0 1 0 1 1 1 0 0
0.020298482696175 0 1 0 0 0 0 0 1 0 0 0 1 1 1 1 1 1 0 0 1 0 1 1
0.045199511254929 0 1 0 0 0 0 0 1 1 0 0 1 1 1 1 1 1 0 0 1 1 0 1
0.044172819347853 1 0 0 0 0 0 0 0 0 0 0 1 0 0 0 1 0 0 1 0 0 0 1
0.032490896193832 0 0 1 0 0 0 0 1 0 0 0 1 1 1 1 1 1 1 0 1 0 1 1
0.071566447543684 0 1 0 0 1 0 0 1 0 0 1 1 1 1 1 1 1 0 0 1 0 1 1
0.027664011561807 0 1 0 0 0 0 0 0 0 1 0 1 0 1 1 1 0 0 0 1 1 1 0
0.023284066733810 0 0 1 0 0 0 0 0 1 0 0 1 1 1 1 1 1 1 0 1 0 1 1
0.087974523781011 0 1 1 0 0 0 0 1 0 0 1 1 1 1 1 1 0 1 0 0 0 1 1
0.035046523177419 1 0 0 0 0 0 0 0 1 1 0 1 1 0 1 1 0 0 1 1 0 0 1
0.020944872332819 1 0 0 0 0 0 0 0 1 0 0 1 1 1 1 0 0 1 1 0 1 1 0
0.031560064422213 0 0 1 0 0 0 0 0 0 1 0 0 1 1 1 1 0 0 0 1 1 1 0
0.031484085799432 0 0 1 0 0 0 0 0 0 0 1 0 1 1 1 1 1 0 0 1 1 1 0
0.052597299511586 0 0 1 0 0 0 0 1 0 0 1 0 1 1 1 1 1 0 0 1 1 1 0
0.036402183955731 0 1 0 0 0 0 0 0 0 1 1 0 0 1 1 0 1 0 1 0 1 0 1
0.013891955948180 1 0 0 0 0 0 0 0 0 0 1 1 0 1 0 1 1 0 0 1 0 1 1
0.038225527886934 0 1 0 0 0 0 0 0 0 1 1 0 0 1 1 1 0 0 0 1 1 0 1
0.049218191995148 0 1 0 0 0 0 0 0 0 1 1 0 0 1 0 1 0 1 0 0 1 1 0
0.045486387092179 0 1 0 0 0 0 0 0 0 0 0 1 1 1 0 1 0 1 0 1 0 1 0
0.034383078562153 0 0 0 0 1 0 0 0 0 0 1 0 0 1 1 1 1 0 1 0 0 1 1
0.124580611194762 1 0 1 0 0 1 0 0 0 0 1 1 1 1 0 1 0 1 0 0 1 0 1
0.049015585329655 0 0 1 0 0 0 0 0 0 0 1 1 1 1 1 1 1 0 0 1 1 1 1
0.042625054959025 0 0 1 0 0 0 0 0 0 0 1 0 0 1 1 1 0 0 0 1 1 1 0
0.047976224898110 0 1 0 0 0 0 0 0 0 1 1 1 0 1 1 0 0 1 1 0 1 0 1
0.028805643324270 1 0 0 0 0 0 0 1 0 0 1 1 0 1 0 1 1 1 0 0 0 1 1
0.059612944926268 0 0 0 0 1 0 0 0 0 0 1 0 0 1 0 0 1 0 1 0 1 0 0
0.058391216178594 1 1 0 0 0 0 0 1 0 1 1 1 1 1 0 1 0 0 1 0 1 1 0
0.062703990392985 1 1 0 0 0 0 0 1 1 1 1 1 0 1 1 0 0 0 1 0 1 0 0
0.036248709335645 1 0 0 0 0 0 0 0 1 0 0 0 1 0 1 0 0 1 0 0 0 1 0
0.093024623104247 0 0 1 0 1 0 0 1 0 0 1 1 1 1 1 1 1 1 0 0 0 1 1
0.095800694956053 1 0 0 1 0 1 0 0 0 1 1 1 1 1 1 0 1 1 0 0 1 0 1
0.019508604110883 0 1 0 0 0 0 0 0 0 0 1 1 1 1 1 1 0 0 1 1 1 0 1
0.031226258441692 1 0 0 0 0 0 0 0 1 0 0 1 0 1 1 0 0 1 0 1 0 1 0
0.061965048686816 1 0 0 0 0 1 0 0 1 1 0 0 1 1 1 0 1 0 1 0 0 0 1
0.027310447620275 0 1 0 0 0 0 0 1 0 0 0 1 1 1 1 1 0 0 0 1 1 1 0
0.036179076997673 1 0 0 0 0 0 0 0 1 1 0 1 1 1 1 0 1 1 0 1 0 1 1
0.089182507131669 1 0 0 1 0 0 0 1 0 1 1 0 1 0 1 1 1 0 0 0 1 0 1
0.049167222351376 1 0 0 0 0 1 0 0 0 1 1 1 0 1 0 1 1 0 0 1 0 0 1
0.024161937328067 1 0 0 0 0 0 0 0 0 0 0 0 1 0 1 0 0 1 0 0 0 0 1
0.033630994103176 1 0 0 0 0 0 0 0 0 1 1 0 1 0 1 0 1 0 1 0 0 0 1
0.017375708199473 1 0 0 0 0 0 0 0 0 0 1 1 1 0 1 0 1 1 0 0 0 1 1
0.038861648178007 0 0 0 0 1 0 0 0 0 0 0 0 1 1 1 1 0 0 1 1 1 0 1
0.054849735126582 0 0 1 0 0 0 0 0 0 1 1 0 0 1 1 0 1 0 1 0 1 0 1
0.031898374411667 0 1 0 0 0 0 0 1 0 0 0 1 1 1 1 1 0 0 1 1 0 1 1
