0.398498833179474 0 0 1 1 0 0 1 1 0 0 1 0 0 0 0 1 0 1 0 0 1 0 0 1 0
0.236226201057434 0 1 1 1 0 0 0 0 1 1 0 1 0 1 0 1 1 1 0 0 0 0 1 0 1
0.403132110834122 1 1 1 0 0 1 1 0 1 0 1 0 1 0 0 0 1 0 0 1 1 0 0 1 1
0.055072907358408 0 1 0 0 0 0 0 0 0 0 1 1 0 0 1 0 0 1 0 1 0 0 1 1 0
0.529499053955078 1 1 0 1 1 1 0 0 0 0 1 0 0 0 1 0 1 0 0 0 1 0 0 1 1
0.247270599007607 0 1 1 0 0 1 1 0 0 1 1 1 0 1 1 1 0 0 0 1 1 0 1 1 1
0.328818053007126 0 0 1 1 0 0 1 0 1 1 0 0 0 1 1 1 0 1 1 0 0 1 1 1 0
0.116949006915092 0 0 1 0 0 0 1 0 1 1 1 1 0 1 1 1 1 1 1 0 0 0 0 0 1
0.197608426213264 0 0 0 1 1 0 0 1 1 1 1 1 1 0 1 0 1 1 1 0 0 0 0 0 0
0.423525422811508 0 1 1 1 1 0 1 0 0 1 1 0 1 1 0 0 0 1 1 0 1 1 0 0 1
0.186447471380234 1 0 0 0 0 0 1 0 0 0 1 0 1 0 0 0 1 0 1 0 0 1 0 1 1
0.377573549747467 1 1 1 0 0 1 0 1 1 1 1 0 0 1 1 1 1 1 1 1 0 1 0 1 0
0.328474193811417 1 0 0 1 1 1 1 1 1 1 1 1 1 0 1 0 1 0 0 1 1 1 0 1 1
0.117795437574387 0 1 1 0 1 0 0 0 1 1 1 1 1 1 1 0 1 0 0 0 0 1 1 0 0
0.159575596451759 1 0 0 1 1 0 0 0 1 1 1 0 1 0 1 1 0 0 0 1 0 0 0 1 1
0.337100923061371 1 0 0 1 0 1 0 0 0 1 1 1 0 0 0 0 1 1 1 1 0 1 0 1 1
0.371031433343887 1 0 0 1 1 1 1 1 1 1 0 1 0 0 1 0 1 0 1 0 0 1 0 0 0
0.501891374588013 0 0 1 1 1 1 0 1 1 1 0 1 0 0 0 1 1 0 0 0 1 0 1 1 0
0.257138431072235 0 1 1 0 0 0 1 0 1 0 0 0 1 1 0 1 1 1 1 0 0 0 1 0 1
0.563837587833405 0 1 1 0 1 0 1 0 0 0 0 0 1 1 0 0 1 1 0 1 1 1 1 0 0
0.710690975189209 1 0 0 0 1 1 1 1 1 0 1 1 0 0 0 0 0 0 0 0 0 1 1 1 1
0.516221880912781 1 1 1 0 1 0 1 0 0 0 0 1 1 0 1 1 1 0 1 1 1 0 1 0 1
0.341661095619202 1 1 0 1 1 0 0 1 0 0 1 1 1 0 0 0 1 1 1 0 0 1 0 1 1
0.477171689271927 1 0 1 0 1 0 0 1 0 0 0 1 0 0 1 0 0 1 1 0 1 1 0 1 1
0.421773552894592 1 1 1 1 0 0 0 0 1 0 1 0 0 1 1 1 0 0 1 0 1 1 0 1 1
0.253257369815014 1 0 0 1 0 0 0 1 0 1 1 1 1 0 0 0 1 0 0 1 0 1 1 1 0
0.218227486252351 0 1 1 0 0 1 0 0 0 0 1 1 0 1 0 0 1 0 0 1 0 1 0 0 1
0.169795485698791 0 1 1 0 0 0 1 0 0 0 0 1 1 1 1 1 1 0 0 0 0 1 0 0 1
0.194396074613477 0 0 0 1 0 0 1 0 0 0 1 1 1 0 1 1 0 0 1 1 0 0 1 1 1
0.114956448501304 0 0 0 0 0 0 0 0 0 0 1 1 0 0 0 0 0 1 0 1 0 0 0 1 0
0.128279422995025 1 1 0 0 0 0 1 0 0 1 1 0 1 0 1 0 0 0 1 1 0 0 0 0 0
0.162603543751376 0 1 0 0 0 0 1 0 0 1 1 0 1 0 1 0 1 1 0 1 0 0 1 1 1
0.136682150265687 1 1 0 0 0 0 0 0 0 0 0 0 1 1 1 1 0 0 0 0 0 0 1 0 1
0.086485471878845 0 1 0 0 0 0 0 0 0 0 1 1 1 0 1 1 1 0 0 1 0 0 0 1 0
0.126958313058178 1 0 0 1 0 1 0 0 1 1 1 1 1 0 1 0 1 1 0 0 1 0 1 0 1
0.162926626713138 1 1 0 0 0 0 0 1 1 0 1 0 0 0 1 1 1 0 0 1 0 0 1 0 1
0.168260121355633 1 1 0 0 0 1 0 1 0 1 1 1 1 0 1 0 0 1 0 1 1 1 0 0 1
0.301973185519477 1 1 0 0 0 0 0 0 0 0 1 0 0 0 1 0 0 1 0 0 0 1 1 0 1
0.204827646122252 0 0 0 0 0 0 0 0 1 1 1 1 0 0 1 0 1 0 1 1 1 0 0 0 0
0.346169962039673 1 1 0 0 0 1 1 1 0 0 0 1 0 0 1 0 1 0 1 1 0 0 0 0 0
0.137514791626909 1 0 0 0 0 1 0 0 0 1 1 1 1 0 1 1 1 0 0 0 0 0 0 0 1
0.152444129920773 1 0 0 1 0 0 0 1 0 0 1 0 1 0 1 0 0 1 1 0 0 1 0 0 0
0.252633319448495 0 0 0 0 0 0 0 1 0 0 1 1 0 0 1 0 1 0 0 1 0 0 0 1 1
0.170490146099645 0 1 1 0 0 0 0 0 0 1 1 1 0 1 1 1 0 0 0 1 0 0 0 0 0
0.113402823901560 0 1 0 1 0 0 0 0 1 0 1 1 1 1 1 0 0 1 1 1 0 1 1 0 1
0.131304124643371 0 1 0 0 0 0 1 0 1 1 0 1 1 0 1 0 0 1 0 1 0 0 0 1 0
0.126247401070127 0 1 0 0 0 0 1 1 0 1 0 0 1 0 1 1 1 0 0 0 0 0 1 0 1
0.073239238708825 0 1 0 0 0 0 0 1 0 0 0 0 1 0 0 1 1 0 0 1 0 0 1 0 0
0.103431249315397 0 0 1 1 0 0 0 0 0 0 1 1 1 0 1 1 1 1 0 1 0 0 1 1 0
0.408519283763952 1 1 1 0 1 0 0 1 0 0 0 0 1 0 1 1 1 0 0 0 0 0 0 1 0
0.276378602266007 1 1 0 0 1 0 0 0 1 1 1 1 0 0 1 0 1 1 1 1 0 0 0 0 0
0.483764000342128 1 1 1 0 0 0 0 0 0 0 0 1 0 0 1 1 1 1 0 0 1 0 0 1 0
0.394011880732949 0 0 0 0 0 0 0 1 1 1 1 0 1 1 1 0 0 0 1 0 1 1 1 0 0
0.282620928584879 0 0 0 1 0 0 1 0 1 1 1 1 1 1 0 0 0 1 0 0 0 0 1 0 0
0.075941782679940 0 1 0 0 0 0 0 0 1 0 1 1 0 0 1 1 1 1 0 0 0 0 1 0 0
0.158883241473256 0 0 0 1 0 0 0 0 1 1 1 1 1 0 1 1 0 1 1 0 0 0 0 0 0
0.419070119676225 1 1 0 1 0 0 0 1 1 1 0 0 1 0 1 1 1 1 1 1 0 1 1 0 0
0.082843978631117 0 1 0 0 0 0 0 1 0 0 1 1 0 0 1 0 0 1 0 1 0 0 0 1 0
0.126751459917657 0 1 0 0 0 1 1 0 0 0 1 0 1 1 1 0 0 0 1 1 0 0 0 1 0
0.209651235800831 0 1 0 0 1 0 1 0 0 1 1 1 1 0 1 0 1 0 1 1 0 0 1 1 1
0.114891424322068 1 1 0 0 0 1 1 0 1 1 1 0 1 1 1 0 0 0 0 1 0 0 0 1 0
0.196582813733548 0 1 1 0 0 1 0 0 0 1 1 0 1 0 1 0 1 0 0 1 0 0 1 1 0
0.128361352082110 0 0 0 0 0 0 0 0 0 0 1 0 1 0 1 0 1 1 0 1 0 0 1 1 1
0.207667275372221 0 0 1 1 0 0 0 1 0 1 1 1 1 0 1 0 1 0 1 1 0 1 0 1 1
0.152827271664199 0 1 0 0 0 0 0 0 1 0 1 0 1 1 1 0 1 0 0 1 0 0 0 0 0
0.352042624338187 1 0 0 1 0 1 1 0 0 1 1 0 1 0 1 0 0 0 1 1 0 0 1 1 1
0.056866924694945 0 1 0 0 0 0 0 0 0 0 0 1 1 0 1 1 0 0 0 1 0 0 1 0 0
0.244888610574229 0 0 0 0 0 0 0 0 0 0 1 1 1 0 1 1 1 1 1 0 0 0 0 1 1
0.088175705618245 0 1 0 0 0 0 0 1 0 0 1 1 1 0 0 1 0 0 0 1 0 1 0 0 0
0.072721077965417 0 1 0 0 0 0 0 0 0 0 1 1 1 1 0 0 1 0 0 1 0 0 1 0 0
0.157340533402068 1 1 0 0 0 0 1 1 0 1 0 0 1 0 1 0 1 0 0 0 1 0 0 0 1
0.091050816076929 0 1 0 1 0 0 0 0 0 0 1 1 1 0 1 1 0 1 1 0 0 1 0 1 0
0.288454334543306 0 1 1 1 0 1 1 0 0 0 1 1 1 0 0 1 0 1 0 0 0 0 0 1 0
0.129203464775749 1 0 0 0 0 0 1 0 0 1 1 1 1 1 1 0 1 0 0 1 0 0 0 1 1
0.116404255549011 0 1 1 0 0 0 1 0 1 1 1 1 1 1 1 0 1 1 0 0 0 0 1 0 0
0.052894768250076 0 1 0 0 0 0 0 0 0 0 1 1 1 0 0 1 1 0 0 1 0 0 0 1 0
0.148362006045410 0 1 0 0 0 0 1 0 1 1 1 0 1 1 1 0 1 0 0 0 0 1 0 0 1
0.239018074548426 0 1 1 1 0 0 0 1 1 0 1 1 1 1 1 1 1 0 0 1 0 1 1 1 1
0.122446588875155 0 0 1 0 1 0 0 0 0 1 1 1 1 1 1 0 0 0 0 1 0 1 0 0 1
0.106341851152503 0 0 0 1 0 0 1 1 0 0 1 1 1 1 1 1 1 0 0 1 0 0 1 1 0
0.075463368210087 0 1 0 0 0 0 0 0 0 1 1 1 1 1 1 1 1 0 0 1 1 0 1 0 1
0.099233087495660 1 1 0 0 0 0 0 0 0 0 1 0 1 1 0 0 0 0 0 1 0 0 0 1 0
0.173203370704936 0 1 1 0 1 0 0 1 0 1 1 1 1 1 1 1 1 0 0 1 0 0 1 0 1
0.179443848528875 0 0 1 0 0 0 1 0 0 1 1 1 1 1 1 0 1 0 0 1 0 1 1 0 1
0.184708098510515 0 1 1 0 0 0 1 0 0 0 1 1 1 1 1 0 0 1 1 1 0 1 0 0 0
0.090492073735271 0 0 0 0 0 0 0 0 0 0 1 0 1 1 0 0 1 1 1 1 0 1 0 1 0
0.076270582706574 0 1 0 0 0 0 0 0 1 0 0 0 1 1 1 1 0 0 0 1 0 0 0 0 1
0.105058394180624 0 1 0 0 0 0 0 0 1 0 1 1 1 1 1 0 0 1 0 1 1 0 1 0 1
0.114421278636557 0 1 0 0 0 0 0 1 0 1 1 1 1 1 1 1 1 0 0 1 0 1 1 1 0
0.109375042085535 0 1 0 0 0 0 0 0 1 0 1 0 1 1 1 0 0 0 0 1 0 0 1 1 0
0.192191930228975 1 1 0 0 1 0 0 0 0 1 1 1 1 1 1 1 0 0 0 1 0 0 0 1 0
0.176693400626150 1 1 1 0 0 0 1 0 1 1 1 0 1 1 1 0 0 0 0 1 0 0 0 0 1
0.143306245353337 0 1 1 0 0 0 0 1 0 1 1 1 0 0 0 1 1 0 0 1 0 1 0 0 0
0.113681346426126 1 1 0 0 0 0 0 1 1 0 1 0 1 1 1 1 0 0 0 1 0 0 0 0 1
0.113097594921067 1 0 0 0 0 0 0 0 0 1 1 0 1 1 1 1 0 1 1 0 0 0 0 0 1
0.078766776420205 0 1 0 0 0 0 0 0 1 0 0 1 1 1 1 1 0 0 0 1 0 0 1 0 1
0.069656702135126 0 1 0 0 0 0 0 0 1 1 0 1 1 0 1 1 0 1 0 0 1 0 0 0 1
0.065556869289554 0 0 0 1 0 0 0 0 0 0 0 1 1 0 0 0 1 1 0 0 0 1 0 0 0
0.111419534042970 0 1 0 0 0 0 0 0 0 1 1 0 1 0 0 1 1 0 0 0 0 0 0 1 0
0.054283611470048 0 1 0 0 0 0 0 0 0 0 0 0 1 0 0 1 1 0 0 1 0 1 0 0 1
0.124093485759677 1 1 0 0 0 0 0 0 0 1 1 0 1 1 0 1 1 0 0 1 0 0 0 0 1
0.095902682625888 1 1 0 0 0 0 0 0 1 1 1 1 1 0 1 1 0 0 0 1 1 0 1 0 1
0.031185906013730 0 1 0 0 0 0 0 0 0 0 1 0 1 0 0 1 0 1 0 0 0 1 0 0 1
0.131362662471987 0 1 0 0 0 0 1 0 1 1 1 1 1 0 1 1 0 1 0 0 0 1 0 0 1
0.089881679499221 0 1 0 0 1 0 0 0 0 0 1 0 1 0 1 1 0 0 0 1 0 1 0 0 1
0.052368755603453 0 1 0 0 0 0 0 0 0 0 0 0 1 0 0 1 0 0 0 1 0 1 0 0 0
0.161866377569864 0 0 0 0 0 0 1 1 0 0 0 0 1 0 1 1 0 0 0 1 0 1 0 0 1
0.158558745361995 0 1 0 0 0 0 1 0 1 1 1 1 1 0 1 0 1 0 0 1 1 0 0 0 1
0.264112416373464 0 1 1 0 1 0 0 0 0 1 0 1 0 0 1 1 1 0 0 1 0 0 0 1 0
0.106237705053847 0 1 0 0 1 0 0 0 0 0 1 1 1 0 1 0 0 0 0 1 0 1 1 0 0
0.368696904729981 0 0 0 0 0 0 0 1 0 1 1 1 0 0 1 0 0 1 0 0 1 0 1 0 1
0.081080510502517 0 1 0 0 0 0 0 0 0 1 1 1 0 0 0 1 0 1 1 1 0 0 0 0 0
0.172643986932888 1 0 1 0 0 0 1 0 1 0 1 0 1 0 1 1 0 1 0 0 0 0 0 0 0
0.049909070916939 0 1 0 0 0 0 0 0 0 0 0 0 1 0 0 1 0 0 1 0 0 1 0 0 1
0.251515051642499 0 1 0 1 0 0 1 0 0 0 1 1 0 0 1 1 0 0 1 1 0 1 0 1 0
0.046076545702630 0 0 0 1 0 0 0 0 0 0 0 1 1 0 0 1 0 1 0 1 0 0 0 0 1
0.140526730935289 1 0 0 0 0 0 1 0 0 1 0 1 1 1 1 1 1 1 0 0 0 0 0 0 1
0.019273981063762 0 1 0 0 0 0 0 0 0 0 1 1 1 0 0 1 1 1 1 0 0 1 1 0 1
0.184462842352943 1 0 1 0 0 0 0 0 0 0 1 0 1 0 0 1 0 1 0 1 0 1 0 0 1
0.141970665642791 0 0 0 1 1 0 0 0 0 1 1 1 1 0 0 1 1 1 0 1 0 0 0 0 0
0.165039092494329 0 0 0 1 1 0 0 0 1 0 1 0 1 1 0 1 0 1 0 1 0 1 0 0 1
0.069047035077306 0 0 0 1 0 0 0 0 1 0 1 1 1 0 1 1 1 1 0 1 0 0 1 0 1
0.266987613551271 1 1 0 0 0 0 0 0 1 1 1 1 1 0 0 1 0 0 0 0 0 0 0 0 0
0.189236118183380 0 1 0 1 0 0 0 0 0 0 1 0 1 1 0 1 1 1 1 0 0 0 0 1 0
0.199050166628125 1 0 0 0 0 0 0 0 0 1 0 0 1 1 1 1 1 1 0 1 1 0 0 0 0
0.266605858508637 0 0 1 0 0 0 0 0 0 1 1 0 1 0 1 0 0 0 0 0 0 0 1 0 1
0.110518519537909 0 1 0 0 1 0 0 0 0 1 0 1 1 0 1 1 0 1 0 0 0 0 1 1 1
0.116729477831337 0 0 0 1 0 0 0 0 0 0 1 1 1 1 1 0 0 1 0 1 0 0 0 1 0
0.055233531256534 0 1 0 0 0 0 0 0 0 1 0 0 1 0 0 1 0 1 0 1 0 0 0 1 1
0.057497223107671 0 1 0 0 0 0 0 0 1 0 1 1 0 0 1 1 0 1 1 1 0 0 1 0 1
0.201169251489910 0 0 1 0 0 1 1 0 0 1 1 1 1 0 0 0 1 1 0 1 0 0 0 1 0
0.127182396686523 0 1 0 0 0 0 0 0 0 1 1 1 1 0 1 0 0 1 0 1 1 1 0 1 0
0.095476383105694 0 1 0 0 0 1 0 0 1 1 1 1 1 0 1 1 1 1 0 0 1 0 1 0 1
0.034416216079721 0 1 0 0 0 0 0 0 0 0 1 1 1 0 1 1 1 1 0 0 0 1 1 0 1
0.092207850395969 0 0 0 1 0 0 1 0 0 0 0 1 1 0 1 0 1 1 0 0 0 0 0 0 1
0.130460281385278 0 0 0 0 0 0 0 0 0 0 0 1 1 0 0 1 1 1 0 1 0 0 1 0 1
0.138221065988337 0 0 0 1 0 0 0 0 0 0 0 0 0 0 0 1 1 1 0 1 0 0 1 0 0
0.124815949986547 0 0 0 0 0 0 1 0 0 0 1 1 1 0 1 1 1 1 1 0 0 0 1 0 0
0.143835531038848 1 0 0 0 1 0 0 0 0 1 0 0 1 0 1 0 1 0 1 1 0 0 1 0 1
0.105185969256815 1 0 0 1 0 0 0 0 0 0 1 1 1 0 0 0 1 1 0 1 0 0 1 0 0
0.050260643784309 0 1 0 0 0 0 0 0 0 0 1 0 1 0 0 0 0 1 1 1 0 0 0 0 1
0.055375958807398 1 0 0 1 0 0 0 0 0 0 1 1 1 0 1 1 0 0 0 1 1 0 0 0 1
0.148583674504528 0 1 0 0 0 0 0 0 0 0 1 0 0 0 0 1 1 1 0 1 0 1 1 1 0
0.112914228416757 0 1 0 1 0 0 0 0 0 0 1 1 1 0 1 0 0 1 0 1 1 0 0 0 0
0.083178542017413 0 1 0 0 1 0 0 0 0 0 1 1 1 0 0 0 1 1 0 0 0 1 0 0 0
0.200163170089331 1 1 0 0 0 1 0 0 0 1 0 0 1 1 1 1 0 0 1 0 1 0 0 0 1
0.090375611557052 1 0 0 0 0 0 0 0 0 0 1 1 1 1 1 0 1 1 0 1 0 0 1 0 0
0.180954346446465 1 0 0 1 0 1 0 0 0 0 1 1 1 1 1 0 0 1 0 1 0 0 0 0 0
0.063429015004177 1 0 0 0 0 0 0 0 0 0 1 0 1 0 1 1 0 1 0 1 0 0 0 1 0
0.087489154317863 0 1 0 1 0 0 0 0 0 1 1 1 1 0 0 1 1 1 0 1 0 0 1 1 0
0.124398398239374 0 0 0 1 0 0 0 0 0 0 0 1 1 0 1 1 1 1 0 1 0 1 0 0 0
0.106342546322047 1 1 0 0 0 0 1 1 0 0 1 1 1 1 1 0 0 1 0 0 1 0 0 0 1
0.166041021681530 0 1 0 1 1 0 0 0 0 1 1 1 1 0 1 1 1 1 0 0 0 0 1 0 1
0.122309119033632 1 1 0 0 0 0 1 0 0 0 1 0 1 1 1 0 0 0 0 1 1 0 0 0 1
0.158923683336736 0 1 0 0 0 0 0 1 0 1 1 1 1 0 0 0 1 1 0 0 0 1 0 0 1
0.057507317552431 1 0 0 0 0 0 0 0 0 0 1 0 1 0 1 0 1 1 0 1 0 0 0 0 1
0.202161457224707 1 0 0 0 0 0 1 1 0 1 1 0 1 1 1 1 1 0 0 0 0 0 0 0 0
0.078046335059309 1 0 0 0 0 0 0 0 1 0 1 1 1 0 0 1 1 0 0 1 1 0 1 0 1
0.054074730459953 0 0 0 1 0 0 0 0 0 0 0 1 1 0 0 1 1 0 0 0 1 0 1 0 1
0.161748419674417 1 1 0 0 0 0 1 0 1 1 1 1 1 1 1 1 1 0 0 0 1 0 1 1 1
0.104370135909468 1 0 0 1 0 0 0 0 0 0 0 1 1 0 1 1 0 1 0 0 1 0 0 0 1
0.129697089613834 0 1 0 0 0 0 0 0 1 0 1 1 1 0 0 1 1 1 0 1 1 1 1 0 0
0.107440027975900 0 1 0 1 0 0 0 0 0 0 1 1 1 0 0 1 0 1 0 1 1 0 0 0 1
0.104250182632690 0 1 0 0 0 0 0 0 1 0 1 0 1 0 0 1 1 0 0 0 0 0 1 0 1
0.158747729114296 0 0 0 0 1 0 0 0 0 0 0 1 1 0 1 1 1 0 0 0 0 1 0 0 0
0.105479505362535 0 1 0 1 0 0 0 0 1 0 0 1 1 0 1 1 0 1 1 0 0 0 1 0 1
0.203068196834983 0 0 0 1 0 0 1 0 1 0 0 1 1 0 1 0 1 1 0 1 1 0 1 0 0
0.181717096376114 0 0 0 0 1 0 1 1 0 0 1 1 1 0 1 1 0 1 1 1 0 0 0 0 1
0.119066263696375 0 1 0 0 0 0 0 0 0 0 0 1 1 0 0 1 1 0 1 0 1 0 0 0 0
0.090801042078584 1 0 0 1 0 0 0 0 0 0 1 1 1 0 1 1 1 0 0 0 1 0 0 0 1
0.199704767715419 0 1 0 1 0 0 1 1 0 0 0 1 1 0 1 1 0 1 1 0 0 0 0 0 1
0.106202712840580 0 0 0 1 0 0 1 0 0 0 1 1 1 1 1 0 1 1 0 0 0 1 0 0 0
0.204760078054871 0 0 0 1 1 0 0 0 0 0 1 1 1 0 1 0 1 0 0 0 1 1 1 0 1
0.323892254973375 1 0 0 1 0 0 0 1 0 0 1 0 1 0 1 0 0 0 1 1 1 0 1 1 1
0.063407458363540 0 1 0 0 0 1 0 0 0 1 1 1 1 1 0 1 1 0 0 0 0 1 1 0 0
0.071108141678507 0 1 0 0 0 0 0 1 0 0 1 1 1 0 1 1 0 1 0 0 1 0 1 0 1
0.054050319503662 0 1 0 0 0 0 0 0 0 0 0 0 1 0 0 0 0 1 1 0 0 0 0 1 0
0.045077990967071 0 0 0 0 0 0 0 0 0 0 0 0 1 0 0 0 0 1 0 1 0 1 0 0 1
0.049738843139968 0 0 0 1 0 0 0 0 0 0 0 1 1 1 0 1 1 0 0 1 0 1 1 0 1
0.276452529130656 0 1 0 0 0 0 0 1 0 1 1 0 0 0 1 1 0 0 0 1 0 0 1 1 1
0.063757548393395 1 0 0 0 1 0 0 0 0 0 1 0 1 1 1 0 0 1 0 1 0 0 0 0 1
0.065504004336988 0 1 0 0 0 1 0 0 0 0 1 1 1 0 0 1 0 1 0 1 0 0 0 1 0
0.075495316138441 1 0 0 0 0 0 1 0 1 0 1 1 1 0 1 1 0 0 0 1 1 0 0 0 1
0.149106023635303 0 1 0 0 0 0 0 0 0 0 0 1 1 0 0 1 0 1 0 0 0 0 0 0 0
0.032081640343259 0 1 0 0 0 0 0 0 0 0 1 0 1 0 1 0 0 1 1 0 0 1 0 1 0
0.098189111368809 0 0 0 1 0 0 0 0 0 1 0 1 1 0 0 1 1 0 0 1 0 0 0 0 1
0.106654418512168 0 0 0 1 0 0 1 0 0 0 1 1 0 0 0 1 1 1 0 0 0 0 1 0 0
0.080041014408856 0 1 0 0 0 0 1 0 0 0 1 1 1 0 1 1 0 0 0 0 1 0 0 1 0
0.076645913653487 0 0 0 1 0 0 0 0 0 0 0 0 1 0 0 0 1 0 0 0 0 1 1 0 0
0.295585621441127 0 0 0 1 0 0 1 0 1 0 1 1 1 0 0 1 1 0 0 0 0 1 1 1 0
0.112830979788154 0 1 0 0 0 0 0 0 1 0 1 1 0 0 0 1 0 1 0 1 0 1 0 1 0
0.055812178270534 1 0 0 0 0 0 0 0 1 1 1 1 1 0 1 1 0 1 0 1 1 0 0 0 1
0.132329176157757 0 0 1 1 0 0 1 0 0 1 1 1 1 0 1 1 1 0 0 0 0 0 1 0 0
0.069147074950741 0 1 0 0 0 0 0 0 0 0 1 1 1 0 0 1 1 0 0 0 0 1 1 1 0
0.072651066813559 0 1 0 0 0 0 0 0 0 0 1 1 0 0 0 1 1 1 0 1 0 0 1 0 0
0.109533242604777 0 1 0 0 0 0 0 1 0 0 1 1 1 0 0 1 1 1 0 1 1 0 1 1 0
0.073923560817944 0 1 1 0 0 0 0 0 1 0 1 1 1 0 1 1 0 1 0 0 0 0 1 1 0
0.070454434034809 1 0 0 0 0 0 0 0 1 0 1 0 1 0 1 1 0 0 0 1 0 0 0 0 1
0.151080441008511 0 0 1 1 0 0 0 0 1 0 1 1 0 0 1 0 0 1 0 1 0 0 0 0 1
0.042904504778723 0 0 0 1 0 0 0 0 0 0 0 0 1 0 1 0 0 1 0 0 0 1 0 0 1
0.117628307692166 1 0 0 1 0 0 0 1 0 0 1 1 1 0 1 1 1 1 0 1 1 0 1 0 1
0.015587150518912 0 1 0 0 0 0 0 0 0 0 1 1 1 0 1 1 0 1 1 1 0 0 1 1 0
0.056719015741238 1 0 0 0 0 0 0 0 1 0 0 0 1 0 1 0 0 1 0 1 0 0 0 1 1
0.047443229359021 0 1 0 0 0 0 0 0 0 0 0 0 1 0 0 1 1 0 0 0 0 1 1 0 0
0.041441130084493 0 0 0 1 0 0 0 0 0 0 0 1 1 0 1 1 0 0 0 1 1 0 0 0 1
0.039705624392130 0 1 0 0 0 0 0 1 0 0 1 1 1 0 1 1 0 1 0 1 1 0 0 0 1
0.213056239372606 0 1 1 0 0 0 0 0 1 0 1 1 0 0 1 1 0 1 1 1 0 0 1 0 0
0.077809408851845 0 0 0 1 0 0 0 0 0 0 1 1 1 0 0 1 0 1 1 0 1 1 0 0 1
0.116181413098999 1 0 1 0 0 0 0 0 1 1 1 0 1 0 1 0 0 1 0 1 0 0 0 1 1
0.117646344013489 0 0 0 1 0 0 0 1 0 0 1 1 1 0 0 1 1 1 1 1 0 0 1 0 1
0.048225800144330 0 1 0 0 0 0 0 1 0 0 1 1 1 0 1 1 1 0 0 0 1 0 1 0 0
0.082154784378883 0 1 1 0 0 0 0 0 0 1 1 1 1 1 1 1 0 1 0 0 0 1 1 1 0
0.028039862602335 0 1 0 0 0 0 0 0 0 0 1 1 0 0 1 1 0 1 0 1 1 0 0 0 1
0.014869722792286 0 1 0 0 0 0 0 0 0 0 1 1 1 0 1 1 0 1 1 0 1 1 0 0 1
0.169516563311305 0 1 0 0 0 0 0 0 0 0 1 1 1 1 1 1 0 0 0 0 0 0 1 1 0
0.022050926544674 0 1 0 0 0 0 0 0 0 0 1 0 1 0 1 1 0 1 0 0 1 0 0 1 1
0.044399520061303 0 0 0 0 0 1 0 0 0 0 0 0 1 0 0 0 1 1 1 0 0 1 0 0 1
0.076678324033562 1 0 0 0 0 0 0 0 0 0 0 0 1 1 0 0 1 1 1 0 0 1 0 0 1
0.091310443509715 0 1 0 0 0 1 0 0 0 0 1 1 1 0 0 1 1 0 0 1 0 1 1 0 0
0.045278402516151 1 0 0 0 0 1 0 0 0 0 1 0 1 1 0 1 1 0 0 1 0 0 0 1 1
0.086155058218504 0 0 0 1 0 0 0 0 0 0 0 0 1 0 0 1 1 1 1 0 0 0 0 0 1
0.158398128363956 0 0 0 0 0 0 0 0 0 0 0 0 1 1 0 1 1 0 0 1 0 1 0 0 1
0.135259886684853 0 0 1 1 0 0 0 0 0 1 1 1 1 1 0 1 1 0 0 1 0 0 1 1 1
0.115290286107868 0 0 0 1 0 0 0 0 0 0 0 1 1 1 1 1 1 1 0 0 0 0 1 0 1
0.142971467880225 0 1 0 0 0 0 0 0 0 0 0 1 1 0 0 1 0 1 0 0 1 1 1 1 1
0.081760435449196 0 0 1 0 0 0 0 0 0 0 1 1 1 0 1 0 1 1 1 0 0 1 0 0 0
0.038054356825692 1 0 0 0 0 0 0 0 0 0 1 0 1 0 0 1 1 1 0 0 1 1 0 0 1
0.082306139365695 0 0 1 0 0 0 0 0 0 1 0 0 1 1 1 1 0 0 0 1 0 0 0 1 0
0.029170958135938 0 1 0 0 0 0 0 0 0 0 0 1 1 1 0 1 1 0 0 0 1 1 1 0 1
0.095408755552894 1 0 0 1 0 0 0 0 0 0 1 1 1 1 1 1 1 0 0 1 0 0 1 0 1
0.040426204675834 0 0 0 1 0 0 0 0 0 0 0 1 1 1 0 1 1 0 0 1 0 0 1 1 0
0.194209108273971 0 1 0 0 0 0 0 0 0 0 0 0 1 0 0 0 0 0 0 1 0 0 0 1 1
0.027667004690738 0 1 0 0 0 0 0 0 0 0 1 1 1 0 0 1 0 1 1 0 1 0 0 1 0
0.035791374605915 1 0 0 0 0 0 0 0 0 0 1 0 1 0 0 1 1 0 0 1 0 0 0 1 0
0.041019910830188 0 1 0 0 0 0 0 0 0 0 0 0 1 0 1 1 0 1 0 0 1 1 0 0 1
0.033390740775967 0 1 0 0 0 0 0 0 0 0 1 0 1 0 0 1 0 1 0 1 0 0 0 1 0
0.074921164420023 1 0 0 0 0 1 0 0 0 0 1 0 1 0 0 0 1 1 0 0 0 0 0 0 1
0.022039633986039 0 1 0 0 0 0 0 0 0 0 1 1 1 1 0 1 1 1 0 1 0 0 1 1 0
0.063719651816429 0 0 0 1 0 0 0 0 0 0 0 1 1 0 0 1 0 0 0 1 0 0 1 0 0
0.132494322088286 0 0 0 0 0 0 0 0 0 1 0 0 1 0 1 1 0 1 1 1 0 0 0 1 0
0.035558484958339 1 0 0 0 0 0 0 0 0 0 1 1 1 0 1 0 1 1 1 0 1 0 0 0 1
0.083869189398508 1 0 1 0 0 0 0 0 0 0 1 0 1 1 1 0 0 0 0 1 0 0 0 1 0
0.048372485610367 1 0 0 0 0 0 0 0 0 0 1 0 1 1 0 0 1 1 0 1 0 0 0 1 0
0.063444898753168 0 1 1 0 0 0 0 0 0 1 1 1 1 1 1 0 0 1 0 1 0 0 1 1 0
0.085581283832014 0 1 0 0 0 0 0 0 0 1 1 1 1 0 0 1 1 0 0 0 1 1 1 0 0
0.041747134641222 1 0 0 0 0 1 0 0 0 0 1 1 1 1 1 1 1 1 0 0 1 1 0 0 1
0.083490859709202 0 1 0 0 0 0 0 0 0 1 0 0 0 0 1 0 0 1 1 1 0 0 0 0 1
0.156309605408441 0 1 0 1 0 0 0 0 0 0 0 1 1 0 0 1 1 0 1 0 0 1 1 0 1
0.024458414526680 0 1 0 0 0 0 0 0 0 0 1 1 1 1 0 1 1 1 0 0 1 1 0 0 1
0.023776664335905 0 1 0 0 0 0 0 0 0 0 1 1 1 1 0 0 1 1 1 0 0 0 1 1 0
0.013558973234532 1 0 0 0 0 0 0 0 0 0 1 0 1 1 0 1 1 0 0 1 1 0 0 1 1
0.030042436783552 0 1 0 0 0 0 0 0 0 0 1 0 1 1 1 1 0 1 1 0 0 1 0 1 1
0.086276667629051 0 1 1 0 0 0 0 0 1 1 1 0 1 1 1 1 0 1 0 1 0 0 0 1 1
0.032213666418101 0 1 0 0 0 0 0 0 0 0 1 1 1 1 0 1 1 1 1 0 0 1 1 0 0
0.036116260909256 0 1 0 0 0 0 0 0 0 0 1 1 1 1 0 1 1 0 0 1 1 0 1 1 0
0.034460595406106 1 0 0 0 0 0 0 0 0 0 0 0 1 1 0 1 1 0 0 1 0 0 1 1 0
0.058666704732168 1 0 0 0 0 0 0 0 0 0 1 1 1 1 0 0 1 1 0 0 1 0 0 0 1
0.058479464955207 0 1 0 0 0 1 0 0 0 0 1 1 1 1 0 1 1 1 1 0 0 1 1 1 0
0.097468272930778 0 0 1 0 0 0 0 0 0 0 1 1 1 1 0 1 1 0 0 1 0 0 0 1 0
0.049709185687833 0 1 0 0 0 0 0 1 0 0 1 1 0 1 0 1 1 0 0 1 1 0 0 0 1
0.062713447860648 1 0 0 0 0 0 0 0 0 0 0 0 1 0 1 0 0 1 0 1 0 1 0 0 1
0.067704378281630 1 0 0 0 0 1 0 0 0 0 1 0 1 1 1 1 1 0 0 1 1 0 0 1 0
0.093347532179602 0 0 1 1 0 0 0 0 0 1 0 1 1 0 1 1 0 0 0 1 0 1 0 0 1
0.046563149698711 0 1 0 0 0 0 0 1 0 0 1 1 1 1 0 1 1 0 1 0 1 1 0 0 1
0.053712155928181 0 1 0 0 0 0 0 0 0 0 1 1 1 1 1 1 0 1 1 0 1 0 0 1 1
0.093105166626162 0 1 0 0 0 0 0 1 0 0 1 1 0 0 1 1 0 0 1 1 1 0 0 0 0
0.024213972164163 0 1 0 0 0 0 0 0 0 0 1 0 1 0 0 1 0 1 1 0 0 0 0 1 1
0.060501385817771 1 0 0 0 1 0 0 0 0 0 1 0 1 1 0 1 0 1 0 1 0 0 0 1 1
0.144743248414435 0 1 0 0 0 0 0 0 0 1 0 0 1 0 0 1 0 0 1 1 0 1 1 0 1
0.070295825968490 0 1 0 0 0 0 0 0 0 1 1 0 1 1 0 0 0 1 0 1 0 0 0 1 0
0.024430070129745 0 1 0 0 0 0 0 0 0 0 1 1 0 1 0 1 1 0 0 0 1 1 0 0 1
0.072603844519248 0 1 0 0 0 0 0 0 0 0 1 1 1 0 0 0 0 1 1 1 0 0 1 1 0
0.160763548526980 0 1 0 0 0 0 0 0 0 0 0 0 1 0 1 1 0 1 1 0 0 1 0 0 0
0.052385824167606 0 1 0 0 0 0 1 0 0 0 1 1 1 1 0 1 1 0 0 0 1 1 0 1 0
0.081448048490235 0 1 0 0 0 0 0 1 0 0 1 1 0 1 0 1 1 0 0 0 1 1 1 0 0
0.056156720244243 0 0 1 0 0 0 0 0 0 0 1 1 1 1 1 0 0 1 0 1 0 1 0 1 0
0.023982566122557 1 0 0 0 0 0 0 0 0 0 1 1 1 1 0 1 1 1 0 1 0 0 1 1 0
0.091836296869971 1 1 0 0 0 0 0 0 0 0 1 1 1 1 1 0 0 1 0 1 0 0 1 1 0
0.061405135918633 1 0 0 0 0 0 0 0 1 0 0 0 1 1 0 1 0 0 0 1 1 0 0 1 1
0.098673304803413 1 0 1 0 0 0 0 0 0 1 1 1 1 1 1 1 1 1 0 0 0 1 1 0 1
0.037235438705103 0 1 0 0 0 0 0 0 0 0 1 1 0 1 0 1 1 1 1 0 0 1 0 0 1
0.050619106213136 1 0 0 0 1 0 0 0 1 0 1 1 1 1 0 1 1 0 0 1 0 0 1 1 0
0.087259080013679 0 0 1 0 0 0 0 0 0 1 1 1 1 1 1 1 0 1 0 1 0 0 1 1 0
0.044224588729442 0 1 0 0 0 0 1 0 0 0 1 1 1 0 1 1 1 1 1 0 0 0 1 1 0
0.021544542835673 1 0 0 0 0 0 0 0 0 0 0 1 1 1 0 1 1 0 0 0 1 1 1 0 1
0.088048568178411 1 0 1 0 0 0 0 0 0 1 1 1 1 1 1 1 1 0 0 0 1 1 0 0 1
0.107261287819118 1 1 0 0 0 0 1 1 0 0 1 1 1 1 1 0 1 0 0 0 1 0 1 0 0
0.056510487311403 0 1 0 0 0 0 0 0 0 1 1 1 0 1 0 1 1 0 0 1 0 0 1 0 0
0.062702227787052 0 1 0 0 0 0 0 0 0 0 0 1 0 0 0 1 1 0 0 0 1 1 0 0 1
0.039187648534691 1 0 0 0 0 0 0 0 0 0 0 1 1 0 0 1 1 0 0 0 1 0 1 0 0
0.017610576873178 1 0 0 0 0 0 0 0 0 1 0 0 1 1 0 1 1 0 0 0 1 0 1 0 1
0.037785686102398 0 0 0 0 0 0 0 0 0 0 0 0 1 0 0 0 0 1 0 0 1 0 0 0 1
0.084056991641745 0 1 0 0 0 0 0 0 1 0 0 0 0 0 0 1 0 1 0 1 0 0 0 0 1
0.272237594004019 0 0 0 0 0 0 0 0 0 0 1 1 1 1 0 1 1 0 0 1 0 0 1 1 0
0.098373164340780 1 0 1 0 0 0 0 0 1 0 1 1 1 1 1 1 1 0 1 1 0 0 0 1 1
0.105309284188061 1 0 0 1 0 0 0 0 0 0 0 1 1 1 0 1 1 0 0 1 1 0 1 1 0
0.051384094170734 1 0 0 0 0 0 0 0 0 0 1 0 1 0 1 1 1 1 1 0 1 0 1 0 1
0.092338659414996 0 0 0 1 0 0 1 0 0 0 0 1 1 1 1 1 1 0 1 1 0 0 1 0 0
0.077769752972747 0 1 0 1 0 0 0 0 0 0 1 1 1 1 1 1 0 1 1 1 0 0 1 1 0
0.122615876680146 1 1 0 0 0 0 0 0 0 0 1 1 1 1 0 1 1 0 1 1 0 0 1 1 0
0.072384614626485 0 1 0 0 0 0 0 0 0 0 1 1 1 0 1 0 1 1 1 0 0 0 1 0 0
0.045329593918156 1 0 0 0 0 0 0 0 0 0 0 1 1 0 1 0 0 0 0 0 1 0 0 0 1
0.022481531558637 0 0 1 0 0 0 0 0 0 0 0 1 1 1 1 0 0 1 1 1 0 0 0 1 1
0.160523719735838 0 0 0 0 0 0 0 0 0 0 0 1 1 0 1 0 0 1 1 1 0 0 0 0 1
0.018823575644992 0 0 1 0 0 0 0 0 0 0 0 0 1 1 1 0 0 1 0 1 0 0 0 1 1
0.083391002655204 0 0 1 1 0 0 0 0 0 0 0 1 1 1 1 1 0 0 0 1 0 0 0 1 1
0.115769583834599 1 0 0 0 0 0 0 0 0 0 0 0 1 0 0 0 1 0 0 0 1 1 0 0 1
0.180238973825150 0 0 0 1 0 0 0 0 0 0 0 0 1 0 0 0 0 1 0 1 0 1 0 1 1
0.023715748563585 0 0 1 0 0 0 0 0 0 0 1 0 1 1 1 0 0 1 1 1 0 0 0 1 1
0.054167106310928 1 0 0 0 0 0 0 0 0 0 1 0 1 1 1 1 1 1 0 1 0 0 1 1 1
0.062378917545080 0 0 0 0 0 0 0 0 0 0 0 0 1 0 0 1 0 1 0 0 1 1 0 0 1
0.036556958330389 1 0 0 0 0 0 0 0 0 0 1 1 1 1 0 1 1 1 0 0 1 0 1 0 1
0.121706410678369 0 1 1 0 0 0 0 0 0 0 1 1 1 1 1 0 0 1 1 0 0 0 0 1 0
0.262487652069409 0 0 0 0 0 0 0 0 0 0 0 0 0 1 1 0 1 1 1 1 0 0 0 1 0
0.110212582841514 0 1 0 0 0 0 0 0 0 0 1 1 0 0 0 0 0 1 1 1 0 1 0 0 1
0.032479887164083 0 0 1 0 0 0 0 0 0 0 0 0 1 1 0 0 0 1 1 0 0 1 0 0 1
0.114226175636536 0 0 0 1 0 0 1 0 0 0 1 1 0 0 1 1 1 0 0 1 1 0 0 0 0
0.059541638564407 0 0 1 0 0 0 1 0 0 0 0 0 1 1 1 1 0 1 1 1 0 0 0 1 1
0.065935671783252 1 0 0 0 0 0 1 0 0 0 1 0 1 0 1 0 1 1 1 0 0 1 0 0 1
0.057772536683821 0 1 0 0 0 0 1 0 0 0 1 1 0 1 1 1 1 0 0 1 1 0 1 0 0
0.025472355503343 1 0 0 0 0 0 0 0 0 1 0 0 1 0 1 0 0 1 0 0 1 0 0 0 1
0.087573866644230 0 1 1 0 0 0 0 0 1 0 1 0 1 1 0 1 1 0 0 0 0 1 0 1 0
0.014982487492921 1 0 0 0 0 0 0 0 0 0 1 1 1 1 0 1 1 1 1 1 0 1 0 1 1
0.059559327598938 0 1 0 0 0 0 0 0 0 0 1 0 1 0 1 1 0 1 1 1 1 1 0 1 1
0.138526104176869 1 0 1 0 0 0 0 0 0 0 0 1 1 1 1 0 0 1 0 0 0 0 0 0 1
0.108395736663061 1 0 0 0 1 0 0 0 0 0 0 0 1 1 0 1 1 1 0 0 0 1 1 0 1
0.079488064271664 0 1 0 0 0 0 0 0 0 0 0 0 1 1 0 0 0 0 0 0 0 1 0 0 1
0.023056340618617 1 0 0 0 0 0 0 0 0 0 0 0 1 0 1 1 0 0 0 0 1 0 0 0 1
0.038217864930088 0 0 1 0 0 0 0 0 0 0 1 1 1 1 0 1 1 1 1 0 0 1 0 0 1
0.036338444803116 1 0 0 0 0 0 0 0 0 1 0 1 1 0 1 1 1 0 0 0 1 0 1 0 1
0.066437264641165 0 0 1 0 0 0 0 0 0 1 0 0 1 1 0 0 0 1 1 1 0 0 0 1 1
0.074114982192396 1 0 0 0 1 0 0 0 0 0 1 0 1 1 0 1 1 0 0 1 0 1 0 1 0
0.046048738881284 1 0 0 0 0 0 0 0 0 0 0 0 1 0 0 0 0 1 1 0 0 0 0 0 1
0.064340912456514 1 0 0 0 0 0 0 0 1 1 1 0 1 1 0 1 1 1 1 1 1 0 0 1 1
0.076462689449405 0 0 1 0 0 0 0 0 0 0 0 1 1 1 0 1 1 0 0 0 0 1 0 0 1
0.044570480939004 1 0 0 0 0 0 0 0 0 0 1 1 1 0 0 1 1 1 1 0 1 0 0 0 1
0.131690960415039 0 1 0 0 1 0 0 0 0 0 1 1 1 0 0 0 0 1 0 0 0 0 0 1 0
0.022565179722732 0 1 0 0 0 0 0 0 0 0 0 0 1 0 1 1 0 0 0 0 1 0 0 0 1
0.020870697547912 0 0 1 0 0 0 0 0 0 0 0 0 1 1 1 0 0 1 1 0 0 0 0 1 1
0.047238675980335 1 0 0 0 0 0 0 0 0 0 0 1 1 1 0 1 1 0 0 1 0 0 0 1 1
0.061547261796478 0 0 1 0 0 0 0 0 0 1 0 1 1 0 1 1 0 1 0 1 0 0 0 1 1
0.183573321603529 0 0 1 1 0 0 1 0 0 0 1 1 1 1 1 1 1 1 1 0 0 1 0 0 1
0.082667071067183 0 0 0 0 0 0 0 0 0 0 1 0 1 0 0 0 1 1 1 0 0 1 0 0 1
0.099845687601388 0 1 0 0 0 0 0 0 1 0 0 0 1 0 1 0 0 1 1 0 0 1 0 1 1
0.093313369736768 1 0 0 1 0 0 0 0 1 0 1 1 1 0 0 1 1 1 0 1 0 0 0 1 0
0.063626042101316 0 0 0 1 0 0 0 0 0 0 1 1 0 1 1 0 1 1 0 1 0 0 1 0 0
0.100224693939259 0 1 0 1 0 0 0 0 1 1 0 1 0 1 1 1 0 1 0 1 0 0 0 0 1
0.054157303336403 0 0 0 1 0 0 0 0 1 0 0 0 1 0 1 1 0 1 0 0 1 0 0 0 1
0.166651691607772 1 0 0 0 0 0 0 0 1 1 0 0 1 0 0 1 0 1 0 1 0 0 1 1 1
0.085809205881895 0 1 0 1 0 0 0 0 0 0 0 1 1 1 0 1 1 0 0 1 0 0 1 1 0
0.055499632258835 0 1 0 0 0 0 0 0 0 0 1 0 1 0 1 1 0 1 1 0 1 0 0 1 0
0.024415157417546 0 1 0 0 0 0 0 0 0 0 1 0 1 1 0 1 0 1 1 0 1 1 0 0 1
0.122203195578311 0 0 0 0 0 0 0 0 0 0 0 0 1 0 0 0 0 1 1 0 0 1 0 0 0
0.021171638061791 1 0 0 0 0 0 0 0 0 0 1 0 1 0 1 0 0 1 0 0 1 0 0 0 1
0.130954803682457 0 1 0 1 0 0 0 0 0 0 1 1 0 0 1 0 0 1 0 1 0 0 1 0 0
0.078844705041891 1 0 0 0 0 0 0 0 0 0 0 1 1 1 0 1 1 0 0 0 0 0 1 0 1
0.049471881375115 0 0 0 1 0 0 0 0 0 0 1 1 0 0 1 1 0 1 1 1 0 0 0 0 1
0.050755311747668 0 0 1 0 0 0 0 0 0 0 1 1 1 1 1 1 0 1 1 1 0 1 0 1 1
0.014259691112358 1 0 0 0 0 0 0 0 0 0 1 0 1 1 1 0 0 1 1 1 0 0 0 1 1
0.048993387152292 1 0 0 0 0 0 0 0 0 0 1 1 1 1 1 1 1 1 0 1 1 0 0 1 1
0.070880270702154 0 0 0 1 0 0 0 0 0 0 0 0 1 0 0 1 0 0 0 0 1 0 0 0 1
0.048226114343397 0 0 1 0 0 0 0 0 0 0 0 0 1 0 1 0 0 1 0 0 0 0 0 0 1
0.035690663299492 0 1 0 0 0 0 0 0 0 1 1 1 0 1 1 0 1 1 1 1 0 0 1 1 0
0.055763863249997 1 0 0 0 0 1 0 0 0 0 0 0 1 1 1 1 1 0 0 0 1 0 1 0 1
0.020493319517249 1 0 0 0 0 0 0 0 0 0 1 1 1 1 0 1 1 0 1 1 1 0 0 1 0
0.071421183888890 0 0 1 0 0 0 0 0 0 0 1 1 1 1 1 1 1 1 0 0 0 1 1 0 0
0.046163842739518 0 1 0 0 0 0 0 0 1 0 1 0 1 1 0 0 1 1 1 0 0 1 0 1 0
0.079802017846181 0 1 1 0 0 0 0 0 0 1 1 1 1 1 0 1 1 1 1 0 0 0 1 1 0
0.098784286330392 1 0 0 0 1 0 0 0 0 0 1 1 1 0 1 0 1 1 1 1 0 0 1 1 0
0.094424444775360 1 0 1 0 0 0 0 0 0 1 1 1 1 1 0 1 1 0 0 1 0 0 0 1 0
0.050059634198655 0 1 0 0 1 0 0 0 0 0 1 1 1 1 0 1 1 0 0 0 0 1 1 0 0
0.094821911760000 0 0 0 1 0 0 0 0 0 0 0 0 1 0 0 0 1 1 0 0 0 1 1 0 1
0.095010053718974 1 0 0 0 1 0 0 0 0 1 0 0 1 0 1 1 0 0 0 1 1 0 0 0 1
0.085241488746879 0 0 0 1 0 0 0 0 0 0 1 1 0 0 0 0 1 1 0 1 0 1 0 0 1
0.068092082009480 0 1 0 0 1 0 0 0 0 1 1 1 0 1 1 1 1 1 0 1 0 0 1 0 1
0.075455277423891 0 0 1 0 0 0 0 0 0 0 1 1 1 0 1 1 0 1 0 0 1 0 0 0 1
0.035124321267203 0 0 1 0 0 0 0 0 0 0 0 0 1 1 1 0 0 0 0 0 1 1 0 0 1
0.099507349665478 1 1 0 0 0 0 0 0 0 1 1 0 1 0 1 1 0 1 0 1 0 0 0 1 1
0.107175450002460 0 1 0 0 0 0 0 1 0 0 0 0 1 0 1 1 0 0 0 1 1 1 0 0 1
0.064602835258396 0 1 0 0 1 0 0 0 0 0 0 1 1 1 1 1 0 1 0 1 0 0 1 1 0
0.127886347483441 0 0 0 1 0 0 0 0 0 0 0 1 1 0 1 0 0 0 0 0 1 0 0 0 1
0.042844462750207 0 0 1 0 0 0 0 0 0 0 0 0 1 1 1 0 0 0 1 1 0 1 0 1 1
0.027229389752180 0 1 0 0 0 0 0 0 0 0 0 1 0 1 1 1 1 0 0 0 1 0 1 0 1
0.048525864697154 0 1 0 0 0 0 0 0 1 0 0 1 1 1 1 0 1 1 0 0 0 0 1 1 0
0.032625952112008 0 0 1 0 0 0 0 0 0 0 1 1 1 1 1 1 0 0 1 1 1 0 0 1 0
0.026603039391013 0 0 1 0 0 0 0 0 0 0 0 1 1 1 1 1 0 0 1 0 1 1 0 0 1
0.037013680920188 0 0 1 0 0 0 0 0 0 0 1 1 1 1 1 1 1 0 1 0 1 1 0 0 1
0.057914522826849 0 0 1 0 0 0 0 0 0 0 0 1 1 1 1 1 0 0 0 1 1 0 0 1 1
0.043615291131286 1 0 0 0 0 0 0 0 0 0 1 1 1 1 1 1 1 0 0 0 1 1 1 0 0
0.057140986772258 0 0 1 0 0 0 0 0 0 0 0 1 1 1 0 1 0 1 1 1 0 0 0 1 0
0.021985256732418 0 0 0 1 0 0 0 0 0 0 0 1 0 0 1 1 1 0 0 1 0 0 1 0 1
0.043100733085639 0 0 0 1 0 0 0 0 0 0 1 1 0 1 1 1 1 0 0 1 1 0 1 0 1
0.064130152034951 1 0 0 0 0 0 0 0 0 0 1 1 1 1 1 1 0 0 0 1 1 0 0 1 0
0.206812724271218 1 0 0 1 0 0 0 0 0 0 0 0 1 0 0 1 1 0 0 0 1 0 1 0 1
0.054952360912872 0 0 0 1 0 0 0 0 0 0 0 1 0 0 1 1 0 1 0 1 1 0 1 0 1
0.061590942303678 1 0 0 0 0 0 0 0 0 0 1 0 1 0 0 1 1 0 0 1 1 0 1 1 0
0.107171277673286 0 1 1 0 0 0 0 0 0 0 1 1 1 0 0 1 0 0 0 1 1 0 0 1 0
0.062288173699841 0 0 0 1 0 0 0 0 0 0 1 1 1 1 1 1 1 0 0 1 1 0 0 1 0
0.042161163453740 0 0 0 1 0 0 0 0 0 1 0 1 0 1 0 1 1 1 0 1 0 0 1 0 1
0.029719943674869 0 0 0 1 0 0 0 0 0 0 0 1 1 0 1 1 0 1 0 1 0 1 0 1 0
0.080109640510762 0 0 0 1 0 0 0 0 0 0 0 1 0 1 1 1 0 0 0 0 1 0 0 0 1
0.044366429542812 0 0 1 0 0 0 0 0 0 0 0 0 1 1 1 1 0 0 0 0 1 0 0 1 1
0.028550568647746 0 0 0 1 0 0 0 0 0 0 0 1 1 0 1 1 1 1 0 1 0 0 1 1 1
0.226117116809729 0 0 1 0 0 1 0 0 0 0 1 1 1 1 0 1 1 0 0 0 0 0 0 0 0
0.027115256582449 0 1 0 0 0 0 0 0 0 0 1 0 1 0 0 1 1 1 1 0 0 1 0 1 1
0.064545947276689 0 0 0 1 0 0 0 0 1 0 0 1 1 0 1 1 0 1 0 1 1 0 0 1 0
0.064829313346173 0 1 0 1 0 0 0 0 0 0 1 1 1 1 1 0 1 1 0 1 0 0 1 1 0
0.028300011493950 0 0 1 0 0 0 0 0 0 0 0 0 1 0 1 1 0 0 0 0 1 1 0 0 1
0.120917637837059 0 0 0 1 1 0 0 0 0 0 0 1 1 0 1 1 1 1 0 1 0 0 1 1 0
0.070655313988598 0 1 0 0 1 0 0 0 0 0 1 1 1 0 0 1 0 1 0 0 1 0 0 0 1
0.058287662495349 0 0 0 1 0 0 0 0 0 1 0 1 0 0 1 1 0 1 0 1 0 1 0 0 1
0.089407400727512 1 0 0 0 1 0 0 0 0 0 1 1 1 1 0 1 1 1 1 1 0 1 0 0 1
0.071094028214067 1 0 0 0 0 0 1 0 0 0 0 0 1 0 1 0 0 1 0 0 1 0 0 0 1
0.081036728433700 0 0 1 0 0 0 1 0 0 0 1 1 1 0 1 1 1 1 1 0 1 1 0 0 1
0.118354068371515 0 1 0 0 0 0 1 1 0 0 1 1 0 1 1 0 1 0 0 0 0 0 1 0 0
0.061946061383751 0 0 1 0 0 0 0 0 0 0 0 0 1 1 1 0 1 1 1 0 0 1 0 0 1
0.064182812631791 1 0 0 1 0 0 0 0 0 0 1 1 1 0 1 0 1 1 0 0 0 1 0 0 1
0.035065243326582 1 0 0 0 0 0 1 0 0 0 1 0 1 1 0 1 1 1 0 1 0 0 0 1 1
0.020401133481810 0 0 0 1 0 0 0 0 0 0 0 1 1 0 1 1 0 1 1 1 0 0 0 1 1
0.025737602287736 1 0 0 0 0 0 0 1 0 0 1 0 1 1 0 1 1 1 0 1 0 0 0 1 1
0.038970970735870 0 0 0 1 0 0 0 0 0 0 0 1 0 1 0 1 1 0 0 1 1 0 1 0 1
0.040070167269947 0 1 0 0 0 0 0 0 0 0 1 1 1 1 1 0 1 1 0 1 0 1 1 1 0
0.103178299882426 0 0 1 1 0 0 0 0 0 1 1 1 0 1 1 1 1 0 0 1 0 0 1 0 0
0.046521298827428 0 1 0 0 0 0 0 0 0 0 0 1 1 0 0 1 1 1 1 0 0 0 1 1 0
0.066175103871530 0 1 0 0 0 1 0 0 0 0 0 1 1 1 0 0 1 0 0 0 0 1 1 0 0
0.052564875718033 1 0 0 0 0 0 0 0 1 0 1 0 1 1 1 1 1 0 0 1 0 1 0 1 1
0.031497760001670 0 1 0 0 0 0 0 0 0 0 1 0 1 0 1 0 0 1 0 0 1 0 0 0 1
0.074995846457899 0 0 1 1 0 0 0 0 0 0 0 1 1 1 1 0 1 0 0 1 0 0 1 1 0
0.078938820647764 0 0 0 1 0 0 0 0 0 0 0 1 1 0 1 1 0 0 0 1 0 0 0 1 0
0.110435123095119 0 0 0 1 0 1 0 0 0 0 0 0 1 0 1 0 1 1 0 0 0 1 0 0 1
0.124672579123074 1 0 0 0 0 0 0 0 1 1 0 0 1 1 1 0 0 0 0 0 1 0 0 0 1
0.023576814338112 0 0 0 1 0 0 0 0 0 0 0 1 0 1 1 1 1 1 0 1 0 0 1 1 1
0.036711450727887 0 0 1 0 0 0 0 0 0 0 0 0 1 1 1 0 0 1 1 0 1 1 0 1 1
0.115976028363990 1 0 0 1 0 0 0 0 0 0 1 1 1 1 1 1 1 1 0 1 0 0 0 1 1
0.027933035823626 1 0 0 0 0 0 0 0 1 0 0 1 1 1 0 1 1 0 0 1 1 0 1 1 0
0.069705051714990 0 1 1 0 0 0 0 0 1 0 1 1 1 1 1 0 1 0 0 1 0 0 1 1 0
0.030051497779167 0 0 1 0 0 0 0 0 0 0 1 0 1 1 1 1 0 0 0 1 1 1 0 1 0
0.050138264352318 1 0 0 0 1 0 0 0 1 0 1 1 1 1 1 1 1 0 0 1 1 0 1 0 0
0.021497251516659 1 0 0 0 0 0 0 0 1 0 1 1 1 0 1 1 1 1 0 0 1 1 1 0 0
0.099876835982078 1 0 1 0 0 0 0 0 1 0 1 0 1 1 1 1 1 0 0 1 1 0 1 1 0
0.060378500526306 0 1 0 0 0 0 0 0 0 0 0 0 1 1 0 0 1 0 0 0 0 1 1 1 0
0.048490869898440 1 0 0 0 0 1 0 0 0 1 1 1 1 1 0 1 1 1 0 0 1 1 1 0 0
0.017337570503290 1 0 0 0 0 0 0 0 1 0 1 1 1 1 0 1 1 1 0 1 0 1 0 1 0
0.085078052077146 0 0 0 1 0 0 0 0 0 0 0 1 1 1 1 1 0 1 0 1 0 0 1 1 1
0.032161237636452 0 0 0 1 0 0 0 0 0 0 0 1 0 0 0 1 1 1 0 1 0 0 0 1 1
0.032967434562029 0 0 0 1 0 0 0 0 0 0 1 1 0 0 1 1 1 1 0 1 0 0 1 1 0
0.073660195961189 0 0 1 1 0 0 0 0 0 0 1 1 1 1 1 1 0 0 0 1 1 1 0 0 0
0.022926568671537 0 1 0 0 0 0 0 0 0 0 1 1 0 1 0 1 1 1 1 1 0 0 0 1 1
0.115831110262880 0 1 0 1 0 0 0 0 1 1 1 1 0 1 1 1 1 1 1 1 0 0 1 1 1
0.051692497833083 0 0 1 0 0 0 0 0 0 0 0 1 1 1 0 0 1 1 0 0 0 1 0 1 1
0.085208253661067 0 1 0 0 1 0 0 0 1 0 1 1 1 1 0 1 1 1 1 0 0 1 1 0 1
0.105621645075729 0 0 1 0 0 1 0 0 0 0 0 0 1 1 1 0 0 1 1 0 0 1 0 1 1
0.021485012519834 0 1 0 0 0 0 0 0 0 1 0 1 0 1 0 1 1 1 0 1 0 0 1 0 1
0.094124457153452 0 1 0 0 0 0 0 0 0 0 0 0 1 1 0 1 0 1 1 1 0 0 0 0 1
0.030031314207628 0 1 0 0 0 0 0 0 0 1 0 1 0 1 1 1 1 1 0 1 0 0 1 1 1
0.049324294791050 0 0 1 0 0 0 0 0 1 0 0 0 1 1 1 1 0 0 0 0 1 1 0 0 1
0.068127645847712 0 1 0 0 0 1 0 0 0 1 0 1 0 1 0 1 1 1 0 0 0 0 1 0 1
0.037423259379521 0 1 0 0 0 0 0 0 1 0 0 1 0 1 0 1 1 0 0 1 0 0 1 0 1
0.015587056135431 1 0 0 0 0 0 0 0 0 0 0 0 1 1 0 1 1 0 0 0 1 0 0 1 1
0.016347954206512 1 0 0 0 0 0 0 0 0 0 1 1 1 1 0 1 1 1 0 0 1 1 0 1 0
0.021122113135128 1 0 0 0 0 0 1 0 0 0 1 1 1 1 1 1 1 1 0 0 1 1 1 0 0
0.027579905628276 1 0 0 0 0 0 0 0 0 0 1 0 1 1 0 1 1 1 0 0 0 1 0 1 1
0.046220158363814 1 0 0 0 0 0 0 1 0 0 1 1 1 1 0 1 1 1 0 1 1 1 0 1 0
0.021117804043823 0 0 1 0 0 0 0 0 0 0 0 1 1 1 0 0 1 1 0 0 1 1 0 0 1
0.018826289103934 0 1 0 0 0 0 0 0 0 0 1 0 1 1 0 1 1 0 0 1 0 1 0 1 0
0.010134701889809 1 0 0 0 0 0 0 0 0 0 1 1 1 0 1 1 0 1 1 0 1 1 0 0 1
0.053865664482630 0 0 1 0 0 0 0 0 0 0 1 1 1 1 1 0 1 0 1 1 1 1 0 1 0
0.037678676868553 0 0 1 0 0 0 0 0 0 0 1 1 0 1 0 1 1 1 1 0 1 1 0 0 1
0.014447589854708 1 0 0 0 0 0 0 0 0 0 0 1 1 1 0 1 1 1 0 0 1 1 1 0 1
0.043864854084610 0 0 1 0 0 0 1 0 0 0 1 1 1 1 1 1 0 1 0 1 1 0 0 1 0
0.027197856485886 0 0 0 1 0 0 0 0 0 0 0 0 1 0 1 1 0 0 0 1 0 1 0 0 1
0.057718136679061 1 0 0 0 1 0 0 0 0 0 1 1 1 1 1 1 1 1 0 0 1 1 1 0 0
0.029425776111787 1 0 0 0 0 0 0 1 0 0 0 0 1 1 0 1 1 0 0 0 1 0 1 0 1
0.064423598073725 0 1 0 1 0 0 0 0 0 0 1 1 1 1 1 0 1 0 0 0 0 1 1 0 0
0.045055522160104 0 0 0 1 0 0 0 0 0 0 0 1 0 1 0 1 1 0 0 1 0 1 1 0 0
0.165144926278812 1 0 0 1 1 0 0 0 0 0 1 1 1 0 1 1 0 0 0 1 0 1 0 0 0
0.106947682772625 1 1 0 0 0 0 0 0 0 0 1 0 1 1 1 0 0 1 0 0 0 1 0 1 1
0.058966360909525 0 1 0 0 0 0 1 0 0 0 1 1 0 1 0 1 1 1 0 0 1 0 1 0 1
0.086944800818916 1 0 0 0 1 0 0 0 0 0 0 1 1 1 0 1 1 0 0 1 1 0 0 1 0
0.025106563268262 0 0 1 0 0 0 0 0 0 0 0 1 0 1 0 0 1 1 0 0 0 1 0 0 1
0.030809859845032 1 0 0 0 0 0 0 0 0 0 1 1 1 0 1 0 0 1 0 1 1 1 0 0 1
0.034360835011254 0 0 1 0 0 0 0 0 0 0 1 1 0 1 0 0 1 1 1 1 0 0 0 1 1
0.025196522998341 0 0 1 0 0 0 0 0 0 0 0 1 0 1 1 1 0 1 1 1 0 0 0 1 1
0.177120527462838 0 1 0 0 1 0 1 1 1 0 1 1 1 0 1 1 1 0 0 1 0 0 1 0 0
0.097616227710640 0 0 1 0 0 0 1 0 0 0 1 1 0 1 1 0 0 1 1 1 0 0 0 1 1
0.060941866772234 0 0 1 0 0 0 0 0 1 0 0 1 0 1 1 0 1 1 1 1 0 0 1 1 1
0.021995046597680 0 0 1 0 0 0 0 0 0 0 0 1 1 1 0 0 1 1 1 0 0 1 1 0 1
0.027014021569958 1 0 0 0 0 0 1 0 0 0 1 1 1 0 1 1 1 1 0 0 1 1 0 0 1
0.049540851005943 0 1 0 0 0 0 1 0 0 0 1 1 1 1 1 1 0 1 1 1 1 0 0 1 0
0.069269769271741 0 0 1 0 1 0 0 0 0 0 1 1 1 1 0 0 1 1 0 0 0 1 0 0 1
0.083556205791441 1 0 0 0 1 0 0 0 0 0 1 0 1 1 1 1 1 0 1 1 0 0 0 1 1
0.050662511146929 1 0 0 0 0 0 1 0 1 0 1 1 1 1 1 1 1 1 0 1 1 0 1 1 0
0.079106926973724 0 1 1 0 0 0 0 0 0 0 1 1 1 1 1 1 0 0 1 0 1 1 0 0 1
0.047351414474338 1 0 0 0 0 0 0 0 0 0 1 1 1 1 0 1 1 1 0 1 1 1 1 1 0
0.022925966972455 1 0 0 0 0 0 0 0 0 0 0 0 1 1 0 1 1 0 0 0 1 0 1 1 0
0.026766049696601 1 0 0 0 0 0 0 1 0 0 0 1 1 0 1 1 0 0 0 1 1 0 0 0 1
0.047007106108333 0 0 0 1 0 0 0 0 0 0 1 1 1 0 1 1 1 0 0 1 1 0 1 0 0
0.085648414503851 0 0 0 1 0 0 0 0 0 0 0 1 0 0 1 1 0 1 1 1 0 0 0 1 0
0.104061642021372 0 0 1 1 0 0 0 0 0 0 0 1 1 1 1 0 1 0 1 0 0 1 1 0 0
0.094637631344256 1 0 0 0 0 0 0 1 0 0 1 0 1 0 1 0 0 1 1 1 1 0 0 0 1
0.014190500358151 1 0 0 0 0 0 0 0 0 0 0 1 1 0 1 1 0 0 0 1 1 1 0 0 1
0.030507832591320 1 0 0 0 0 0 0 1 0 0 0 1 1 0 1 1 1 0 1 0 1 1 0 0 1
0.021543962634435 0 0 1 0 0 0 0 0 0 0 0 1 0 1 1 1 0 0 0 1 1 1 0 0 1
0.038233077897416 0 0 1 0 0 0 0 1 0 0 0 1 0 1 1 1 1 0 0 0 1 1 0 0 1
0.093318346534064 0 0 1 0 0 0 0 0 0 0 0 1 0 1 0 1 1 1 1 1 0 1 0 0 1
0.061668898053981 0 0 1 0 0 0 0 1 0 0 0 1 1 1 1 1 0 0 0 1 1 1 0 1 0
0.029887033805592 1 0 0 0 0 0 0 0 0 0 0 1 0 1 1 1 1 0 0 1 1 0 1 0 1
0.017923613410279 0 0 1 0 0 0 0 0 0 0 0 1 0 1 1 1 1 0 0 0 1 1 1 0 1
0.039845732665318 1 0 0 0 0 0 0 1 0 0 0 1 1 1 1 1 1 0 0 1 1 1 1 0 1
0.021370894583628 0 0 1 0 0 0 0 0 0 0 0 1 0 1 1 0 1 0 0 0 1 1 0 0 1
0.043103169179365 0 0 1 0 0 0 0 0 0 0 0 1 0 0 1 1 0 0 0 0 1 1 0 0 1
0.122330807451557 1 0 0 0 0 1 1 0 0 0 1 1 1 0 1 1 1 1 0 0 1 0 1 0 0
0.062041910030374 0 1 0 0 0 1 0 0 0 0 1 0 1 1 0 1 1 0 0 0 1 1 0 0 1
0.151515878507212 0 0 1 0 0 0 1 0 0 0 0 0 1 0 1 1 0 0 1 1 1 0 0 1 0
0.019223900687806 0 0 1 0 0 0 0 0 0 0 0 0 1 1 0 1 0 1 0 0 1 0 0 1 1
0.070257196283530 0 0 0 1 0 0 0 0 0 0 0 1 0 0 0 0 1 1 0 0 0 0 1 0 1
0.042614401906193 0 0 0 1 0 0 0 0 0 0 0 1 1 1 1 1 0 0 0 1 1 1 1 0 0
0.058297624894180 1 0 0 0 0 0 0 0 1 0 1 1 1 1 1 1 1 1 0 0 1 1 1 0 1
0.047249051196741 1 0 0 0 0 0 0 0 0 0 1 1 1 0 1 0 1 1 0 0 1 1 0 0 0
0.026983254946887 1 0 0 0 0 0 1 0 0 0 1 1 1 1 0 1 1 1 0 1 0 1 0 1 0
0.025270045457045 1 0 0 0 0 0 0 0 0 0 0 0 1 1 0 1 1 1 0 0 1 0 1 1 1
0.068614002184365 0 0 1 0 0 0 1 0 0 0 1 1 0 1 1 1 1 0 0 0 1 1 0 0 0
0.014164875059901 1 0 0 0 0 0 0 0 0 0 0 0 1 1 0 1 0 1 0 0 1 0 0 1 1
0.010898444588808 1 0 0 0 0 0 0 0 0 0 1 1 1 0 1 1 1 0 0 1 1 1 0 0 1
0.190585112767567 0 0 0 0 1 1 0 0 0 0 0 0 1 0 1 0 0 1 0 1 0 1 0 0 1
0.095088019280256 1 0 0 0 0 1 0 0 0 0 0 0 1 1 0 1 1 1 0 0 1 1 0 1 1
0.026622493533174 1 0 0 0 0 0 0 0 0 0 1 1 1 0 0 1 1 1 0 0 0 1 1 0 0
0.064843566214363 0 0 1 0 1 0 0 0 0 0 1 1 1 1 1 1 0 0 0 1 1 1 0 1 0
0.039580019312560 0 0 1 0 0 0 0 0 0 0 0 1 0 1 0 0 1 1 0 0 1 0 1 0 1
0.027813317302857 0 1 0 0 0 0 1 0 0 0 1 1 1 1 1 1 1 0 0 0 1 1 1 0 0
0.049049533592915 0 1 0 0 0 0 0 0 1 1 0 1 0 1 1 1 0 1 0 1 0 0 1 1 0
0.022309825445943 0 0 1 0 0 0 0 0 0 0 0 0 0 1 1 1 0 0 0 0 1 1 0 0 1
0.047438244176235 1 0 0 0 0 0 0 0 0 0 1 1 1 1 1 1 0 0 0 1 1 1 0 0 1
0.042175813283380 1 0 0 1 0 0 0 0 1 1 1 1 1 1 1 1 1 0 0 1 1 0 1 0 0
0.061888542298886 0 0 0 1 0 0 0 0 0 0 1 1 1 0 1 1 0 1 0 1 1 1 0 0 1
0.028271728625370 1 0 0 0 0 0 0 0 0 1 0 1 1 1 0 1 1 0 0 1 1 1 1 0 0
0.032048695308150 0 0 1 0 0 0 0 0 0 0 0 0 1 1 1 1 0 1 0 0 0 1 0 1 1
0.056290694891380 0 0 0 1 0 0 0 0 0 0 0 1 1 1 1 1 1 0 0 1 1 1 1 1 0
0.072021660314763 0 1 0 0 0 0 1 0 0 0 1 0 1 0 1 1 0 1 1 0 1 0 0 0 1
0.048430303619838 1 0 0 0 0 0 0 0 0 0 0 1 1 0 1 1 1 0 0 1 1 1 1 0 0
0.105416745812362 1 0 1 0 0 0 0 0 0 0 1 1 1 1 0 1 1 1 0 0 1 1 1 0 0
0.084346234795538 1 0 0 0 1 0 0 0 1 1 1 1 1 1 0 1 1 1 1 1 0 0 1 1 0
0.046943425030116 0 1 0 0 0 0 0 0 0 0 0 0 1 0 0 0 1 1 0 0 0 0 1 0 1
0.026641910205957 0 0 1 0 0 0 0 0 0 0 0 0 1 1 1 1 0 1 1 1 1 0 0 1 1
0.106160633201763 1 1 0 0 0 0 0 1 1 1 0 1 1 1 1 1 1 0 1 1 1 0 1 0 1
0.042040585028944 0 1 0 0 0 0 1 0 0 0 1 1 1 1 1 0 1 1 0 0 1 0 1 1 0
0.055792363206451 1 0 0 0 0 0 0 0 0 0 1 1 1 0 1 0 0 1 0 1 0 0 0 1 1
0.013594749818704 0 1 0 0 0 0 0 0 0 0 0 0 1 1 0 1 0 1 0 0 1 0 0 1 1
0.019171822097270 0 1 0 0 0 0 0 0 0 0 0 0 1 1 0 1 1 1 0 0 0 0 1 1 1
0.018987277933747 0 1 0 0 0 0 0 0 0 0 0 0 1 0 1 1 0 1 0 0 0 0 0 1 1
0.027170516358202 1 0 0 0 0 0 0 0 1 0 1 1 0 1 0 1 1 0 0 1 1 0 0 1 0
0.053425228216366 1 0 0 0 0 0 0 1 1 0 1 1 1 1 0 1 1 0 0 1 1 0 0 1 0
0.022361207923158 1 0 0 0 0 0 0 0 0 0 1 1 0 0 1 1 1 0 0 1 1 1 0 0 1
0.033569240685102 1 0 0 0 0 0 0 0 0 0 1 0 0 1 0 1 1 1 0 1 0 0 0 1 1
0.092722040410700 0 1 1 0 0 0 0 0 0 0 1 1 1 1 1 1 1 0 0 0 1 1 1 1 0
0.047902174638637 0 1 0 0 0 0 0 0 0 0 0 0 0 1 0 1 1 0 0 0 1 0 1 0 1
0.033828519532591 0 0 1 0 0 0 0 0 0 1 0 1 0 1 1 1 1 0 0 0 1 1 0 0 1
0.031950091937920 1 0 0 0 0 0 0 0 0 0 1 1 0 1 0 1 1 1 0 0 1 1 1 0 0
0.017499288315729 0 1 0 0 0 0 0 0 0 0 0 1 0 1 0 1 1 1 0 0 0 0 1 1 1
0.027438535037048 0 1 0 0 0 0 0 0 0 0 1 1 1 1 0 0 1 0 1 1 0 1 0 1 0
0.019598626992625 1 0 0 0 0 0 0 1 0 0 1 1 1 0 1 1 1 1 0 0 1 1 0 0 1
0.033576426648409 0 0 0 1 0 0 0 0 0 0 0 1 1 0 1 1 0 0 1 0 1 1 0 0 1
0.042928457611869 0 0 0 1 0 0 0 0 0 0 1 1 1 1 0 1 1 1 1 1 0 1 0 1 0
0.109047697780773 0 0 0 1 0 0 1 0 0 0 0 1 0 0 1 1 1 1 0 1 0 0 1 1 1
0.051487645679989 0 0 1 0 0 0 1 0 0 0 1 1 1 1 1 1 0 0 1 1 0 1 0 1 0
0.075099488099060 1 0 0 0 0 0 0 1 0 0 0 1 0 1 0 1 1 0 0 1 1 1 0 0 1
0.094551784316227 0 1 1 0 0 0 1 0 0 1 1 1 1 1 1 1 0 1 0 1 0 0 1 1 0
0.043539697126243 0 0 1 0 0 0 0 0 0 0 0 0 1 1 0 0 1 1 0 0 0 0 1 1 1
0.040635885120455 1 0 0 0 0 0 1 0 0 0 1 0 1 1 1 1 0 1 1 1 0 1 0 1 1
0.023316848522557 1 0 0 0 0 0 0 0 0 0 1 1 1 1 0 1 1 1 1 0 1 1 1 0 0
0.036726852944283 1 0 0 0 0 0 1 0 0 0 1 1 1 1 1 1 1 0 1 1 1 1 0 1 0
0.151581634735213 1 0 1 0 0 0 1 0 0 0 1 0 1 1 1 1 0 1 1 0 0 0 0 1 1
0.034091447079720 0 1 0 0 0 0 0 0 0 0 1 1 1 1 0 1 1 0 1 1 1 1 0 1 0
0.026343384398225 1 0 0 0 0 0 0 0 0 1 1 1 0 0 1 1 1 0 0 1 1 0 1 0 0
0.052273224542744 1 0 0 0 0 0 1 0 0 1 1 1 0 1 1 1 1 1 0 1 0 1 1 0 0
0.015396648336869 1 0 0 0 0 0 0 0 0 1 0 1 0 1 1 1 1 0 0 0 1 1 1 0 0
0.014025885012890 1 0 0 0 0 0 0 0 0 1 0 1 0 1 0 1 1 1 0 0 1 0 1 0 1
0.043146185459494 1 0 0 0 0 0 0 1 0 1 0 1 0 1 1 1 1 0 0 1 1 0 1 0 0
0.023504868119045 1 0 0 0 0 0 0 0 0 1 1 1 1 0 1 1 1 1 0 0 1 1 0 0 1
0.034881317099107 1 0 0 0 0 0 0 0 0 0 0 0 1 1 0 0 1 1 0 0 1 0 1 0 1
0.073709784646854 0 0 0 1 0 0 0 0 0 1 0 1 1 1 1 0 1 0 0 1 0 1 1 0 0
0.078006109115236 1 0 0 0 1 0 0 0 0 1 1 1 0 1 0 1 1 0 0 1 1 0 1 0 0
0.042557587652072 1 0 0 0 0 0 0 1 0 1 0 1 1 1 0 1 1 1 0 0 1 1 1 0 0
0.018416219350284 1 0 0 0 0 0 0 0 0 0 0 1 1 0 1 1 0 1 0 0 1 1 0 0 1
0.056698885594362 0 0 1 0 0 0 0 0 0 0 1 1 1 0 1 1 0 0 1 1 1 1 0 0 0
0.071846051720679 1 0 0 1 0 0 0 0 1 1 1 1 0 0 1 1 1 0 0 1 0 0 1 0 0
0.040989927987077 0 0 0 1 0 0 0 0 0 0 1 1 0 1 0 1 1 1 0 1 1 0 0 1 1
0.096259827466809 1 0 0 0 0 1 0 0 0 1 0 1 0 1 1 1 1 0 0 1 1 1 1 0 1
0.022669546059275 1 0 0 0 0 0 1 0 0 1 0 1 1 1 1 1 1 0 0 0 1 1 1 0 0
0.084519558930866 1 0 0 1 0 0 1 0 1 1 1 1 1 0 1 0 1 1 0 0 0 0 1 0 0
0.132760144790934 1 1 0 1 0 0 0 0 1 1 1 1 1 0 1 0 0 1 0 1 0 0 0 0 1
0.108079243412160 1 0 0 1 1 0 0 0 1 1 1 1 1 1 1 0 1 0 0 1 0 0 1 0 0
0.109941810694210 0 1 1 0 0 0 0 0 0 1 0 0 1 1 1 1 0 1 0 0 0 0 1 1 1
0.062174388500251 1 0 0 0 0 0 1 0 1 1 1 1 0 1 1 1 1 1 0 0 1 0 1 0 0
0.031591032297613 0 0 1 0 0 0 0 0 0 0 0 0 1 0 0 0 1 1 0 0 0 0 0 0 1
0.057248861928711 1 0 0 0 0 0 0 0 0 0 0 0 1 1 1 1 0 1 0 1 0 0 0 1 1
0.053422562306098 0 0 1 0 0 0 0 0 0 0 1 1 0 1 1 1 0 0 1 1 1 1 0 1 0
0.016556953429282 1 0 0 0 0 0 0 0 0 0 0 1 1 1 0 0 1 1 0 0 1 0 0 1 1
0.043835929284993 1 0 0 0 0 0 0 0 0 0 0 0 1 1 0 0 0 1 0 0 1 0 0 1 1
0.026472119324517 1 0 0 0 0 0 0 1 0 0 0 1 1 1 0 1 1 1 0 0 1 0 0 1 1
0.090919643789387 0 0 1 0 1 0 0 0 0 0 1 1 0 1 1 1 1 0 1 0 1 1 0 0 1
0.016900093361479 0 0 1 0 0 0 0 0 0 0 0 1 1 1 0 0 1 1 1 0 1 0 0 1 1
0.033759596941363 0 1 0 0 0 0 0 0 0 0 0 1 1 1 0 1 1 1 0 0 1 0 1 1 1
0.050547256626673 0 0 0 1 0 0 0 0 0 0 1 1 1 0 1 0 1 1 1 1 0 0 1 1 0
0.046434221643236 0 0 1 0 0 0 0 0 0 0 1 1 1 1 0 1 0 1 1 1 1 0 0 1 1
0.037852299190945 0 1 0 0 0 0 0 0 0 0 1 0 1 1 0 1 0 1 1 0 1 1 0 1 1
0.013270435199422 0 1 0 0 0 0 0 0 0 0 0 1 0 1 1 1 1 0 0 1 0 1 1 0 1
0.024060166430868 0 1 0 0 0 0 0 0 0 1 0 1 1 1 0 1 1 0 0 1 0 1 1 0 0
0.056704385352644 0 1 0 0 1 0 0 0 0 0 0 1 1 1 1 0 1 0 0 0 0 1 1 0 0
0.058272809487731 0 0 0 1 0 0 0 0 0 0 1 0 1 0 1 1 0 1 1 1 0 1 0 1 0
0.044909416727225 0 0 0 1 0 0 0 1 0 0 0 1 1 1 1 1 1 0 0 1 0 1 1 0 0
0.030875667366819 0 0 1 0 0 0 0 0 0 0 1 0 1 1 1 1 0 1 1 1 0 1 0 1 0
0.018722506671046 0 1 0 0 0 0 0 0 0 0 1 1 1 1 0 1 1 0 1 1 0 1 0 0 1
0.057615208259468 0 1 0 1 0 0 0 0 0 1 0 1 1 1 1 1 0 0 0 1 0 1 1 0 0
0.066142445985365 0 1 0 0 0 0 1 0 0 0 1 1 1 1 0 0 1 0 1 0 0 1 0 0 0
0.024048628715675 1 0 0 0 0 0 0 0 0 0 0 1 1 0 0 0 1 1 0 0 1 0 0 0 1
0.028796228213983 0 1 0 0 0 0 0 0 0 0 1 0 1 1 1 0 0 1 1 1 0 1 0 1 0
0.110375683555804 1 1 0 0 0 0 0 1 0 0 1 1 1 1 1 1 1 0 0 1 1 1 0 0 1
0.036253233013646 0 1 0 0 0 0 0 0 0 0 0 0 1 1 1 1 1 0 0 0 0 1 1 0 1
0.031359618940719 0 0 0 1 0 0 0 0 0 0 0 1 0 1 1 1 0 0 0 1 1 1 0 0 1
0.036988339080780 0 1 0 0 0 0 0 0 0 1 0 1 0 1 1 1 0 0 0 1 0 1 0 0 1
0.035960108547139 0 0 1 0 0 0 0 1 0 0 0 0 1 1 1 1 0 1 0 1 0 0 0 1 1
0.047085837607024 0 0 1 0 0 0 0 0 0 0 0 0 1 0 0 0 1 1 1 0 0 0 0 1 1
0.040458993763462 1 0 0 0 0 0 0 0 1 0 1 0 1 1 0 0 1 1 0 1 0 0 0 1 1
0.023073169767776 1 0 0 0 0 0 0 0 0 0 0 1 1 1 0 0 1 1 0 0 0 0 1 1 0
0.022311509554378 1 0 0 0 0 0 0 0 0 1 0 1 0 0 1 1 0 0 0 1 1 0 0 0 1
0.047242824118869 0 1 0 0 1 0 0 0 0 0 1 1 1 1 0 1 1 0 0 1 0 1 0 1 0
0.015132285680260 1 0 0 0 0 0 0 0 0 1 0 1 1 1 0 1 1 1 0 0 1 0 1 1 0
0.027090361979091 1 0 0 0 0 0 0 0 0 0 0 1 0 1 0 1 1 1 0 0 1 0 0 1 1
0.052839743101936 0 0 0 1 0 0 0 0 0 0 0 1 1 0 1 1 1 0 0 0 0 1 1 0 0
0.063841035706743 0 1 0 0 0 1 0 0 0 0 1 1 1 1 0 1 0 1 1 0 1 1 0 0 1
0.018316524957537 1 0 0 0 0 0 0 0 0 0 0 1 1 1 0 1 1 1 0 0 0 1 1 1 0
0.016714659045868 1 0 0 0 0 0 0 0 0 0 0 1 1 1 0 1 1 0 0 0 1 1 0 1 0
0.046242714157439 0 1 0 0 0 0 0 1 0 1 0 1 0 1 1 1 1 0 0 1 0 0 1 0 1
0.087186953893567 0 0 1 0 1 0 0 0 0 0 1 0 1 1 1 1 0 1 1 1 0 0 0 1 1
0.096200775556456 1 0 0 0 0 1 0 1 0 0 1 1 1 0 1 1 1 0 0 1 1 1 0 0 1
0.070664554108424 0 1 0 0 0 1 0 0 0 0 1 0 1 1 0 0 1 1 0 0 0 0 1 1 0
0.046882607269687 1 0 0 0 0 0 0 0 0 0 1 0 1 1 0 1 0 1 1 1 0 1 0 1 0
0.042280942357386 0 1 0 0 0 0 0 0 0 1 0 1 0 1 0 0 1 1 0 0 0 0 1 1 0
0.040063702071264 1 0 0 0 0 0 0 0 1 0 1 1 1 0 1 0 1 0 0 1 1 0 0 1 0
0.064453158481825 1 0 0 0 0 1 0 0 0 1 0 1 1 1 0 0 1 1 0 0 1 0 1 0 1
0.041428623233861 1 0 0 0 0 0 0 0 0 1 0 1 1 1 1 1 1 0 0 1 0 1 1 1 0
0.063148980128374 0 0 1 0 0 0 0 0 0 0 0 1 1 1 1 0 1 1 0 0 1 0 1 1 1
0.110344623844968 1 1 0 0 0 0 0 0 1 0 1 0 1 1 1 0 0 1 1 1 0 0 0 1 1
0.110068339096140 0 0 1 1 0 0 0 0 1 0 1 1 1 1 1 1 1 0 1 1 1 0 0 1 0
0.054064672973054 1 0 0 0 0 0 0 0 0 0 1 0 1 0 1 0 0 1 1 1 0 1 0 1 1
0.072560010786714 1 1 0 0 0 0 0 1 0 1 0 1 1 1 1 0 0 0 0 1 1 0 1 0 0
0.074647673094556 1 1 0 0 0 0 0 0 1 1 0 1 1 1 1 0 1 0 0 1 0 0 1 1 0
0.037358612570726 0 0 1 0 0 0 0 0 0 0 1 1 1 1 0 0 1 1 1 0 1 1 0 0 1
0.085697067743201 0 1 0 1 0 0 0 0 0 0 1 0 1 1 1 0 0 0 0 1 0 1 0 0 0
0.014202942553907 1 0 0 0 0 0 0 0 0 0 0 1 1 1 1 0 0 1 1 0 1 1 0 0 1
0.019208450508232 1 0 0 0 0 0 0 0 0 0 0 1 1 1 0 1 1 1 1 0 1 1 0 1 1
0.107562207934506 1 0 0 1 0 0 0 0 1 0 1 1 1 0 1 0 0 1 1 0 1 1 0 0 1
0.077224325420849 0 0 1 0 0 0 0 0 1 0 1 0 1 0 1 0 0 1 1 1 0 0 0 1 0
0.036436561589249 1 0 0 0 0 0 0 0 0 0 0 1 1 0 1 0 1 1 0 0 0 1 0 0 1
0.025751214207761 0 0 1 0 0 0 0 0 0 0 0 1 0 0 0 1 1 1 0 0 0 0 1 0 1
0.042003839629320 0 0 1 0 0 0 0 0 0 1 0 1 0 1 0 1 1 1 0 0 0 1 1 0 1
0.072749008051487 1 0 0 0 0 0 0 0 0 0 0 1 1 1 1 1 1 0 0 0 1 1 0 0 1
0.068116746223882 1 0 0 0 0 1 0 0 0 0 1 0 1 1 1 0 0 1 1 0 1 1 0 0 1
0.057223111730962 0 1 0 0 1 0 0 0 0 0 1 1 1 1 1 1 0 0 1 1 1 1 0 0 1
0.031551601056675 1 0 0 0 0 0 0 0 0 0 0 0 1 0 0 1 1 1 0 0 0 0 0 1 1
0.046972364977297 1 0 0 0 0 0 0 0 0 1 1 1 1 0 1 1 1 0 1 1 1 1 0 1 0
0.062236185429688 1 0 0 0 0 0 0 0 0 1 0 1 0 1 1 1 0 0 1 1 1 1 1 0 1
0.022654180728505 1 0 0 0 0 0 0 0 0 1 0 1 0 1 0 1 1 0 0 0 1 0 1 1 0
0.064617788329368 0 0 1 0 0 0 0 0 0 0 0 1 0 1 0 0 1 0 1 0 1 1 0 0 1
0.016126771382941 1 0 0 0 0 0 0 0 0 1 0 1 1 1 0 0 1 1 1 0 0 1 0 1 0
0.045674718223163 1 0 0 0 0 0 1 0 0 1 0 1 1 1 1 0 1 1 1 0 0 1 1 1 0
0.050620498624728 1 0 0 0 0 0 1 0 0 1 1 1 1 0 1 1 1 1 1 0 0 1 1 0 0
0.034660016147471 1 0 0 0 0 0 1 0 0 0 1 1 1 1 1 0 0 1 1 1 0 1 0 1 0
0.019728024389319 1 0 0 0 0 0 0 0 0 0 1 1 1 1 0 0 1 1 1 1 0 1 0 1 0
0.074514025519335 1 0 0 0 0 0 1 0 0 1 0 1 1 1 0 1 0 1 1 0 1 1 0 1 0
0.051392025268343 1 0 0 0 0 1 0 0 0 0 1 0 1 1 0 1 1 1 0 0 1 0 1 0 1
0.015378890349919 0 0 1 0 0 0 0 0 0 0 0 1 0 1 0 1 1 1 0 0 1 0 0 1 1
0.067246902338013 0 1 0 1 0 0 0 0 0 0 1 1 1 1 0 1 1 0 0 1 0 1 1 0 0
0.023924521895036 1 0 0 0 0 0 0 0 0 1 0 1 1 1 0 0 1 1 0 0 0 1 1 0 0
0.059786438195276 0 0 0 1 0 0 0 1 0 0 0 1 1 1 1 1 0 1 1 1 0 1 0 1 0
0.051633752854327 1 0 0 0 0 0 0 0 0 1 0 1 1 1 0 1 1 0 1 0 1 1 1 1 0
0.057268074319262 1 0 0 0 0 0 0 0 0 0 0 0 0 1 0 1 1 0 0 0 1 0 1 0 1
0.023062666372457 1 0 0 0 0 0 0 0 0 1 0 1 0 1 0 1 1 1 0 1 0 0 1 1 0
0.037665873529682 0 0 1 0 0 0 0 0 0 1 0 1 0 1 1 1 0 1 0 1 1 0 0 1 1
0.086765611514899 0 1 0 0 0 1 0 0 0 0 1 0 1 1 0 0 1 1 1 0 0 1 0 0 1
0.029984952619258 0 0 0 1 0 0 0 0 0 0 0 0 1 1 1 1 0 0 0 1 0 1 1 0 0
0.086940188544721 0 1 1 0 0 0 0 0 0 0 1 1 1 1 0 1 1 1 0 0 0 1 1 0 1
0.018004164170166 1 0 0 0 0 0 0 0 0 1 0 1 0 1 0 1 1 0 0 1 0 1 0 1 0
0.101464435973698 0 0 1 1 0 0 0 0 0 0 0 0 1 1 1 1 0 0 0 0 1 1 0 0 1
0.056642587472773 0 1 0 0 1 0 0 0 0 0 1 1 1 1 1 0 1 1 1 0 0 1 1 1 0
0.033825447227493 0 0 1 0 0 0 0 0 0 0 0 1 0 1 1 1 1 1 0 0 1 0 1 0 1
0.025684135182558 1 0 0 0 0 0 0 0 0 1 0 1 0 1 0 1 1 0 0 1 1 0 0 1 1
0.012940292883382 1 0 0 0 0 0 0 0 0 0 1 0 1 0 1 1 1 0 0 1 1 0 0 1 1
0.018135080982736 1 0 0 0 0 0 0 0 0 1 1 1 0 1 0 1 1 1 0 1 0 1 0 1 0
0.035097752304307 0 0 0 1 0 0 0 0 0 0 0 1 0 1 1 1 0 0 1 1 0 1 1 0 1
0.089931994564588 1 1 0 0 0 0 1 0 0 1 0 1 1 1 1 0 0 0 0 1 0 1 1 0 0
0.015629820231599 0 0 1 0 0 0 0 0 0 0 0 1 0 1 0 1 1 1 1 0 0 0 1 1 1
0.031920056044148 0 0 0 1 0 0 0 0 0 0 0 0 1 0 1 1 0 0 0 1 0 0 1 0 1
0.048153464018049 0 0 0 1 0 0 0 0 0 1 0 1 0 1 0 1 1 1 0 1 0 0 1 1 0
0.137455439078576 0 1 0 1 0 1 0 0 0 1 1 1 1 1 1 1 1 0 0 1 1 0 1 0 0
0.062350875278216 0 0 0 0 0 1 0 0 0 0 0 0 1 0 0 0 1 1 0 0 0 0 1 0 1
0.035567863268185 1 0 0 0 0 0 0 1 0 0 0 1 1 1 0 1 1 0 1 1 0 1 0 1 0
0.093869913520735 0 1 0 0 0 1 0 0 0 0 0 0 1 0 0 1 1 1 0 0 0 0 0 1 1
0.110366186744654 0 0 1 1 0 0 0 0 0 0 0 1 0 1 1 1 1 0 0 1 0 0 1 1 1
0.155377609954623 1 0 1 1 0 0 0 0 1 1 1 1 1 1 1 0 1 0 0 1 0 0 1 0 0
0.029519217247268 0 1 0 0 0 0 0 0 0 1 0 1 0 1 1 0 1 0 0 1 0 1 1 0 0
0.011537972281917 1 0 0 0 0 0 0 0 0 0 1 1 0 1 1 1 1 0 0 1 1 0 1 1 0
0.027965139013930 0 0 1 0 0 0 0 0 0 0 0 1 0 1 0 1 0 1 1 0 1 0 0 1 1
0.021169129234002 0 1 0 0 0 0 0 0 0 1 0 1 0 1 1 1 0 1 0 1 1 0 1 0 1
0.025864331563895 0 1 0 0 0 0 0 0 0 0 0 0 1 0 1 1 0 1 0 0 1 0 1 0 1
0.049330011969915 0 1 0 0 0 0 1 0 0 1 0 1 0 1 1 1 1 0 0 0 0 1 1 0 0
0.053870588748764 1 0 0 0 0 0 0 0 0 1 0 1 1 1 0 0 0 1 0 0 1 1 0 0 1
0.053333013102644 1 0 0 0 0 0 1 0 0 0 0 1 1 1 0 0 1 1 1 0 0 1 0 1 0
0.032460910703070 1 0 0 0 0 0 0 0 0 1 0 1 0 1 1 0 1 0 0 1 1 0 1 1 0
0.013306066811202 1 0 0 0 0 0 0 0 0 1 0 1 1 1 1 0 0 1 1 1 0 1 0 1 0
0.012128316524741 1 0 0 0 0 0 0 0 0 0 0 1 1 1 1 0 0 0 1 1 0 1 0 1 0
0.014718443151312 1 0 0 0 0 0 0 0 0 0 0 1 1 1 1 0 0 1 1 1 0 1 0 1 1
0.070970239044592 1 0 1 0 0 0 0 0 0 1 0 1 1 1 1 0 0 0 1 1 0 1 0 1 0
0.014858105713443 1 0 0 0 0 0 0 0 0 0 0 1 1 0 1 1 0 0 1 1 1 0 0 1 1
0.017128549245965 1 0 0 0 0 0 0 0 0 0 0 1 1 1 1 0 0 1 1 0 1 1 0 1 0
0.011751311185934 1 0 0 0 0 0 0 0 0 0 0 1 1 1 1 0 0 1 1 1 1 0 0 1 1
0.015929801116646 1 0 0 0 0 0 0 0 0 0 0 1 1 0 1 0 0 1 1 0 1 0 0 1 1
0.023903993198887 0 0 1 0 0 0 0 0 0 0 1 0 1 1 1 1 0 0 1 1 1 1 0 0 1
0.076208784649069 1 0 0 0 1 0 0 0 1 0 1 1 1 1 1 0 1 0 0 1 1 0 1 1 0
0.046739558369647 1 0 0 0 0 1 0 0 0 1 0 1 1 1 1 0 1 1 1 0 0 1 0 1 0
0.064288280972143 0 0 1 0 0 0 0 1 0 0 1 1 0 1 0 1 1 1 0 1 0 0 0 1 1
0.056160586702888 1 0 0 0 0 0 1 0 0 1 0 1 0 1 1 1 1 0 0 1 1 0 1 1 0
0.062104572807909 1 0 0 0 0 0 0 0 1 1 1 1 0 1 1 0 1 1 0 1 0 0 1 1 0
0.045433584209991 1 0 0 0 0 0 0 0 0 0 0 1 1 0 1 0 0 0 1 1 1 0 0 1 0
0.061359123610633 1 0 0 0 0 0 0 1 0 0 0 1 1 1 1 1 0 0 1 1 1 1 0 1 1
0.020135786287056 1 0 0 0 0 0 0 1 0 0 0 1 1 1 1 0 1 0 0 1 0 1 0 1 0
0.029689433788735 1 0 0 0 0 0 0 0 0 0 0 1 0 1 1 0 1 0 0 1 0 1 1 1 0
0.027420730184257 1 0 0 0 0 0 0 0 0 0 0 1 1 1 1 0 1 0 1 1 1 1 0 1 0
0.106551169185550 0 1 1 0 0 0 0 1 0 0 1 0 1 1 1 1 0 0 0 1 0 1 0 1 0
0.024142759117697 0 0 0 1 0 0 0 0 0 0 0 1 1 0 0 1 1 1 1 0 1 0 0 1 1
0.030818308401114 0 0 1 0 0 0 0 0 0 0 0 1 0 1 1 0 1 0 0 0 0 1 1 0 0
0.048002809489659 0 0 1 0 0 0 0 1 0 0 0 1 1 0 1 1 1 0 0 0 0 1 1 0 0
0.020210422396492 0 0 0 1 0 0 0 0 0 0 0 1 1 1 0 1 1 1 1 1 1 0 0 1 1
0.044353248322290 0 0 1 0 0 0 1 0 0 0 0 1 1 1 1 0 1 1 1 0 0 0 1 1 0
0.098532066527026 0 0 1 0 0 0 1 1 0 0 0 1 1 1 1 0 1 0 0 0 0 1 1 0 0
0.042938392925763 0 0 1 0 0 0 0 0 0 1 0 1 0 1 1 0 1 1 0 0 0 0 1 1 0
0.026444226279564 1 0 0 0 0 0 0 1 0 0 0 1 1 0 1 1 1 0 0 1 1 0 0 1 1
0.043090130352831 0 0 0 1 0 0 0 0 0 0 1 0 1 1 1 0 1 0 0 1 0 1 1 0 0
0.014127893564904 1 0 0 0 0 0 0 0 0 0 1 1 0 1 0 1 1 0 0 1 0 1 0 1 0
0.017777443697487 1 0 0 0 0 0 0 0 0 0 0 1 1 1 0 1 0 1 1 1 1 0 0 1 1
0.039399309675043 0 0 1 0 0 0 0 0 0 0 0 1 1 0 0 0 1 1 1 0 0 0 1 1 0
0.024175044805340 0 0 1 0 0 0 0 0 0 0 0 1 1 1 1 0 0 0 1 1 0 1 0 1 0
0.016272105536866 0 0 1 0 0 0 0 0 0 0 0 1 1 1 1 1 0 1 1 0 1 0 1 1 0
0.017558603592100 0 0 1 0 0 0 0 0 0 0 0 1 1 1 1 1 0 1 1 1 0 1 1 1 0
0.021618553161220 0 0 1 0 0 0 0 0 0 0 0 1 1 0 1 1 0 1 1 0 0 1 1 1 0
0.029919205409573 0 0 1 0 0 0 0 0 0 0 0 1 1 1 1 0 0 1 1 0 0 1 1 1 0
0.019381598294320 0 0 1 0 0 0 0 0 0 0 0 1 1 1 1 1 0 1 1 0 1 1 0 1 0
0.034781583004590 0 0 0 1 0 0 0 0 0 0 1 0 1 1 1 1 0 0 1 1 0 1 0 0 1
0.049353591340647 0 0 0 1 0 0 0 0 0 0 1 0 1 0 1 0 1 1 0 1 0 0 0 0 1
0.083398879197436 0 0 1 0 1 0 0 0 0 0 0 1 1 0 1 1 1 0 0 0 0 1 1 0 0
0.101761256241830 1 0 0 0 0 1 1 0 0 1 1 0 1 1 1 1 1 1 0 0 1 1 0 0 1
0.035177523867982 1 0 0 0 0 0 0 0 0 0 1 1 0 0 1 1 1 0 0 1 1 0 0 1 0
0.058846738785798 0 0 1 0 0 0 1 0 0 0 0 1 1 0 1 1 0 1 1 0 0 0 1 1 0
0.128845640738157 0 0 0 1 0 1 0 0 0 0 0 1 1 0 0 1 0 1 1 0 1 0 0 0 1
0.021869933188460 0 0 1 0 0 0 0 0 0 0 0 1 1 1 1 1 1 1 1 0 0 1 1 1 0
0.021632085383609 1 0 0 0 0 0 0 1 0 0 0 1 1 1 1 0 1 1 1 0 0 1 1 1 0
0.085825388399039 1 0 0 1 0 0 1 0 0 1 1 1 1 1 1 1 1 0 0 1 1 0 1 0 0
0.050415770572209 0 0 1 0 0 0 0 1 0 0 0 1 1 0 1 1 1 1 1 0 0 0 1 1 0
0.053333603369488 0 1 0 0 0 0 0 0 0 0 0 1 0 1 0 1 1 0 0 1 0 1 1 0 0
0.070577123745279 0 1 0 0 0 0 0 0 1 1 0 1 0 1 1 1 1 0 0 1 0 1 1 0 1
0.054120366734584 0 1 0 0 0 0 1 0 0 0 1 1 1 1 1 1 0 0 1 1 1 1 0 0 1
0.051518488538869 1 0 0 0 0 0 0 1 1 0 0 1 1 0 1 0 1 1 0 0 0 1 0 1 0
0.094889949608550 0 1 0 0 0 1 1 0 0 1 0 1 1 1 1 0 1 0 0 0 0 1 1 0 0
0.029663640488988 0 0 1 0 0 0 0 0 0 1 0 1 0 1 1 1 1 0 0 0 1 1 1 0 0
0.028063456311234 0 1 0 0 0 0 0 0 0 1 0 1 0 0 1 1 0 1 0 1 0 0 1 0 1
0.072878840932638 1 0 0 1 0 0 0 1 1 0 1 1 1 1 1 0 1 0 0 1 0 0 0 1 0
0.021748682941052 0 1 0 0 0 0 0 0 0 0 1 1 0 1 0 1 1 1 1 0 1 0 1 0 1
0.078404377014730 1 0 1 0 0 0 0 0 1 1 0 1 1 1 1 0 1 1 1 0 0 0 1 1 0
0.017008815177983 0 1 0 0 0 0 0 0 0 0 0 1 0 1 1 1 0 1 1 1 0 0 1 1 1
0.101066329988157 1 1 0 0 0 0 1 0 0 1 1 0 1 1 1 0 1 0 0 1 0 1 0 1 0
0.026482395355745 0 1 0 0 0 0 0 0 0 1 0 1 1 1 1 1 0 1 1 1 1 0 1 1 0
0.112237866102119 0 1 0 0 0 1 0 0 1 0 1 1 1 1 1 1 0 1 1 1 1 0 1 1 0
0.089183533122577 0 1 1 0 0 0 0 1 1 1 0 1 1 1 1 0 1 1 0 0 0 0 1 1 0
0.018884171006974 0 1 0 0 0 0 0 0 0 0 0 1 1 1 1 0 1 0 1 1 0 1 1 1 0
0.014072389784345 0 1 0 0 0 0 0 0 0 0 0 1 1 1 1 0 0 1 1 1 0 0 1 1 0
0.053711773518010 1 0 0 0 0 1 0 0 0 1 0 0 1 1 0 1 1 0 0 0 0 1 1 0 0
0.119668513703231 0 1 1 0 0 0 0 0 0 1 0 1 1 1 1 0 0 0 1 1 0 1 1 1 0
0.047532906776426 0 1 0 0 0 0 0 1 0 0 0 1 1 1 1 0 1 0 0 0 0 1 1 0 0
0.024655599319199 0 1 0 0 0 0 0 0 0 0 0 1 1 0 1 1 0 1 1 1 1 0 0 1 1
0.029717118862501 0 1 0 0 0 0 0 0 0 0 1 1 0 1 0 1 1 1 0 1 0 0 1 1 1
0.037235756328482 0 1 0 0 0 0 0 0 0 1 0 1 0 1 0 1 0 1 1 0 1 0 0 1 1
0.076008540616445 1 0 0 0 0 1 0 0 0 0 1 1 1 1 0 1 1 1 1 1 0 1 0 1 0
0.053461711962664 1 0 0 0 0 1 0 0 0 1 0 0 1 1 0 1 1 0 0 0 1 0 0 1 0
0.026214069026936 0 0 0 1 0 0 0 0 0 0 1 0 1 1 1 1 1 0 1 1 0 0 1 1 0
0.069045568655428 0 0 0 1 0 0 0 0 0 0 1 0 1 0 1 1 1 0 0 1 0 0 1 0 0
0.020640387264128 0 0 0 1 0 0 0 0 0 0 0 0 1 1 1 1 1 0 1 1 0 0 1 1 1
0.025089625509037 0 0 0 1 0 0 0 0 0 0 1 0 1 1 1 1 1 1 1 1 0 0 1 1 1
0.039316637216578 0 0 0 1 0 0 0 1 0 0 0 0 1 1 1 1 1 0 0 1 0 0 1 1 0
0.054102567758496 0 0 0 1 0 0 0 0 1 0 0 0 1 0 1 1 1 1 1 1 0 0 1 1 1
0.101474424404409 1 0 0 0 0 1 0 0 0 1 0 1 1 0 1 0 1 1 1 0 1 1 0 0 1
0.117114637629892 1 0 0 1 0 1 0 0 1 1 1 0 1 1 1 1 1 0 0 1 0 0 1 1 0
0.023090949617967 0 0 0 1 0 0 0 0 0 0 0 0 1 0 1 1 0 1 1 0 1 0 0 1 1
0.041996743404271 0 0 0 1 0 0 0 0 0 0 1 1 0 1 1 0 1 0 1 1 0 1 0 0 1
0.035033301067098 0 0 0 1 0 0 0 0 0 0 1 0 1 1 1 0 1 0 1 1 0 1 0 1 0
0.042166821917628 0 0 0 1 0 0 0 0 0 0 1 1 0 1 1 1 1 0 1 1 0 1 1 0 0
0.024251334115090 1 0 0 0 0 0 0 0 0 0 0 1 1 0 1 0 1 0 1 0 0 1 0 1 0
0.076011139780777 0 0 0 1 0 0 1 0 0 0 1 0 1 1 1 0 1 1 1 1 0 0 0 1 1
0.041939738143177 1 0 0 0 0 1 0 0 0 0 1 0 1 1 1 0 1 0 1 0 0 1 0 1 0
0.040827358914522 1 0 0 0 0 1 0 0 0 0 0 1 1 1 1 0 1 0 1 0 0 1 1 1 0
0.017903726671768 1 0 0 0 0 0 0 0 0 0 1 1 0 1 1 0 1 0 1 1 0 1 0 1 0
0.161013297014723 0 0 0 1 0 1 0 0 0 0 1 0 1 1 1 0 1 0 1 1 0 1 1 1 0
0.096825658714781 1 0 1 0 0 1 0 0 1 1 1 1 1 1 1 0 1 0 0 0 0 1 0 1 0
0.093505913047568 0 0 1 1 0 0 0 0 0 1 1 0 1 1 1 1 0 0 1 1 0 1 0 1 0
0.028434594890618 0 1 0 0 0 0 1 0 0 0 0 1 1 1 1 1 0 1 0 0 1 0 1 1 0
0.017341511792556 0 1 0 0 0 0 0 0 0 0 0 1 1 1 1 1 0 1 0 1 0 1 1 1 0
0.043826027776514 0 1 0 0 0 0 1 0 0 0 0 1 1 1 1 0 1 1 1 0 0 1 1 1 0
0.014824051944892 1 0 0 0 0 0 0 0 0 0 0 1 1 1 1 0 1 0 1 0 1 0 1 1 0
0.016774735331314 0 1 0 0 0 0 0 0 0 0 0 0 1 1 1 0 0 1 0 0 1 0 1 1 0
0.064364950307648 0 1 0 0 0 0 0 0 0 0 0 0 1 0 1 0 0 1 0 1 0 0 1 1 0
0.015493424122297 0 1 0 0 0 0 0 0 0 0 0 0 1 1 1 0 0 1 1 0 1 0 0 1 1
0.043332101303360 0 1 0 0 0 0 0 0 0 0 0 1 0 1 1 0 0 1 1 0 1 0 1 1 0
0.081144949090281 1 0 1 0 0 0 0 1 1 0 1 1 1 1 1 0 1 0 1 1 0 1 0 1 0
0.080333380441694 1 0 0 0 0 1 0 0 1 0 1 0 1 0 1 1 1 0 0 0 1 0 0 1 1
0.019608717517101 0 1 0 0 0 0 0 0 0 0 0 0 1 1 1 1 0 1 1 0 1 0 1 1 1
0.062781633424782 0 0 0 1 0 0 0 0 0 0 1 1 1 1 0 1 1 1 1 1 1 0 1 1 0
0.026409225012051 0 0 0 1 0 0 0 0 0 0 0 0 0 1 1 1 1 0 0 1 0 0 1 0 1
0.030983228285774 0 0 1 0 0 0 0 0 0 0 0 1 0 1 1 0 0 0 1 1 0 1 0 0 1
0.081272732728426 0 1 0 1 0 0 0 0 0 1 0 1 1 0 1 1 0 1 0 0 1 0 0 1 1
0.019864290668421 0 1 0 0 0 0 0 0 0 1 0 0 1 1 1 0 0 1 1 0 0 0 1 1 0
0.019455053782784 0 1 0 0 0 0 0 0 0 1 0 0 0 1 1 1 0 1 0 0 1 0 0 1 1
0.012918697797007 0 1 0 0 0 0 0 0 0 0 1 0 1 1 1 0 1 1 1 0 0 1 1 1 0
0.055832999650050 0 1 0 0 0 0 1 0 0 1 0 0 1 1 1 1 0 1 0 0 1 0 0 1 1
0.050140992151692 1 0 0 0 0 1 0 0 0 0 0 1 1 1 0 0 1 0 0 0 0 1 0 1 0
0.035443858384118 1 0 0 0 0 0 0 1 0 1 0 1 1 1 1 0 1 0 1 0 0 1 0 1 0
0.051171223562278 0 0 0 1 0 0 0 0 0 1 0 0 1 0 1 1 0 1 0 1 0 0 0 1 1
0.019837396205147 1 0 0 0 0 0 0 0 1 0 1 0 1 1 1 0 1 0 1 1 0 0 1 1 0
0.026417277869300 0 0 0 1 0 0 0 0 0 0 0 0 1 0 1 1 1 0 1 0 1 0 1 0 1
0.095021798606764 1 1 0 0 0 0 0 1 0 1 0 0 1 1 1 0 1 0 0 0 0 0 1 1 0
0.017373648951724 1 0 0 0 0 0 0 1 0 0 0 1 1 1 1 0 1 0 1 1 0 0 1 1 0
0.033443725116977 1 0 0 0 0 0 0 0 1 0 1 1 0 0 1 1 1 0 1 1 0 0 1 1 0
0.019802160915905 0 1 0 0 0 0 0 0 0 0 0 1 0 0 1 1 0 1 0 0 1 0 0 1 1
0.022521174838734 0 0 0 1 0 0 0 0 0 0 1 0 1 1 1 1 1 0 1 1 1 0 0 1 1
0.019297688976311 0 1 0 0 0 0 0 0 0 0 1 1 1 1 1 0 1 0 1 1 0 1 1 0 0
0.041552190622875 1 0 0 0 0 0 0 0 0 1 0 1 0 1 1 0 1 0 1 1 0 1 1 0 0
0.075825983803804 1 0 0 0 0 1 0 0 1 0 1 0 1 1 1 0 1 0 1 1 0 0 1 1 0
0.015041271198652 0 1 0 0 0 0 0 0 0 0 1 1 1 0 1 1 1 0 1 0 1 1 0 0 1
0.038502308201162 0 1 0 0 0 0 0 0 0 0 1 1 0 0 1 1 1 0 1 1 1 0 1 0 1
0.104063997297769 0 1 0 0 1 0 0 0 0 1 1 1 0 1 1 0 1 0 1 1 0 1 0 0 0
0.042938870437486 0 0 1 0 0 0 0 0 0 0 1 1 0 0 0 1 1 1 1 0 0 0 1 1 0
0.038039894306354 0 0 1 0 0 0 0 0 1 0 0 1 0 0 1 1 1 1 0 0 0 0 1 1 0
0.039827120056870 1 0 0 0 0 0 0 0 0 0 1 1 1 1 1 0 1 0 1 1 0 1 1 1 0
0.030585482735840 0 0 0 1 0 0 0 0 0 0 0 0 1 1 1 1 0 0 1 1 1 1 0 0 1
0.089901726759693 0 1 0 0 0 0 1 0 0 0 1 0 1 1 1 0 0 1 1 0 0 1 1 1 0
0.036616534993514 0 0 1 0 0 0 0 0 0 0 1 0 0 1 0 1 0 1 0 1 0 0 0 1 1
0.023180513128657 1 0 0 0 0 0 0 0 1 0 1 0 1 1 1 1 1 0 1 1 1 0 1 1 0
0.037320016994101 0 1 0 0 0 0 0 0 0 1 0 0 1 0 0 1 0 1 0 0 1 0 0 0 1
0.016429124500681 0 0 1 0 0 0 0 0 0 0 0 1 0 1 1 1 0 1 0 0 0 1 1 1 0
0.060898727268007 1 0 1 0 0 0 0 0 1 1 1 1 0 1 1 1 1 0 0 0 0 1 1 0 0
0.015599555523157 0 1 0 0 0 0 0 0 0 0 0 1 1 1 1 1 0 0 0 1 1 1 1 0 0
0.063584069325912 1 0 1 0 0 0 0 0 1 1 1 1 0 1 1 0 1 0 0 1 0 0 0 1 0
0.051519951960803 1 0 0 1 0 0 0 0 0 1 1 1 1 1 0 1 1 1 0 0 0 1 1 0 0
0.041226988249946 0 1 0 0 0 0 1 0 0 0 0 1 1 1 1 0 1 0 1 0 1 0 1 1 0
0.056816810147724 1 0 0 1 0 0 0 0 0 1 1 1 0 1 1 0 1 1 0 0 0 1 1 0 0
0.127727783781512 1 0 0 1 0 1 0 1 1 1 1 1 1 1 1 0 1 1 0 0 0 1 0 0 0
0.082980257200621 0 0 0 1 0 0 0 1 0 0 0 1 1 0 1 1 1 1 1 1 1 0 0 1 1
0.092431351436999 1 0 0 1 0 0 0 0 1 1 1 1 0 1 0 1 1 1 0 1 0 0 1 0 0
0.084837965109468 1 0 0 1 0 0 0 0 0 1 1 1 1 0 1 1 1 1 0 0 1 0 1 0 0
0.081860125629731 0 1 0 1 0 0 0 1 0 1 1 1 1 1 1 0 1 0 1 1 0 0 1 0 0
0.022088273171402 0 1 0 0 0 0 0 0 0 0 1 0 1 1 0 0 1 0 1 0 0 1 0 1 0
0.015345769578221 0 1 0 0 0 0 0 0 0 0 0 0 1 1 1 1 0 0 0 0 1 1 0 1 0
0.089339800230373 0 1 0 0 0 1 0 0 0 0 0 0 1 1 0 1 0 0 0 0 0 1 0 1 0
0.108966192914869 1 0 0 0 1 0 1 0 1 0 1 0 1 1 1 1 1 0 0 1 0 0 1 1 0
0.023738585927376 0 0 0 1 0 0 0 0 0 0 0 0 1 1 1 1 0 0 1 0 1 1 0 1 0
0.038741349816123 0 0 0 1 0 0 0 0 0 0 0 1 1 1 0 1 0 1 1 0 1 1 0 1 0
0.092929946152964 1 0 0 1 0 0 0 0 0 1 0 1 1 1 1 0 1 1 1 0 0 1 0 1 0
0.027148702276624 0 0 0 1 0 0 0 0 0 0 0 0 1 1 1 1 1 0 0 0 1 0 1 1 0
0.020418198480615 1 0 0 0 0 0 0 0 0 0 1 1 1 0 0 1 1 1 0 1 0 1 0 1 0
0.038952972117286 0 0 0 1 0 0 0 0 0 0 0 0 1 1 1 0 1 0 1 0 0 1 1 0 0
0.032757064443154 0 1 0 0 0 0 0 0 0 0 0 0 1 1 1 1 1 0 0 0 1 0 1 1 0
0.030094932192581 1 0 0 0 0 0 0 1 0 0 0 1 1 1 0 0 1 1 1 1 0 0 0 1 1
0.056449490181545 1 0 1 0 0 0 0 0 1 1 1 0 1 1 1 1 0 0 0 1 0 1 0 1 0
0.027669131792052 0 0 0 1 0 0 0 0 0 0 1 0 0 1 1 1 1 0 1 0 1 1 0 0 1
0.021468219850477 0 0 0 1 0 0 0 0 0 0 1 0 0 1 1 1 1 0 1 1 0 1 0 1 1
0.015972762074580 0 0 0 1 0 0 0 0 0 0 0 0 1 1 1 1 1 0 1 0 1 1 0 1 1
0.064079959734578 0 0 0 1 0 0 0 1 0 0 0 0 0 1 1 1 1 0 0 0 0 1 1 0 1
0.037351457645128 0 0 0 1 0 0 0 0 0 0 1 0 0 1 1 0 1 1 0 0 0 1 0 0 1
0.024867189290085 0 0 0 1 0 0 0 0 0 0 0 1 0 1 0 1 1 1 1 0 1 0 0 1 1
0.017253691154903 0 0 1 0 0 0 0 0 0 0 1 0 1 1 0 1 1 1 1 0 1 0 0 1 1
0.022495652583054 0 0 0 1 0 0 0 0 0 0 1 0 1 1 1 1 1 1 1 0 1 1 0 1 1
0.017201142679058 0 0 1 0 0 0 0 0 0 0 1 0 0 1 1 1 1 0 1 1 0 1 0 1 1
0.020469938141000 0 0 1 0 0 0 0 0 0 0 1 0 0 1 1 1 1 0 0 0 1 1 0 0 1
0.021024966258870 0 0 1 0 0 0 0 0 0 0 1 0 1 1 0 1 1 1 1 1 0 1 0 1 1
0.035143792531138 0 0 0 1 0 0 0 0 0 1 0 0 1 1 1 1 1 0 0 0 1 1 1 0 0
0.046454853198372 0 0 1 0 0 0 0 0 0 1 1 1 0 0 1 1 1 1 0 0 0 1 1 0 0
0.018324284745601 0 0 1 0 0 0 0 0 0 0 0 1 1 0 1 1 0 1 0 1 0 0 1 1 0
0.031729952216680 0 0 1 0 0 0 0 0 0 0 1 0 1 1 1 1 1 0 1 0 1 1 0 1 1
0.024961912234970 0 0 1 0 0 0 0 0 0 0 0 0 0 1 1 1 1 1 0 0 0 0 1 1 1
0.051646369032285 1 0 0 0 1 0 0 0 0 0 1 1 1 0 1 1 1 0 0 1 1 0 1 0 1
0.043756136893573 1 0 0 0 0 0 1 0 0 1 0 1 1 1 0 1 1 1 1 0 1 0 1 0 1
0.051797741891261 0 0 1 0 0 0 0 0 0 1 0 1 1 0 1 1 0 1 0 0 1 0 0 1 0
0.026842752786023 0 0 1 0 0 0 0 0 0 0 1 1 0 0 1 1 1 0 0 1 0 1 0 0 1
0.017372082796904 0 0 0 1 0 0 0 0 0 0 0 0 1 1 0 1 1 1 0 0 1 0 0 1 1
0.047419606233105 0 1 0 0 0 1 0 0 0 0 1 1 1 1 1 0 1 0 1 0 1 1 0 1 0
0.067068916879476 0 0 1 0 0 0 0 0 1 0 1 0 1 0 0 1 1 1 0 1 0 0 0 1 1
0.024281093683042 0 0 0 1 0 0 0 0 0 0 0 0 1 1 1 1 1 1 0 0 0 1 1 1 0
0.017488648210276 0 0 0 1 0 0 0 0 0 0 0 0 0 1 1 1 1 1 0 0 1 1 0 1 1
0.120709770718600 0 1 0 0 0 1 0 0 0 1 1 1 0 0 0 0 1 1 1 0 0 0 0 1 0
0.015635915104096 0 0 0 1 0 0 0 0 0 0 0 0 1 1 1 1 0 1 1 0 1 1 0 1 1
0.037566466375460 0 0 0 1 0 0 0 0 0 1 0 0 0 1 1 1 1 1 0 0 1 0 1 1 1
0.017219837229519 0 0 0 1 0 0 0 0 0 0 1 0 0 1 1 1 1 1 0 1 0 1 0 1 1
0.116271807765464 1 1 0 0 0 1 0 0 0 1 1 1 1 1 1 0 1 0 0 1 1 0 1 1 0
0.016621487060115 0 1 0 0 0 0 0 0 0 0 0 1 1 1 1 0 1 0 0 0 1 1 1 0 0
0.016439744943884 1 0 0 0 0 0 0 0 0 1 0 1 0 1 1 1 1 1 0 0 0 1 1 1 0
0.016943301924614 0 1 0 0 0 0 0 0 0 0 0 1 1 1 1 0 0 1 1 0 0 1 1 1 0
0.068401261403067 0 1 0 1 0 0 0 0 0 0 1 1 1 1 1 1 0 0 1 1 1 1 0 0 1
0.062664217197892 1 0 0 1 0 0 0 0 0 1 1 1 0 1 1 1 1 0 0 1 1 1 0 0 1
0.039464287946166 0 0 0 1 0 0 0 0 0 0 0 1 1 1 0 1 1 0 1 0 1 1 1 0 0
0.086063581149059 1 1 0 0 0 0 0 1 0 1 0 1 1 1 1 0 0 1 0 1 0 0 1 0 1
0.065790354002005 1 0 1 0 0 0 0 0 1 1 1 0 1 0 1 1 1 0 0 0 0 1 0 1 0
0.057413001114283 1 0 0 1 0 0 0 0 1 1 1 0 1 1 1 1 1 0 0 1 0 1 0 1 0
0.019497199696398 0 0 0 1 0 0 0 0 0 0 1 0 0 1 1 1 1 1 0 0 0 1 1 1 0
0.027245426475645 0 0 0 1 0 0 0 0 0 0 1 0 0 1 1 1 1 0 0 0 1 1 0 1 0
0.027532834251780 0 0 0 1 0 0 0 0 0 0 1 0 0 1 1 1 0 1 0 0 1 1 0 0 1
0.018005660186136 0 0 0 1 0 0 0 0 0 0 0 0 0 1 1 1 0 1 0 0 0 1 0 1 1
0.041734284107462 0 0 1 0 0 0 0 0 0 0 0 1 0 0 1 0 1 0 0 1 0 1 0 0 1
0.049493023380053 0 0 0 1 0 0 0 0 0 1 1 0 0 1 1 1 1 1 0 0 0 1 0 1 0
0.018702025694358 0 0 0 1 0 0 0 0 0 0 0 1 0 1 1 1 1 1 0 0 0 1 1 1 0
0.094307782012601 1 0 0 1 0 0 0 1 1 0 1 1 0 1 1 1 1 0 0 1 0 1 0 1 0
0.046814541768354 0 1 0 0 0 0 0 0 0 0 1 1 0 0 0 1 0 1 1 1 0 0 0 1 1
0.097045511101585 0 1 1 0 0 0 0 1 1 0 1 1 1 0 1 1 1 0 0 0 1 0 0 0 1
0.030056291286184 1 0 0 0 0 0 0 0 0 1 0 1 0 1 1 0 0 1 0 0 0 1 0 1 0
0.019213693117766 0 1 0 0 0 0 0 0 0 0 1 0 1 1 0 1 1 1 1 0 1 0 0 1 1
0.026597674909200 0 0 0 1 0 0 0 0 0 0 1 0 0 1 1 1 1 1 0 0 1 0 0 1 1
0.041470393837171 0 0 0 0 0 1 0 0 0 0 0 0 1 0 0 0 1 1 0 0 1 0 0 0 1
0.059911670062274 0 1 0 0 0 0 1 0 0 1 0 1 0 1 1 0 1 1 1 0 0 0 1 0 1
0.033807355960403 0 0 1 0 0 0 0 0 0 0 1 1 1 0 0 1 1 1 1 0 0 1 0 1 0
0.017228831251956 0 1 0 0 0 0 0 0 0 0 0 1 0 1 1 1 0 1 0 0 1 1 0 1 1
0.052904834499001 0 0 0 1 0 0 0 0 0 1 0 1 0 1 1 1 0 1 0 0 1 1 0 1 0
0.107544696772882 1 1 0 0 0 0 1 1 0 1 0 1 1 1 1 0 0 1 0 1 0 0 0 1 0
0.027322613752802 1 0 0 0 0 0 1 0 0 0 1 1 1 1 1 0 0 1 1 1 0 1 0 0 1
0.025552111406240 0 1 0 0 0 0 0 0 0 0 0 1 0 1 1 0 1 0 0 0 0 1 0 1 0
0.015389790761958 0 1 0 0 0 0 0 0 0 0 0 1 1 1 1 0 0 1 0 0 1 1 0 1 0
0.055413636551284 1 0 0 0 1 0 0 0 1 0 1 1 1 0 1 0 1 1 0 0 1 0 0 0 1
0.019538161586846 0 1 0 0 0 0 0 0 0 0 0 1 0 1 1 0 0 1 0 0 1 1 0 0 1
0.015103168407181 0 1 0 0 0 0 0 0 0 0 0 1 0 1 1 0 1 1 0 0 0 1 1 1 0
0.024473618961170 0 0 0 1 0 0 0 0 0 0 0 1 0 1 0 1 1 1 0 0 0 1 0 1 1
0.045119174714037 0 1 0 0 0 0 0 0 0 1 0 1 0 1 1 0 0 1 0 0 0 1 0 1 0
0.021898248258677 0 1 0 0 0 0 0 0 0 0 1 0 1 1 1 0 0 1 0 0 1 1 0 0 1
0.015543520406599 0 1 0 0 0 0 0 0 0 0 0 1 0 1 1 0 1 1 1 0 0 0 1 1 1
0.017699980584512 1 0 0 0 0 0 0 0 0 1 0 0 1 0 1 1 0 1 0 0 1 0 0 1 1
0.028689352761339 0 0 1 0 0 0 0 0 0 0 0 1 0 0 1 1 1 0 0 0 0 1 1 1 0
0.027759586568277 0 1 0 0 0 0 0 0 0 1 0 0 1 1 1 1 0 0 0 1 1 0 1 0 0
0.051377567915325 1 0 0 0 1 0 0 0 0 1 0 1 1 1 0 1 1 1 0 0 1 0 1 0 1
0.024397691552231 0 0 1 0 0 0 0 0 0 0 0 0 1 1 0 1 1 1 0 0 1 0 1 0 1
0.016755169820299 0 1 0 0 0 0 0 0 0 0 1 1 0 1 1 0 1 0 1 1 0 1 0 0 1
0.044501447703229 0 1 0 0 0 1 0 0 0 0 1 1 0 1 1 1 1 0 0 0 1 1 0 0 1
0.016198300690820 0 1 0 0 0 0 0 0 0 0 0 1 0 1 1 0 0 1 0 1 0 0 0 1 1
0.056222024846813 0 1 0 0 0 1 0 0 0 0 0 1 0 1 1 1 0 1 0 0 1 0 0 1 1
0.020665229933571 0 1 0 0 0 0 0 0 0 0 1 0 1 1 0 0 1 1 1 0 0 0 1 1 0
0.020329324590635 1 0 0 0 0 0 0 0 0 0 0 1 1 1 0 1 1 0 1 1 1 0 1 0 1
0.027673351137360 0 1 0 0 0 0 0 0 0 0 0 1 0 1 1 0 1 1 0 1 0 0 1 0 1
0.047256401001467 1 0 0 0 0 1 0 0 0 1 1 1 0 1 1 1 1 1 0 0 0 1 1 0 0
0.084244186784270 1 0 0 0 0 0 1 1 0 0 0 1 1 0 1 1 1 0 1 0 1 0 1 0 1
0.039954122572820 1 0 0 0 0 0 0 0 1 0 1 0 1 0 1 1 1 0 1 1 0 1 0 1 0
0.043631605160350 0 1 0 0 0 0 1 0 0 0 0 1 0 1 1 1 0 1 0 0 1 0 0 1 1
0.083336694164539 0 1 0 1 0 0 0 0 0 0 0 1 1 1 1 0 0 1 0 0 1 1 0 1 0
0.064716619823616 0 0 0 1 0 0 0 1 0 0 1 0 1 1 1 1 1 0 1 0 1 1 0 1 0
0.078850507087827 0 1 0 0 0 0 1 0 0 1 1 1 1 1 0 1 1 1 1 1 0 0 1 1 0
0.016661406172441 0 0 0 1 0 0 0 0 0 0 0 0 0 1 1 1 1 0 0 0 0 1 1 1 0
0.015060999392788 0 1 0 0 0 0 0 0 0 0 0 1 0 1 1 0 1 0 1 0 0 1 1 0 1
0.033878616133413 0 1 0 0 0 0 0 0 0 0 1 1 0 1 1 0 1 0 1 0 0 1 1 1 0
0.019686918252781 0 0 0 1 0 0 0 0 0 0 0 0 0 0 1 1 1 1 0 0 0 0 1 1 1
0.048114405948515 1 0 0 0 0 1 0 0 0 1 0 1 0 1 1 1 1 0 0 0 0 1 0 1 0
0.027378645410855 0 0 1 0 0 0 0 0 0 0 1 0 1 1 0 0 1 1 0 1 0 1 0 0 1
0.057375109700119 0 0 1 0 0 0 0 1 0 0 0 0 1 1 0 0 1 1 0 0 1 0 0 0 1
0.028150647719676 1 0 0 0 0 0 1 0 0 1 0 1 1 1 1 1 0 1 0 0 1 1 1 0 0
0.080604774714737 0 0 1 0 0 1 0 0 0 0 1 0 0 1 1 1 1 0 0 0 1 1 0 0 1
0.042553831042345 0 1 0 0 0 0 1 0 0 1 0 1 1 1 1 1 0 0 0 1 1 0 1 0 0
0.073780487823983 1 0 0 0 1 0 1 0 0 0 1 1 1 1 1 0 0 1 0 1 0 1 0 0 1
0.025598490812611 0 0 1 0 0 0 0 0 0 0 0 1 0 0 1 1 1 0 1 0 0 1 1 0 1
0.028519183330857 0 0 1 0 0 0 0 0 0 0 1 0 1 1 1 1 0 1 0 0 1 1 0 0 1
0.077449999015501 0 1 0 0 0 1 1 0 0 0 1 1 1 1 1 1 1 0 0 0 1 1 0 1 0
0.025899115676030 0 0 0 1 0 0 0 0 0 0 0 1 1 1 0 1 1 1 0 0 1 1 0 1 0
0.013901007498006 0 1 0 0 0 0 0 0 0 0 0 1 0 1 1 0 1 0 0 0 1 1 0 0 1
0.018238565868575 0 0 1 0 0 0 0 0 0 0 0 0 1 1 1 1 1 0 1 0 0 1 1 1 0
0.021511972403388 1 0 0 0 0 0 0 0 0 1 0 1 0 1 1 1 0 0 0 1 1 0 1 0 0
0.014091456964562 0 0 1 0 0 0 0 0 0 0 0 1 0 1 1 1 1 0 1 0 0 1 1 1 0
0.032866665369354 0 0 1 0 0 0 0 0 0 0 1 0 1 1 1 0 1 0 1 0 0 1 0 1 0
0.033840581674585 0 0 0 1 0 0 0 0 0 1 0 0 1 1 1 1 1 0 1 0 0 1 1 1 0
0.014581443325067 0 1 0 0 0 0 0 0 0 0 0 1 0 1 1 1 0 1 0 1 1 0 0 1 1
0.020792676542277 1 0 0 0 0 0 0 0 0 1 0 0 1 1 1 0 1 0 1 0 0 0 1 1 0
0.016996871193466 0 0 0 1 0 0 0 0 0 0 0 1 0 0 1 1 1 1 0 0 0 1 0 1 1
0.019098720069464 1 0 0 0 0 0 0 0 0 1 1 0 0 1 1 1 1 0 1 1 0 0 1 1 0
0.121558649930167 0 0 0 1 0 0 0 0 0 0 1 1 0 0 1 0 1 0 0 0 0 1 0 0 0
0.099858760045078 1 0 1 0 0 0 0 0 0 1 1 0 0 1 1 1 1 0 0 0 0 1 0 1 0
0.021473414598008 1 0 0 0 0 0 0 0 0 1 0 1 0 1 1 1 1 0 1 1 0 0 1 1 0
0.092834042066169 1 0 1 0 0 0 1 0 1 1 1 1 1 1 1 1 1 1 0 0 0 1 1 0 0
0.017401590162999 1 0 0 0 0 0 0 0 0 1 0 0 1 0 1 1 1 0 1 0 1 0 0 1 1
0.071471722276602 1 0 0 1 0 0 0 0 1 1 1 1 1 0 1 1 1 0 1 1 1 0 0 0 1
0.026609114990521 0 0 1 0 0 0 0 0 0 0 1 0 1 0 1 1 1 1 1 0 0 1 1 1 0
0.038695472668668 0 0 1 0 0 0 0 0 0 0 1 0 1 0 1 1 0 0 1 1 0 1 0 1 0
0.095878524645407 1 0 0 1 0 0 0 1 1 0 0 1 1 1 1 0 1 0 0 1 0 1 1 0 0
0.014656737732021 0 0 1 0 0 0 0 0 0 0 0 0 1 1 1 1 0 1 1 1 0 0 1 1 1
0.013966386121384 1 0 0 0 0 0 0 0 0 1 0 0 1 0 1 1 1 0 0 0 1 0 1 1 0
0.030487563988479 1 0 0 0 0 0 0 0 1 0 1 0 1 0 1 0 1 1 0 0 0 0 1 1 0
0.120656437776681 0 0 1 1 0 0 0 1 0 1 0 1 1 1 0 1 1 0 0 1 0 0 1 0 0
0.018244585338802 0 0 1 0 0 0 0 0 0 0 1 0 1 1 1 1 1 0 1 1 0 1 1 1 0
0.025731411218589 0 0 1 0 0 0 0 0 0 0 0 0 1 0 1 1 1 0 0 1 0 1 1 0 1
0.035565214435114 0 0 1 0 0 0 0 0 0 0 0 0 1 0 1 1 1 0 1 0 1 0 1 0 1
0.035617184274795 1 0 0 0 0 0 0 0 1 1 0 0 1 0 1 1 1 0 0 0 1 0 1 0 0
0.052037508588179 0 1 0 0 1 0 0 0 0 0 1 1 1 0 1 1 1 0 0 0 1 1 0 0 1
0.045077805888604 0 0 1 0 0 0 0 1 0 0 0 1 1 1 1 0 1 0 1 1 0 0 1 1 0
0.056882030622892 1 0 1 0 0 0 0 0 1 1 1 1 1 0 1 1 1 0 0 0 1 0 1 0 0
0.014866802908899 1 0 0 0 0 0 0 0 0 1 1 0 1 1 1 0 1 0 1 1 0 1 0 1 0
0.021922071725066 1 0 0 0 0 0 0 0 0 0 1 0 1 1 1 0 1 1 1 0 0 1 0 1 1
0.013825639410443 1 0 0 0 0 0 0 0 0 1 1 0 1 1 1 1 1 1 1 0 0 1 1 1 0
0.016280616220262 1 0 0 0 0 0 0 0 0 0 1 0 1 1 1 1 1 0 1 1 0 1 1 1 0
0.020057475020855 1 0 0 0 0 0 0 0 0 1 0 0 1 1 1 1 1 0 1 0 1 0 1 1 0
0.029587551582672 0 1 0 0 0 0 0 0 0 0 1 1 1 0 0 1 1 1 1 0 0 1 0 1 0
0.027252389107669 1 0 0 0 0 0 0 0 0 1 1 0 1 1 0 1 1 1 0 0 0 1 1 0 0
0.050350757932315 1 0 0 0 1 0 0 0 1 1 1 1 1 0 1 1 1 1 0 0 0 1 1 0 0
0.042668010801322 1 0 0 0 0 1 0 0 0 0 0 1 1 1 0 1 1 0 1 0 1 0 0 1 1
0.023780935104356 1 0 0 0 0 0 0 0 0 1 1 0 1 0 1 0 1 1 0 0 0 1 0 1 0
0.029266641078878 1 0 0 0 0 0 0 0 0 1 0 0 1 0 1 1 0 0 0 0 0 1 0 1 0
0.022864878547722 1 0 0 0 0 0 0 0 0 1 1 0 1 1 1 0 0 1 1 0 0 1 0 1 0
0.077403478871664 1 0 0 0 0 0 0 0 1 1 1 0 0 1 1 1 1 0 0 1 0 1 1 1 0
0.016512637118468 1 0 0 0 0 0 0 0 0 0 1 1 0 1 0 1 1 0 1 1 1 0 0 1 1
0.101079204425261 0 0 1 0 1 0 0 0 1 1 1 1 1 0 1 1 1 0 0 1 0 1 0 0 0
0.017525667874948 1 0 0 0 0 0 0 0 0 1 1 0 1 0 1 0 1 1 1 0 0 0 1 1 0
0.017316315373773 1 0 0 0 0 0 0 0 0 0 1 1 0 1 0 1 1 0 1 1 0 0 1 1 0
0.041166554710895 1 0 0 0 0 0 0 1 0 1 0 0 1 0 1 1 1 0 0 0 0 0 1 1 0
0.026933145218930 1 0 0 0 0 0 0 0 0 0 1 0 1 1 0 1 1 1 1 0 1 0 0 1 1
0.015599770379340 1 0 0 0 0 0 0 0 0 1 1 0 1 0 1 1 1 0 1 1 0 0 1 1 0
0.078780276380406 0 0 0 1 1 0 0 0 0 0 0 1 1 1 0 1 1 1 0 0 1 0 0 1 1
