0.307397991418839 1 0 0 0 0 1 1 0 1 1 0 0 1 0 0 1 1 0 1 0 0 1 1 0 1
0.560341179370880 1 0 1 1 0 1 0 0 0 1 0 0 0 0 1 1 1 1 0 0 1 1 1 0 0
0.124006815254688 0 0 1 0 0 1 0 0 1 1 1 0 1 0 1 1 1 0 0 0 1 0 0 1 0
0.235214218497276 1 1 1 0 0 1 0 1 1 1 1 1 1 1 1 0 0 0 1 0 1 1 0 1 1
0.537973761558533 1 1 1 0 1 1 0 0 1 0 1 0 0 1 0 1 0 0 1 1 1 1 1 1 1
0.291661232709885 0 0 1 0 0 1 1 0 1 0 0 0 0 0 0 1 1 0 0 0 0 0 0 0 0
0.375330895185471 1 1 1 1 1 0 1 1 1 0 1 0 1 1 0 1 0 0 0 0 0 1 1 1 1
0.452133506536484 1 1 1 1 1 1 0 1 0 1 1 1 0 0 0 1 1 0 0 1 1 1 0 0 1
0.524139344692230 0 0 0 1 0 1 0 1 1 1 1 0 1 0 0 0 1 0 0 0 1 0 0 1 1
0.534089624881744 1 0 0 1 1 1 0 0 0 1 1 1 0 0 0 0 1 1 1 1 1 1 1 0 1
0.438993662595749 0 1 0 0 1 0 1 1 0 1 0 1 1 0 0 0 0 0 1 0 1 0 1 0 1
0.595218837261200 1 1 0 1 1 1 0 0 1 0 0 0 1 1 0 1 1 1 1 1 1 0 1 0 1
0.166599422693253 1 0 1 0 0 0 1 1 0 1 1 0 0 1 1 1 0 0 0 0 1 0 1 1 0
0.371082782745361 1 1 0 1 0 1 1 1 0 0 1 0 0 1 1 1 0 0 1 1 0 0 0 1 1
0.274615377187729 0 1 1 0 0 1 0 1 1 0 0 0 1 0 0 1 1 0 1 0 0 0 0 0 1
0.380026191473007 0 1 1 1 1 1 0 1 1 0 1 1 1 0 1 1 0 0 1 1 0 0 0 1 0
0.536729097366333 1 0 1 0 1 0 1 1 0 0 1 0 0 0 0 0 1 0 1 1 0 0 1 0 1
0.244545817375183 1 1 0 1 0 0 0 1 1 1 1 0 1 1 0 0 0 1 1 0 1 1 1 0 0
0.151752084493637 0 1 1 0 0 0 0 1 1 0 1 1 1 0 1 0 1 0 1 1 0 1 0 0 0
0.338561803102493 1 1 0 0 0 1 1 0 1 0 0 1 1 1 0 0 0 0 0 1 1 0 1 1 1
0.297998249530792 0 0 0 0 1 0 1 1 1 0 0 1 0 1 0 1 1 0 0 0 0 1 1 0 0
0.553830742835999 0 1 1 1 1 1 0 1 0 0 1 0 1 0 0 1 0 1 0 1 1 0 0 0 1
0.242515563964844 0 0 0 1 0 1 0 0 1 0 1 0 0 1 1 1 0 0 1 1 0 0 1 1 1
0.520176768302917 0 0 1 0 1 0 0 1 0 1 1 0 0 0 0 1 1 0 0 0 1 1 1 1 1
0.527826666831970 0 1 0 0 0 0 0 1 1 0 0 0 0 0 0 1 0 0 0 1 1 1 1 1 1
0.083275557130867 0 0 1 0 0 1 0 0 0 1 1 0 1 1 1 1 1 1 0 0 1 0 0 1 0
0.177202058531144 0 0 0 0 0 1 0 1 1 0 1 0 1 1 0 1 1 0 1 0 0 0 1 0 0 x
0.236544918454408 0 0 1 0 0 0 1 0 1 1 1 1 1 1 1 0 0 0 0 0 1 0 0 1 0 x
0.137285914332485 0 1 0 0 0 0 0 1 1 1 1 0 1 1 1 0 1 0 1 0 0 0 1 0 1 x
0.336138949706192 1 1 1 1 0 0 0 1 0 1 1 1 1 1 1 1 0 0 0 0 1 1 1 1 1 x
0.270578850615456 1 1 1 1 0 0 0 0 1 1 1 1 1 1 0 1 0 1 0 0 0 1 1 1 0 x
0.110220793937829 1 0 0 0 0 1 1 0 0 1 0 1 1 1 1 1 1 1 0 0 1 1 1 1 0 x
0.218790736662898 1 1 0 0 0 1 0 1 1 1 0 0 1 1 1 1 0 1 1 0 0 1 1 0 0 x
0.313437713121635 1 0 1 0 0 1 1 0 1 0 0 1 1 1 1 1 1 1 0 1 1 0 0 1 0 x
0.137463729679477 0 1 0 0 1 0 0 1 0 1 1 0 1 1 1 1 1 1 1 1 0 0 0 1 1 x
0.036198987436655 0 1 0 0 0 0 1 0 0 1 1 1 1 1 1 1 1 1 1 0 0 0 1 1 0 x
0.348535734459913 1 0 1 0 1 1 0 0 0 1 1 1 0 1 1 1 1 0 1 0 0 0 0 0 0 x
0.175591464984563 0 1 0 0 0 1 0 1 1 0 0 0 1 1 1 1 1 1 1 0 0 1 1 1 1 x
0.386913522230683 0 0 0 0 0 1 1 1 1 1 1 0 1 1 1 0 1 0 0 1 0 1 1 0 0 x
0.048096797863163 0 1 0 0 0 0 0 1 0 1 1 1 0 1 1 1 1 1 0 1 0 0 1 1 0 x
0.106906234779072 0 1 0 0 0 0 1 0 0 1 0 0 1 1 0 1 1 1 1 0 0 1 1 1 0 x
0.079288679336927 0 1 0 0 0 0 0 0 1 1 1 1 0 1 0 1 1 1 0 0 0 1 0 0 0 x
0.071962684227174 0 1 0 0 0 0 0 0 0 1 1 0 1 1 1 1 0 0 1 0 0 1 0 0 1 x
0.167413475503627 1 1 0 0 0 0 1 1 0 1 1 1 1 0 1 1 1 1 1 0 0 0 0 1 0 x
0.179403891489290 0 1 1 0 0 0 0 1 1 0 0 1 1 1 1 0 1 1 1 1 0 0 1 1 0 x
0.193057961176684 0 1 1 0 0 1 0 0 1 1 1 1 0 1 1 1 0 1 1 1 0 0 0 1 0 x
0.125191315100727 0 1 0 0 0 1 1 0 0 1 1 1 1 1 1 0 1 1 0 0 1 1 1 0 0 x
0.110617622505440 0 0 0 1 0 0 0 0 0 1 1 1 1 1 1 0 1 0 1 0 0 1 1 0 0 x
0.069454037395989 1 0 0 0 0 0 0 0 0 0 1 0 0 1 0 1 1 0 1 0 1 0 0 1 0 x
0.143014826669410 0 0 0 1 0 0 1 0 0 1 1 1 1 1 1 1 1 0 1 1 0 0 1 1 1 x
0.225115621998525 0 0 0 0 0 0 0 0 0 1 1 1 1 0 1 1 1 1 0 1 0 0 0 1 0 x
0.278752580569057 0 1 1 0 0 1 1 0 1 1 1 1 1 0 1 1 0 1 1 0 1 1 1 1 1 x
0.086899493784404 0 1 0 0 1 0 0 1 0 1 1 1 1 1 1 1 1 1 0 1 0 1 0 1 0 x
0.119680555730321 0 0 0 0 0 0 0 1 0 0 1 1 1 1 1 1 1 1 1 1 0 1 0 1 0 x
0.333451308583443 1 1 1 0 1 0 0 1 0 1 1 1 1 1 0 1 1 1 1 1 0 1 0 0 1 x
0.193176134176546 0 0 0 1 0 0 1 1 0 1 1 1 1 1 0 1 0 1 0 0 0 0 0 1 0 x
0.061283651770895 0 1 0 0 0 0 0 1 0 1 1 0 1 1 1 1 1 0 0 0 1 0 0 1 0 x
0.081315312678342 0 0 0 1 0 0 0 0 1 0 1 0 0 1 1 0 1 1 0 0 0 0 1 1 0 x
0.120748374660965 0 0 0 1 0 1 0 0 0 1 1 1 0 1 1 1 1 1 1 0 0 0 0 1 0 x
0.127520624347106 1 0 0 0 0 0 0 0 1 1 1 0 1 1 1 0 0 1 1 0 0 1 0 1 1 x
0.130504479228522 1 1 0 0 1 0 0 0 1 1 1 1 1 0 1 0 1 0 1 0 1 1 0 0 0 x
0.223254356413397 1 1 1 0 0 0 0 0 1 1 1 1 1 0 1 0 1 1 1 0 0 0 0 1 0 x
0.179603680486584 0 1 0 0 0 1 0 0 0 0 1 1 1 0 1 1 1 0 1 0 0 0 0 0 0 x
0.135014921016375 1 0 0 0 0 1 0 1 0 0 1 1 1 0 1 1 1 1 1 0 1 1 0 1 0 x
0.051434532651559 0 1 0 0 0 0 0 0 0 1 1 1 0 1 1 1 1 1 1 1 1 0 0 1 0 x
0.445249217660756 1 1 0 0 1 1 1 0 1 1 1 0 0 0 1 1 1 1 1 0 1 0 0 1 0 x
0.064360155148739 0 1 0 0 0 1 0 0 0 1 1 0 0 1 1 1 1 0 1 0 0 0 1 0 1 x
0.175652035332499 0 0 0 0 0 0 0 0 0 0 0 1 0 1 1 1 1 1 0 0 0 1 1 1 0 x
0.250092180443788 0 0 0 0 0 0 0 0 0 1 1 0 0 1 1 1 1 0 1 0 0 0 0 1 0 x
0.075237035919780 1 1 0 0 0 0 0 0 0 1 1 1 1 1 0 1 0 0 1 0 1 0 1 1 0 x
0.231058594822914 0 0 0 1 1 0 0 1 0 0 1 1 0 1 1 0 0 1 0 1 0 1 1 0 0 x
0.098958787383722 1 0 1 0 0 0 1 1 0 0 1 1 1 1 0 1 0 1 0 0 0 1 1 0 0 x
0.105127795122810 0 1 0 0 0 1 0 1 0 0 1 1 0 1 0 1 1 1 0 0 0 0 1 1 0 x
0.180954968026790 1 1 0 0 0 0 0 1 0 0 1 1 0 1 1 1 1 1 0 0 0 1 1 0 0 x
0.261503514303593 0 1 1 1 0 0 0 1 0 0 1 1 0 1 1 1 1 0 0 0 0 1 1 0 0 x
0.105138096654449 0 1 1 0 0 0 0 1 0 1 1 1 1 0 1 0 1 0 1 0 1 0 0 0 0 x
0.189518818622438 0 0 0 1 1 0 0 1 1 1 1 1 1 1 1 0 1 0 0 0 0 0 1 1 0 x
0.344058525304903 0 0 0 0 0 0 0 1 0 1 1 1 1 1 1 1 1 1 0 0 0 0 1 1 1 x
0.143423532300321 1 0 0 0 0 0 0 1 0 0 1 1 1 1 1 1 0 0 0 0 0 0 1 1 0 x
0.059935802146496 1 0 0 0 0 0 0 0 0 1 1 1 1 1 0 0 1 1 1 0 1 1 1 0 0 x
0.088042817071824 0 1 0 1 0 0 0 0 0 1 1 1 1 1 1 0 1 1 1 0 0 0 1 1 1 x
0.160035505682240 0 0 0 0 0 0 1 0 0 0 1 1 1 1 1 1 1 1 1 0 1 1 1 1 0 x
0.177652313976804 0 0 1 1 0 0 0 0 0 0 1 1 1 1 1 1 1 1 1 1 0 0 0 1 0 x
0.098338001958272 1 0 0 0 0 0 1 0 0 0 0 1 1 1 1 1 1 1 0 0 1 0 0 1 0 x
0.154648493615311 1 0 0 0 0 0 0 0 1 1 1 1 1 1 1 0 0 0 1 0 0 1 0 1 0 x
0.097462267091434 0 1 0 0 0 0 1 0 0 1 1 1 1 1 0 1 1 1 1 1 0 1 0 1 1 x
0.084959369729233 1 0 0 1 0 0 0 0 0 1 1 0 1 1 1 0 1 1 1 0 0 1 0 0 1 x
0.209130489951751 0 1 0 1 1 0 0 0 0 1 1 0 1 1 1 0 1 0 1 1 0 1 0 1 1 x
0.083033316583232 1 0 0 0 0 1 0 0 0 0 1 0 0 1 0 1 0 1 1 0 0 0 0 1 1 x
0.015695573613215 0 1 0 0 0 0 0 0 0 0 1 0 1 1 1 1 0 0 1 1 0 0 1 1 0 x
0.110962682757018 0 1 0 0 0 1 1 0 0 0 1 0 1 1 1 1 0 1 0 0 1 0 0 1 0 x
0.212101279143863 1 0 0 1 0 0 1 0 1 0 0 0 1 1 0 1 0 1 1 0 0 0 1 1 1 x
0.207552432661828 0 1 1 0 0 1 1 0 0 0 1 0 1 1 0 1 0 0 1 0 0 0 0 1 0 x
0.264718072974250 0 0 0 0 0 1 0 0 0 0 1 1 1 1 1 1 0 1 0 0 1 0 1 1 1 x
0.174027588074427 1 0 0 0 0 0 0 1 1 1 1 0 1 1 0 1 0 1 1 0 1 1 0 1 0 x
0.082414087083829 0 1 0 1 0 0 0 0 0 1 1 1 1 1 1 1 1 1 0 1 1 0 0 1 0 x
0.081204953311016 0 1 0 0 1 0 0 0 0 1 1 1 1 1 1 1 1 1 1 0 1 0 0 1 0 x
0.083142595852071 1 0 0 0 0 0 1 0 0 0 1 0 1 1 0 0 1 0 1 0 1 1 0 0 1 x
0.118980587534807 0 1 0 0 0 0 0 0 0 0 1 1 0 1 0 0 1 1 1 1 1 0 1 0 0 x
0.139249775385575 1 0 0 1 0 0 1 0 0 1 1 1 0 1 0 1 1 1 1 0 0 0 1 1 0 x
0.191097213598363 0 1 0 1 0 0 1 0 0 1 1 0 0 1 1 1 1 0 1 0 0 0 1 0 0 x
0.042616141867405 0 1 0 0 0 1 0 0 0 1 1 1 1 1 1 1 0 1 1 0 1 0 0 1 0 x
0.105882842393460 0 0 1 0 0 1 0 0 0 1 1 1 1 0 1 1 1 1 1 0 1 0 0 1 0 x
0.110892093647560 0 0 0 1 0 0 0 0 0 0 0 1 1 1 1 1 1 1 1 1 0 0 0 1 0 x
0.080107475213492 0 1 0 0 0 1 0 0 1 1 1 1 0 1 1 1 0 1 0 0 1 0 0 1 0 x
0.078163545697364 1 1 0 0 0 0 0 0 0 1 1 1 1 0 0 0 1 1 1 0 0 0 0 1 1 x
0.089495915906060 0 1 0 0 0 0 0 1 0 1 1 1 1 1 1 1 1 1 1 1 1 0 1 1 0 x
0.066148875869395 0 0 1 0 0 0 0 0 0 0 1 0 1 1 0 1 1 1 1 0 1 0 0 1 0 x
0.028558230301216 0 1 0 0 0 0 0 0 1 0 1 0 1 1 0 1 1 1 1 0 0 0 1 1 0 x
0.086119078990377 0 1 0 0 0 0 0 1 0 0 1 0 1 1 1 0 1 1 0 0 0 0 0 1 0 x
0.134662255117351 1 1 0 0 0 0 0 0 0 0 1 0 1 1 0 0 1 0 1 0 0 0 1 1 1 x
0.125735058372612 1 1 0 0 0 0 1 0 0 1 1 1 1 1 1 1 1 1 0 0 0 1 1 0 1 x
0.086885342408852 0 1 0 0 0 0 0 0 0 1 1 1 1 1 0 1 1 0 0 1 0 0 1 1 0 x
0.132355788145620 0 1 0 0 0 0 0 0 0 0 1 0 1 1 0 1 0 1 1 1 1 0 0 0 0 x
0.066305164261832 0 1 0 1 0 0 0 0 1 0 1 1 1 1 1 1 0 1 1 0 0 0 1 1 0 x
0.094518678465142 0 0 1 1 0 0 0 0 1 0 1 0 1 1 1 0 1 0 0 0 1 0 1 0 0 x
0.144624680286899 1 0 0 1 0 0 0 0 0 0 1 1 1 1 0 0 0 0 0 0 1 0 0 1 1 x
0.045116105740989 0 1 0 0 0 0 1 0 0 0 1 1 1 1 1 0 1 0 1 1 0 0 1 0 0 x
0.167511533329246 0 1 1 0 0 0 0 0 0 0 1 0 1 1 1 0 1 1 1 0 1 0 1 1 0 x
0.184124707658274 1 0 1 0 0 0 0 1 0 0 1 0 1 1 1 0 1 1 1 0 0 0 0 1 0 x
0.086781393955558 1 1 0 0 0 0 0 0 0 1 1 1 1 1 0 0 1 1 1 0 1 0 0 1 0 x
0.099762265913148 1 1 0 0 0 0 0 0 0 1 1 1 1 0 1 1 1 0 1 1 0 1 0 1 0 x
0.042240796547600 0 1 0 0 0 0 0 0 0 1 1 1 0 1 1 1 1 1 1 1 0 1 1 1 0 x
0.162525340883663 1 1 0 0 0 0 0 0 0 0 1 1 1 0 0 0 0 0 1 1 0 1 0 1 0 x
0.062251327904609 0 0 0 1 0 1 0 0 0 0 1 1 1 1 1 1 1 1 1 0 0 0 1 1 0 x
0.235837461476304 0 0 1 0 0 1 0 0 0 0 1 1 1 1 1 1 1 1 1 0 0 0 0 0 0 x
0.194076982654126 1 0 1 0 0 0 0 0 0 0 1 0 1 1 0 1 1 1 1 0 1 1 1 1 0 x
0.230787229797449 0 0 1 1 0 0 0 1 0 0 1 0 1 1 1 1 1 1 1 0 1 0 0 1 0 x
0.048824168261407 0 1 0 0 0 0 0 0 0 1 1 0 1 1 1 1 1 0 0 1 0 1 1 1 0 x
0.122029021942482 0 0 0 1 0 0 0 0 1 0 1 1 1 1 0 0 1 0 1 0 1 0 1 0 0 x
0.157801012775640 0 1 0 1 0 0 1 0 0 0 1 1 1 1 1 1 1 1 1 0 0 0 0 1 1 x
0.042411255019016 1 0 0 0 0 0 0 0 0 1 1 1 1 0 1 0 0 1 1 0 1 0 0 0 1 x
0.053984043817162 1 0 0 1 0 0 0 0 0 1 1 0 1 1 1 0 0 1 0 0 1 0 0 1 0 x
0.062538762574996 0 1 0 0 0 0 0 1 0 1 1 1 0 1 1 1 0 1 1 0 0 0 0 1 0 x
0.150907457006015 0 1 0 1 0 0 0 1 1 1 1 1 1 1 1 1 1 1 1 1 0 0 0 1 0 x
0.333438633106832 1 0 0 1 0 0 0 0 0 0 1 0 1 1 1 1 1 1 0 0 0 0 0 0 0 x
0.141095022555555 1 1 0 0 0 0 0 1 0 1 1 1 1 0 1 0 0 0 0 0 1 0 0 0 0 x
0.109652776772012 0 1 0 1 0 0 0 0 1 1 1 1 1 1 1 0 1 0 0 1 1 0 1 1 0 x
0.164275553552709 1 0 0 0 0 0 0 0 0 1 1 1 1 0 0 0 0 1 1 0 0 1 0 1 1 x
0.114778515404813 0 1 0 0 1 0 0 0 0 0 1 1 1 1 1 0 1 1 1 0 0 0 1 0 0 x
0.174464643790001 0 0 0 0 0 0 0 0 0 0 1 0 1 1 1 0 0 1 1 0 1 0 0 1 0 x
0.108786757521259 1 1 0 0 0 0 0 0 0 1 1 1 1 1 1 0 1 0 1 0 1 0 0 0 1 x
0.096075979452709 1 0 0 0 0 0 0 0 0 1 1 1 1 1 0 1 0 0 1 0 1 0 0 0 1 x
0.095843825589533 1 1 0 0 0 0 0 0 0 1 1 1 1 0 1 0 0 1 1 0 0 1 0 1 1 x
0.089000885349627 1 0 0 1 0 0 1 0 0 1 1 1 1 1 1 0 1 1 1 0 1 0 0 1 1 x
0.074395321093821 1 0 0 0 0 0 1 0 0 0 1 1 1 1 0 1 1 1 1 0 0 0 0 1 0 x
0.083215671183126 0 0 1 1 0 0 0 0 0 0 1 1 1 1 0 0 1 1 1 0 0 0 1 1 0 x
0.218853540940554 0 1 1 0 0 0 0 1 0 1 1 0 1 1 1 1 1 1 1 0 0 0 1 0 0 x
0.094233621388030 0 0 1 0 0 0 0 0 0 0 1 0 0 1 0 0 1 0 0 0 0 0 0 1 0 x
0.275214231364442 1 0 1 1 0 0 1 0 0 1 1 0 0 1 0 0 1 0 0 0 0 0 0 1 1 x
0.175101734737380 1 1 0 0 0 1 1 0 0 1 1 1 1 0 0 0 1 1 1 0 0 0 1 0 0 x
0.038194398554280 1 0 0 0 0 0 0 0 0 1 1 1 1 0 1 0 1 1 1 0 1 1 0 0 0 x
0.085154058965644 1 0 0 0 0 0 0 0 0 0 1 1 1 0 1 0 1 1 1 0 0 0 0 0 1 x
0.161091182145397 1 0 0 1 0 0 0 0 0 1 1 0 1 1 0 0 1 0 1 0 1 0 1 1 1 x
0.056551840233884 1 0 0 0 0 0 0 0 0 0 1 0 0 1 1 0 0 1 1 0 1 0 0 1 0 x
0.041502438948893 1 0 0 0 0 0 0 0 0 0 1 0 1 1 0 0 0 1 1 0 0 0 1 0 0 x
0.144426809795860 0 0 1 1 0 0 1 0 1 0 1 1 1 1 1 0 1 1 0 1 0 0 1 1 0 x
0.180892542018067 1 0 0 1 0 1 0 0 0 1 0 1 1 1 1 0 0 1 1 0 0 1 1 1 1 x
0.030136822685073 0 1 0 0 0 0 1 0 0 0 1 1 1 1 1 1 1 1 0 1 0 0 1 1 0 x
0.096251072977232 0 1 0 0 0 0 0 0 0 0 1 0 1 1 1 0 1 0 1 0 0 0 1 0 0 x
0.097898314268326 0 1 0 1 0 0 0 0 0 1 1 1 1 1 1 0 1 0 1 0 0 0 0 1 0 x
0.129302547081229 0 1 0 0 0 0 0 0 0 0 1 1 1 1 0 1 0 0 1 0 0 0 0 1 0 x
0.080814016657808 0 0 0 1 0 0 0 0 0 1 1 1 1 1 1 1 1 1 0 1 1 1 0 1 0 x
0.080229848556633 0 1 0 0 0 0 0 0 0 1 0 1 1 1 1 1 1 1 1 1 1 1 0 0 0 x
0.199227754470201 0 0 1 1 0 0 0 0 1 1 1 0 1 1 0 0 0 1 0 0 0 0 1 1 0 x
0.156738240059047 0 1 0 1 1 0 0 0 0 1 1 1 1 1 1 1 0 1 0 0 1 0 0 1 0 x
0.107107611040903 0 1 0 0 0 0 0 0 0 0 1 0 1 1 0 1 1 1 1 1 0 0 0 1 0 x
0.068722805493880 1 0 0 1 0 0 0 0 0 1 1 1 1 1 1 0 0 1 0 1 1 1 0 1 0 x
0.112451403143222 0 1 0 0 0 1 0 1 0 1 1 0 0 1 1 1 1 0 0 1 0 0 0 1 0 x
0.053135036824981 1 0 0 0 0 0 0 0 0 1 1 0 1 1 1 0 1 1 0 0 1 0 0 1 1 x
0.107321818309342 1 0 0 0 0 0 0 0 0 0 1 1 1 1 1 0 1 1 1 1 1 0 0 0 0 x
0.102774615335877 0 0 1 0 0 0 0 1 0 0 1 0 1 1 0 1 1 1 1 0 1 0 1 0 0 x
0.066365077777785 1 1 0 0 0 0 0 0 1 1 1 1 1 0 0 0 1 1 1 0 0 1 0 0 1 x
0.021891720530604 1 0 0 0 0 0 0 0 0 1 1 0 1 1 1 0 0 1 1 0 1 0 1 0 0 x
0.197203604955571 0 1 1 0 0 1 0 0 1 1 1 0 1 1 1 1 1 1 1 0 1 0 0 1 1 x
0.081439499103140 0 1 0 0 0 0 0 0 0 1 1 1 1 0 1 1 1 1 1 0 0 0 0 0 1 x
0.071136252496550 1 0 0 0 0 0 0 0 0 1 1 0 1 1 0 0 0 1 1 0 1 0 1 1 0 x
0.098671053366411 1 1 0 0 0 0 0 1 0 0 1 1 0 1 0 0 0 1 0 0 0 1 0 0 0 x
0.075263634612067 1 0 0 0 0 0 0 0 0 0 1 1 1 0 1 0 0 1 1 1 1 1 0 0 0 x
0.072778807753075 0 1 0 0 0 0 0 0 1 0 1 1 0 1 1 1 1 1 1 1 0 0 0 1 0 x
0.078870664805821 1 1 0 0 0 0 0 0 0 1 1 0 1 1 0 0 0 0 1 0 0 0 1 0 0 x
0.082173581165647 0 0 1 0 0 0 0 0 0 0 1 0 0 1 1 0 1 1 0 1 1 1 0 1 0 x
0.084424385244065 1 0 0 0 0 1 0 0 0 1 1 0 1 1 1 0 0 0 1 0 1 1 0 0 1 x
0.035921246927735 0 1 0 0 0 0 0 0 1 0 1 1 1 1 0 1 1 1 1 0 0 0 1 0 1 x
0.100660653993093 0 1 0 0 0 1 0 0 0 1 1 1 1 1 1 1 1 1 1 0 0 0 0 0 1 x
0.032168789366883 0 1 0 0 0 0 0 0 0 1 1 0 0 1 1 1 0 1 0 0 1 0 1 1 0 x
0.073769281011985 0 1 0 0 0 0 1 1 0 0 1 1 1 1 1 1 0 1 0 0 0 0 1 1 0 x
0.265986408606165 0 1 0 0 0 1 0 0 1 1 0 1 0 1 0 1 0 0 1 0 0 1 1 1 0 x
0.159364477860117 0 1 0 1 0 1 0 0 0 0 0 1 1 1 1 1 0 1 0 0 0 1 1 1 0 x
0.154520733218726 0 0 1 0 0 0 0 0 1 0 1 1 1 1 0 1 0 1 1 1 0 1 1 1 0 x
0.239971189301251 1 0 0 0 0 0 1 1 0 0 1 1 0 1 0 0 0 1 0 0 1 1 1 0 0 x
0.126183768078156 0 0 0 1 0 0 1 0 0 0 1 1 1 1 0 0 1 1 0 0 0 0 1 1 0 x
0.057583092581632 0 1 0 0 0 0 1 0 0 0 1 0 1 1 0 1 1 1 0 0 0 1 1 0 0 x
0.082394858752227 0 0 1 0 0 1 0 0 0 0 1 1 1 1 0 1 1 1 1 0 1 0 1 1 0 x
0.046909662751902 0 1 0 0 0 0 1 0 0 0 1 1 1 1 1 0 0 1 1 1 0 0 1 0 1 x
0.103609744866140 0 1 0 0 0 0 1 0 1 1 1 0 0 1 1 1 1 1 0 0 0 0 1 0 0 x
0.202911919411143 1 1 1 0 0 0 0 1 0 0 1 1 0 1 0 0 0 0 1 0 0 0 0 0 0 x
0.110694215504702 0 0 1 0 0 0 1 0 0 0 0 0 1 1 0 1 1 0 1 0 1 0 1 0 0 x
0.086095046753300 0 0 1 0 0 0 0 1 0 0 1 1 0 1 0 1 0 1 0 0 1 0 0 1 0 x
0.072644504538220 0 0 1 0 0 0 0 0 0 1 1 1 1 1 0 0 1 1 0 0 1 1 0 0 0 x
0.132447007941276 0 0 0 1 0 0 0 0 0 1 1 1 1 1 1 0 1 1 0 1 1 0 1 1 0 x
0.070563795663213 0 1 0 1 0 0 0 0 0 1 1 1 0 1 1 0 0 1 0 0 0 1 0 1 0 x
0.079502154814799 1 0 0 0 0 0 1 0 0 1 1 0 1 1 0 1 1 1 1 0 0 0 1 0 0 x
0.075930058951760 0 1 0 0 0 0 0 0 0 1 1 1 0 1 1 1 0 1 0 0 1 0 0 0 1 x
0.072200864854585 0 0 0 1 0 0 1 0 0 0 0 1 1 1 1 1 1 1 1 0 0 1 0 1 0 x
0.086711125948472 0 1 0 0 0 0 1 0 0 0 1 1 1 1 1 0 1 1 1 0 0 1 0 0 0 x
0.105118067388343 0 1 0 0 0 0 0 0 1 1 1 1 1 1 1 1 1 1 0 0 0 0 1 0 0 x
0.193868720369696 1 0 0 1 0 0 0 0 0 1 0 1 0 1 0 0 0 1 0 0 1 1 0 1 0 x
0.137138414156907 0 1 1 0 0 0 0 0 0 1 0 1 1 0 1 1 1 0 0 1 1 1 0 1 0 x
0.222818749183705 0 1 0 0 0 0 1 1 0 0 1 1 0 1 1 0 1 1 1 1 0 1 1 1 0 x
0.162449938120849 0 0 0 1 1 0 1 0 0 0 1 1 1 1 1 1 1 1 1 0 0 0 1 1 0 x
0.105527055974695 1 1 0 0 0 0 0 0 0 1 1 0 0 1 1 1 0 1 0 0 0 0 1 1 0 x
0.127967835778182 1 0 1 0 0 0 0 0 0 1 1 1 1 1 0 0 1 0 0 0 0 0 1 0 0 x
0.134402065153343 1 1 0 0 0 0 0 0 0 1 1 1 0 1 0 1 1 1 1 0 0 1 0 0 1 x
0.118948413895311 1 0 0 0 0 0 0 0 0 1 1 1 0 1 0 0 1 1 1 0 0 0 0 0 0 x
0.070308138079497 0 1 0 0 0 0 1 0 0 1 1 1 1 1 1 1 1 0 0 1 0 0 1 0 1 x
0.045835228864768 0 1 0 0 0 0 1 0 1 0 1 1 1 1 1 1 1 0 1 0 0 1 1 0 0 x
0.065363950068602 1 0 0 0 1 0 0 0 0 1 1 0 1 1 1 0 0 1 1 0 0 0 1 0 0 x
0.057416508600754 1 0 0 0 0 0 1 0 0 1 0 0 1 1 1 0 0 1 1 0 0 0 1 0 0 x
0.059880458416323 0 0 1 0 0 0 0 1 0 0 0 1 1 1 0 0 1 1 0 0 0 1 0 1 0 x
0.064364501621681 1 0 0 0 0 0 0 1 0 0 1 1 0 1 0 0 1 1 0 0 0 0 0 1 0 x
0.138489315964386 0 1 1 0 0 0 0 1 1 1 1 1 0 1 0 0 1 1 0 0 0 0 0 0 0 x
0.158928012014721 1 0 0 1 0 0 1 0 0 0 1 0 1 1 1 0 1 1 1 0 0 0 1 1 0 x
0.115143399285820 1 0 1 0 0 0 1 1 0 1 1 0 1 1 0 0 0 1 0 0 1 0 0 0 0 x
0.108417634579838 0 0 1 0 1 0 0 1 0 0 1 1 1 1 0 0 1 1 0 0 0 0 0 1 0 x
0.079080016686032 0 1 0 1 0 0 0 0 0 1 1 1 0 1 1 1 1 1 0 0 0 0 1 1 0 x
0.099088713560698 0 0 1 1 0 0 0 0 1 0 1 1 0 1 1 0 1 1 0 0 0 1 0 1 0 x
0.036587858746243 0 1 0 0 0 0 0 0 1 0 1 1 0 1 1 1 1 1 0 1 0 1 1 0 0 x
0.166924299263245 1 1 0 0 0 0 0 0 0 1 1 1 1 0 0 1 0 1 1 0 0 0 0 0 0 x
0.102687968956643 1 1 0 0 0 0 1 0 0 1 1 0 1 1 1 0 0 1 1 0 0 0 1 1 0 x
0.085501619196579 1 0 0 0 0 0 0 1 0 0 1 1 1 1 0 0 0 1 1 0 0 0 0 0 1 x
0.097754213184415 0 1 0 0 0 0 1 0 0 0 1 1 1 1 0 1 0 0 1 0 0 0 1 0 1 x
0.057047601704915 0 0 1 0 0 0 0 0 0 0 1 1 1 1 0 1 1 1 0 0 0 1 0 1 0 x
0.105878578429564 1 0 0 1 0 0 1 0 0 1 1 1 1 1 1 0 0 1 0 0 0 0 1 0 0 x
0.143624717583995 0 1 0 1 0 0 1 0 0 1 0 0 1 1 1 1 0 1 0 0 0 1 0 1 0 x
0.054844261735047 0 1 0 0 0 0 0 0 1 0 1 1 0 1 1 0 1 1 0 0 0 1 0 0 1 x
0.042995852719535 1 0 0 0 0 0 1 0 0 0 0 0 1 1 0 1 1 1 0 0 0 1 0 1 1 x
0.117417149682082 0 1 0 1 0 0 0 0 1 0 1 1 1 1 1 0 0 1 0 0 0 0 0 1 0 x
0.025335527732926 0 1 0 0 0 0 0 0 0 1 1 0 1 0 1 1 1 1 0 0 1 1 0 1 0 x
0.069111588568005 1 0 0 0 0 0 0 0 0 0 1 1 1 1 0 0 1 1 0 0 1 1 0 1 1 x
0.177549388266314 0 1 0 0 0 0 0 1 1 0 1 0 0 1 1 1 1 1 1 0 1 1 0 0 0 x
0.071394285105458 0 0 1 0 0 0 0 0 0 0 1 1 1 0 0 0 1 0 0 0 1 1 0 0 0 x
0.064480862258195 1 0 0 0 0 0 1 0 0 0 0 1 1 1 0 0 0 1 0 0 0 1 0 0 1 x
0.129732562811937 0 1 0 0 0 0 0 0 1 1 1 1 0 1 1 0 0 1 1 0 0 0 1 0 1 x
0.178000419329685 0 0 1 0 0 0 0 1 1 0 1 1 1 1 0 1 1 1 0 1 1 1 0 1 0 x
0.171180658542543 0 1 1 0 0 0 0 0 0 0 1 1 0 1 0 0 1 1 0 0 1 1 0 0 0 x
0.048717159831482 0 1 0 0 0 0 0 0 0 1 1 1 1 0 1 0 1 1 0 1 0 1 0 0 0 x
0.046822820192853 0 1 0 0 0 0 0 0 0 1 1 1 1 0 1 1 1 1 0 0 0 1 0 1 0 x
0.087105050315410 0 1 0 0 0 0 0 0 1 0 1 1 1 1 0 0 1 1 1 1 0 1 1 0 0 x
0.018137831369951 0 1 0 0 0 0 0 0 0 1 1 0 1 1 1 1 1 1 0 0 1 1 0 1 0 x
0.053803777259771 0 1 0 0 0 0 0 0 0 1 1 1 1 0 1 0 1 1 0 0 1 0 0 1 0 x
0.050916344299569 1 0 0 0 0 0 0 1 0 0 0 0 1 1 0 1 1 1 0 0 0 1 0 1 0 x
0.122985365290898 0 1 0 0 0 0 0 0 0 0 1 1 0 1 1 1 1 1 1 1 0 0 1 0 0 x
0.119596724981640 1 0 1 0 0 1 0 1 0 1 1 1 1 1 0 1 0 1 0 0 0 0 0 1 0 x
0.044078788658519 1 0 0 0 0 0 1 0 0 1 1 1 1 1 1 1 0 1 1 0 1 1 0 1 0 x
0.049276692353389 0 1 0 0 0 0 0 0 0 1 1 1 1 0 1 0 1 1 1 0 1 1 0 0 1 x
0.056455847215449 0 1 0 0 0 0 0 0 1 0 1 1 1 0 1 1 1 1 1 0 0 0 1 1 1 x
0.038038219065235 1 0 0 0 1 0 0 0 0 1 1 1 1 1 1 0 0 1 0 0 1 1 0 0 0 x
0.059329711209314 0 1 0 0 0 0 1 0 0 0 1 1 1 0 1 0 0 1 1 0 0 0 1 0 0 x
0.102867060438945 1 1 0 0 0 0 0 1 0 1 1 1 1 0 0 0 1 1 1 0 0 1 0 0 0 x
0.086242044756258 1 1 0 0 0 0 0 0 0 1 1 1 1 1 1 0 0 1 1 0 1 1 0 0 0 x
0.139057138330114 1 1 0 0 0 0 0 1 0 1 1 0 0 1 0 1 1 1 0 0 0 1 0 1 0 x
0.276226744801992 0 0 1 0 0 0 0 1 0 0 1 1 1 1 0 0 0 1 0 0 0 0 0 0 0 x
0.075970374612203 0 1 0 0 1 0 0 0 1 0 1 0 1 1 1 1 0 1 0 1 0 0 1 1 0 x
0.042782325667620 1 0 0 0 0 0 0 0 0 1 0 0 1 1 1 0 1 1 1 0 1 1 0 1 0 x
0.072830657981501 0 1 0 0 0 0 1 0 1 0 1 0 1 0 1 1 1 1 0 0 0 1 0 0 1 x
0.101607374271433 0 1 0 0 0 0 0 0 1 0 1 0 1 1 1 0 1 1 0 0 0 0 1 1 1 x
0.043089796290672 0 1 0 0 0 0 0 0 0 0 1 0 1 1 1 1 1 1 0 0 0 1 1 0 1 x
0.027750003939504 0 1 0 0 0 0 0 0 0 1 1 0 0 1 1 0 1 1 0 1 0 1 0 0 1 x
0.044949096094896 1 0 0 0 0 1 0 0 0 0 1 1 1 1 1 0 1 1 1 1 0 1 0 1 1 x
0.037198347537619 1 0 0 0 0 0 1 0 0 0 1 1 1 1 0 1 0 1 0 1 1 0 1 0 0 x
0.176999153788416 1 0 1 0 0 0 1 1 0 0 1 1 1 1 0 1 0 1 1 1 0 1 0 1 0 x
0.062767887644759 0 0 1 0 1 0 0 0 0 0 0 1 1 1 1 0 1 0 0 0 0 1 0 1 0 x
0.045034380874725 1 0 0 0 0 0 0 0 0 1 1 1 0 1 0 1 0 1 0 0 1 0 0 1 0 x
0.107018698131819 1 0 0 0 1 0 0 0 0 0 0 1 1 1 0 0 1 1 1 0 0 1 0 1 0 x
0.098390569782204 1 0 0 0 0 0 0 0 0 1 1 0 1 1 0 0 0 1 0 0 1 0 0 0 0 x
0.044554005329791 1 0 0 0 1 0 0 0 0 0 1 1 1 1 1 0 0 1 1 1 0 1 0 0 1 x
0.029236510736596 1 0 0 0 0 0 1 0 0 0 1 1 1 1 1 0 1 1 1 1 0 1 0 0 1 x
0.055148169436035 0 0 1 0 0 1 0 0 0 0 1 1 1 1 1 0 1 1 1 0 0 1 0 1 0 x
0.036532755968760 0 1 0 0 0 0 0 0 0 0 1 1 1 0 1 1 0 1 1 1 1 0 0 1 0 x
0.083356000975041 0 1 0 0 0 1 0 0 0 0 1 1 1 0 1 0 1 1 1 1 0 0 1 0 1 x
0.025107726521702 1 0 0 0 0 0 1 0 0 0 1 1 1 1 1 1 0 1 1 0 0 1 1 0 0 x
0.073125352158928 1 0 0 0 0 0 0 0 0 1 1 1 1 1 1 1 0 1 1 0 1 0 0 1 1 x
0.110657867380377 0 0 0 1 0 0 0 0 1 0 1 1 1 1 0 1 1 1 1 0 0 1 1 1 0 x
0.149109359551137 1 1 0 0 0 0 1 0 0 0 1 1 1 1 1 0 0 1 1 1 0 1 1 0 0 x
0.107176881477919 1 0 0 0 0 0 0 0 0 1 1 1 1 1 1 0 1 1 0 0 0 1 0 0 1 x
0.039270330534688 1 0 0 0 0 0 1 0 0 1 1 1 1 1 1 1 0 0 1 1 1 0 1 0 0 x
0.069674079428376 1 0 1 0 0 0 0 0 0 1 1 1 1 1 0 0 1 0 0 0 1 0 0 1 0 x
0.109932068479833 0 0 1 0 1 0 0 0 0 1 1 1 1 0 1 0 1 0 1 0 1 1 0 0 0 x
0.066566352803554 0 1 0 0 0 0 1 0 0 1 1 1 1 1 1 1 1 1 1 1 0 1 1 0 1 x
0.032925806789020 1 0 0 0 0 0 1 0 0 0 1 0 1 1 1 0 0 1 1 0 0 0 1 0 1 x
0.042100439425762 1 0 0 0 0 0 1 0 0 0 1 0 1 1 1 1 0 1 1 0 0 1 0 0 1 x
0.097679664978566 1 0 0 0 0 0 1 0 0 0 0 1 1 1 0 1 0 1 1 1 0 1 1 0 0 x
0.102243607484092 1 0 0 0 1 0 1 0 0 0 1 1 1 1 1 0 0 1 0 0 0 1 0 0 0 x
0.047458157476756 1 0 0 0 1 0 0 0 0 1 1 0 1 1 1 0 0 1 0 0 1 0 0 1 0 x
0.030960053184819 1 0 0 0 0 0 1 0 0 0 0 1 1 1 1 0 1 1 1 0 0 1 0 1 1 x
0.050486389179400 0 1 0 0 1 0 0 0 0 1 1 1 1 1 1 0 1 0 0 1 1 1 0 0 0 x
0.074887450110335 0 1 0 0 0 0 1 0 1 0 1 1 1 1 1 1 0 0 1 1 0 0 1 1 0 x
0.058053407075244 1 0 0 0 0 0 0 0 1 0 1 1 1 1 1 0 0 1 1 0 0 1 0 0 1 x
0.139983001472256 1 0 0 1 0 0 1 0 0 1 0 0 1 1 1 0 1 1 0 0 0 1 0 1 0 x
0.085652121070597 0 1 1 0 0 0 1 0 0 1 1 1 1 1 0 0 1 0 0 0 1 0 1 0 0 x
0.028004969213931 1 0 0 0 0 0 0 0 0 0 0 1 1 1 0 0 1 1 1 0 0 0 0 1 1 x
0.111151871917712 0 1 0 0 1 0 0 0 1 1 1 1 0 1 1 0 1 1 0 1 0 1 0 0 0 x
0.047156117402981 0 1 0 0 0 0 1 0 0 0 0 1 1 1 1 0 1 1 0 0 0 1 0 0 1 x
0.047776796525173 1 0 1 0 0 0 0 0 0 1 1 1 1 1 0 0 0 0 1 0 1 0 1 0 0 x
0.109853721820276 0 1 1 0 0 0 1 0 0 1 1 1 1 0 1 0 1 0 0 0 0 1 0 0 1 x
0.039354938220174 0 1 0 0 0 0 0 0 0 0 1 1 1 1 1 1 0 1 1 0 0 1 1 1 0 x
0.097705306585246 1 0 0 1 0 0 1 0 0 1 1 0 1 1 1 0 0 1 1 0 0 0 0 1 1 x
0.064376203088349 1 0 0 0 1 0 0 1 0 0 0 1 1 1 1 0 0 1 0 0 0 1 0 1 0 x
0.044676485150926 1 0 0 0 0 0 1 0 0 1 1 0 1 1 1 1 0 1 0 0 1 0 1 1 0 x
0.045033856457844 1 0 0 0 0 0 1 0 0 1 1 1 1 1 1 0 0 1 1 0 1 0 0 0 1 x
0.055298171995111 0 0 1 0 0 0 0 0 1 0 1 1 1 1 0 1 1 0 1 0 1 0 1 0 0 x
0.078322188223988 1 0 1 0 0 0 1 0 0 1 1 1 1 1 1 0 0 1 0 0 1 1 1 0 0 x
0.061828653772049 0 1 1 0 0 0 0 0 1 1 1 1 1 1 1 0 1 0 0 0 1 1 0 0 0 x
0.061237364955851 0 1 0 1 0 0 0 0 0 1 1 1 1 1 1 0 1 0 0 0 1 1 0 0 0 x
0.071801969728159 0 1 0 0 0 0 1 0 1 0 1 1 1 1 0 1 1 1 0 1 0 0 1 0 0 x
0.084447441187678 0 0 0 0 1 0 0 0 0 0 0 0 1 1 1 1 1 1 0 0 0 1 0 1 0 x
0.090585139022332 0 1 0 0 0 0 0 0 0 1 1 1 1 0 1 1 0 0 0 0 1 1 0 0 0 x
0.045934947748040 1 0 0 0 0 0 1 0 0 1 1 1 1 1 0 1 1 1 0 0 1 1 0 1 0 x
0.036827963942876 1 0 0 0 1 0 0 0 0 0 1 1 1 1 1 1 0 1 0 0 1 1 0 1 0 x
0.035585458939599 0 1 0 0 0 0 0 0 0 1 1 1 0 1 1 1 1 1 1 1 0 0 1 1 1 x
0.047483262252492 0 0 0 1 0 0 0 0 0 0 1 1 1 1 1 0 1 1 1 0 0 1 0 1 0 x
0.089327282172988 1 0 0 0 0 0 0 0 0 0 0 0 1 1 1 0 1 1 1 0 1 1 0 0 1 x
0.050944967789417 1 0 0 0 1 0 0 0 0 1 1 1 1 1 1 0 1 1 1 0 1 1 0 1 0 x
0.057653872280263 1 0 0 0 1 0 0 1 0 0 1 1 1 1 0 1 0 1 0 0 1 0 0 1 0 x
0.081999295213370 1 0 0 0 1 0 0 1 0 1 1 1 1 1 1 1 0 1 1 0 1 1 0 0 0 x
0.081633594366512 0 1 0 0 0 0 0 0 1 0 1 0 1 0 1 1 1 1 1 1 0 1 1 1 0 x
0.152017876642926 0 0 1 1 0 0 1 0 0 0 1 1 1 1 0 0 1 0 1 0 0 1 1 0 0 x
0.092894241027359 0 1 0 0 0 0 1 0 0 1 1 0 1 0 1 0 1 0 1 0 0 0 0 0 1 x
0.101759036525556 1 0 1 0 0 0 0 1 0 1 1 1 0 1 0 0 0 1 0 0 1 0 0 1 0 x
0.074121833146211 1 0 1 0 0 0 1 0 0 1 1 1 1 1 0 1 0 0 0 0 1 0 1 0 0 x
0.103319086968472 0 1 0 0 0 0 0 0 0 0 1 1 1 1 1 1 0 1 1 0 0 0 1 1 1 x
0.080036508792913 0 1 0 0 0 0 0 0 0 1 1 1 0 1 1 0 0 1 0 1 0 0 1 1 0 x
0.019763002472442 0 1 0 0 0 0 0 0 0 0 1 1 0 1 1 1 0 1 0 1 0 1 0 1 0 x
0.025060243773217 1 0 0 0 0 0 0 0 0 0 1 1 0 1 0 1 0 1 0 1 1 0 0 1 0 x
0.084091296415727 1 0 0 1 0 0 1 0 0 0 1 1 1 1 1 0 0 1 1 0 0 1 0 0 1 x
0.026248921398552 0 1 0 0 0 0 0 0 1 0 1 1 1 1 1 1 1 0 1 1 0 1 0 0 1 x
0.071223639731689 0 0 1 0 1 0 0 0 0 0 1 1 1 1 1 1 0 1 0 0 1 0 0 1 0 x
0.042316560683153 1 0 0 0 0 0 1 0 0 0 1 1 1 1 0 0 1 1 1 0 0 0 0 1 1 x
0.157728062873658 1 0 0 0 0 0 0 0 0 0 1 0 1 0 0 0 1 1 1 1 1 0 0 1 0 x
0.060778207829836 0 1 0 0 0 0 0 0 0 1 1 1 1 1 1 1 0 1 0 1 1 1 0 1 0 x
0.046306642875298 0 1 0 0 0 0 0 0 0 0 1 1 1 1 1 1 0 0 0 1 1 0 1 0 0 x
0.036763523435920 1 0 0 0 0 0 1 0 0 0 1 1 1 1 0 1 0 1 1 0 1 0 1 0 0 x
0.038671297673764 0 0 1 0 0 0 0 0 0 0 1 1 1 0 1 0 1 1 0 0 1 1 0 1 0 x
0.045603716550307 0 1 0 0 0 0 0 0 0 1 1 1 0 1 1 1 1 0 0 1 1 0 1 0 1 x
0.054110973548299 0 1 0 0 0 0 1 0 0 0 1 1 1 1 1 0 1 0 0 1 0 1 0 0 1 x
0.069881769870201 1 1 0 0 0 0 0 0 0 1 1 1 1 0 1 0 1 0 0 0 1 1 0 0 1 x
0.073999090554261 0 1 0 1 0 0 0 0 0 1 1 0 1 1 1 0 1 1 0 0 0 1 0 0 1 x
0.043765236333448 1 0 0 0 0 0 1 0 0 0 1 1 1 0 1 0 0 1 1 0 0 1 0 0 1 x
0.111922311536848 1 0 1 0 1 0 0 0 0 1 1 1 1 1 1 0 0 0 0 0 1 1 0 0 0 x
0.062031805257646 0 1 0 0 0 0 0 0 0 0 1 0 1 1 1 1 1 1 0 0 0 1 0 1 1 x
0.057947470479659 0 1 0 0 0 0 0 0 1 1 1 1 0 1 1 1 1 1 0 0 0 1 0 0 1 x
0.075962369766007 0 0 1 0 1 0 0 0 1 0 1 1 1 1 1 0 1 0 0 0 1 0 1 0 0 x
0.041659365443442 0 1 0 0 0 0 0 0 1 0 1 1 0 1 1 1 1 1 0 0 0 0 1 1 0 x
0.067726321891032 0 0 0 1 0 0 0 0 0 0 1 1 0 1 1 1 0 1 0 0 1 0 0 1 0 x
0.025418836742881 0 1 0 0 0 0 0 0 0 0 1 1 1 0 1 0 0 1 1 1 0 1 0 0 1 x
0.018650283639224 0 1 0 0 0 0 0 0 0 1 0 1 1 1 1 0 1 1 1 1 0 1 0 0 1 x
0.032141991186995 0 1 0 0 0 0 0 0 0 1 1 1 0 1 0 1 1 1 0 1 0 0 1 0 1 x
0.039068980639164 0 1 0 0 1 0 0 0 0 0 1 1 1 1 1 1 0 0 0 1 0 1 1 0 0 x
0.054298714909958 0 0 1 0 0 0 0 0 1 0 1 1 0 1 0 1 1 1 0 0 1 0 0 1 0 x
0.059796498873391 1 0 0 0 1 0 0 0 0 0 1 1 1 1 1 1 0 1 0 1 1 0 1 0 0 x
0.053008374449122 1 0 0 0 0 0 0 0 0 0 1 1 0 1 1 1 0 1 0 0 0 1 0 1 0 x
0.112661625472571 0 1 1 0 0 0 0 0 1 1 1 1 1 0 0 0 1 0 1 0 1 1 0 0 0 x
0.057886931346064 0 1 0 0 0 0 0 0 1 0 0 1 1 0 1 0 1 1 1 1 0 1 0 0 1 x
0.062916384848386 0 1 0 0 1 0 0 0 1 0 1 1 1 1 1 1 1 0 0 0 0 1 1 0 0 x
0.017166398560580 1 0 0 0 0 0 0 0 0 1 1 0 1 1 1 1 1 1 1 0 1 1 0 1 0 x
0.134060872962086 0 1 0 0 1 0 0 1 0 0 1 1 0 1 1 1 0 1 0 1 1 0 0 1 0 x
0.015587150518912 0 1 0 0 0 0 0 0 0 0 1 1 1 0 1 1 0 1 1 1 0 0 1 1 0 x
0.042509827691990 0 0 0 1 0 0 0 0 0 0 1 1 1 1 1 1 0 1 1 1 0 1 1 0 0 x
0.024403867324519 0 1 0 0 0 0 0 0 0 1 1 1 0 1 1 1 0 1 1 1 0 1 0 0 1 x
0.079679286271431 0 1 0 1 0 0 0 0 0 1 1 1 1 1 1 0 0 1 1 1 0 1 0 0 0 x
0.030897781310195 0 1 0 0 0 0 0 0 0 1 1 1 0 1 1 1 0 1 0 1 0 1 1 0 0 x
0.038973676151032 0 0 0 1 0 0 0 0 0 0 1 1 0 1 1 1 0 1 0 1 0 1 0 1 0 x
0.082226948227793 0 0 0 1 0 0 1 0 0 0 1 0 1 1 1 1 0 1 1 1 0 0 1 1 0 x
0.038995167366869 0 0 1 0 0 0 0 0 0 0 1 1 1 0 1 1 0 1 0 0 1 1 1 0 0 x
0.033585595221944 0 0 1 0 0 0 0 0 0 0 1 1 1 1 1 1 1 0 0 1 1 1 1 0 0 x
0.052289734715920 0 0 1 0 1 0 0 0 0 0 1 1 1 1 1 1 0 1 0 0 1 1 1 0 0 x
0.030841927858877 0 0 0 1 0 0 0 0 0 0 0 1 1 1 1 0 1 1 1 1 0 1 0 0 1 x
0.065962955932367 0 0 0 0 0 0 1 0 0 0 0 1 1 1 1 0 1 1 1 1 0 1 0 0 1 x
0.076168557345943 0 0 0 1 0 0 0 0 1 0 1 1 1 1 1 0 1 1 1 1 0 0 1 0 1 x
0.066286867907865 0 0 1 0 0 0 0 0 0 0 1 1 1 0 1 0 0 0 1 1 1 0 1 0 0 x
0.051285922711348 1 0 0 0 0 0 0 1 0 0 0 1 0 1 0 1 0 1 0 0 0 0 0 1 0 x
0.020429936966900 0 1 0 0 0 0 0 0 0 0 1 1 0 0 1 1 0 1 0 1 0 1 0 0 1 x
0.026190637539008 0 1 0 0 0 0 0 0 0 0 1 1 0 1 1 1 1 0 0 1 0 1 1 0 1 x
0.044116844888176 0 0 1 0 0 0 0 0 0 0 1 1 1 1 1 1 0 0 1 0 1 1 1 0 0 x
0.048448905590428 1 0 0 0 0 0 1 0 0 0 0 1 1 1 1 0 0 1 1 1 0 0 0 0 1 x
0.024626287140133 0 1 0 0 0 0 0 0 0 0 1 1 0 1 0 1 1 1 0 1 0 1 0 0 1 x
0.127797210459105 0 1 1 0 0 0 1 0 0 0 1 1 1 0 1 1 0 0 0 1 0 1 1 0 0 x
0.051615701653987 0 0 1 0 0 0 0 0 0 0 1 1 0 1 0 1 0 1 0 1 1 0 1 0 0 x
0.023677161022082 1 0 0 0 0 0 0 0 0 0 1 1 0 1 0 0 0 1 1 1 0 0 0 0 1 x
0.038252828451714 0 0 0 1 0 0 0 0 0 0 1 1 1 1 1 1 0 1 1 1 0 1 0 0 1 x
0.062182025903169 0 0 1 0 0 0 0 0 0 0 1 1 1 1 1 0 1 0 0 0 1 1 1 0 0 x
0.037221551023102 0 1 0 0 0 0 0 0 0 0 0 1 0 1 1 1 0 1 0 1 0 1 0 0 1 x
0.038731778562348 0 0 1 0 0 0 0 0 0 0 1 0 0 0 1 1 0 1 0 0 1 0 0 1 0 x
0.048072290449831 0 0 1 0 0 0 0 0 0 0 1 1 1 0 1 1 0 1 0 1 1 1 0 0 0 x
0.064761322146225 0 0 0 0 1 0 0 0 0 0 1 1 1 1 1 1 1 1 0 1 1 1 0 0 0 x
0.014921730567656 1 0 0 0 0 0 0 0 0 0 1 1 1 1 0 0 0 1 1 1 0 1 0 0 1 x
0.026489223933800 0 0 1 0 0 0 0 0 0 0 0 1 1 1 1 0 1 1 1 0 0 1 0 1 1 x
0.065768036599311 0 0 1 0 0 0 0 0 0 0 1 1 1 0 1 0 1 1 1 1 1 1 0 0 1 x
0.064084442287356 1 0 0 0 0 0 0 0 0 1 1 1 1 1 1 1 0 1 1 1 1 1 1 0 0 x
0.036658992212985 0 0 1 0 0 0 0 0 0 0 0 1 1 1 1 1 1 1 0 0 1 1 0 1 0 x
0.045355094758811 0 0 0 1 0 0 0 0 0 0 0 1 1 1 1 1 1 1 1 0 0 1 0 1 1 x
0.019077963878290 0 1 0 0 0 0 0 0 0 0 1 1 1 0 1 1 1 0 1 1 0 1 0 0 1 x
0.034743775903321 0 1 0 0 0 0 0 0 0 1 1 1 0 1 1 1 1 0 0 1 1 1 0 0 0 x
0.078426647895891 1 1 0 0 0 0 0 0 0 1 1 1 1 1 1 0 1 0 0 0 1 1 0 1 0 x
0.075599817824891 0 1 0 0 0 0 1 0 0 0 0 1 1 1 0 0 1 1 1 1 0 0 1 0 1 x
0.025228939119025 1 0 0 0 0 0 0 0 0 1 1 1 1 1 0 0 1 1 1 1 1 0 0 0 1 x
0.065024055161055 0 0 1 0 0 0 0 0 0 0 0 0 1 0 1 1 0 1 1 0 0 1 0 1 0 x
0.062405502543648 1 0 0 0 0 0 1 0 0 0 1 1 1 1 0 0 0 1 1 1 0 0 1 0 1 x
0.024588922833173 1 0 0 0 0 0 0 0 0 0 1 1 1 1 0 0 1 1 1 0 0 1 0 0 1 x
0.015605693490770 1 0 0 0 0 0 0 0 0 0 1 1 0 1 1 0 0 1 0 1 1 0 0 0 1 x
0.014731566450903 1 0 0 0 0 0 0 0 0 0 1 1 1 1 1 0 0 1 1 1 1 0 0 0 1 x
0.028325801341781 1 0 0 0 0 0 0 0 0 0 1 1 0 1 0 1 0 1 0 0 1 0 1 0 0 x
0.047942850460713 0 0 1 0 0 0 1 0 0 0 0 1 1 1 1 0 1 1 1 0 0 1 0 1 1 x
0.016510999271150 1 0 0 0 0 0 0 0 0 0 1 1 0 1 1 0 0 1 1 1 0 1 0 0 1 x
0.018301005393714 1 0 0 0 0 0 0 0 0 0 1 1 0 1 0 1 0 1 0 1 1 0 0 0 1 x
0.039684619275543 0 0 0 1 0 0 0 0 0 0 1 1 0 1 1 1 1 1 1 1 0 1 0 0 1 x
0.019152066362259 1 0 0 0 0 0 0 0 0 0 1 1 0 1 0 0 0 1 1 0 1 0 0 0 1 x
0.062675842145407 0 0 1 0 0 0 1 0 0 0 1 1 1 0 1 1 0 1 0 0 1 0 1 0 0 x
0.047545765884724 1 0 0 1 0 0 0 0 0 1 1 1 1 1 1 1 0 1 1 0 1 1 0 1 0 x
0.075764445064310 1 0 0 0 0 0 1 1 0 1 0 1 1 1 0 0 1 1 1 0 0 0 0 1 0 x
0.023696037909804 0 1 0 0 0 0 0 0 0 0 1 1 0 1 1 1 0 1 1 1 0 1 0 0 1 x
0.095230344057574 1 1 0 0 0 0 0 0 0 0 1 1 1 0 1 0 0 1 0 1 0 1 0 0 1 x
0.048743783413810 1 0 0 0 0 0 0 0 0 1 1 1 1 1 1 1 1 0 1 0 1 0 1 1 0 x
0.019088435496133 0 1 0 0 0 0 0 0 0 1 0 1 1 1 1 1 1 1 1 1 0 1 0 1 1 x
0.062061447672964 0 0 0 1 0 0 0 0 0 0 1 1 1 1 1 1 1 0 1 1 0 1 1 0 1 x
0.046983191371074 1 0 0 1 0 0 0 0 0 1 1 1 1 1 1 0 0 1 1 1 1 0 0 0 1 x
0.043970246273016 1 0 0 0 0 0 0 0 1 0 1 1 0 1 0 0 1 1 1 0 0 0 0 1 1 x
0.065108687438917 0 0 0 0 1 0 0 0 0 0 1 1 1 1 1 1 0 1 1 1 0 1 1 0 0 x
0.032734600670985 1 0 0 0 0 0 1 0 0 1 1 1 1 1 1 0 1 0 1 0 1 0 1 0 0 x
0.133219993942414 1 1 1 0 0 0 0 1 1 1 1 1 1 1 0 0 1 0 0 0 1 0 1 0 0 x
0.062937967466192 0 1 0 0 0 0 0 0 0 1 1 0 0 0 1 1 0 1 0 1 1 0 0 1 0 x
0.067641263925640 0 1 0 1 0 0 0 0 0 1 1 1 0 1 1 1 0 1 0 1 0 1 0 0 1 x
0.039042557989569 0 0 1 0 0 0 0 0 0 0 1 1 1 0 1 1 1 0 0 0 1 1 0 1 0 x
0.024786428461136 1 0 0 0 0 0 0 0 0 1 1 1 0 1 1 0 0 1 1 1 1 0 0 0 1 x
0.092851941247407 0 1 0 0 0 0 0 0 1 1 1 1 0 1 0 1 1 0 0 0 1 0 1 0 0 x
0.047667145918744 0 1 0 0 0 0 0 1 1 0 0 1 1 1 1 1 1 1 0 0 0 1 0 1 0 x
0.036577165598445 0 0 1 0 0 0 0 0 0 0 1 0 1 1 1 1 0 1 0 1 1 1 1 0 0 x
0.086577461872129 0 1 1 0 0 0 0 1 0 1 0 1 1 1 1 0 1 0 0 0 0 1 0 1 0 x
0.026794099771747 0 0 1 0 0 0 0 0 0 0 1 1 0 1 1 1 0 1 0 0 1 1 0 1 0 x
0.056150397428100 0 1 0 0 0 0 0 0 0 1 1 1 1 0 1 0 1 0 1 1 0 1 0 0 1 x
0.029001390036466 0 1 0 0 0 0 0 0 0 0 1 0 1 1 1 1 0 1 0 1 0 1 1 0 0 x
0.018374960379232 0 1 0 0 0 0 0 0 0 1 1 0 1 1 1 1 0 1 1 1 0 0 1 1 0 x
0.077624949544294 1 0 1 0 0 0 0 0 0 1 1 1 1 0 1 0 0 1 1 0 1 1 0 0 1 x
0.025659521125132 0 0 1 0 0 0 0 0 0 0 1 1 0 1 1 1 0 1 0 1 1 1 0 0 1 x
0.028009639981619 0 1 0 0 0 0 0 0 0 1 1 0 1 1 1 1 1 0 1 1 1 0 1 1 0 x
0.031011354172389 0 0 1 0 0 0 0 0 0 0 1 1 0 1 0 1 1 0 0 1 1 0 0 0 1 x
0.039031769686582 0 0 1 0 0 0 0 0 0 0 1 1 1 1 1 1 1 0 0 1 1 1 0 0 1 x
0.043073224451370 0 0 1 0 0 0 0 0 0 0 0 1 0 1 0 0 1 1 0 1 0 1 0 0 1 x
0.043339696826358 0 0 1 0 0 0 0 0 0 0 1 1 0 1 0 0 1 1 0 0 1 0 0 0 1 x
0.091511563439469 1 0 1 0 0 0 0 0 0 0 1 1 0 1 0 0 0 1 0 0 1 0 0 0 1 x
0.023905977213232 0 0 1 0 0 0 0 0 0 0 1 1 0 1 0 1 1 1 0 0 1 1 0 0 1 x
0.025853671650705 1 0 0 0 0 0 0 0 0 0 1 1 0 1 0 0 1 1 0 1 1 0 0 0 1 x
0.148434506952333 0 0 0 0 0 0 0 0 0 0 0 1 1 1 0 1 1 1 1 1 0 1 0 0 1 x
0.083104724560183 0 0 1 1 0 0 0 0 0 0 0 1 1 1 1 0 1 1 0 0 0 1 0 1 1 x
0.046889603093447 0 1 0 0 0 0 1 0 0 1 0 1 1 1 1 0 1 1 1 1 0 0 0 1 1 x
0.049551060570741 0 0 0 1 0 0 0 0 0 0 1 1 0 1 1 0 0 1 1 1 0 1 0 0 1 x
0.018768855016152 0 0 1 0 0 0 0 0 0 0 0 1 0 1 1 1 1 1 0 1 0 1 0 1 1 x
0.036036268633370 0 0 1 0 0 0 0 0 0 0 1 1 0 1 1 1 1 1 0 1 0 1 0 0 1 x
0.130555704754990 0 0 1 0 1 0 0 1 0 0 0 1 1 1 1 1 1 1 0 0 0 1 0 1 0 x
0.027901709862792 0 0 1 0 0 0 0 0 0 0 0 1 1 1 1 0 1 1 0 1 0 1 0 1 0 x
0.025341893215656 0 0 1 0 0 0 0 0 0 0 1 1 0 1 1 1 1 0 0 1 1 0 1 0 1 x
0.024798402507177 0 0 1 0 0 0 0 0 0 0 0 1 0 1 1 1 1 0 0 0 1 1 0 0 1 x
0.024945415450516 0 0 1 0 0 0 0 0 0 0 1 1 0 0 1 1 1 1 0 0 1 1 0 0 1 x
0.105649925390432 0 1 1 0 0 0 0 0 0 1 0 1 0 1 1 0 1 0 0 1 0 1 0 0 1 x
0.070623660266699 0 0 1 0 0 0 1 0 0 0 1 1 0 1 1 1 1 0 0 1 1 1 0 0 1 x
0.133400110110144 0 1 0 0 1 0 0 0 0 0 1 1 1 0 1 0 0 1 1 1 0 1 0 0 0 x
0.023379951571288 0 1 0 0 0 0 0 0 0 1 0 1 1 1 1 0 1 1 1 1 0 1 0 1 0 x
0.064759412089570 0 0 1 0 1 0 0 0 0 0 1 1 1 1 0 1 1 0 0 0 1 0 1 0 0 x
0.037592012012147 0 0 1 0 0 0 0 0 0 0 0 0 0 1 0 1 1 1 0 0 1 0 0 1 1 x
0.080957155675535 0 1 0 0 1 0 0 1 0 1 1 1 1 1 1 1 0 0 1 0 0 0 1 1 0 x
0.018752790661023 1 0 0 0 0 0 0 0 0 0 1 1 0 1 0 1 1 1 0 0 1 0 0 1 1 x
0.063396254551564 1 0 0 0 1 0 0 0 0 0 1 0 1 1 1 0 0 0 1 0 1 0 1 0 0 x
0.031418707814594 0 0 1 0 0 0 0 0 0 0 0 1 0 1 1 1 0 1 0 0 0 1 0 1 1 x
0.063346426654692 0 1 0 0 0 0 1 0 1 0 1 0 1 1 1 1 1 0 1 1 0 0 1 0 1 x
0.067202890034932 0 0 1 0 0 0 0 0 1 0 0 1 0 1 1 0 1 1 0 0 0 1 0 1 1 x
0.033860683994616 1 0 0 0 0 0 0 1 0 1 1 1 1 1 0 1 1 1 1 0 1 0 0 1 0 x
0.056530377854694 0 0 1 0 0 0 0 0 0 0 1 1 0 1 0 1 1 0 0 0 1 0 1 0 1 x
0.088381420964379 0 0 1 0 1 0 0 0 0 0 1 1 0 1 1 1 0 0 0 1 1 0 1 0 0 x
0.065410122050028 1 0 1 0 0 0 0 1 0 1 1 1 1 1 0 0 1 0 1 0 1 1 0 0 0 x
0.014898350251982 0 1 0 0 0 0 0 0 0 0 1 1 1 0 1 1 1 1 0 1 1 1 0 0 1 x
0.036701549446841 0 1 0 0 0 0 0 0 0 0 1 1 0 0 1 1 1 1 0 1 0 1 0 0 1 x
0.039696277269661 1 0 0 0 0 0 0 1 1 0 1 1 1 1 0 1 1 1 1 0 0 0 1 1 0 x
0.034249743483856 0 0 1 0 0 0 0 0 0 0 1 1 0 1 1 1 0 1 0 0 1 0 1 1 0 x
0.018677636000676 0 0 1 0 0 0 0 0 0 0 0 1 0 1 1 0 1 1 0 1 0 0 0 1 1 x
0.051271335935223 0 0 1 0 0 0 0 0 0 0 0 1 0 1 1 0 1 1 0 1 1 0 0 0 1 x
0.042819010775614 0 0 1 0 0 0 0 0 0 0 1 1 0 1 1 1 1 1 0 0 1 0 0 1 1 x
0.043374533489317 0 1 0 0 0 0 0 0 1 0 1 1 1 0 1 1 1 0 0 1 1 1 0 0 0 x
0.069479068849565 0 0 1 0 0 0 0 0 0 0 1 1 0 0 1 1 0 0 0 1 1 1 0 0 1 x
0.049697442038989 1 0 0 0 0 0 1 1 0 0 1 1 1 1 0 1 1 1 0 0 0 0 1 1 0 x
0.077078520388136 0 1 1 0 0 0 0 0 0 1 1 1 1 0 1 1 0 0 1 0 1 0 1 1 0 x
0.081830356115311 0 0 0 1 0 0 1 0 0 0 1 1 1 1 1 0 1 1 1 1 0 1 0 0 1 x
0.038207179088163 1 0 0 0 1 0 0 0 0 0 1 1 1 1 0 1 0 1 0 0 0 1 1 0 0 x
0.038578460063569 0 1 0 0 0 0 0 0 0 1 1 1 1 1 1 1 1 0 1 1 1 1 0 0 1 x
0.054351057847728 0 1 0 0 0 0 0 0 1 0 1 1 0 1 0 0 1 1 0 1 0 0 0 0 1 x
0.081041508081203 1 0 1 0 0 0 1 0 0 1 1 1 1 1 1 0 0 1 1 0 1 0 1 0 0 x
0.158536252846196 1 1 1 0 0 0 1 1 0 1 1 1 1 1 0 0 0 0 0 0 0 1 1 0 0 x
0.104310617235455 0 1 0 0 1 0 0 1 0 1 0 1 1 1 1 0 1 1 0 0 0 0 0 1 0 x
0.023072725602767 0 1 0 0 0 0 0 0 1 0 1 1 1 1 1 1 1 1 0 1 0 1 0 1 0 x
0.051972654571572 0 0 1 0 0 0 1 0 0 0 0 1 0 1 1 1 0 1 0 0 0 1 0 1 0 x
0.053887191630900 1 0 0 1 0 0 0 1 0 1 1 1 1 1 1 0 0 1 1 0 0 1 0 1 0 x
0.052143285889250 0 1 0 0 0 0 1 0 0 0 1 1 1 0 1 1 0 1 1 1 0 0 1 0 1 x
0.025117181417842 1 0 0 0 0 0 0 0 1 0 1 1 1 1 0 1 1 0 1 0 1 0 1 0 0 x
0.025668801565920 1 0 0 0 0 0 0 1 0 0 1 1 1 1 0 1 1 0 1 0 1 0 1 0 0 x
0.017279284967342 1 0 0 0 0 0 0 0 0 0 1 1 1 1 0 1 0 0 1 1 1 0 1 0 0 x
0.070593083332943 1 1 0 0 0 0 0 1 1 0 1 1 1 1 0 1 1 0 0 0 0 1 1 0 0 x
0.032206476530422 1 0 0 0 0 0 1 0 0 0 1 1 1 1 1 1 1 0 0 1 1 0 1 0 1 x
0.041294177906822 1 0 0 0 0 0 1 0 0 0 1 1 1 1 0 1 1 0 0 0 1 0 1 0 0 x
0.021991845962855 1 0 0 0 0 0 0 0 0 0 1 1 1 1 1 0 1 0 1 1 1 0 1 0 1 x
0.012368238196090 1 0 0 0 0 0 0 0 0 0 1 1 1 1 0 1 1 0 1 1 1 1 0 0 1 x
0.013618229156235 1 0 0 0 0 0 0 0 0 0 1 1 0 1 1 0 0 0 1 1 1 0 0 0 1 x
0.014075785131130 1 0 0 0 0 0 0 0 0 0 1 1 1 0 1 1 1 0 1 1 1 1 0 0 1 x
0.043614223587872 1 0 0 0 1 0 0 0 0 1 1 1 1 1 1 1 1 0 0 1 1 1 0 0 0 x
0.039924914781974 1 0 0 1 0 0 0 0 0 1 1 1 1 1 1 0 0 0 1 0 1 0 1 0 0 x
0.052903430895699 1 0 0 0 0 0 0 0 0 1 1 1 1 1 1 0 1 0 1 1 1 1 0 0 1 x
0.025631053258654 1 0 0 0 0 0 0 0 0 0 1 1 0 1 0 1 1 0 1 1 1 0 1 0 1 x
0.065819124248309 1 0 0 0 1 0 0 1 0 0 1 1 1 1 0 1 1 0 0 0 1 1 0 0 0 x
0.047073925581692 1 0 0 0 0 0 1 0 0 0 1 1 1 0 1 1 1 1 0 1 1 1 0 0 1 x
0.061572373935348 0 0 1 0 0 0 0 0 0 0 1 0 1 0 1 1 1 0 0 0 1 1 0 0 0 x
0.037020565572239 0 0 1 0 0 0 0 0 0 0 1 0 1 1 1 1 0 0 0 1 1 0 1 1 0 x
0.035011255168582 1 0 0 0 0 0 0 0 0 0 0 0 1 1 1 0 0 1 1 1 0 1 0 1 1 x
0.019358759975127 1 0 0 0 0 0 0 0 0 0 1 1 1 1 0 1 1 0 1 1 1 0 0 1 1 x
0.074529801147947 1 0 0 0 1 0 0 0 0 1 0 0 1 1 1 1 0 1 0 0 1 1 0 1 0 x
0.126484561858425 0 0 1 0 0 1 0 0 0 0 0 0 0 1 1 0 1 1 0 0 0 1 0 1 1 x
0.032521871864049 1 0 0 0 0 1 0 0 0 1 1 1 1 1 1 0 0 1 1 0 1 0 0 1 0 x
0.034605803888285 1 0 0 0 0 1 0 0 0 1 1 1 1 1 0 1 1 0 1 0 1 0 1 0 0 x
0.149801114385160 0 1 0 0 1 1 0 0 0 1 1 0 1 1 1 1 0 1 1 0 0 0 1 1 0 x
0.029702368715312 1 0 0 0 0 1 0 0 0 1 1 1 1 1 1 1 1 0 1 0 1 1 0 1 0 x
0.036438743103632 1 0 0 0 0 1 0 0 0 0 1 1 1 1 1 1 0 0 1 1 1 0 1 0 0 x
0.035492283441215 0 1 0 0 0 1 0 0 0 0 1 1 1 1 1 1 0 0 1 1 0 1 0 0 1 x
0.068331115815761 0 1 0 0 1 0 0 1 0 0 1 1 1 1 1 1 1 0 0 1 0 0 1 1 0 x
0.065378139313554 1 0 0 0 0 1 0 1 0 0 1 1 1 1 0 1 0 1 1 0 0 1 0 1 0 x
0.046187982206859 1 0 0 0 0 1 0 0 0 0 1 1 1 1 0 1 1 0 1 1 1 0 0 0 1 x
0.032549140749700 1 0 0 0 0 0 0 0 0 0 1 1 1 1 1 1 1 1 1 1 0 1 0 1 1 x
0.040565600241589 1 0 0 0 1 0 0 0 0 0 1 1 1 1 1 1 0 0 1 1 0 1 1 0 0 x
0.044685073849214 0 1 0 0 0 1 0 0 0 1 1 1 1 1 1 1 1 0 1 0 1 1 0 1 0 x
0.086442985003505 1 0 0 1 0 1 0 0 0 1 1 1 1 1 1 0 0 1 1 0 0 1 0 1 0 x
0.054495061545824 0 1 0 0 0 1 0 0 1 0 1 1 1 1 1 1 1 0 1 1 0 0 1 1 0 x
0.020775026937638 0 1 0 0 0 0 0 0 0 0 1 1 1 0 0 1 1 1 0 0 1 0 1 0 1 x
0.098201044934376 1 1 0 0 0 0 0 0 0 0 1 1 1 0 0 1 1 0 0 0 1 1 0 0 1 x
0.015270689952954 0 1 0 0 0 0 0 0 0 0 1 1 1 0 1 1 1 0 1 1 1 0 1 0 1 x
0.068423201381983 0 1 0 0 0 0 0 1 1 0 1 0 1 1 0 1 1 1 0 0 0 0 1 1 0 x
0.117685763139334 0 1 0 0 0 1 0 0 0 1 1 0 0 1 0 1 1 1 0 0 1 0 1 0 1 x
0.054401496090979 1 0 0 0 0 1 0 1 0 0 1 1 1 1 0 1 1 0 1 0 0 0 1 1 0 x
0.079826742709588 0 1 0 1 0 0 0 0 0 0 1 1 1 0 1 1 0 0 1 0 1 0 1 1 0 x
0.094544852618332 1 0 0 0 0 1 1 0 0 0 1 1 1 1 1 0 0 1 1 1 0 1 0 0 1 x
0.066693338604825 0 1 0 0 0 0 1 0 0 0 1 1 1 0 1 0 1 1 0 0 1 0 1 0 1 x
0.045881379493358 1 0 0 0 0 1 0 0 1 0 1 1 1 1 0 1 1 1 1 0 0 0 1 1 0 x
0.041864930817043 1 0 0 0 0 1 0 0 0 1 1 1 1 1 1 1 1 1 1 1 1 0 0 1 1 x
0.020686668996015 0 0 1 0 0 0 0 0 0 0 0 1 0 1 0 0 1 1 1 0 0 0 0 1 1 x
0.045297645478393 0 1 0 0 0 1 0 0 0 0 1 1 1 1 1 1 1 0 1 1 0 1 1 0 1 x
0.122609085746047 1 0 1 0 0 1 0 0 0 1 1 0 1 1 1 0 0 0 1 0 1 0 1 0 0 x
0.075703742299349 1 0 0 0 0 0 1 1 0 0 0 1 1 1 0 1 1 1 1 0 0 1 0 1 1 x
0.058283393847312 0 0 1 0 0 0 1 0 0 0 0 1 0 1 0 1 1 1 0 0 0 0 0 1 1 x
0.045933095773761 0 0 1 0 0 1 0 0 0 0 1 1 1 1 1 1 0 1 0 0 1 1 0 1 0 x
0.077332596316773 0 1 0 0 0 1 0 0 0 1 1 0 1 1 1 1 1 1 1 1 0 1 0 1 1 x
0.024508786507144 0 0 0 1 0 0 0 0 0 0 0 1 0 1 1 0 1 1 1 1 0 0 0 1 1 x
0.054391354126027 1 0 0 0 0 1 0 0 0 0 1 1 0 1 1 1 1 0 1 1 1 0 0 1 1 x
0.032028448508042 1 0 0 0 0 0 1 0 0 1 0 1 1 1 1 0 1 1 1 1 0 0 0 1 1 x
0.050711248170617 0 0 1 0 0 0 0 0 0 0 0 1 0 1 1 1 0 1 1 1 0 1 0 0 1 x
0.086283827330543 1 0 0 1 0 0 0 0 0 0 1 1 0 1 1 0 0 1 1 1 0 0 0 1 1 x
0.036747347246509 0 1 0 0 0 0 0 0 0 0 1 1 1 0 1 1 1 0 0 1 1 0 0 1 1 x
0.038945962241204 1 0 0 0 1 0 0 0 0 0 1 1 1 1 1 1 0 0 0 1 1 1 0 0 1 x
0.061570721994128 1 0 0 0 0 1 0 1 0 0 1 1 1 1 0 1 1 1 0 0 1 0 0 1 0 x
0.085779107722162 1 0 0 0 1 0 0 1 0 0 1 0 1 1 0 1 0 1 0 0 0 1 0 1 0 x
0.035206739792129 0 1 0 0 0 0 0 0 1 0 1 1 1 0 1 1 1 1 0 0 1 0 1 1 0 x
0.105097158292062 1 0 0 1 1 0 0 0 0 1 1 1 1 1 1 0 0 0 1 0 1 1 0 0 0 x
0.080278436358067 1 0 0 0 0 1 0 1 0 1 0 1 1 1 1 0 1 1 1 0 0 1 0 1 0 x
0.038576127721875 0 1 0 0 0 0 0 1 0 0 0 1 1 1 1 1 1 0 0 1 0 1 0 0 1 x
0.059105321269903 0 0 1 0 0 0 0 1 0 0 0 1 0 1 0 1 1 0 0 0 1 0 0 1 0 x
0.018122928615486 1 0 0 0 0 0 0 0 0 0 1 1 0 1 0 0 1 1 1 1 0 0 0 1 1 x
0.031905078529988 0 1 0 0 0 0 0 1 0 0 0 1 1 1 1 1 1 0 1 1 0 1 0 1 0 x
0.078423611347875 0 1 0 0 0 1 0 0 0 0 1 1 1 0 1 1 0 0 1 0 1 0 1 1 0 x
0.028165802360913 1 0 0 0 0 0 1 0 0 0 1 1 1 1 1 1 1 0 0 1 1 1 1 0 0 x
0.025856433178557 0 1 0 0 0 0 0 0 0 0 1 1 1 0 0 0 1 1 1 0 0 0 1 0 1 x
0.044597368681840 1 0 0 0 0 0 1 0 0 1 1 1 1 1 1 1 1 1 0 1 1 1 0 1 0 x
0.110645852898854 0 0 1 1 0 0 0 0 0 0 1 1 0 1 1 1 0 0 0 1 1 0 1 1 0 x
0.050788364250842 1 0 0 0 0 1 0 0 0 1 1 0 1 1 1 1 0 1 1 0 1 0 1 1 0 x
0.066574429264672 1 0 0 0 1 0 0 1 0 1 1 1 1 1 0 1 1 0 1 0 1 0 1 0 0 x
0.048954701618450 1 0 0 0 0 1 0 0 1 0 1 1 1 1 1 1 1 0 1 0 1 1 1 0 0 x
0.015270890568141 0 0 1 0 0 0 0 0 0 0 0 1 0 1 1 0 1 0 1 1 0 0 0 1 1 x
0.019191289161237 0 0 1 0 0 0 0 0 0 0 0 1 1 0 1 0 1 0 1 1 0 0 0 1 1 x
0.032172235587731 0 0 1 0 0 0 0 0 0 0 0 1 1 0 1 0 1 0 1 0 1 0 0 1 0 x
0.025137059014880 0 0 1 0 0 0 0 0 0 0 0 1 0 0 1 1 1 0 0 1 1 0 0 1 1 x
0.028238702094373 0 1 0 0 0 0 0 0 0 0 0 1 1 0 1 0 1 1 1 1 0 0 0 1 1 x
0.075303316131104 0 1 1 0 0 0 0 0 0 1 1 1 1 0 0 0 1 1 0 0 1 0 0 0 1 x
0.038461605292331 1 0 0 0 0 0 1 0 1 0 1 1 1 1 0 1 1 1 0 0 0 1 1 0 0 x
0.033044441861136 1 0 0 0 0 0 1 0 0 0 0 1 1 1 1 1 1 0 1 1 0 1 0 1 1 x
0.043138275950700 0 1 0 0 0 0 0 0 0 0 1 0 0 1 0 1 0 1 0 1 0 0 1 1 0 x
0.017822335318414 0 0 1 0 0 0 0 0 0 0 0 1 1 1 1 0 1 0 1 1 0 0 1 1 0 x
0.060064587090438 0 0 1 0 1 0 0 0 0 0 1 1 1 1 1 0 1 0 1 1 0 0 1 1 0 x
0.039663558425188 0 0 1 0 0 0 0 0 0 0 1 1 1 0 1 1 1 0 0 1 1 0 1 1 0 x
0.047159386775070 1 0 0 0 0 0 0 1 0 0 1 1 1 1 0 1 1 0 1 1 0 1 0 0 0 x
0.085182396481871 1 0 1 0 0 0 0 1 0 0 0 1 1 1 0 1 0 0 0 0 1 0 0 1 0 x
0.037091598140055 0 0 0 0 1 0 0 0 0 0 0 1 1 1 1 0 1 1 1 1 0 0 0 1 1 x
0.017734321015117 0 0 1 0 0 0 0 0 0 0 0 1 1 1 1 0 1 0 1 1 1 0 0 1 1 x
0.076193121357703 0 0 1 0 1 0 0 0 0 0 0 1 1 1 1 0 1 0 0 1 1 0 0 1 0 x
0.024013079846031 1 0 0 0 0 0 0 1 0 0 0 1 1 1 1 0 1 1 1 1 0 0 0 1 1 x
0.033269419229678 0 1 0 0 0 0 0 1 0 0 0 1 1 1 1 0 1 0 1 1 0 0 0 1 1 x
0.039460648303379 1 0 0 0 0 1 0 0 0 0 0 1 1 1 1 0 1 0 1 1 0 0 0 1 1 x
0.063205805617459 0 1 0 0 1 0 0 0 0 0 1 1 1 1 1 1 1 0 0 1 0 1 0 0 1 x
0.033125581700118 1 0 0 0 0 1 0 0 0 0 1 1 1 1 0 1 0 0 1 0 0 1 1 0 0 x
0.012635181776136 1 0 0 0 0 0 0 0 0 0 1 1 0 1 1 1 1 0 0 1 1 1 0 0 1 x
0.059158555715440 1 0 0 0 1 0 0 0 0 0 0 1 1 1 1 0 1 0 1 1 0 0 0 1 1 x
0.140883498293802 0 0 1 1 0 1 0 0 1 0 1 1 1 1 1 0 1 0 1 0 0 0 1 1 0 x
0.058147611172095 0 0 0 1 0 1 0 0 0 0 1 1 1 1 1 1 0 1 1 0 0 1 0 1 0 x
0.016699061490755 0 0 1 0 0 0 0 0 0 0 0 1 1 1 0 0 1 1 1 1 0 0 0 1 1 x
0.036013365696563 0 0 0 1 0 0 0 0 0 0 1 1 0 1 1 1 1 0 0 1 1 1 0 0 1 x
0.017201555220453 0 0 1 0 0 0 0 0 0 0 0 1 1 0 0 1 1 1 0 0 1 0 0 1 1 x
0.067920866965792 0 0 1 0 0 0 1 0 0 0 0 1 1 0 1 1 0 1 0 0 1 1 0 0 1 x
0.051693419640564 0 0 0 1 0 0 0 1 0 0 0 1 1 1 1 0 1 1 1 0 0 1 0 1 0 x
0.059867690287047 0 0 1 0 0 0 0 0 0 1 1 0 1 1 1 0 1 0 1 1 1 0 1 0 0 x
0.055740287606077 0 0 1 0 0 0 0 0 0 0 1 1 0 0 0 1 1 1 0 1 1 0 0 1 1 x
0.062315126442649 1 0 0 1 0 0 0 1 0 0 1 1 1 1 0 1 0 0 1 0 0 1 1 0 0 x
0.033680966023946 0 0 1 0 0 0 0 0 0 0 0 0 1 0 1 1 0 1 0 0 1 0 1 1 0 x
0.018302941384180 0 0 1 0 0 0 0 0 0 0 0 1 1 0 1 1 1 0 1 0 1 0 0 1 1 x
0.050503799136799 1 0 0 0 0 0 0 1 0 0 1 1 0 1 0 1 1 0 1 1 1 0 0 0 1 x
0.026190294760339 1 0 0 0 0 0 1 0 0 0 1 0 1 1 1 1 0 0 0 1 0 1 1 0 0 x
0.103741700564621 1 0 0 0 1 1 0 0 0 0 1 1 1 1 1 1 0 0 0 0 1 1 0 0 0 x
0.034497913725137 0 1 0 0 0 0 0 0 0 1 0 0 1 0 1 1 1 1 1 0 1 0 0 1 1 x
0.042859091780164 0 0 0 1 0 0 0 0 0 0 0 1 1 1 1 0 1 1 0 1 0 1 0 1 1 x
0.097005940620213 1 1 0 0 0 1 0 0 0 1 1 1 1 1 0 0 0 1 1 0 0 1 0 0 1 x
0.080016915094745 0 0 1 0 1 0 0 0 0 0 0 1 1 1 0 0 1 1 0 0 0 0 0 1 1 x
0.016712761090449 0 0 1 0 0 0 0 0 0 0 0 1 1 1 1 0 1 0 1 1 1 0 1 0 1 x
0.037835673036222 0 0 0 1 0 0 0 0 0 0 1 1 1 0 1 1 1 1 0 0 1 1 0 0 1 x
0.071688559942236 0 1 0 1 0 0 0 0 1 0 1 1 1 0 1 1 1 0 0 0 1 1 0 0 1 x
0.014342118996334 0 0 1 0 0 0 0 0 0 0 0 1 1 0 1 1 1 0 0 1 1 0 1 0 1 x
0.016541257430721 0 0 1 0 0 0 0 0 0 0 0 1 1 0 1 1 1 1 0 1 1 0 0 1 1 x
0.061350809832950 0 1 0 0 0 1 0 1 0 0 1 1 1 1 1 1 0 0 1 0 0 1 1 0 0 x
0.044959499358909 1 0 0 0 0 0 0 0 0 0 1 0 0 1 1 1 0 1 0 1 1 1 0 0 1 x
0.018847354469978 0 0 1 0 0 0 0 0 0 0 0 0 1 1 1 0 1 0 1 1 0 0 1 1 1 x
0.011779755919837 1 0 0 0 0 0 0 0 0 1 0 1 1 1 1 0 1 1 1 1 1 0 0 1 1 x
0.047986547995998 1 0 0 0 1 0 0 0 0 1 1 1 1 1 1 0 0 0 1 1 1 0 1 0 0 x
0.026811985812899 1 0 0 0 0 0 0 0 1 0 1 1 0 1 0 1 1 0 0 1 1 0 0 0 1 x
0.088278766363040 0 0 1 1 0 0 0 0 0 0 1 1 0 1 1 1 0 1 0 0 1 1 0 0 1 x
0.016790699605253 0 1 0 0 0 0 0 0 0 0 1 0 1 0 1 1 0 0 1 1 0 0 1 0 1 x
0.065222985333461 0 0 1 0 0 0 1 0 0 0 1 0 1 1 1 1 0 1 0 0 0 1 1 1 0 x
0.098549141340969 1 0 1 0 0 0 0 0 0 1 0 1 1 1 0 0 1 1 1 0 1 0 0 1 1 x
0.062616593660686 1 0 1 0 0 0 0 0 0 1 1 1 1 1 0 1 0 1 0 0 1 1 0 0 0 x
0.027893359796449 0 1 0 0 0 0 0 0 0 1 1 0 1 0 1 1 1 1 0 1 1 0 1 0 1 x
0.075476643046797 1 0 0 0 0 1 0 1 1 0 1 1 1 1 0 1 1 0 1 0 0 0 1 0 0 x
0.080371687213084 0 1 1 0 0 0 0 0 1 0 1 1 1 0 1 1 1 0 0 0 1 0 1 0 1 x
0.025725176097041 0 0 0 0 1 0 0 0 0 0 0 0 1 1 1 0 1 0 1 1 0 0 1 0 1 x
0.042354959132523 0 0 0 0 1 0 0 0 0 0 0 1 1 1 1 0 1 0 1 1 1 0 0 0 1 x
0.017800623800396 1 0 0 0 0 0 0 0 0 0 0 0 1 1 1 0 0 0 1 1 0 0 1 0 1 x
0.020060173445326 0 0 0 1 0 0 0 0 0 0 0 0 1 1 1 0 1 0 1 1 0 0 1 0 1 x
0.016333498136077 0 1 0 0 0 0 0 0 0 1 0 0 1 1 1 0 1 0 1 1 0 0 1 0 1 x
0.053810803590674 1 0 0 0 0 0 1 0 0 0 0 0 1 1 1 0 1 0 1 1 0 0 1 0 1 x
0.080412827320399 0 0 0 1 1 0 0 0 0 0 0 1 1 1 1 0 1 0 1 1 0 0 1 0 1 x
0.015445621280259 0 1 0 0 0 0 0 0 0 0 0 0 1 1 1 0 0 0 1 1 0 0 1 0 1 x
0.029628851190023 0 1 0 0 0 0 0 0 0 0 0 0 1 1 1 1 1 0 1 1 0 0 1 1 1 x
0.039312700018020 0 0 0 1 0 0 0 0 0 0 0 1 1 0 1 0 1 0 1 1 1 0 0 0 1 x
0.020269040416952 0 1 0 0 0 0 0 0 0 0 0 1 1 0 1 0 1 0 0 1 1 0 0 0 1 x
0.062386354886305 0 1 0 0 0 1 0 0 0 1 0 1 1 1 1 0 1 0 1 1 1 0 0 0 1 x
0.074529816068761 0 0 0 0 1 0 0 1 0 0 0 1 1 1 1 0 1 0 1 1 0 0 0 1 0 x
0.018476430370455 0 1 0 0 0 0 0 0 0 0 0 1 1 0 1 0 1 0 0 1 0 0 1 0 1 x
0.062153667755417 0 1 0 0 0 0 0 1 0 1 0 1 1 1 1 0 1 0 0 1 0 1 0 0 0 x
0.032641389155712 0 0 0 1 0 0 0 0 0 0 0 0 1 0 1 0 0 1 1 0 0 0 1 0 1 x
0.058084230953539 0 0 0 1 0 0 0 0 0 0 0 1 1 1 1 0 0 0 1 1 0 0 1 0 1 x
0.047094121473608 0 0 0 1 0 0 0 0 0 0 0 1 1 0 1 0 1 0 1 0 0 0 1 0 1 x
0.049352061863855 1 0 0 0 0 0 1 0 0 1 1 0 1 1 1 1 1 0 1 0 1 1 1 0 0 x
0.049524518336264 0 0 1 0 0 0 0 0 0 0 0 0 1 0 1 0 1 0 1 0 1 0 1 0 1 x
0.026745667972999 0 0 0 1 0 0 0 0 0 0 0 0 1 1 1 0 0 1 1 0 0 1 0 0 1 x
0.021785047873193 0 0 0 1 0 0 0 0 0 0 0 0 1 0 1 0 1 1 1 0 0 0 0 1 1 x
0.032177130861928 0 0 0 1 0 0 0 0 0 0 0 0 1 0 1 1 0 1 0 1 0 1 0 0 1 x
0.027985199120477 0 0 0 1 0 0 0 0 0 1 0 0 1 1 1 0 1 1 1 1 0 0 0 1 1 x
0.128994992036194 0 1 1 0 0 1 0 1 0 1 1 1 0 1 1 1 0 0 0 0 1 0 0 1 0 x
0.033096718609668 0 0 0 1 0 0 0 0 0 0 1 0 1 0 1 1 0 1 1 0 0 1 0 0 1 x
0.047873632875281 0 0 0 0 1 0 0 0 0 0 0 1 1 0 1 1 1 0 0 1 1 0 0 0 1 x
0.037559752167229 1 0 0 0 0 0 0 0 1 1 1 1 1 1 1 1 1 1 1 0 1 1 0 1 0 x
0.011190580418521 1 0 0 0 0 0 0 0 0 0 1 0 1 1 1 0 0 0 1 1 0 1 0 0 1 x
0.024487483127494 1 0 0 0 0 0 0 1 0 0 0 1 1 1 1 0 1 0 1 0 0 1 0 1 0 x
0.039431965264952 1 0 0 0 0 0 1 0 0 0 1 1 0 1 0 1 1 0 0 1 0 1 0 0 1 x
0.075841272200678 1 0 0 1 0 0 0 1 0 0 0 1 1 1 1 0 0 0 1 0 0 1 0 0 1 x
0.020405247455064 0 1 0 0 0 0 0 0 0 0 0 1 1 0 1 1 1 0 0 0 1 1 0 0 1 x
0.019990324267064 0 0 1 0 0 0 0 0 0 0 0 0 1 1 1 1 0 0 1 1 1 0 1 0 1 x
0.046303473475927 0 1 0 0 1 0 0 0 0 1 1 1 1 1 1 1 1 0 0 1 1 0 1 0 0 x
0.051431271948171 0 0 0 0 1 0 0 0 0 0 0 0 1 1 1 0 0 1 1 1 0 0 0 0 1 x
0.072701203374639 1 0 0 0 0 1 1 0 0 0 1 1 1 1 0 1 1 1 0 0 0 1 0 1 0 x
0.018262968676656 0 0 0 1 0 0 0 0 0 0 0 0 1 1 1 0 1 0 1 1 0 0 0 1 1 x
0.094346440692140 0 1 0 1 0 0 0 1 0 0 1 1 0 1 1 1 0 1 0 0 0 1 0 1 0 x
0.080034376660478 1 0 0 0 0 1 0 0 0 0 1 1 0 1 0 1 0 1 1 0 1 0 0 1 0 x
0.028337482143298 1 0 0 0 0 0 0 0 0 0 0 1 0 1 1 1 1 0 0 1 1 0 0 1 1 x
0.114130748537141 0 0 0 1 0 1 0 1 0 0 0 1 1 1 1 1 1 0 1 0 0 1 0 1 0 x
0.053177889187813 1 0 0 0 0 1 0 0 0 0 1 0 1 1 1 0 0 0 1 1 0 0 1 0 1 x
0.082883567021786 0 1 0 0 0 0 0 0 0 0 0 0 1 0 1 0 0 1 1 1 0 0 1 0 1 x
0.038211417845254 0 1 0 0 0 0 0 0 0 0 0 1 1 1 1 0 1 0 0 1 0 1 0 0 1 x
0.028294021435068 0 0 0 1 0 0 0 0 0 0 1 0 0 1 1 1 0 1 0 1 0 1 0 0 1 x
0.029016424462417 0 1 0 0 0 0 0 0 0 1 0 1 1 0 1 1 1 0 0 1 1 0 0 0 1 x
0.079919772157833 0 1 0 0 1 0 0 0 0 0 1 0 1 1 1 0 0 0 1 1 0 0 1 0 1 x
0.092759695753199 0 1 0 1 0 0 0 0 1 1 1 1 0 1 1 1 1 1 0 0 1 1 0 1 0 x
0.013973558681922 0 0 1 0 0 0 0 0 0 0 0 0 1 0 1 1 1 0 0 0 1 0 0 1 1 x
0.017325578925774 1 0 0 0 0 0 0 0 0 0 1 0 1 1 0 1 0 0 1 0 0 1 1 0 0 x
0.090084847670099 0 1 0 1 0 0 0 0 0 0 1 1 1 0 0 0 1 1 0 0 0 0 1 0 1 x
0.044382495554712 0 0 0 1 0 0 0 0 0 0 0 0 1 0 1 1 1 0 0 1 1 0 0 0 1 x
0.019907973798825 0 1 0 0 0 0 0 0 0 0 1 0 1 1 1 1 0 0 1 1 0 1 1 0 1 x
0.030656957969214 0 0 0 0 1 0 0 0 0 0 0 0 1 1 1 1 0 0 1 1 0 1 0 0 1 x
0.078221757625604 0 0 1 0 1 0 0 0 0 0 0 0 1 1 1 1 0 0 1 0 0 0 1 1 0 x
0.089662412189342 0 1 0 0 0 1 0 0 0 1 1 0 1 1 1 1 0 0 1 1 1 0 1 0 0 x
0.019177961952740 0 1 0 0 0 0 0 0 0 0 0 1 1 0 1 1 0 0 1 1 0 1 0 0 1 x
0.093875280428692 1 1 0 0 0 0 0 1 0 1 0 1 1 1 1 0 1 0 1 0 0 1 0 1 0 x
0.074491278571846 1 1 0 0 0 0 0 0 1 1 1 1 1 0 0 1 1 1 0 0 1 0 1 1 0 x
0.056318370202913 0 1 0 0 0 0 0 1 0 0 0 0 1 1 1 1 0 0 1 1 0 0 0 1 0 x
0.010611364751505 1 0 0 0 0 0 0 0 0 0 1 0 1 1 0 1 1 0 0 1 1 0 1 0 1 x
0.019686093384309 1 0 0 0 0 0 0 0 0 1 0 0 1 1 1 1 1 0 1 1 1 0 0 1 1 x
0.037646253114618 0 0 0 1 0 0 0 0 0 0 0 1 1 0 1 0 0 1 1 0 0 1 0 1 0 x
0.047516498634371 1 0 0 0 0 0 0 0 0 0 0 0 1 1 1 0 0 0 1 1 1 0 0 0 1 x
0.024319431090237 0 0 1 0 0 0 0 0 1 0 0 0 1 1 1 1 1 0 0 1 1 0 1 0 1 x
0.024358862755454 0 0 0 0 1 0 0 0 0 0 0 0 1 1 1 1 1 0 0 1 1 0 1 0 1 x
0.043782009986138 0 0 0 0 1 0 0 0 0 0 1 0 0 1 1 1 1 0 0 1 1 0 0 0 1 x
0.021778499771399 0 0 1 0 0 0 0 0 0 0 1 0 1 1 0 1 1 1 0 1 1 0 1 0 1 x
0.024405603970861 0 0 0 0 1 0 0 0 0 0 0 0 1 1 1 1 1 0 0 1 1 1 0 0 1 x
0.020492881260761 0 1 0 0 0 0 0 0 0 0 1 0 0 1 1 1 0 0 0 1 0 0 1 0 1 x
0.074422041038554 0 1 0 0 0 1 0 1 0 1 0 1 1 1 1 1 1 0 1 0 0 0 1 1 0 x
0.019445575280708 0 0 1 0 0 0 0 0 0 0 0 0 1 1 1 1 1 0 0 1 1 0 1 0 1 x
0.054494517421491 0 0 0 0 1 0 0 0 1 0 0 0 1 1 1 1 1 0 1 1 1 0 0 0 1 x
0.033569240685102 1 0 0 0 0 0 0 0 0 0 1 0 0 1 0 1 1 1 0 1 0 0 0 1 1 x
0.012424156526413 1 0 0 0 0 0 0 0 0 0 1 1 1 1 0 1 1 1 0 1 1 0 1 0 1 x
0.022317024595583 1 0 0 0 0 0 0 0 1 0 1 0 1 1 0 1 1 1 1 0 1 0 1 0 1 x
0.018982447846921 1 0 0 0 0 0 0 0 1 0 1 0 1 1 0 1 1 1 0 0 1 0 1 1 0 x
0.044796088559948 0 0 1 0 0 0 0 0 1 0 0 1 1 0 1 1 1 0 0 0 1 1 0 0 1 x
0.043269485381752 0 0 0 1 0 0 0 0 0 0 1 0 1 0 1 1 0 1 0 0 0 1 1 0 0 x
0.054563461651267 1 0 0 1 0 0 0 0 0 1 1 1 1 0 1 0 0 1 1 0 1 0 0 1 0 x
0.025155835516442 0 0 0 1 0 0 0 0 0 0 0 0 1 0 1 1 1 0 1 1 0 1 0 1 1 x
0.085122754743123 0 0 0 1 1 0 0 0 0 0 0 0 1 1 1 1 0 0 0 1 0 1 0 0 1 x
0.052996934988578 1 0 0 0 1 0 0 0 1 0 1 1 1 1 0 1 1 1 0 0 1 0 1 1 0 x
0.022662152145690 1 0 0 0 0 0 0 0 0 0 1 0 1 1 0 1 0 1 0 0 0 1 1 0 1 x
0.026066043061367 0 1 0 0 0 0 0 0 1 0 0 1 1 1 1 0 1 0 1 1 0 0 1 0 1 x
0.082811036756770 0 0 1 0 0 0 0 0 1 0 1 0 1 0 0 1 1 1 0 0 1 0 1 0 1 x
0.013784742260170 1 0 0 0 0 0 0 0 1 0 1 0 1 1 1 1 1 0 1 0 1 1 0 1 0 x
0.017228148633752 1 0 0 0 0 0 0 0 1 0 1 0 1 1 1 1 1 0 1 1 1 0 0 1 1 x
0.020521201562047 1 0 0 0 0 0 0 0 1 0 1 0 1 1 1 1 1 0 1 1 0 1 1 0 1 x
0.043175686862042 1 0 0 0 0 0 0 1 1 0 0 0 1 1 1 1 1 0 1 0 0 1 0 1 0 x
0.010643978583999 1 0 0 0 0 0 0 0 0 0 1 0 1 1 1 1 0 0 1 1 1 0 1 0 1 x
0.022462083288505 1 0 0 0 0 0 0 0 1 0 1 0 0 1 1 1 1 0 0 1 1 0 1 0 1 x
0.072162487206433 1 0 0 0 1 0 0 0 1 0 1 0 1 1 1 1 1 0 0 1 1 1 0 0 1 x
0.049176408527387 0 0 1 0 0 0 0 0 1 0 0 0 1 1 1 0 1 0 1 0 1 0 1 1 0 x
0.089172789581568 0 1 0 1 0 0 0 0 0 1 0 1 1 0 1 0 1 0 1 0 1 0 0 0 1 x
0.052570028235530 0 1 0 0 0 0 1 0 0 0 1 1 1 0 0 1 1 1 0 0 0 0 1 1 0 x
0.060541634251332 1 0 0 1 0 0 0 1 0 1 1 1 1 1 1 0 1 0 1 0 1 1 0 0 0 x
0.022388251013669 1 0 0 0 0 0 0 1 0 0 1 0 1 1 1 1 1 0 1 0 1 1 0 1 0 x
0.043568832753238 1 0 0 0 0 1 0 0 0 0 1 0 1 1 1 1 0 0 1 0 0 1 1 0 1 x
0.018428566030932 0 0 0 0 1 0 0 0 0 0 0 0 1 1 1 1 1 0 1 1 1 0 0 1 1 x
0.033004006167861 1 0 0 0 0 0 0 1 0 0 0 0 1 1 1 1 1 0 1 0 1 0 0 1 1 x
0.063539375967398 0 0 1 0 0 0 1 0 0 0 0 1 1 0 1 0 1 1 0 0 0 1 0 1 0 x
0.019593315275000 0 0 0 1 0 0 0 0 0 0 0 0 1 1 1 0 1 1 1 1 0 1 0 1 1 x
0.024589486742344 0 0 1 0 0 0 0 0 0 0 0 1 0 0 1 1 0 1 0 0 1 0 0 1 1 x
0.029575173988291 0 0 0 1 0 0 0 0 0 0 0 0 1 0 1 1 0 1 1 1 0 0 0 1 1 x
0.022217703810881 0 0 0 1 0 0 0 0 0 0 0 1 1 0 1 0 1 1 1 1 0 0 0 1 1 x
0.090505464359201 1 0 0 0 1 0 0 1 0 1 0 1 1 1 1 1 1 0 1 0 1 0 0 1 0 x
0.025922043153582 1 0 0 0 0 0 0 1 0 0 0 0 1 1 1 0 1 0 1 1 0 0 0 1 1 x
0.061226284330689 0 0 1 0 0 0 0 0 1 0 1 0 0 1 1 1 1 0 0 1 1 0 1 0 0 x
0.089750147142834 0 0 1 1 0 0 0 0 0 0 1 1 1 0 1 1 0 1 0 0 1 1 0 1 0 x
0.020217081220351 0 1 0 0 0 0 0 0 1 0 0 0 1 1 1 1 1 0 0 1 0 1 1 0 1 x
0.050798940874709 1 0 0 0 0 1 0 0 0 1 1 1 1 1 1 0 1 0 1 1 1 0 1 0 0 x
0.039280045144825 0 1 0 0 0 0 1 0 0 0 1 1 1 1 1 1 0 0 0 1 0 1 1 0 0 x
0.094852257605497 0 1 0 0 0 1 1 0 0 0 0 1 1 1 1 0 1 0 1 0 0 0 1 0 1 x
0.098430744596926 0 1 0 1 0 0 0 0 0 1 1 0 1 0 1 1 0 1 1 0 0 0 1 1 0 x
0.024917474592319 0 1 0 0 0 0 0 0 0 1 0 0 0 1 1 1 1 1 0 1 0 1 0 1 1 x
0.048784969652947 1 0 0 0 0 0 0 0 0 0 0 0 1 0 1 1 1 0 1 0 1 1 0 1 1 x
0.030448970064429 0 0 0 1 0 0 0 0 0 0 0 1 0 0 1 1 0 1 0 0 0 1 0 0 1 x
0.054282747401083 0 1 0 0 0 0 0 0 1 0 1 0 0 1 0 1 1 1 0 0 0 1 1 0 1 x
0.017542060206274 0 1 0 0 0 0 0 0 0 0 1 1 1 0 0 1 1 1 0 1 0 0 1 0 1 x
0.042356850428406 0 0 0 1 0 0 0 0 0 0 1 1 0 0 1 1 0 1 0 1 1 0 0 0 1 x
0.014874208631207 1 0 0 0 0 0 0 0 0 0 1 1 1 1 1 1 1 0 1 1 1 1 0 1 0 x
0.035565085391098 0 0 0 0 1 0 0 0 0 0 1 0 1 1 1 1 1 0 1 1 1 0 1 0 1 x
0.083558964740620 0 1 1 0 0 0 0 0 0 0 1 1 1 1 0 0 1 0 1 1 0 0 1 0 1 x
0.030735574654249 0 0 0 1 0 0 0 0 1 0 0 0 1 1 1 1 1 0 1 0 1 0 1 0 1 x
0.016857206098018 0 0 0 1 0 0 0 0 0 0 0 0 1 0 1 1 1 0 1 0 1 0 0 1 1 x
0.038693146886056 0 0 0 1 0 0 0 0 0 0 0 0 1 0 1 1 0 0 1 0 1 1 0 0 1 x
0.057938500334314 0 0 0 1 0 0 0 1 0 0 0 0 1 1 1 0 1 0 1 0 0 0 1 1 0 x
0.027735618689792 0 1 0 0 0 0 0 0 1 0 0 0 1 0 1 1 1 0 0 0 1 0 1 0 1 x
0.031428998921001 0 0 1 0 0 0 0 0 0 1 0 1 0 1 1 1 1 1 0 1 1 1 0 0 1 x
0.011168978059225 1 0 0 0 0 0 0 0 0 0 1 0 1 1 0 1 0 0 1 1 0 0 1 0 1 x
0.033088518451099 0 0 1 0 0 0 0 0 0 1 0 0 0 1 1 1 0 1 0 1 1 0 0 1 1 x
0.026667384522594 0 0 1 0 0 0 0 0 0 1 0 0 0 1 1 1 0 1 0 0 1 0 1 0 1 x
0.053545278301724 0 0 1 0 0 0 0 0 0 1 1 0 0 1 1 1 0 1 0 0 1 1 0 0 0 x
0.053874955650329 0 0 1 0 0 0 0 0 0 1 1 0 1 1 1 1 0 1 0 1 1 0 1 0 1 x
0.022283109739498 0 0 1 0 0 0 0 0 0 1 0 0 1 1 1 1 0 1 1 0 1 0 1 1 0 x
0.034659596178141 0 0 0 1 0 0 0 0 0 1 0 0 0 1 1 0 1 1 1 0 0 0 1 0 1 x
0.021950529226904 0 0 1 0 0 0 0 0 0 1 0 0 1 0 1 1 1 1 0 0 1 0 0 1 1 x
0.111602187692226 1 1 0 0 0 1 0 0 1 1 1 1 1 1 1 1 1 0 1 0 1 0 1 1 0 x
0.026514646870752 0 0 1 0 0 0 0 0 0 1 0 1 0 1 1 0 1 1 1 1 0 0 0 1 1 x
0.080410617345977 0 0 1 1 0 0 0 0 0 1 0 1 1 1 1 0 1 0 1 0 1 0 1 0 1 x
0.015901542136475 0 1 0 0 0 0 0 0 0 0 1 0 1 1 0 1 1 0 0 1 1 0 1 0 1 x
0.024929709104488 0 1 0 0 0 0 0 0 0 1 0 0 0 1 1 1 0 0 1 1 0 0 1 0 1 x
0.097914970028464 0 1 0 0 1 0 0 0 0 1 0 0 1 1 1 1 1 0 0 1 1 1 0 0 1 x
0.110541467227072 0 0 0 0 0 0 0 0 0 0 0 0 1 0 1 1 1 0 1 1 1 0 1 0 1 x
0.045756105990594 1 0 0 0 1 0 0 0 0 1 1 1 1 1 0 1 0 1 1 0 1 0 1 0 0 x
0.041828537632182 1 0 0 0 0 1 0 0 0 1 0 1 1 1 1 0 1 1 1 0 1 0 0 1 1 x
0.021455716794756 0 0 1 0 0 0 0 0 0 1 0 0 0 1 1 1 1 1 0 1 0 0 1 1 1 x
0.068844949972846 1 0 0 1 0 0 0 0 0 0 1 1 1 0 1 1 0 0 0 1 1 1 0 0 1 x
0.030561139198382 0 0 1 0 0 0 0 0 0 1 0 0 0 1 1 1 0 1 0 1 0 0 1 1 0 x
0.155273129970406 0 0 1 1 0 0 0 0 0 1 0 0 0 1 1 1 0 1 1 0 0 0 1 1 1 x
0.043326512069343 0 0 1 0 0 0 0 0 0 1 0 1 1 1 0 1 1 1 0 1 1 0 1 1 0 x
0.089322977053887 0 0 1 0 1 0 0 0 0 1 0 0 1 1 1 1 0 1 0 0 1 0 1 1 0 x
0.144408359881230 0 0 1 0 0 0 1 1 0 1 0 0 1 1 0 1 1 1 0 0 0 0 1 1 0 x
0.022382957358413 0 0 1 0 0 0 0 0 0 1 0 1 0 1 1 1 1 1 0 1 1 0 1 0 1 x
0.020261610778380 0 0 0 0 1 0 0 0 0 0 0 0 0 1 1 1 0 1 0 1 0 0 0 1 1 x
0.035743559615915 0 0 0 0 1 0 0 0 0 0 0 1 0 1 1 1 0 1 0 1 0 1 0 0 1 x
0.068828039974711 0 1 0 0 0 1 0 1 0 0 1 1 1 1 1 1 0 1 1 0 0 1 0 1 0 x
0.066330361864912 1 0 0 0 1 0 0 0 0 0 1 1 0 1 0 1 0 1 0 1 0 0 0 1 1 x
0.093178212565497 0 0 1 0 0 1 0 0 0 1 0 1 1 1 1 0 1 0 1 0 1 1 0 1 0 x
0.045485609387504 0 0 0 0 1 0 0 1 0 0 0 0 1 1 1 1 1 0 1 1 0 0 0 1 1 x
0.060846005668214 0 0 0 0 1 0 1 0 0 0 0 0 1 1 1 1 1 0 0 1 0 0 0 1 1 x
0.031225052311259 0 0 0 0 1 0 0 0 0 0 0 0 1 1 1 1 0 0 1 1 0 0 1 0 1 x
0.078178976648842 0 1 0 0 0 1 0 0 1 0 1 1 1 0 1 1 1 0 0 0 1 1 0 0 1 x
0.055341761539373 1 0 0 0 0 0 0 0 0 1 0 0 0 1 1 0 1 1 1 1 0 0 0 1 1 x
0.037536806561714 0 0 0 1 0 0 0 0 1 0 0 0 1 0 1 1 1 1 0 0 1 0 0 1 1 x
0.025141520844272 0 1 0 0 0 0 0 0 1 1 0 0 1 1 1 1 1 1 0 0 1 0 1 1 0 x
0.089071143327488 1 0 1 0 0 0 0 1 0 1 1 0 1 1 0 1 0 0 1 0 1 0 1 0 0 x
0.022806597900012 1 0 0 0 0 0 0 0 1 0 0 1 1 0 1 1 1 0 0 1 1 0 0 1 1 x
0.042079288816786 1 0 0 0 0 0 0 0 1 0 0 0 1 1 1 1 1 0 0 1 0 0 1 1 1 x
0.023080695648801 0 1 0 0 0 0 0 0 1 0 0 1 1 0 1 1 1 0 1 1 0 0 0 1 1 x
0.020276663961618 0 0 1 0 0 0 0 0 0 0 0 1 1 1 1 1 0 0 1 1 1 0 1 1 0 x
0.033373480147472 0 1 0 0 0 0 0 0 0 1 0 0 1 1 1 1 1 1 0 1 0 0 1 1 1 x
0.122597547906192 0 0 0 1 0 0 1 0 0 0 0 0 1 0 1 1 0 1 0 0 0 1 0 1 1 x
0.083921704336072 1 0 0 1 0 0 0 1 0 1 0 1 1 1 1 0 0 1 1 0 1 0 0 1 0 x
0.068822246342782 1 0 0 1 0 0 0 0 1 0 1 0 1 1 1 0 0 0 1 0 0 1 1 0 0 x
0.013551237064123 1 0 0 0 0 0 0 0 0 1 0 1 1 0 1 1 1 1 0 1 1 0 0 1 1 x
0.020291646541196 0 1 0 0 0 0 0 0 1 0 0 0 1 1 1 1 1 0 0 0 1 1 0 1 0 x
0.041187463273781 0 0 0 1 0 0 0 0 1 0 0 0 1 1 1 1 1 0 1 0 1 1 0 1 0 x
0.060485853636591 0 0 0 0 1 0 0 0 1 0 0 0 1 1 1 1 1 0 0 1 1 0 0 1 1 x
0.091895209781766 0 0 1 0 1 0 0 0 0 0 1 1 0 1 1 1 1 0 0 1 1 1 0 0 1 x
0.027760443847969 0 0 0 1 0 0 0 0 0 0 0 0 0 1 1 0 1 0 1 0 0 1 0 0 1 x
0.030076876877052 0 1 0 0 0 0 0 1 0 0 0 1 1 0 1 1 1 0 1 1 0 0 0 1 1 x
0.040922336735709 0 1 0 0 0 0 0 1 0 0 1 1 1 1 0 1 1 0 1 1 0 0 1 0 1 x
0.040277487287240 0 0 0 1 0 0 0 0 1 0 0 0 0 1 1 1 1 0 0 1 0 1 0 0 1 x
0.078145663374324 0 1 0 1 0 0 0 0 1 0 1 0 1 1 1 1 1 0 0 0 0 1 1 1 0 x
0.061237417924631 0 1 0 0 1 0 0 0 0 0 0 1 1 1 1 1 0 0 1 1 0 0 1 1 0 x
0.029330165417003 0 0 1 0 0 0 0 0 0 1 0 1 0 1 0 1 1 1 0 1 0 0 0 1 1 x
0.047920867687625 1 0 1 0 0 0 0 0 1 1 1 1 1 0 1 0 1 0 0 0 1 1 0 0 0 x
0.083785976913110 0 1 1 0 0 0 0 0 1 1 0 1 1 0 1 0 1 0 0 0 1 0 1 0 0 x
0.130188833972147 0 0 1 1 0 0 0 0 1 0 0 1 1 0 1 0 1 0 1 0 1 0 0 0 1 x
0.060576033591734 0 1 0 0 1 0 0 0 0 0 1 1 1 1 0 1 1 0 0 1 1 0 1 0 1 x
0.067432722356274 1 0 1 0 0 0 0 0 1 0 1 1 1 1 1 1 0 0 0 1 1 1 1 0 0 x
0.060490698963567 1 0 1 0 0 0 0 0 0 1 1 1 1 0 0 1 1 0 0 1 1 0 0 0 1 x
0.041946950038829 0 0 0 1 0 0 0 0 0 1 0 0 0 1 1 0 1 1 0 0 1 0 0 0 1 x
0.075588202255314 1 0 1 0 0 0 0 1 0 1 1 1 1 0 1 1 1 0 0 0 1 1 0 0 0 x
0.046667160517826 0 0 0 0 1 0 0 0 0 0 0 0 0 1 1 1 0 1 0 0 1 0 0 0 1 x
0.072246428535645 0 0 1 0 0 0 1 0 0 1 0 0 1 1 1 0 1 1 0 1 0 0 1 0 1 x
0.017408268279776 1 0 0 0 0 0 0 0 0 0 1 0 1 1 0 1 0 1 1 0 0 0 1 1 0 x
0.024354131560346 0 0 1 0 0 0 0 0 0 0 1 1 0 1 0 1 1 1 0 1 0 0 1 1 0 x
0.015164322389114 1 0 0 0 0 0 0 0 0 0 1 1 1 1 0 1 0 1 0 1 0 1 1 0 0 x
0.042235062427981 0 0 1 0 0 0 0 1 0 0 0 1 1 1 1 0 1 0 1 0 0 1 0 1 0 x
0.017995955929854 1 0 0 0 0 0 0 0 0 0 1 1 1 0 1 1 1 0 0 1 1 0 1 0 1 x
0.109992811328183 0 0 0 1 1 0 0 0 0 0 0 0 1 1 1 0 1 0 1 0 1 0 0 1 1 x
0.056559816304801 1 0 0 0 0 1 0 0 0 0 1 1 1 1 0 1 1 0 0 1 0 1 1 0 1 x
0.035335868019138 0 1 0 0 0 0 0 0 1 1 0 0 1 1 1 1 1 0 1 0 1 1 0 1 0 x
0.050067233954959 1 0 1 0 0 0 0 0 0 1 1 1 1 0 1 1 0 0 0 1 1 0 1 0 0 x
0.050313509717429 0 0 1 0 0 1 0 0 0 0 0 1 1 1 1 1 0 0 1 1 0 0 1 1 0 x
0.055201008333387 0 0 0 1 0 0 0 1 0 0 0 0 0 1 1 1 1 0 1 1 0 0 0 1 1 x
0.045439526529250 0 1 0 0 0 0 0 0 0 1 1 1 1 1 0 0 1 1 1 1 1 0 0 0 1 x
0.028299485303845 0 0 1 0 0 0 0 0 0 0 0 0 1 1 1 1 0 1 0 1 0 0 1 1 0 x
0.053694414759006 1 0 0 0 1 0 0 0 0 1 1 1 1 0 1 0 1 1 0 1 1 0 0 0 1 x
0.030055287511765 0 0 0 1 0 0 0 0 0 1 0 0 0 1 1 1 1 1 0 1 0 0 0 1 1 x
0.059563588056936 0 0 1 0 0 0 0 0 0 1 0 1 1 0 1 0 1 1 0 1 1 0 1 0 1 x
0.018246980078333 1 0 0 0 0 0 0 0 0 1 1 1 1 0 1 1 1 1 1 1 1 0 0 1 1 x
0.060702719718680 0 0 0 1 0 0 0 0 0 0 1 1 1 0 1 1 0 1 1 0 1 1 0 0 0 x
0.025246598614342 1 0 0 0 0 0 0 0 0 0 0 1 1 0 1 0 1 0 1 1 1 0 0 1 1 x
0.047709990315860 0 0 1 0 0 0 0 0 0 1 0 1 0 1 1 1 0 1 0 0 1 0 0 1 0 x
0.012936521278081 1 0 0 0 0 0 0 0 0 0 1 0 1 1 1 1 0 0 1 0 1 1 0 1 0 x
0.020677165080787 0 0 1 0 0 0 0 0 0 1 0 0 1 1 1 1 1 0 1 1 1 0 1 0 1 x
0.050344976437943 0 1 0 0 0 0 0 1 0 1 0 0 0 1 1 1 1 0 0 0 0 1 0 0 1 x
0.024641431735932 1 0 0 0 0 1 0 0 0 0 1 1 1 1 1 1 0 0 1 1 0 1 0 1 0 x
0.074730917031748 0 0 0 0 1 1 0 0 0 0 0 0 1 1 1 1 1 0 1 1 0 0 0 1 1 x
0.074035821843447 0 1 0 0 0 0 1 1 0 0 0 0 1 1 1 1 1 0 0 0 0 1 0 1 0 x
0.036145909267587 0 0 0 1 0 0 0 0 1 0 0 0 1 1 1 1 0 1 1 0 0 0 1 1 0 x
0.026227278524410 1 0 0 0 0 0 0 0 1 1 1 0 1 1 1 1 1 1 1 0 1 0 1 1 0 x
0.030401731887264 1 0 0 0 0 0 0 0 1 0 1 1 0 0 1 1 1 1 0 1 1 0 0 1 1 x
0.021000772762226 1 0 0 0 0 0 0 0 0 1 1 1 0 0 1 1 1 0 0 1 1 0 0 0 1 x
0.018446862636835 1 0 0 0 0 0 0 0 0 0 1 1 0 0 1 1 0 0 0 1 0 1 0 0 1 x
0.015561771027747 1 0 0 0 0 0 0 0 0 0 1 0 0 1 1 1 0 0 0 1 0 0 1 0 1 x
0.029791153047807 1 0 0 0 0 0 0 0 0 0 1 0 0 1 0 1 0 0 0 1 0 1 0 0 1 x
0.042849784539438 0 1 0 0 0 0 0 1 0 0 0 1 1 0 1 0 1 0 1 0 0 1 0 0 1 x
0.022718516331235 0 0 0 1 0 0 0 0 0 0 0 0 0 0 1 1 1 0 0 0 0 0 0 1 1 x
0.106625232251632 0 0 1 0 0 1 1 0 0 0 1 1 1 1 1 1 1 1 0 0 0 1 1 1 0 x
0.032130219993263 1 0 0 0 0 0 0 0 0 0 1 1 0 0 1 1 0 1 0 0 1 0 0 0 1 x
0.024117801520031 0 1 0 0 0 0 0 0 1 0 0 0 1 1 1 1 0 0 1 0 1 0 1 1 0 x
0.035569895743360 0 1 0 0 0 0 0 1 0 0 0 0 1 1 1 1 0 0 1 0 0 0 1 0 1 x
0.070765008524634 0 0 0 1 0 0 0 0 0 0 0 0 0 0 1 0 0 0 1 0 0 0 0 0 1 x
0.047472764395922 0 0 0 1 0 0 0 0 1 0 0 0 1 1 1 0 1 1 1 0 0 1 1 0 1 x
0.068433719535398 1 0 1 0 0 0 0 0 0 1 1 0 1 0 1 1 0 0 0 0 1 0 0 1 0 x
0.034477081614030 0 0 1 0 0 0 0 0 0 1 1 0 0 1 1 1 1 1 0 1 1 0 1 0 1 x
0.017564955873755 0 0 1 0 0 0 0 0 0 0 0 0 0 1 1 1 0 1 0 0 0 1 1 0 1 x
0.016580854949409 0 0 0 1 0 0 0 0 0 0 0 0 1 1 1 1 0 1 1 0 0 1 1 1 0 x
0.025602598955101 0 0 0 1 0 0 0 0 0 0 0 0 0 1 1 1 0 1 0 0 0 0 1 0 1 x
0.016471144089611 0 0 1 0 0 0 0 0 0 0 0 0 0 1 1 1 0 0 0 1 0 0 1 0 1 x
0.026404338657681 0 0 0 1 0 0 0 0 0 0 1 0 1 1 1 1 0 1 1 0 1 0 1 0 1 x
0.030330009333709 0 0 0 1 0 0 0 0 0 0 0 0 1 1 1 1 0 0 1 1 0 1 0 1 0 x
0.025796256880361 0 0 1 0 0 0 0 0 0 0 0 1 0 1 1 1 0 0 0 1 0 1 1 0 0 x
0.036262472878769 0 1 0 0 0 0 1 0 0 0 0 0 1 1 1 1 0 0 1 0 0 0 1 1 0 x
0.038433662034133 1 0 0 0 0 1 0 0 0 0 1 1 0 1 1 1 0 0 0 1 0 1 0 0 1 x
0.054096710869745 0 0 0 1 0 0 0 1 0 0 0 0 1 1 1 1 0 0 1 0 0 1 1 0 0 x
0.035772747955346 0 0 0 1 0 0 0 0 0 0 0 0 0 0 1 1 1 1 0 0 1 0 0 1 1 x
0.046741756551432 0 1 0 0 0 0 0 1 0 0 0 0 0 1 1 1 0 0 1 0 0 0 1 1 0 x
0.114891519562017 1 0 1 0 0 1 0 0 0 0 1 1 1 1 0 1 0 0 0 1 0 1 1 0 0 x
0.048037440954289 0 1 0 0 0 0 1 0 1 0 0 1 1 1 1 1 1 1 0 0 0 1 1 1 0 x
0.096645259968572 0 1 0 0 1 0 0 1 0 0 1 1 1 1 0 1 1 0 1 0 0 0 1 0 0 x
0.028566514519991 0 1 0 0 0 0 0 0 1 0 0 0 1 1 1 1 0 0 1 0 0 1 1 0 0 x
0.038565771668953 1 0 0 0 1 0 0 0 0 1 1 1 1 1 0 0 1 1 0 0 1 0 1 0 0 x
0.039234711291389 0 0 0 1 0 0 0 0 0 0 0 0 1 1 1 1 0 0 1 0 0 1 1 0 0 x
0.051317474368626 0 0 0 0 1 0 0 0 0 1 0 0 1 1 1 1 1 1 0 1 1 0 0 0 1 x
0.038783591721365 0 0 1 0 0 0 0 0 0 0 0 1 0 0 1 1 0 1 0 1 0 0 1 1 0 x
0.028523850391921 0 0 1 0 0 0 0 0 0 0 1 1 1 1 0 1 1 1 1 1 1 0 1 0 1 x
0.071117361726289 0 0 1 1 0 0 0 0 0 1 0 1 1 1 1 0 1 0 0 1 0 1 0 1 0 x
0.023574355306985 1 0 0 0 0 0 0 0 1 0 1 0 1 1 1 1 0 0 0 1 0 1 1 0 0 x
0.035999473825804 0 0 1 0 0 0 0 0 1 0 0 1 0 1 1 1 1 0 0 1 0 0 1 0 1 x
0.042365553414653 1 0 0 0 0 0 0 1 0 0 0 1 0 1 0 0 1 1 1 0 0 0 0 1 1 x
0.032023857291854 0 0 0 1 0 0 0 0 0 0 1 0 0 1 0 1 1 1 0 0 0 0 1 0 1 x
0.042496966189696 0 0 0 0 1 0 0 0 0 0 1 0 1 1 0 1 1 1 0 1 0 0 1 0 1 x
0.026784371241020 0 0 0 1 0 0 0 0 0 0 1 0 1 1 1 1 1 0 1 0 1 1 0 0 1 x
0.023765474781092 1 0 0 0 0 0 0 1 0 0 1 0 1 1 1 1 0 0 1 0 0 1 1 0 0 x
0.066743210538472 0 1 0 0 0 1 0 0 0 1 0 1 0 1 1 1 1 0 1 1 0 0 0 1 1 x
0.061973353334290 0 0 0 0 1 0 1 0 0 0 0 0 1 1 1 1 1 1 0 1 0 0 1 0 1 x
0.041648641919556 1 0 0 0 0 0 0 1 0 0 0 0 1 1 0 1 0 1 1 0 0 0 1 1 0 x
0.012880537977450 0 1 0 0 0 0 0 0 0 0 1 0 1 1 0 1 1 0 1 0 1 0 1 0 1 x
0.021046478024996 1 0 0 0 0 0 0 0 0 0 1 1 1 1 1 1 0 0 1 1 0 1 1 0 0 x
0.026821180755461 1 0 0 0 0 0 0 1 0 0 1 0 1 1 0 1 1 0 1 0 0 1 0 0 1 x
0.064475170752173 1 0 0 0 0 0 1 1 0 0 0 0 1 1 1 1 1 0 0 0 0 1 0 0 1 x
0.122059893335649 0 0 1 0 1 1 0 0 0 0 1 1 1 1 1 1 0 0 0 1 0 1 0 1 0 x
0.019847586972598 1 0 0 0 0 0 0 1 0 0 1 0 1 1 1 1 0 0 1 1 0 1 0 0 1 x
0.026952772857320 0 0 0 0 1 0 0 0 0 0 0 0 0 1 1 1 1 0 0 1 0 0 1 0 1 x
0.028277039846317 0 0 1 0 0 0 0 0 0 0 0 0 0 1 1 1 0 1 0 0 0 1 1 1 0 x
0.064418295746699 0 0 1 0 0 0 1 0 0 0 0 1 1 1 1 0 0 0 1 0 0 1 1 0 0 x
0.022819197714011 1 0 0 0 0 0 0 0 1 0 1 0 1 0 1 1 1 0 0 0 1 1 0 0 1 x
0.011067023115929 1 0 0 0 0 0 0 0 0 0 1 1 1 1 0 1 1 1 1 0 1 0 1 1 0 x
0.028206182365499 0 0 1 0 0 0 0 0 0 0 0 1 1 1 0 0 1 0 1 1 0 0 1 1 0 x
0.028547180577601 1 0 0 0 0 0 1 0 0 0 1 1 0 1 1 1 0 1 0 1 0 1 0 0 1 x
0.025504529913120 0 0 0 1 0 0 0 0 0 0 1 0 1 1 0 1 1 1 1 0 1 0 1 0 1 x
0.026524541859735 1 0 0 0 0 0 0 1 0 0 0 1 1 1 1 1 1 0 1 1 0 1 0 1 1 x
0.047932275938510 1 0 0 0 1 0 0 0 0 1 1 1 1 0 1 1 0 1 0 1 1 0 0 1 0 x
0.040385400128255 1 0 0 0 0 1 0 0 0 1 0 1 1 1 1 1 0 0 1 1 1 0 0 1 0 x
0.040995681099984 1 0 0 0 0 0 1 0 0 1 1 1 1 0 1 1 1 0 0 0 1 1 0 0 0 x
0.072981435627996 0 0 1 1 0 0 0 0 0 1 1 1 1 1 0 1 1 0 0 1 1 0 1 0 0 x
0.042548263524091 0 1 0 0 0 0 1 0 0 1 0 0 1 1 1 1 1 0 0 0 1 0 1 1 0 x
0.011203290741715 1 0 0 0 0 0 0 0 0 0 1 1 1 0 0 1 1 1 0 0 1 1 0 0 1 x
0.027870371227335 1 0 0 0 0 1 0 0 0 0 1 1 1 1 1 1 1 0 0 1 1 1 0 1 0 x
0.043378576866545 1 0 0 0 1 0 0 0 0 1 1 1 1 0 1 1 1 0 0 0 1 1 1 0 0 x
0.025735838776805 0 0 0 1 0 0 0 0 0 1 0 0 1 1 1 1 1 1 1 0 1 0 1 0 1 x
0.021520167613179 1 0 0 0 0 0 0 0 0 0 1 1 1 0 1 1 1 0 0 0 1 1 0 1 0 x
0.019568852662920 0 1 0 0 0 0 0 0 0 1 0 0 1 1 1 1 1 0 0 0 1 1 1 0 0 x
0.024143838055922 0 1 0 0 0 0 0 0 1 0 1 0 1 1 1 1 1 0 0 0 1 1 1 0 0 x
0.017669187538919 0 1 0 0 0 0 0 0 0 1 0 0 1 1 1 1 0 0 1 0 1 0 1 1 0 x
0.058080404192484 1 0 0 0 0 1 0 1 0 0 1 1 1 1 1 1 1 0 1 1 0 1 0 0 1 x
0.280751681588960 1 1 1 1 1 0 0 1 1 1 1 1 1 1 0 0 0 0 0 0 0 1 0 0 0 x
0.078275625334822 1 0 0 1 0 0 0 0 0 1 1 0 1 1 1 0 0 0 1 0 1 1 0 1 0 x
0.027637234441851 1 0 0 0 0 0 0 0 0 1 1 1 1 0 0 1 1 1 0 0 1 0 1 0 0 x
0.086339092877588 0 0 0 1 1 0 0 0 0 1 1 0 1 1 1 1 1 1 0 0 1 0 1 0 1 x
0.016946453296956 0 0 1 0 0 0 0 0 0 0 0 0 1 1 1 1 0 0 0 0 1 1 0 1 0 x
0.090109814867455 0 0 1 0 0 0 1 0 0 1 0 0 0 1 1 0 1 1 0 0 0 1 0 0 1 x
0.063261868911892 0 1 0 0 0 1 0 0 0 1 1 1 0 1 1 1 1 1 0 1 0 1 0 0 1 x
0.012533008780069 1 0 0 0 0 0 0 0 0 0 1 0 1 1 0 1 1 0 1 0 1 0 1 0 1 x
0.126771732256381 0 1 0 1 0 1 0 0 0 1 1 1 1 1 1 1 1 0 1 0 1 0 1 0 1 x
0.071506335350293 1 0 0 1 0 0 0 0 0 1 1 0 1 1 1 0 0 1 1 0 1 0 1 0 1 x
0.043861815250300 1 0 0 0 0 1 0 0 0 1 1 1 1 0 1 1 1 1 0 0 1 0 0 1 0 x
0.043899584741041 0 0 1 0 0 0 0 0 1 0 0 0 1 1 1 1 0 0 0 0 1 1 1 0 0 x
0.064312769343011 1 0 0 0 0 0 1 1 0 0 0 0 1 1 1 1 0 0 1 0 0 1 0 1 0 x
0.020179318241670 0 1 0 0 0 0 0 0 0 1 0 0 1 1 1 1 1 0 1 0 1 0 1 0 1 x
0.034690217244881 1 0 0 0 0 1 0 0 0 0 1 1 1 1 0 1 0 1 0 1 0 0 1 1 0 x
0.017103807090712 0 0 1 0 0 0 0 0 0 0 0 0 1 1 1 0 1 0 1 1 0 1 0 1 1 x
0.043621936802845 0 0 0 1 0 0 0 0 0 1 0 1 0 1 1 1 1 0 1 1 1 0 0 0 1 x
0.023481632495224 1 0 0 0 0 0 0 0 0 0 1 1 1 0 1 1 0 1 0 1 0 1 0 0 1 x
0.023706891952731 0 1 0 0 0 0 0 0 0 1 0 0 0 1 1 1 1 0 0 1 0 0 1 1 0 x
0.041839861440779 0 1 0 0 0 0 1 0 0 1 0 1 1 1 1 0 1 1 0 0 0 1 1 0 0 x
0.014308412712122 0 0 0 1 0 0 0 0 0 0 0 0 0 1 1 1 1 0 1 0 0 1 0 1 1 x
0.043776252729316 0 0 0 1 0 0 0 1 0 0 0 0 1 1 1 1 1 0 1 0 0 1 0 1 1 x
0.066836307899151 0 0 1 0 0 1 0 0 0 0 0 0 1 1 1 1 0 0 1 0 0 1 0 1 0 x
0.015510374273389 0 0 1 0 0 0 0 0 0 0 0 1 0 1 1 1 0 1 0 1 0 1 1 0 1 x
0.042700517330252 0 1 0 0 0 0 0 1 0 0 1 1 0 1 1 1 0 0 1 1 0 1 0 0 1 x
0.024936687849079 1 0 0 0 0 0 0 0 0 1 1 0 1 1 1 1 0 1 1 1 1 0 0 1 0 x
0.069596741728130 1 0 1 0 0 0 0 0 0 1 1 1 0 0 1 1 0 0 0 0 1 1 0 0 0 x
0.059176318101353 1 0 0 0 1 0 0 0 0 0 1 0 1 1 1 1 0 0 0 1 0 1 1 0 1 x
0.041180129463696 1 0 0 0 0 0 1 0 0 0 1 0 1 1 1 1 1 0 0 1 0 1 0 1 1 x
0.023943373158379 0 0 0 1 0 0 0 0 0 0 0 0 1 1 1 1 0 1 0 0 1 1 0 1 0 x
0.026610827454022 0 0 0 1 0 0 0 0 0 0 1 0 0 1 0 1 1 1 1 0 0 0 0 1 1 x
0.016906645307364 0 1 0 0 0 0 0 0 0 0 1 0 1 1 0 1 1 0 1 1 0 0 1 0 1 x
0.037149840647034 1 0 0 0 0 1 0 0 0 0 1 1 1 1 1 1 0 0 1 1 1 1 0 0 1 x
0.028470469162610 1 0 0 0 0 0 0 1 0 0 1 1 1 1 0 1 1 1 1 0 0 1 1 0 0 x
0.032069196566687 0 1 0 0 0 0 0 0 0 1 0 0 0 1 1 0 1 0 0 0 1 0 0 0 1 x
0.018705920315371 0 0 0 1 0 0 0 0 0 0 0 0 0 1 0 1 1 1 0 0 0 0 0 1 1 x
0.039426438000479 0 1 0 0 0 0 0 0 0 0 1 0 1 0 0 1 1 1 0 0 1 0 0 0 1 x
0.028427996726976 0 0 0 0 1 0 0 0 0 0 0 0 0 1 1 1 1 0 1 1 0 0 0 1 1 x
0.052615572083952 0 0 1 0 0 0 1 0 0 0 0 1 1 1 1 0 1 0 1 1 0 0 1 1 0 x
0.093191745606289 0 1 0 1 0 0 0 0 0 1 0 1 0 1 1 0 1 0 0 1 0 1 0 0 1 x
0.034786187676505 0 0 0 1 0 0 0 0 0 1 0 0 1 0 1 1 1 1 0 0 1 1 0 0 1 x
0.016902994160863 0 1 0 0 0 0 0 0 0 1 0 0 1 1 1 0 1 1 0 0 1 1 0 0 1 x
0.068082882542641 0 1 0 0 1 0 0 0 0 1 1 1 1 0 1 1 1 0 1 1 0 0 1 1 0 x
0.114119973425141 0 1 0 1 0 0 0 0 0 0 1 0 1 1 0 1 0 0 1 0 1 0 1 0 1 x
0.021687966324732 1 0 0 0 0 0 0 0 0 0 1 0 1 1 1 1 0 1 0 0 1 1 0 1 0 x
0.023442128108064 1 0 0 0 0 0 0 0 1 0 1 0 0 1 1 1 0 0 1 1 0 0 1 0 1 x
0.092673640885988 0 0 0 1 0 1 0 0 0 0 1 0 1 1 1 1 0 1 1 0 0 1 1 0 0 x
0.057439896241683 1 0 0 0 0 1 1 0 0 1 1 1 1 1 1 1 0 0 1 0 1 0 1 0 0 x
0.060101487130923 1 0 0 1 0 0 0 0 1 1 1 1 1 0 1 1 1 0 0 0 1 1 1 0 0 x
0.033433627657742 1 0 0 0 0 0 0 0 1 0 1 1 1 0 1 1 1 0 0 1 1 1 0 0 1 x
0.040100970095705 1 0 0 0 0 0 0 0 1 0 0 0 0 1 1 1 0 0 0 0 1 0 0 1 1 x
0.037976089403850 0 0 1 0 0 0 0 0 0 0 0 0 1 1 1 0 0 0 1 0 1 1 0 1 0 x
0.068171947009898 1 0 0 1 0 0 0 1 0 1 1 1 1 1 0 1 1 1 1 0 0 0 1 1 0 x
0.028914462206384 0 1 0 0 0 0 0 0 0 1 0 0 0 1 1 1 0 1 0 0 0 1 0 1 0 x
0.059568444930260 1 0 0 0 0 1 0 0 1 1 0 0 1 1 1 1 0 1 0 0 1 0 0 1 0 x
0.025605616880049 0 0 0 1 0 0 0 0 0 0 0 0 0 1 1 1 1 0 0 0 1 1 0 0 1 x
0.032855687291728 1 0 0 0 0 0 0 0 1 1 1 0 1 0 1 1 1 1 0 0 1 0 0 1 0 x
0.024415330307026 0 1 0 0 0 0 0 0 1 0 0 0 1 1 1 1 1 0 0 0 1 1 0 0 1 x
0.023474702809394 0 0 1 0 0 0 0 0 0 1 0 0 1 1 1 0 1 1 0 0 1 1 0 0 1 x
0.028026982616555 0 0 1 0 0 0 0 0 0 1 0 0 1 1 1 1 1 0 0 1 1 0 0 1 1 x
0.051460350293461 1 0 1 0 0 0 0 0 1 1 1 1 1 0 0 1 1 0 0 0 1 0 1 0 0 x
0.019650071403294 0 0 0 1 0 0 0 0 0 0 0 0 1 1 1 1 0 1 1 0 1 0 0 1 1 x
0.028115423228485 0 0 1 0 0 0 0 0 0 0 0 0 1 1 1 1 0 1 0 0 1 0 0 1 1 x
0.065731057228290 0 1 0 0 1 0 0 0 0 0 1 0 1 1 1 1 0 0 1 0 1 0 1 1 0 x
0.027529054462708 1 0 0 0 0 0 0 1 0 0 1 0 1 1 0 1 1 0 1 1 0 0 1 0 1 x
0.018007759877802 0 1 0 0 0 0 0 0 0 0 0 1 1 1 0 0 1 0 1 0 1 0 1 0 1 x
0.018151418572589 1 0 0 0 0 0 0 0 1 0 1 0 1 1 0 1 1 1 0 1 0 0 1 0 1 x
0.050641943871864 0 0 1 0 0 0 0 1 0 0 0 1 0 1 0 1 1 1 0 1 0 0 0 1 1 x
0.042286264148403 0 1 0 0 0 0 1 0 0 0 0 1 1 1 1 0 0 0 1 0 1 0 1 0 0 x
0.033801714712992 0 0 0 1 0 0 0 0 0 1 0 0 1 1 1 1 0 1 1 0 1 0 1 1 0 x
0.030676316138100 0 0 1 0 0 0 0 0 0 0 0 0 1 1 0 0 1 1 0 0 0 1 0 1 1 x
0.022872442403964 1 0 0 0 0 0 0 0 1 0 1 1 0 1 0 1 1 1 0 1 0 0 1 1 0 x
0.025224739530440 0 0 0 1 0 0 0 0 0 0 0 0 1 1 0 0 1 1 1 0 0 0 1 0 1 x
0.034768373952942 0 1 0 0 0 0 0 0 0 1 0 0 1 1 0 0 1 1 0 0 0 0 1 0 1 x
0.037357129058916 1 0 0 0 0 0 0 0 0 0 0 1 0 0 0 1 1 0 0 1 0 0 0 1 1 x
0.086114234631334 0 0 0 0 1 0 1 0 0 0 0 1 1 1 1 1 0 1 1 1 0 1 0 1 0 x
0.055239207412726 1 0 0 0 0 1 0 0 0 0 0 1 1 0 1 1 0 0 0 1 0 0 0 1 1 x
0.126153738846618 0 1 1 0 1 0 0 0 1 1 1 1 1 1 1 0 1 0 1 0 0 0 1 1 0 x
0.030390936775130 0 1 0 0 0 0 0 1 0 0 0 1 1 1 1 1 0 0 1 0 0 1 1 0 0 x
0.052533190345094 1 0 0 0 0 0 1 0 0 0 0 1 0 1 1 0 0 1 0 1 0 0 0 1 1 x
