0.423483639955521 0 1 1 0 1 0 0 0 0 1 1 0 0 0 1 1 0 0 1 1 1 0 1 1 0
0.724361896514893 0 1 0 0 1 1 1 1 1 0 0 0 0 1 0 0 0 1 1 1 1 1 1 0 1
0.602355957031250 1 0 0 1 1 0 1 1 0 0 0 0 0 0 0 1 0 0 0 0 0 0 1 0 1
0.287155240774155 0 0 1 0 0 1 0 1 1 1 1 1 1 1 1 0 1 1 0 1 0 1 1 1 1
0.387589216232300 1 0 1 0 1 1 1 0 1 0 1 0 1 1 1 0 0 1 1 1 1 0 1 0 1
0.287380874156952 1 0 1 0 1 0 0 0 0 1 0 0 0 0 0 1 1 0 0 0 0 0 1 0 0
0.300555378198624 1 1 0 1 0 0 1 1 1 0 0 1 0 0 1 0 1 0 0 0 0 1 1 0 0
0.501524925231934 0 0 1 0 1 1 1 0 0 1 0 0 1 1 0 0 0 1 1 0 1 1 0 1 0
0.461341053247452 1 1 0 0 1 1 1 1 1 1 0 0 0 1 1 0 1 0 1 0 1 1 1 0 0
0.300356954336166 1 0 0 0 1 0 1 0 0 1 1 0 0 0 1 0 1 0 1 0 0 0 1 1 1
0.578016161918640 1 1 1 1 1 0 0 1 1 0 1 0 0 0 0 1 0 1 0 1 0 1 1 1 1
0.130625382065773 1 1 0 0 1 0 0 0 1 0 1 1 1 0 0 1 0 0 0 0 1 1 0 0 0
0.382588505744934 1 1 0 0 1 1 1 0 0 1 0 0 0 1 1 1 0 0 0 0 0 1 1 1 1
0.508637547492981 1 1 1 1 0 0 0 0 0 1 1 0 0 1 0 0 0 0 1 1 0 1 1 0 1
0.562670528888702 0 0 0 1 1 1 1 1 0 0 0 0 1 0 1 0 0 1 0 1 0 1 0 1 0
0.176391720771790 1 0 0 0 1 0 0 1 1 0 1 1 0 1 0 0 1 1 0 1 1 0 0 0 0
0.511080920696259 1 0 1 1 1 0 1 1 0 0 0 1 1 0 0 1 1 0 0 1 1 1 1 0 1
0.241591215133667 1 0 1 1 0 1 1 0 1 1 1 1 0 1 0 1 1 0 0 1 0 0 1 0 0
0.360680401325226 0 1 1 1 0 1 0 1 1 0 1 1 1 0 0 1 0 0 1 0 1 1 1 0 1
0.369926691055298 0 1 1 0 1 1 0 0 1 0 0 0 1 1 0 1 1 0 0 0 1 0 1 0 0
0.325381517410278 1 1 0 1 0 1 1 1 1 1 0 1 1 1 0 0 0 0 0 0 1 1 0 1 1
0.455796927213669 1 1 1 0 1 0 0 1 0 0 0 1 1 1 1 1 1 0 1 1 0 0 1 0 1
0.482769966125488 0 1 0 1 1 0 0 1 0 0 1 0 1 1 0 1 1 1 1 1 1 0 0 0 0
0.362800180912018 0 1 1 1 1 0 0 0 1 0 1 1 1 0 1 0 0 1 1 0 1 0 0 0 0
0.125572279095650 0 1 0 1 0 0 1 0 0 1 1 1 1 0 1 0 1 0 0 1 1 0 0 1 0
0.182424216148003 1 1 0 0 0 1 1 0 1 0 1 1 1 1 1 1 1 0 0 0 1 0 0 1 0
0.351569760337283 1 1 0 0 1 1 1 0 1 0 1 1 1 1 1 1 1 0 0 1 1 0 0 0 0 x
0.079710317255116 1 0 1 0 0 0 1 0 1 1 1 1 1 0 1 1 1 0 0 0 1 1 0 0 0 x
0.088586370731674 1 0 1 0 0 0 1 0 0 1 1 1 1 0 0 1 1 0 0 0 1 1 0 0 0 x
0.390886853103976 0 1 1 1 0 1 1 1 1 0 1 1 1 1 1 1 1 1 1 0 1 1 0 1 0 x
0.391088733577986 0 0 0 0 0 0 0 0 1 1 1 1 1 0 1 0 1 0 0 0 1 1 0 1 0 x
0.095156390453795 1 0 0 0 0 1 0 0 1 1 1 1 1 0 1 0 1 1 0 0 0 0 1 1 0 x
0.194560729841760 0 0 1 1 0 0 0 1 1 0 1 1 0 0 1 1 0 1 0 1 0 0 1 0 0 x
0.205118202211882 1 0 1 0 1 0 0 1 1 1 1 1 0 0 1 0 0 0 0 0 0 1 1 0 0 x
0.215339579393209 0 0 0 1 0 0 0 0 1 1 1 1 1 1 0 1 1 0 0 1 1 1 0 0 1 x
0.319609111922845 1 0 1 0 1 0 0 0 1 0 0 1 0 1 1 0 1 0 1 0 1 1 0 0 0 x
0.228724899599127 1 0 1 1 0 1 0 0 1 1 1 1 1 0 1 0 1 1 0 1 0 0 1 0 0 x
0.058515992028063 1 1 0 0 0 0 0 0 1 1 1 1 1 0 1 1 0 1 0 1 1 0 0 1 0 x
0.171950121216945 1 1 0 1 0 0 0 0 1 1 1 1 1 0 1 0 1 1 0 0 0 0 1 0 0 x
0.221523574378563 0 0 1 1 0 1 0 0 1 1 1 1 1 0 1 0 0 1 0 0 1 0 1 0 1 x
0.194586627068880 1 0 1 0 0 1 0 0 1 1 1 0 0 1 0 1 0 0 0 0 0 0 0 0 0 x
0.094006889487677 1 1 0 0 0 0 0 0 1 0 1 1 1 0 1 0 1 1 0 0 1 0 0 0 1 x
0.248384995610929 1 0 0 0 0 0 0 0 1 1 1 1 0 0 0 0 1 1 0 1 0 1 1 1 0 x
0.239331249915577 0 0 0 0 0 0 1 0 1 1 1 1 0 0 1 0 1 1 0 1 1 0 0 0 0 x
0.162467563125223 1 1 0 0 1 1 0 1 1 1 1 1 1 0 1 1 0 1 0 0 0 0 0 1 1 x
0.134461029220886 1 1 0 0 0 0 0 0 1 1 1 1 0 0 1 1 0 1 0 0 1 1 0 1 1 x
0.167928208863520 1 0 0 1 0 0 1 0 1 0 1 1 1 0 1 0 1 1 0 0 1 1 1 0 0 x
0.341121066419420 0 1 1 1 0 1 1 0 0 1 0 1 1 1 0 1 0 0 1 1 0 0 1 1 1 x
0.277578412983235 1 0 1 1 0 0 0 1 1 1 1 1 0 0 1 1 0 0 0 1 1 0 1 1 1 x
0.425275017730080 0 1 1 1 0 1 0 0 0 1 0 1 0 0 1 1 0 0 1 1 0 0 1 1 1 x
0.111809403421266 1 0 1 0 0 0 0 0 1 1 1 1 1 0 1 1 1 1 0 0 0 0 1 0 0 x
0.332969973199804 1 0 0 0 1 1 0 0 1 1 1 1 0 0 1 0 0 0 0 0 1 0 1 1 0 x
0.120583427992313 1 1 0 0 0 0 1 0 1 1 1 0 1 0 1 1 1 1 0 0 1 0 0 1 1 x
0.133530702037690 1 1 1 0 0 0 1 1 1 1 1 1 1 0 1 0 0 1 0 1 0 0 0 1 0 x
0.159395162147547 1 1 1 0 0 0 1 1 1 1 1 1 0 0 1 0 0 0 0 0 1 0 0 0 0 x
0.115232033825478 0 0 1 0 0 1 0 0 1 1 1 1 1 1 1 1 0 1 0 0 1 0 0 0 0 x
0.216461147215435 0 0 0 0 0 1 0 0 1 1 1 0 1 0 1 1 0 1 0 1 1 0 0 1 0 x
0.169739867822932 0 0 1 1 0 0 1 0 1 1 1 1 1 1 1 1 0 0 0 1 0 0 0 0 0 x
0.107233499169925 1 1 0 0 0 0 0 0 1 1 0 1 1 1 1 1 0 1 0 0 1 0 0 1 1 x
0.068501695104843 1 0 1 0 0 0 0 0 1 1 1 1 0 1 1 1 0 1 0 0 1 1 0 0 0 x
0.097352390595044 1 0 0 1 0 0 1 0 0 1 1 1 0 1 1 1 0 1 0 0 1 0 0 1 1 x
0.132304720318224 1 1 0 0 0 0 0 1 1 1 1 1 1 0 1 1 1 1 0 0 1 0 0 0 0 x
0.096836849025872 0 1 1 0 0 0 1 0 1 1 1 1 1 1 1 1 0 1 0 0 0 0 1 1 0 x
0.119527510203397 1 1 0 0 0 0 0 0 0 0 1 1 0 1 1 1 0 1 0 0 1 0 0 1 1 x
0.090152390987421 1 0 0 0 0 0 0 0 0 0 1 1 1 1 1 1 0 1 0 0 1 1 0 0 0 x
0.204712631991300 1 1 1 0 0 0 1 0 1 1 1 1 0 1 1 0 1 1 0 0 1 0 0 1 0 x
0.168509190397075 1 0 0 1 0 0 1 0 1 1 1 1 1 0 1 0 1 1 0 0 0 0 1 1 1 x
0.091028216987345 1 0 1 0 0 0 0 0 0 1 1 1 1 1 1 0 0 1 0 0 0 0 1 1 0 x
0.260655377777588 0 0 1 0 0 0 0 0 0 1 1 1 1 0 0 1 0 1 0 0 0 0 0 0 0 x
0.136963161434859 1 1 0 0 0 1 1 1 0 1 1 1 1 1 1 1 0 1 0 0 0 0 1 1 0 x
0.193927606966983 0 1 1 1 0 0 1 0 1 1 1 1 1 0 1 1 0 1 0 0 1 0 1 0 0 x
0.301389233665656 1 0 0 0 0 0 0 1 1 1 1 1 0 1 1 0 0 1 0 0 1 1 0 1 1 x
0.209555046624140 1 1 0 0 1 0 0 0 0 1 1 1 1 1 1 0 0 1 0 0 1 0 0 0 0 x
0.128330048360404 0 1 0 1 0 0 1 0 1 0 1 1 1 1 1 0 1 1 0 0 0 0 0 1 0 x
0.088960668919691 1 0 0 0 0 0 0 0 1 1 1 1 1 0 1 1 0 1 1 0 1 1 0 1 0 x
0.236948124130895 1 1 1 0 0 0 0 0 0 1 1 1 1 0 0 1 1 1 0 0 0 1 0 1 0 x
0.132875921818921 1 0 1 0 0 0 0 0 1 1 1 0 1 0 0 1 0 1 1 0 1 0 0 0 0 x
0.270780817527358 1 0 0 0 0 0 0 1 1 0 1 1 1 1 0 0 0 1 0 0 0 0 0 0 0 x
0.076316236768899 1 0 0 0 0 0 1 0 1 1 1 1 1 0 1 1 0 1 1 1 0 0 0 1 0 x
0.240168902536563 1 0 1 0 0 0 0 0 0 1 0 0 1 0 1 1 0 1 0 1 1 0 1 0 0 x
0.128540166621196 1 1 0 1 0 0 0 0 1 1 1 1 1 0 0 1 1 0 0 0 1 0 0 1 0 x
0.144576580942784 1 0 0 0 1 1 0 0 1 1 1 1 0 1 0 1 1 1 0 0 1 0 0 1 0 x
0.177302361933199 1 1 1 0 0 0 0 0 1 1 1 1 1 0 1 1 0 1 0 0 0 1 1 0 0 x
0.124157720156125 1 0 1 0 0 0 0 0 1 1 1 1 1 0 1 1 0 1 0 1 0 0 1 1 1 x
0.215535829141207 1 0 1 1 0 0 0 0 0 1 1 1 1 1 0 1 0 1 1 1 1 0 0 1 0 x
0.072872404762851 1 0 0 1 0 0 0 0 1 0 1 1 1 1 1 0 0 0 0 1 1 0 0 0 0 x
0.087140676915345 1 0 0 0 0 0 1 0 1 0 1 1 1 1 0 1 0 1 0 0 1 0 0 0 0 x
0.086689384487031 1 1 0 0 0 0 1 0 0 1 1 1 1 0 1 1 0 0 1 0 1 0 0 0 1 x
0.303076113926353 1 0 0 0 0 0 0 0 1 0 1 1 1 1 1 0 0 1 0 0 0 0 0 0 0 x
0.072038033238258 1 0 1 0 0 0 0 1 1 0 1 1 1 1 0 0 0 1 0 0 1 0 1 0 0 x
0.118739775892464 1 0 0 1 0 0 1 1 0 0 1 1 1 0 1 0 0 1 0 0 1 0 0 0 0 x
0.160681034951586 0 0 1 1 0 0 0 0 1 0 1 1 1 1 1 1 0 0 0 0 1 0 0 0 0 x
0.127569507181266 1 0 1 0 0 1 1 0 1 1 1 1 1 1 0 1 0 1 1 0 0 0 1 1 0 x
0.266772514403167 0 0 0 1 0 0 1 1 1 0 1 1 1 1 0 0 1 0 0 0 0 0 1 0 0 x
0.123989821661527 1 0 0 0 0 0 0 0 1 0 1 1 1 1 0 1 0 1 0 0 1 0 0 0 0 x
0.145692754994963 1 1 0 1 0 0 0 1 1 0 1 1 1 0 1 0 0 0 0 1 0 0 0 0 1 x
0.089705733606654 1 1 0 0 0 0 1 1 1 1 1 1 1 0 1 0 1 1 0 0 0 0 1 1 0 x
0.148468326480796 1 1 0 1 0 0 0 1 1 1 1 1 1 1 1 0 1 1 0 1 1 0 0 0 1 x
0.273357812062899 1 1 1 0 0 0 1 0 1 0 1 1 0 0 1 1 0 1 0 0 1 0 1 1 1 x
0.161759168386672 1 0 1 0 0 0 1 1 1 0 1 1 0 1 1 1 0 0 0 1 1 1 0 0 0 x
0.088354192696167 1 1 0 0 0 0 1 0 1 0 1 1 1 1 1 0 0 1 0 1 1 0 0 1 0 x
0.086535173582863 1 0 0 0 0 0 1 0 1 1 1 1 1 1 1 1 0 1 1 1 1 0 0 1 0 x
0.163739749150155 0 1 0 0 0 0 1 0 1 1 1 1 1 0 1 1 0 0 0 1 0 0 0 0 0 x
0.324160463013412 1 0 0 0 1 0 0 1 1 1 1 1 0 0 1 1 0 0 0 0 1 1 0 1 1 x
0.117530346363085 1 1 0 0 0 0 1 0 1 1 1 1 1 1 1 1 1 0 0 1 0 0 0 1 1 x
0.084143270786951 1 1 0 0 0 0 0 0 1 1 1 1 1 0 1 1 0 1 1 0 1 1 0 0 0 x
0.130241427805932 1 0 1 0 0 0 1 0 0 0 1 1 1 0 0 0 0 0 0 1 1 0 0 0 0 x
0.127829453250935 1 0 0 0 0 1 1 0 1 1 1 1 1 1 1 1 0 1 1 0 1 1 0 0 0 x
0.028983636177488 1 0 0 0 0 0 0 0 1 1 1 1 1 1 1 1 1 1 1 0 0 0 1 1 0 x
0.090135556745980 1 0 1 0 0 0 0 1 1 0 1 1 1 0 1 0 1 0 0 1 1 0 0 0 0 x
0.149949934746792 1 0 0 0 0 0 1 1 1 1 1 1 1 0 1 1 1 0 0 1 1 0 1 0 0 x
0.100208831574816 1 0 1 0 0 1 0 1 1 1 1 1 1 1 1 1 0 1 0 0 1 0 1 0 0 x
0.105959178372907 1 1 0 0 0 0 1 0 1 1 1 1 1 0 0 0 1 0 0 0 1 0 0 0 0 x
0.118799722768810 1 1 0 0 0 0 1 0 1 1 1 1 1 1 1 1 0 1 1 0 0 0 0 1 0 x
0.141044260048637 0 1 0 0 0 0 0 0 1 1 1 1 1 0 1 1 0 1 0 0 0 0 1 1 0 x
0.245900677169347 1 1 0 1 0 0 0 0 1 0 1 1 1 0 1 0 1 1 0 1 1 0 0 1 0 x
0.105678422151596 0 0 0 1 0 1 0 0 1 1 1 1 1 1 1 1 1 1 0 0 1 0 0 1 0 x
0.376908230204737 1 1 1 1 0 0 1 0 1 0 1 1 1 1 1 0 0 1 0 0 1 0 0 0 0 x
0.218890190830863 0 0 0 1 0 0 1 0 1 1 1 1 1 1 0 1 0 1 0 1 1 0 0 1 0 x
0.050001284393589 1 0 0 1 0 0 0 0 1 1 1 1 1 0 1 1 0 1 0 0 1 1 0 0 0 x
0.134730089014889 1 0 0 0 0 0 1 0 0 1 1 1 1 0 0 1 1 1 1 0 1 0 1 1 1 x
0.093510885087824 1 0 0 1 0 1 0 0 1 1 1 1 1 1 1 1 0 1 0 0 0 0 1 1 0 x
0.117233105819138 1 0 0 1 0 0 0 0 1 1 1 1 0 0 1 1 1 0 1 0 1 0 0 0 0 x
0.079801817408783 1 0 1 0 0 0 0 1 1 1 1 0 1 1 1 1 1 0 0 0 0 0 1 1 0 x
0.128339627273647 0 1 0 1 0 0 1 0 1 1 1 1 1 0 1 1 0 0 0 0 1 0 0 0 1 x
0.144750173707601 0 1 1 0 0 0 0 1 1 1 1 1 1 1 1 0 1 0 0 0 0 0 0 1 0 x
0.068512172923839 1 0 0 1 0 0 0 0 1 1 1 1 1 1 1 1 1 1 0 0 1 0 0 1 0 x
0.193913696374481 1 0 0 0 0 0 0 1 1 0 1 1 0 0 1 0 0 0 0 0 1 0 1 0 0 x
0.178915916375298 1 0 0 0 0 0 1 1 1 0 1 1 1 1 1 0 1 1 1 1 1 0 0 0 0 x
0.139603306237102 1 0 0 1 0 0 0 0 0 0 1 1 1 0 0 1 1 1 0 0 1 1 0 0 0 x
0.040407617268844 0 0 0 1 0 0 0 0 0 0 1 1 1 0 1 1 1 1 0 0 1 1 1 0 0 x
0.128220542124300 0 0 1 0 0 0 1 0 1 1 1 1 1 0 1 0 1 1 1 0 0 0 0 1 0 x
0.080941010818894 0 1 0 1 0 0 0 0 0 0 1 1 1 0 1 0 0 0 0 1 1 0 0 0 0 x
0.117551904794656 0 1 1 0 0 0 1 0 1 1 1 1 1 0 1 1 1 1 0 0 1 0 1 0 1 x
0.257309024399196 1 1 0 0 0 0 0 0 0 1 1 0 1 0 0 0 0 1 1 1 1 0 0 1 0 x
0.088096209940299 1 0 1 0 0 0 0 0 0 1 1 1 1 0 1 1 1 1 0 1 0 1 0 1 0 x
0.174059420447914 1 0 1 0 1 0 0 0 1 1 1 1 1 0 0 1 1 1 0 0 1 1 1 0 0 x
0.116058119665119 1 0 1 0 1 0 0 1 1 1 1 1 1 0 0 0 1 1 0 0 0 0 0 1 0 x
0.251188976647286 0 0 0 1 0 0 0 1 0 1 1 1 1 0 1 1 0 1 0 1 1 1 1 0 0 x
0.157399936450569 0 0 0 1 0 0 0 0 1 0 1 1 1 1 1 1 0 1 0 0 1 0 0 1 1 x
0.078563371563516 0 0 0 1 0 1 0 0 0 0 1 1 1 1 1 0 0 1 0 0 1 1 0 0 0 x
0.063518729139686 1 0 0 1 0 0 0 1 0 0 1 1 1 1 1 0 0 0 0 0 1 1 0 0 0 x
0.141577406496924 0 1 1 0 0 0 0 0 0 0 1 1 1 1 1 1 0 1 0 0 1 1 0 0 0 x
0.148913025573478 1 0 0 0 0 0 0 1 0 1 1 1 1 1 1 1 0 1 0 0 0 0 0 1 0 x
0.089678658461523 1 0 0 1 0 0 0 0 0 1 1 1 1 1 1 1 1 0 0 0 1 0 1 0 0 x
0.122454769064740 1 0 0 0 0 1 1 0 1 1 1 0 1 0 1 1 1 1 0 0 0 0 0 1 0 x
0.097264831516552 1 0 1 0 0 1 0 1 1 1 1 1 1 1 1 0 1 0 1 0 0 0 1 1 0 x
0.212597677048240 1 0 1 0 1 0 0 1 1 0 1 1 1 1 0 1 1 1 0 0 1 1 0 0 0 x
0.130649064128239 1 0 0 1 0 1 0 0 0 1 1 1 1 1 0 1 0 1 0 0 1 0 0 0 0 x
0.129905930527876 1 0 1 0 0 0 1 1 1 1 1 1 1 1 0 1 1 1 0 0 1 0 0 0 0 x
0.088290728638683 1 0 0 0 1 0 0 0 1 1 1 1 1 1 1 1 1 1 1 0 0 0 0 1 0 x
0.130187312447007 1 0 0 1 0 1 0 0 0 0 1 1 1 1 1 1 0 0 0 1 1 1 0 0 0 x
0.378049461101108 1 1 0 1 0 0 0 1 0 1 1 1 1 1 1 1 1 0 0 0 0 0 0 0 0 x
0.162223181766291 1 0 0 0 0 0 0 0 0 1 1 1 1 0 1 1 1 0 0 0 1 0 1 1 1 x
0.167121016152620 1 0 0 0 1 0 0 1 1 1 1 1 1 0 0 1 1 0 0 1 0 0 1 1 0 x
0.128348434077978 1 0 1 1 0 0 0 1 1 1 1 1 1 0 0 0 1 0 0 0 1 0 1 0 0 x
0.155077453522308 1 0 1 0 0 0 1 1 1 1 1 1 1 1 0 0 1 0 0 0 0 0 1 1 0 x
0.205728501552085 0 0 0 0 0 0 1 0 0 0 1 1 1 1 1 1 0 1 0 0 1 0 0 1 0 x
0.153098092970892 1 1 0 0 0 0 1 0 1 1 0 1 1 0 1 0 1 1 0 1 0 0 1 1 1 x
0.135689221473139 1 1 0 0 0 0 1 0 1 1 1 1 1 0 0 1 1 1 0 1 1 0 1 0 1 x
0.124624898595386 1 1 1 0 0 0 0 1 1 1 1 1 1 0 0 0 1 0 0 0 1 0 1 0 0 x
0.113144757493196 1 1 0 0 0 0 1 0 0 0 1 1 1 1 1 0 0 1 0 1 1 0 0 0 1 x
0.159101063425740 1 0 0 1 0 0 1 0 1 1 1 1 1 0 0 1 1 0 0 0 1 0 1 1 0 x
0.114178475483662 1 0 0 1 0 0 1 0 0 1 1 1 1 1 1 0 0 1 0 0 1 0 0 0 0 x
0.133192569500500 1 0 0 1 0 0 0 1 1 0 1 1 1 0 1 0 1 0 0 0 1 0 1 0 1 x
0.101786028509538 1 0 1 0 0 0 0 0 0 1 1 0 1 0 1 1 1 0 0 0 1 1 1 0 0 x
0.140232845521892 0 0 1 0 0 0 1 0 1 1 1 1 1 0 1 1 1 0 0 0 0 0 1 0 0 x
0.196866971048957 1 0 1 0 1 1 0 0 1 1 1 1 1 0 1 1 1 1 0 0 0 0 1 1 0 x
0.096829659172064 0 1 0 1 0 0 0 0 0 1 1 1 1 1 1 0 1 0 0 0 0 0 1 1 0 x
0.104434584071949 1 0 0 1 0 0 0 1 1 0 1 1 1 1 0 0 1 0 0 0 1 0 0 0 0 x
0.084249222472126 1 0 0 0 0 0 1 0 1 0 1 1 1 0 0 1 0 1 0 0 1 1 0 0 0 x
0.128104123147432 0 0 0 1 0 0 1 0 0 1 1 1 1 1 1 1 0 1 0 0 1 0 0 0 0 x
0.213777212680037 0 1 0 1 0 0 1 0 0 1 1 1 1 0 1 1 0 0 0 0 0 0 1 1 1 x
0.124397488916382 0 1 0 1 0 0 0 0 1 0 1 1 1 0 1 0 0 0 0 0 0 1 1 0 0 x
0.147804196765159 1 1 0 0 0 0 0 0 1 0 1 1 1 1 0 0 0 0 0 0 1 0 0 0 0 x
0.144910431979326 0 0 1 0 0 0 1 0 1 1 1 1 1 0 1 1 1 1 0 1 0 0 1 1 0 x
0.107046918059365 0 1 1 0 0 0 1 0 0 1 1 1 1 1 1 0 1 0 0 0 0 0 1 1 0 x
0.075205329240772 0 0 0 1 0 0 0 0 1 0 1 1 0 1 1 1 1 1 0 0 1 1 0 0 0 x
0.149902596943939 1 1 0 0 0 1 0 1 1 1 1 1 1 1 1 0 1 0 0 0 0 0 0 1 0 x
0.187424968820904 1 1 0 0 0 0 0 0 0 0 1 1 1 0 1 1 0 1 0 1 1 1 0 0 0 x
0.098868164787306 1 0 1 0 0 0 0 0 0 1 1 0 1 0 1 1 0 1 1 0 0 0 1 1 0 x
0.109059630744423 0 1 0 1 0 0 0 0 1 1 1 1 1 0 1 1 0 0 0 0 1 1 1 0 0 x
0.086824965535936 1 1 0 0 0 0 0 0 0 1 1 1 1 1 1 0 1 1 0 1 0 0 1 1 0 x
0.070356858074139 1 0 0 0 0 0 0 0 0 1 1 1 1 1 1 1 1 1 0 0 0 1 1 1 0 x
0.073156488125217 1 1 0 0 0 0 1 0 1 1 1 1 1 0 0 1 0 1 0 0 1 0 1 0 0 x
0.116687819514563 1 0 1 0 0 0 0 1 1 1 1 1 1 1 0 0 0 0 0 1 1 0 1 0 0 x
0.135702699411829 1 1 0 0 1 0 0 0 1 1 1 1 1 0 0 0 0 1 0 0 0 0 0 1 0 x
0.116227209608042 1 0 0 1 0 1 0 1 0 1 1 1 1 0 1 0 0 0 0 1 1 0 0 0 0 x
0.106609402466454 1 0 1 0 0 0 0 0 1 1 1 1 1 1 1 1 1 0 0 1 0 0 0 1 0 x
0.039574120743874 0 0 1 0 0 0 0 0 1 0 1 1 1 1 1 1 1 1 0 0 1 1 1 0 0 x
0.054120179499166 0 0 0 1 0 0 0 0 1 0 1 0 1 1 1 1 1 1 0 0 1 1 1 0 0 x
0.058835173570679 1 0 0 1 0 0 0 0 1 0 1 1 1 1 1 0 0 1 0 0 1 1 0 0 1 x
0.084961913482552 0 1 0 1 0 0 0 0 1 0 1 1 1 1 1 0 1 0 0 0 1 0 1 0 1 x
0.121516079349416 0 0 0 1 0 0 0 0 1 0 1 1 1 1 1 1 0 0 1 0 1 1 1 0 0 x
0.113454026414895 0 1 0 0 0 1 1 0 1 1 1 1 1 1 1 0 1 1 0 1 0 0 0 1 0 x
0.133519298270249 1 1 0 0 0 0 0 0 1 1 1 1 1 1 1 1 1 1 0 0 1 0 1 1 1 x
0.151566917432278 0 0 1 1 0 0 0 1 1 0 1 1 1 1 1 0 0 1 0 0 1 1 1 0 0 x
0.097604674293812 0 0 1 0 0 0 0 1 1 1 1 1 1 1 1 1 1 1 1 0 0 0 1 1 0 x
0.061202159719851 0 1 0 1 0 0 0 0 0 1 1 1 1 0 1 0 1 0 0 0 1 1 0 0 0 x
0.017928158208735 1 0 0 0 0 0 0 0 0 1 1 1 0 1 1 1 1 1 0 1 0 0 1 1 0 x
0.118181595381322 0 1 0 1 0 0 1 0 1 1 1 1 1 0 1 0 1 0 0 1 0 0 0 0 1 x
0.107814164541571 1 0 1 0 0 0 0 1 1 1 0 1 0 1 1 1 1 1 0 0 0 0 1 1 0 x
0.068624595092930 0 0 1 1 0 0 0 0 0 1 1 1 1 1 1 1 1 1 0 0 1 1 1 0 0 x
0.140826297215453 1 0 1 0 1 0 0 1 1 0 1 1 1 0 0 0 1 0 0 0 1 0 0 0 0 x
0.102147529573478 1 0 0 0 0 0 0 1 1 1 1 1 0 1 1 1 1 1 1 1 0 0 1 1 0 x
0.052240566467412 1 0 0 0 0 0 0 0 1 1 1 1 0 0 0 1 1 1 0 1 0 0 0 1 0 x
0.123417298888083 1 0 1 0 0 0 0 1 1 0 1 1 1 0 0 0 1 1 0 0 1 1 0 0 0 x
0.133924187671149 0 1 1 0 0 0 1 1 0 1 1 0 1 1 1 0 1 1 0 0 0 0 1 1 0 x
0.110088192511905 1 1 0 0 0 0 0 0 0 1 1 1 1 0 1 1 0 1 0 1 0 0 0 1 0 x
0.221684515845463 1 1 0 0 0 0 1 0 0 1 1 1 0 0 0 1 1 1 0 1 1 0 0 1 0 x
0.141411919488177 0 0 1 0 0 0 1 0 0 1 1 1 1 0 1 1 0 1 0 0 1 1 1 0 0 x
0.094863794332754 0 0 0 1 0 0 0 0 0 1 1 1 1 0 1 0 1 1 0 0 1 0 1 0 0 x
0.086007722844900 1 0 0 0 1 0 0 0 1 1 1 1 1 0 0 1 1 1 0 1 0 0 0 1 1 x
0.044665442277995 0 0 1 0 0 0 0 0 1 0 1 1 0 1 1 1 1 1 0 0 0 1 1 0 0 x
0.242631909909936 1 1 0 0 0 0 1 0 1 1 1 1 1 0 1 0 0 0 0 0 0 0 0 1 1 x
0.041752411500773 0 0 0 1 0 0 0 0 0 1 1 0 1 1 1 1 1 1 0 1 0 0 1 1 0 x
0.136963956799030 1 1 0 1 0 0 0 1 1 1 1 0 1 1 0 0 0 0 0 0 1 0 1 0 0 x
0.088866862290036 1 0 0 1 0 1 0 0 0 1 1 1 1 1 0 0 1 1 0 0 0 0 1 1 0 x
0.083580376082960 1 0 0 1 0 0 0 0 0 1 1 0 1 1 1 1 0 1 0 0 1 1 1 1 0 x
0.085913131895240 1 0 1 0 0 0 0 1 1 0 1 1 1 1 1 1 0 1 0 0 0 1 1 1 0 x
0.110702230603010 0 1 1 0 0 0 0 0 1 1 1 1 1 1 1 0 1 1 0 0 0 0 1 0 0 x
0.100269916123300 0 0 1 1 0 0 0 0 1 1 1 1 1 1 0 1 1 1 0 0 0 0 0 1 0 x
0.052306381032176 1 0 0 1 0 0 0 0 1 1 1 1 1 1 0 1 0 1 0 0 1 0 0 1 0 x
0.074138523846423 1 0 0 1 0 0 0 0 1 1 1 1 1 0 1 1 1 1 0 1 0 0 0 1 0 x
0.080332813968594 0 0 1 0 0 0 0 0 1 1 1 0 1 1 1 1 1 1 0 0 0 1 1 1 0 x
0.096522375584753 0 0 0 1 0 0 0 0 0 1 1 1 1 1 1 0 1 1 0 1 0 0 0 1 0 x
0.047696440337090 1 0 0 0 1 0 0 0 0 1 1 1 1 0 0 1 1 1 0 0 0 0 1 1 0 x
0.069381365935689 1 0 1 0 0 0 0 0 1 1 1 1 1 1 0 0 1 1 0 0 0 0 1 1 0 x
0.129201696540860 1 1 0 0 1 0 0 0 1 1 1 1 1 1 0 1 1 1 0 0 0 0 1 1 0 x
0.094183450323288 0 0 0 1 0 1 0 0 0 1 1 1 1 1 0 1 1 1 0 0 0 0 1 1 0 x
0.047274900382941 1 0 0 0 0 0 0 0 0 0 1 0 1 0 1 1 1 1 0 1 0 0 1 1 0 x
0.095453853042828 0 0 1 1 0 0 0 0 0 1 1 0 1 1 1 1 1 1 0 0 0 0 1 1 0 x
0.115014325324024 1 1 0 0 0 0 1 1 1 1 1 1 1 0 1 1 0 1 0 0 1 0 1 1 0 x
0.077996272783580 0 0 1 1 0 0 0 0 1 1 1 1 1 1 1 1 1 1 0 0 0 1 1 0 0 x
0.087709753629402 1 0 1 0 0 0 0 1 0 0 1 1 1 1 1 0 1 1 0 0 0 0 1 1 0 x
0.044488193302643 1 0 0 0 1 0 0 0 1 1 1 1 1 1 0 1 1 1 0 0 0 1 0 1 0 x
0.107327383614842 1 0 0 0 1 0 0 0 1 1 1 1 1 1 0 1 0 1 0 0 0 0 0 1 0 x
0.096848914268455 1 0 1 0 0 0 0 1 1 1 1 1 1 0 1 1 1 0 0 0 0 1 0 0 0 x
0.061595602032739 1 0 0 0 1 0 0 0 1 0 1 1 1 1 0 0 1 1 0 0 0 0 1 1 0 x
0.063577188071496 0 1 0 0 0 0 1 0 1 1 1 1 1 1 1 1 1 1 0 0 1 0 1 0 0 x
0.118270852274137 1 1 0 0 1 0 0 1 1 1 1 1 1 1 1 0 1 1 0 0 0 0 1 1 0 x
0.119257906083679 0 1 0 1 0 0 1 0 1 1 1 1 1 1 1 0 0 1 0 1 0 0 1 1 0 x
0.112190753218465 1 0 0 1 1 0 0 0 1 1 1 1 1 1 0 0 1 1 0 0 0 0 0 1 0 x
0.041606734507097 1 0 0 0 0 0 0 0 1 1 1 1 1 0 1 1 1 1 0 1 0 0 1 1 0 x
0.078147703150214 1 0 1 0 0 0 0 0 1 1 1 1 0 1 1 1 1 1 0 0 0 1 0 1 0 x
0.047504476354501 1 0 0 0 0 0 0 0 1 1 1 0 1 1 0 1 1 1 1 0 0 0 0 1 0 x
0.103474903059097 1 1 0 0 0 0 1 0 1 1 1 1 1 1 1 1 0 0 0 1 1 0 0 0 0 x
0.095646138233776 0 1 0 1 0 0 0 1 1 1 1 1 1 0 1 0 1 1 0 0 0 0 1 0 0 x
0.151229688287412 0 1 0 1 0 0 1 0 0 0 1 1 1 0 1 0 1 1 0 0 1 0 1 0 0 x
0.028461506738786 1 0 0 0 0 0 1 0 0 1 1 1 1 1 1 1 1 1 1 1 0 0 0 1 1 x
0.134834435696236 1 0 0 1 0 0 1 0 0 1 1 1 1 0 1 1 0 1 0 1 1 0 1 1 0 x
0.072756680918718 1 0 0 1 0 0 0 0 0 1 1 1 1 1 0 1 1 0 0 1 0 0 0 1 0 x
0.063160349653114 1 0 0 1 0 0 0 0 0 1 1 1 1 0 1 0 0 0 0 0 1 1 0 0 0 x
0.045295247677506 1 0 0 0 0 0 0 0 1 1 0 1 1 1 0 1 1 1 0 0 0 0 1 1 0 x
0.024734093420739 1 0 0 0 0 0 1 0 0 1 1 1 1 1 1 1 1 1 0 1 0 0 1 1 0 x
0.107672543571404 0 1 0 1 0 0 0 0 1 1 1 1 1 1 1 0 0 1 0 0 1 0 0 0 0 x
0.127293908124525 1 0 0 0 1 0 0 0 1 1 0 1 1 0 0 1 1 1 1 0 0 1 0 1 0 x
0.076138297724323 0 1 0 1 0 0 0 0 1 0 1 1 1 1 1 0 1 0 0 1 0 0 1 0 0 x
0.144972993480983 1 0 0 0 0 0 1 0 1 1 1 1 1 1 0 1 1 0 0 0 1 0 1 0 1 x
0.118511216535467 1 0 0 0 0 0 0 0 0 1 0 1 1 1 1 1 1 1 0 1 0 0 0 1 0 x
0.090216218397139 1 0 0 1 0 0 0 0 0 1 1 1 1 1 1 1 1 1 0 1 0 0 1 1 1 x
0.095445185909471 0 0 0 1 0 0 1 0 0 1 1 1 1 1 1 1 1 0 0 1 0 0 0 1 0 x
0.059690559213726 1 0 0 0 1 0 0 0 0 1 1 1 1 1 0 1 1 1 0 1 0 0 0 1 0 x
0.015643473223476 1 0 0 0 0 0 0 0 0 1 1 1 0 1 0 1 1 1 1 0 0 0 1 1 0 x
0.076998305780531 1 0 0 0 0 1 0 0 1 1 1 1 0 1 0 1 1 1 0 0 0 0 1 1 0 x
0.076306278497820 0 0 0 1 0 0 0 0 0 1 1 1 0 1 1 1 1 1 0 0 0 0 1 1 0 x
0.191409940111264 1 0 0 1 0 0 0 0 1 0 0 1 0 1 0 1 1 1 1 0 0 0 0 1 0 x
0.015931346316840 1 0 0 0 0 0 0 0 0 1 1 1 1 1 0 1 1 1 1 1 0 0 1 1 0 x
0.083185261854563 1 0 1 0 0 0 0 0 1 1 0 1 1 1 0 1 1 0 1 0 0 1 1 1 0 x
0.078404377014730 1 0 1 0 0 0 0 0 1 1 0 1 1 1 1 0 1 1 1 0 0 0 1 1 0 x
0.047685895886180 0 0 1 0 0 0 0 0 1 0 0 1 1 1 1 1 1 1 1 0 0 1 1 0 0 x
0.158398492747879 0 1 1 0 0 0 1 0 1 1 0 1 1 1 1 1 1 1 0 0 0 1 1 0 0 x
0.054775795760350 0 0 1 0 0 0 0 0 1 0 1 1 1 1 1 1 1 1 1 1 0 1 1 0 0 x
0.083461843140244 0 0 1 0 0 0 0 0 1 1 1 1 1 1 1 1 1 1 1 0 1 1 0 0 0 x
0.084633464727608 1 1 0 0 0 0 1 1 1 1 1 1 1 1 1 0 1 1 0 1 0 0 1 0 1 x
0.044187821041828 0 0 0 1 0 0 0 0 0 1 1 0 1 1 1 1 1 1 1 0 0 1 0 1 0 x
0.056506047652917 1 0 0 0 1 0 0 0 0 0 1 1 1 1 0 1 1 1 1 0 0 1 1 1 0 x
0.058424704825902 1 0 0 1 0 0 0 0 0 1 1 1 1 1 1 1 0 0 1 0 1 0 0 1 0 x
0.039375580999750 0 0 0 1 0 0 0 0 0 0 1 1 1 1 1 1 1 1 1 1 0 1 1 0 0 x
0.137474270616614 1 0 0 0 0 0 1 0 0 0 1 1 0 1 1 1 1 1 1 1 0 0 1 0 0 x
0.040511412204765 0 0 0 1 0 0 0 0 0 0 1 1 1 1 1 1 1 1 1 1 0 1 1 1 0 x
0.034233411207455 1 0 0 0 0 0 1 0 0 1 0 1 1 1 0 1 1 1 1 0 0 0 1 1 0 x
0.150454271163272 0 1 0 1 0 0 0 1 1 1 1 1 1 0 1 0 1 0 0 1 1 0 1 0 0 x
0.044391201083079 0 0 0 1 0 0 0 0 0 0 1 1 1 1 1 0 1 1 1 0 0 1 1 0 0 x
0.100669481789971 0 0 1 1 0 0 0 0 1 0 1 1 1 1 1 0 1 1 1 0 0 1 1 1 0 x
0.071711370836740 0 0 0 1 0 0 0 0 0 0 1 1 1 1 1 1 1 1 1 1 0 0 0 1 0 x
0.045316648388203 0 0 1 0 0 0 0 0 1 0 1 1 1 1 1 1 1 0 1 0 0 1 1 0 0 x
0.110859528883181 0 0 0 1 0 0 0 0 0 0 1 1 1 1 1 0 1 0 0 1 0 1 0 0 0 x
0.068061753223276 0 1 0 0 0 0 1 0 0 1 1 1 1 1 1 1 1 1 1 1 0 0 1 1 1 x
0.128271101005544 0 0 0 1 0 0 0 0 1 1 1 1 1 1 1 1 1 1 1 0 0 1 1 1 0 x
0.068419001684832 0 0 1 0 0 0 0 0 0 0 1 0 1 1 1 1 1 1 1 0 0 1 1 0 0 x
0.121721521207366 1 0 0 1 0 0 0 0 1 0 1 0 1 0 1 1 0 1 0 0 1 1 0 1 0 x
0.119065833302517 0 1 0 0 0 0 0 1 1 0 1 1 1 0 1 0 1 1 1 1 0 0 1 0 1 x
0.089382296846777 1 0 1 0 0 0 0 0 1 0 1 1 1 0 1 1 0 0 1 0 1 1 1 0 0 x
0.034544232884213 0 0 0 1 0 0 0 0 0 0 1 0 1 1 1 1 1 1 0 0 1 1 0 0 1 x
0.058134213484549 0 1 0 1 0 0 0 0 0 0 1 1 1 1 1 0 1 0 0 0 1 1 0 0 1 x
0.027648872404916 0 0 1 0 0 0 0 0 0 0 1 1 1 1 1 1 1 1 1 0 0 1 1 1 0 x
0.087192889835756 0 0 0 1 0 0 0 0 0 0 1 0 1 1 1 1 1 0 0 0 1 1 0 0 0 x
0.045150201157829 0 0 1 0 0 0 0 0 1 0 0 0 1 1 0 1 1 1 1 0 0 0 1 1 0 x
0.038243901737082 0 0 1 0 0 0 0 0 1 0 1 0 1 1 1 0 1 1 1 0 0 0 1 1 0 x
0.072382291655485 1 0 0 0 1 0 0 0 0 1 1 1 1 0 0 1 1 1 1 0 0 1 0 1 0 x
0.053566985334877 1 0 0 0 0 0 0 0 0 1 1 0 1 1 1 1 1 1 1 0 0 0 1 1 1 x
0.043631878531223 0 0 1 0 0 0 0 0 1 0 1 0 1 1 1 1 1 1 1 0 0 1 0 1 0 x
0.033295214095962 0 0 0 1 0 0 0 0 0 0 1 0 1 1 1 1 1 1 0 1 0 1 0 1 1 x
0.106801740647902 0 0 1 1 0 0 0 0 0 0 1 0 1 1 1 1 1 0 0 1 0 1 0 1 0 x
0.034689413019102 1 0 0 0 0 0 1 0 0 0 1 1 1 1 0 1 1 1 0 1 0 0 0 1 1 x
0.040290274997851 0 1 0 0 0 0 0 0 1 0 1 0 1 1 1 1 1 1 0 1 0 0 0 1 1 x
0.043645064647197 0 1 0 0 0 0 1 0 0 0 1 0 1 1 1 1 1 0 1 1 0 0 1 1 0 x
0.044810798594848 0 1 0 0 0 0 0 0 0 0 1 1 1 1 1 1 1 1 0 1 0 0 1 1 0 x
0.015159683750872 1 0 0 0 0 0 0 0 0 0 1 1 1 1 0 1 1 0 1 1 0 0 1 1 0 x
0.097809242360799 1 1 0 0 0 0 0 1 1 0 1 1 1 0 1 1 0 1 1 1 0 0 0 1 1 x
0.050045880242965 0 1 0 0 0 0 0 0 1 0 1 1 1 0 1 1 1 1 0 0 1 0 0 0 1 x
0.073041022430366 1 0 0 1 0 0 0 0 0 0 1 1 1 1 1 0 0 1 1 0 1 1 1 0 0 x
0.081500368362473 1 0 1 0 0 0 0 0 0 0 1 1 1 1 1 1 0 0 0 1 0 1 1 1 0 x
0.083652889060699 0 1 1 0 0 0 0 0 1 0 1 1 1 1 1 0 1 1 1 0 0 0 1 1 0 x
0.180833985203698 0 0 0 0 0 0 0 0 0 0 1 0 1 1 1 1 1 1 1 1 0 0 1 1 1 x
0.121754267606352 0 1 0 1 0 0 0 0 1 0 1 0 1 1 1 1 1 1 0 0 0 1 0 0 1 x
0.056759534080449 0 0 1 0 0 0 0 0 1 0 1 0 1 1 1 1 1 1 0 0 1 0 0 1 0 x
0.126583744848777 1 0 1 0 0 0 1 0 0 0 1 1 1 1 1 1 0 1 1 1 0 1 0 1 1 x
0.094381763971860 0 1 0 1 0 0 0 0 1 1 1 0 1 1 1 1 1 0 0 1 0 0 0 1 0 x
0.028060496976435 1 0 0 0 0 0 0 0 0 1 1 0 1 1 0 1 1 0 1 0 0 0 1 1 0 x
0.041380109733671 0 1 0 0 0 0 1 0 0 0 1 1 1 1 1 1 1 0 0 1 1 0 0 0 1 x
0.076719647536450 0 1 0 0 0 0 1 0 0 0 1 1 1 1 1 1 1 0 0 1 0 0 0 1 1 x
0.158105984836159 0 1 1 0 0 0 1 0 0 0 1 1 1 1 1 1 1 0 0 0 1 0 1 0 0 x
0.051322109831487 0 1 0 0 0 0 1 0 1 0 1 1 1 1 1 1 0 1 0 1 1 0 0 0 1 x
0.060615416670716 0 1 0 0 0 0 1 0 1 0 1 0 1 1 1 1 1 1 0 1 0 0 1 0 1 x
0.199898647595185 0 1 1 0 0 0 0 0 1 0 1 0 1 1 1 1 1 1 0 1 0 0 0 1 0 x
0.078191165280608 0 1 0 1 0 0 0 0 1 1 1 0 1 1 1 0 1 1 0 0 1 0 0 0 1 x
0.035819794074146 1 0 0 0 0 0 1 0 0 0 1 1 1 1 0 1 1 1 0 0 0 0 1 1 0 x
0.037642444793035 0 1 0 0 0 0 1 0 0 0 1 1 1 1 1 1 1 0 1 1 0 1 1 0 0 x
0.037719757335258 0 1 0 0 0 0 1 0 0 0 1 1 1 1 1 1 1 1 0 1 0 1 0 0 1 x
0.052923128503879 0 0 0 1 0 0 1 0 0 0 1 1 1 1 1 1 1 1 0 1 0 1 0 0 1 x
0.031040224527472 0 1 0 0 0 0 1 0 0 0 1 1 1 1 1 1 1 1 0 0 1 1 0 0 1 x
0.046561290495628 0 1 0 0 0 0 1 0 0 0 1 0 1 1 1 1 1 1 0 1 0 1 1 1 0 x
0.095013380782563 0 0 1 0 0 0 0 0 1 0 1 1 1 1 0 1 1 1 0 0 0 1 1 1 0 x
0.096677652830456 1 0 1 0 0 0 0 0 0 0 0 1 1 1 0 1 1 0 0 0 0 0 1 1 0 x
0.053156061666081 1 0 0 1 0 0 0 0 0 1 1 1 1 1 1 1 0 1 0 0 1 1 0 0 1 x
0.061479674176971 1 0 1 0 0 0 0 0 0 1 1 1 1 1 1 1 0 1 0 0 1 1 0 1 0 x
0.047298218404730 0 0 1 0 0 0 0 0 1 0 0 1 1 1 1 0 1 1 0 0 1 0 1 0 0 x
0.059223775271391 0 1 0 0 0 0 0 0 1 0 0 0 1 1 1 1 1 1 1 0 0 0 1 1 0 x
0.059050934256133 0 1 0 0 0 0 1 0 0 1 1 1 1 1 1 1 1 1 0 0 1 0 0 0 1 x
0.130394246736466 0 1 0 1 0 0 1 0 0 0 1 1 1 1 1 1 0 0 1 1 1 1 0 0 1 x
0.020788768682507 0 1 0 0 0 0 0 0 0 0 1 0 1 1 1 1 1 1 1 0 0 1 1 1 0 x
0.029256604011399 0 1 0 0 0 0 0 0 0 0 1 1 1 1 1 0 1 1 1 0 0 1 1 0 0 x
0.018333395868428 0 1 0 0 0 0 0 0 0 0 1 1 1 1 1 1 1 0 1 0 1 1 1 0 0 x
0.036627853631311 0 1 0 0 0 0 0 0 0 0 1 1 1 1 1 1 1 1 1 0 0 1 1 0 1 x
0.037610171102185 0 1 0 0 0 0 1 0 0 0 1 1 1 1 0 1 1 0 1 0 0 1 1 0 0 x
0.115887892343645 1 0 1 0 0 0 0 0 0 1 1 0 1 1 1 1 1 0 1 0 0 1 0 1 0 x
0.012175498621966 0 1 0 0 0 0 0 0 0 0 0 1 1 1 0 1 1 0 1 0 0 1 1 1 0 x
0.016468852775673 0 1 0 0 0 0 0 0 0 0 0 1 1 1 0 1 1 0 0 0 1 1 1 0 0 x
0.039178766019931 0 1 0 0 0 0 0 0 0 0 0 0 1 1 0 1 1 0 0 0 0 1 1 0 0 x
0.081112669062708 0 1 0 0 0 0 1 0 1 0 0 1 1 1 0 1 1 0 1 0 1 0 1 0 0 x
0.043778436611710 0 1 0 0 0 0 0 0 0 0 0 1 1 1 1 1 1 1 0 0 0 1 1 1 0 x
0.053070501913567 0 1 0 0 0 0 0 0 0 0 1 1 1 1 0 1 1 0 0 0 1 1 0 0 1 x
0.053231266807073 0 1 0 0 0 0 0 0 0 0 0 0 1 1 0 0 1 1 1 0 0 0 1 1 0 x
0.178975967063214 0 1 0 1 0 0 0 0 0 0 0 1 1 1 0 0 1 0 1 0 1 1 1 0 0 x
0.020405247455064 0 1 0 0 0 0 0 0 0 0 0 1 1 0 1 1 1 0 0 0 1 1 0 0 1 x
0.043508915459900 0 1 0 0 0 0 0 0 1 0 1 1 1 1 1 1 1 0 0 1 1 1 0 0 1 x
0.043095249596906 0 1 0 0 0 0 0 0 0 0 0 0 1 1 1 1 1 1 1 0 1 1 1 0 1 x
0.027414522551101 0 1 0 0 0 0 0 0 0 1 0 1 1 1 1 1 1 0 0 0 1 1 1 0 0 x
0.024813847208881 0 1 0 0 0 0 0 0 0 0 0 1 1 1 1 1 0 0 0 0 1 1 1 0 0 x
0.029270132640202 0 1 0 0 0 0 0 0 0 0 0 1 1 0 1 0 1 0 0 0 1 1 1 0 0 x
0.052294663582289 0 1 0 0 0 0 1 0 0 0 0 1 1 1 0 1 1 1 1 0 0 0 1 1 0 x
0.030125234264655 0 1 0 0 0 0 0 0 1 0 0 1 1 0 1 1 1 0 0 0 1 1 1 0 0 x
0.025920045353973 0 1 0 0 0 0 0 0 0 0 1 1 1 1 1 1 1 1 1 1 0 1 0 1 1 x
0.047729162201300 0 0 1 0 0 0 0 0 1 0 0 1 1 1 1 1 0 1 0 0 1 0 1 1 0 x
0.086577326174911 0 1 1 0 0 0 0 0 1 1 0 1 1 1 1 0 0 1 0 0 1 0 1 1 0 x
0.017648238801313 0 1 0 0 0 0 0 0 0 0 0 0 1 1 0 1 1 0 0 0 1 0 1 1 0 x
0.015345769578221 0 1 0 0 0 0 0 0 0 0 0 0 1 1 1 1 0 0 0 0 1 1 0 1 0 x
0.036277814493323 0 1 0 0 0 0 0 0 1 0 1 0 1 1 1 1 0 0 0 1 1 0 0 1 0 x
0.040291992032619 0 1 0 0 0 0 0 0 0 0 1 1 1 1 1 1 0 1 0 0 1 1 0 1 0 x
0.030141167572928 0 1 0 0 0 0 0 0 0 0 0 1 1 1 1 1 1 0 1 0 1 1 0 1 0 x
0.083490400778301 0 1 1 0 0 0 0 0 1 1 0 1 1 1 0 1 0 0 0 0 1 0 0 1 0 x
0.024553682144216 0 1 0 0 0 0 0 0 0 0 0 0 1 1 0 1 1 0 0 1 0 0 1 1 0 x
0.045137914308153 0 1 0 0 0 0 0 0 0 0 0 1 1 1 1 1 0 0 0 1 1 0 0 1 0 x
0.022993707688540 0 1 0 0 0 0 0 0 0 0 1 0 1 0 1 0 1 0 0 1 1 0 0 0 1 x
0.032146791241729 0 1 0 0 0 0 0 0 0 0 1 0 1 1 1 0 1 0 0 1 0 1 1 0 1 x
0.035927480237239 0 1 0 0 0 0 0 0 1 0 1 0 1 1 1 0 1 0 0 1 1 0 1 0 0 x
0.040360489867575 0 0 1 0 0 0 0 0 0 0 0 0 0 1 1 1 1 0 1 0 0 1 1 1 0 x
0.024139719160995 0 1 0 0 0 0 0 0 0 0 1 0 1 0 1 0 1 1 0 0 1 1 0 0 1 x
0.109543707637690 0 1 0 0 0 0 1 0 0 1 1 0 1 0 1 1 1 0 0 1 1 1 0 0 1 x
0.027407716077409 0 0 1 0 0 0 0 0 0 0 0 0 1 1 1 0 1 1 1 0 0 1 1 1 0 x
0.053912549754102 0 0 1 0 0 0 0 0 0 0 0 0 1 1 0 0 1 0 0 0 1 0 1 1 0 x
0.148424838242931 0 0 1 1 0 0 0 0 0 1 0 0 1 1 1 1 1 1 0 0 1 1 0 1 0 x
0.066379429716222 1 0 1 0 0 0 0 1 1 0 1 1 1 1 1 0 0 1 0 0 1 0 0 1 0 x
0.146394197024780 1 1 0 0 1 0 0 0 1 0 1 1 1 0 0 0 1 1 0 0 0 1 0 0 1 x
0.058694084910292 0 0 1 0 0 0 0 0 0 0 0 0 1 1 0 1 1 0 1 1 0 1 1 1 0 x
0.266782366597857 0 1 1 0 0 0 0 0 0 0 0 0 1 1 0 1 0 0 0 0 1 1 1 1 0 x
0.033872001009854 0 1 0 0 0 0 0 0 0 1 0 0 1 0 0 1 1 0 0 0 1 0 0 1 0 x
0.049512824947696 0 0 1 0 0 0 0 0 1 0 0 1 1 1 1 0 1 1 0 0 1 0 0 1 0 x
0.033006107239788 0 0 1 0 0 0 0 0 0 0 0 1 1 1 0 0 1 0 1 0 0 0 1 1 0 x
0.030932857013685 0 1 0 0 0 0 0 0 0 0 0 0 1 1 0 1 1 0 0 0 0 1 0 1 0 x
0.050408373860392 0 0 1 0 0 0 0 0 1 1 0 1 1 1 1 1 1 1 0 0 1 0 1 1 0 x
0.020245639366515 0 1 0 0 0 0 0 0 0 1 0 0 1 1 0 1 1 0 1 0 0 0 1 1 0 x
0.108301503348005 0 1 0 1 0 0 0 0 0 0 1 0 1 1 1 0 1 1 0 1 0 1 1 0 1 x
0.072381048668324 0 1 0 0 0 0 0 0 0 1 0 0 1 0 1 1 1 0 1 0 1 0 1 0 0 x
0.035843546132413 0 1 0 0 0 0 0 0 1 0 0 0 1 1 0 1 1 0 0 0 1 0 0 1 0 x
0.062800209048449 0 1 0 0 0 0 0 0 0 0 1 1 1 0 1 1 0 0 0 0 1 1 0 0 0 x
0.056723648382289 0 1 0 0 0 0 0 0 0 0 1 0 1 1 1 0 1 1 0 0 1 0 0 1 0 x
0.057820577295553 0 1 0 0 0 0 0 0 0 0 1 1 1 1 1 0 1 0 0 1 1 0 1 0 1 x
0.031498260976255 0 0 1 0 0 0 0 0 1 0 0 1 1 1 1 1 0 1 0 1 0 1 0 1 0 x
0.043674377053218 0 0 1 0 0 0 0 0 0 0 1 1 1 1 1 1 0 1 0 1 0 1 0 1 0 x
0.014271540920669 0 1 0 0 0 0 0 0 0 0 0 0 1 1 1 0 1 0 0 0 1 1 0 0 1 x
0.042503532175442 0 1 0 0 0 0 0 0 1 0 0 0 1 1 1 1 0 1 1 0 1 1 0 1 0 x
0.093615533179451 1 0 1 0 0 0 0 1 1 0 1 1 1 0 0 1 0 0 1 1 0 0 0 1 0 x
0.022300298401043 0 1 0 0 0 0 0 0 0 0 1 0 1 1 0 1 1 0 1 0 0 0 1 1 0 x
0.025406592928094 0 0 1 0 0 0 0 0 0 0 0 1 1 1 1 0 1 0 0 0 1 1 1 0 0 x
0.033697011080453 0 0 1 0 0 0 0 0 0 0 0 1 0 1 1 0 1 0 0 1 0 1 1 0 0 x
0.077268634375293 0 1 0 0 0 1 0 0 1 0 1 0 1 1 1 0 1 0 0 1 1 0 0 0 1 x
0.083365831973000 0 0 1 0 0 1 0 0 0 0 0 1 1 1 1 1 1 1 0 0 0 1 0 1 0 x
0.082946177818914 0 1 0 0 0 0 0 0 0 0 0 0 0 1 1 1 1 0 0 0 1 1 1 0 0 x
0.029184473436707 0 0 1 0 0 0 0 0 0 0 1 1 0 1 1 0 1 1 1 0 1 0 1 1 0 x
0.085499531520739 0 0 1 0 0 0 0 0 1 0 1 1 0 1 1 0 0 1 0 1 1 0 0 1 0 x
0.057703999163976 0 0 1 0 0 0 0 0 0 0 1 1 0 1 1 0 1 0 0 0 1 0 1 0 0 x
0.035816247835865 0 0 1 0 0 0 0 0 0 0 0 1 0 1 1 0 1 1 1 0 0 0 1 1 0 x
0.064278774453570 1 0 1 0 0 0 0 0 1 1 1 1 0 0 1 1 0 1 0 0 1 0 0 1 0 x
0.164452300541066 0 0 0 1 0 0 1 0 0 0 1 0 0 1 1 1 1 1 1 1 0 1 0 1 0 x
0.024398294131548 0 1 0 0 0 0 0 0 0 0 0 0 1 1 1 1 1 0 0 0 1 1 0 1 1 x
0.085196396416663 0 1 1 0 0 0 1 0 1 1 1 1 1 1 1 0 0 1 0 0 1 0 0 1 0 x
0.059432230860609 0 1 0 0 0 0 0 0 1 0 1 0 1 1 1 0 1 0 0 0 0 1 1 0 0 x
0.029751512111134 0 0 1 0 0 0 0 0 0 0 0 1 1 1 1 0 1 0 1 1 0 1 1 1 0 x
0.025846301740386 0 0 1 0 0 0 0 0 0 0 1 1 0 1 1 0 1 1 0 0 1 1 0 0 1 x
0.086646843017916 0 0 1 1 0 0 0 0 0 0 1 1 0 1 1 0 1 1 0 0 0 1 0 0 1 x
0.020641107330387 0 0 1 0 0 0 0 0 0 0 1 1 0 1 1 1 1 1 0 1 1 1 0 0 1 x
0.032899313392163 0 0 1 0 0 0 0 0 1 0 0 1 0 1 1 1 1 0 0 1 0 1 0 0 1 x
0.039582996710735 0 0 1 0 0 0 0 0 0 0 0 1 1 0 1 0 1 0 0 1 1 1 0 0 1 x
0.042653656622543 0 0 1 0 0 0 0 0 1 0 0 1 1 1 1 1 0 1 0 0 1 1 0 0 1 x
0.038092504039436 0 0 1 0 0 0 0 0 0 0 0 1 1 1 1 1 1 0 0 1 0 1 1 0 1 x
0.029015970382183 0 0 1 0 0 0 0 0 0 0 0 1 0 1 1 1 1 1 1 1 0 1 0 1 1 x
0.049922320453676 0 0 1 0 0 0 1 0 0 0 1 1 1 1 1 1 1 0 0 1 0 1 0 0 1 x
0.054910180074151 0 0 1 0 0 0 0 0 1 0 1 1 0 0 1 1 1 1 0 1 0 1 0 0 1 x
0.042413254040455 0 0 1 0 0 0 0 0 0 0 0 1 0 1 1 1 1 1 0 0 1 1 0 0 1 x
0.051957014264390 0 0 1 0 0 0 0 0 1 0 0 0 1 1 1 1 0 0 1 1 0 1 0 1 1 x
0.030734449251358 0 0 1 0 0 0 0 0 0 0 1 1 1 1 1 0 1 1 0 1 1 1 0 0 1 x
0.096104700729134 0 1 1 0 0 0 0 0 1 0 0 1 1 0 1 0 1 0 0 0 1 0 0 0 1 x
0.063438490167581 0 1 0 0 0 0 1 0 0 0 1 1 1 1 1 0 1 1 0 0 0 1 1 0 1 x
0.034100361520026 0 1 0 0 0 0 0 0 0 0 0 0 1 1 1 1 1 0 1 1 0 1 1 1 0 x
0.069360323923936 0 0 1 0 0 0 0 0 0 0 1 1 1 1 1 1 0 0 0 1 1 1 0 0 1 x
0.032671626168304 0 0 0 1 0 0 0 0 0 0 0 1 1 1 1 1 1 1 0 0 1 1 1 0 0 x
0.095949575069683 1 1 0 0 0 0 0 1 1 0 1 0 1 1 1 0 0 1 0 1 0 0 1 1 0 x
0.071422697143651 0 0 1 0 0 0 0 0 1 1 0 0 0 1 0 1 1 0 1 0 0 0 0 1 0 x
0.015991266627567 0 1 0 0 0 0 0 0 0 0 0 1 1 1 1 0 1 1 0 1 1 1 0 0 1 x
0.027438641118181 0 1 0 0 0 0 0 0 0 0 1 0 1 1 1 1 1 1 0 1 1 0 0 1 1 x
0.030160668183243 0 1 0 0 0 0 0 0 0 1 0 0 1 1 1 1 1 1 0 0 1 1 0 1 0 x
0.084775810451470 1 0 1 0 0 0 0 1 1 1 1 1 1 0 1 1 0 1 0 0 1 1 0 0 1 x
0.049176408527387 0 0 1 0 0 0 0 0 1 0 0 0 1 1 1 0 1 0 1 0 1 0 1 1 0 x
0.071815980438607 0 1 0 0 0 0 0 0 1 0 0 0 1 0 1 0 1 1 0 1 1 0 0 0 1 x
0.025043794028699 0 1 0 0 0 0 0 0 0 0 0 1 1 1 1 0 0 0 0 1 1 1 0 0 1 x
0.053250936366392 0 0 0 1 0 0 0 0 0 0 1 1 1 1 1 0 1 1 0 1 1 1 0 0 1 x
0.038192051451952 0 1 0 0 0 0 0 0 0 0 0 1 1 1 1 1 0 1 0 0 1 1 0 0 1 x
0.019463687442413 0 1 0 0 0 0 0 0 0 0 1 0 1 1 1 0 1 1 0 1 0 1 0 1 1 x
0.039534556809638 0 1 0 0 0 0 0 0 0 0 1 1 1 1 1 0 1 0 0 1 1 1 0 0 1 x
0.041201436319590 0 0 1 0 0 0 0 0 0 0 0 1 1 1 0 1 1 0 0 1 0 1 0 1 1 x
0.047704816725676 0 1 0 0 0 0 0 0 1 0 1 1 1 1 0 1 1 0 0 1 0 1 1 0 0 x
0.027066870402181 0 1 0 0 0 0 0 0 0 0 0 0 1 1 0 1 1 1 0 1 0 1 0 1 1 x
0.021839343338087 0 0 1 0 0 0 0 0 0 0 0 1 1 1 1 0 1 0 1 1 0 1 0 0 1 x
0.110901266562353 0 0 1 0 0 0 1 0 1 0 0 1 1 1 0 1 1 0 1 1 0 1 0 0 1 x
0.023491236773252 0 1 0 0 0 0 0 0 0 0 0 1 1 1 1 0 1 0 1 1 0 1 0 0 1 x
0.070391833532701 0 1 0 0 0 0 1 0 0 1 1 0 1 1 0 1 1 1 0 1 0 0 1 1 0 x
0.050906459238472 0 0 1 0 0 0 0 0 0 0 0 1 0 1 1 0 0 1 0 1 1 1 0 0 1 x
0.047212566775606 1 0 0 0 0 0 1 0 0 1 1 1 1 0 0 1 1 1 0 0 1 0 0 0 1 x
0.063329063310492 0 1 0 0 0 0 0 0 0 1 0 1 1 1 1 1 0 0 0 0 1 1 0 1 0 x
0.019327567223986 0 1 0 0 0 0 0 0 0 0 0 0 1 1 1 1 0 1 0 1 1 1 0 1 1 x
0.030125911468827 0 1 0 0 0 0 0 0 0 0 1 0 1 1 1 1 0 1 0 1 0 1 0 1 1 x
0.076676129887156 0 0 1 0 0 0 0 0 1 0 0 1 0 1 0 1 1 0 1 0 1 0 1 1 0 x
0.075676064916077 0 0 1 0 0 0 1 0 0 0 1 1 0 1 1 0 1 1 0 1 1 0 0 0 1 x
0.019375694303621 1 0 0 0 0 0 0 0 0 1 1 1 1 0 0 1 1 1 1 0 0 0 1 1 0 x
0.022735254370865 1 0 0 0 0 0 0 0 0 1 1 0 1 1 1 1 1 1 0 0 1 0 1 1 0 x
0.011067023115929 1 0 0 0 0 0 0 0 0 0 1 1 1 1 0 1 1 1 1 0 1 0 1 1 0 x
0.022246809568934 0 1 0 0 0 0 0 0 0 1 0 0 1 1 1 1 1 1 0 1 0 1 0 1 1 x
0.043631636595026 0 1 0 0 0 0 1 0 0 0 1 0 1 1 1 0 1 1 0 1 0 0 1 1 0 x
0.039436832600645 0 1 0 0 0 0 0 0 0 0 0 0 1 1 1 1 1 0 0 1 1 1 0 0 1 x
0.025519669912553 1 0 0 0 0 0 0 0 0 0 1 1 1 1 1 1 0 1 1 0 1 0 1 1 0 x
0.034045569056824 0 1 0 0 0 0 0 0 0 1 0 1 1 0 1 0 1 1 1 0 1 1 0 0 1 x
0.023807976473730 1 0 0 0 0 0 0 0 0 0 0 1 1 1 0 1 0 0 0 0 1 0 1 1 0 x
0.013996764502122 1 0 0 0 0 0 0 0 0 0 0 1 1 1 0 1 0 0 0 0 1 1 0 1 0 x
0.035839832370777 1 0 0 0 0 0 0 0 0 0 0 1 1 1 0 1 0 1 1 0 1 1 1 1 0 x
0.043945362619003 1 0 0 0 0 0 1 0 0 0 0 1 1 1 0 1 0 0 1 0 1 1 0 0 1 x
0.018039682991103 1 0 0 0 0 0 0 0 0 0 0 1 1 1 0 1 1 0 0 0 1 1 1 0 0 x
0.052208529967384 1 0 0 0 0 0 1 0 0 0 0 1 1 1 0 1 0 0 0 0 1 1 1 0 0 x
0.055871599668401 1 0 0 0 0 0 0 0 0 0 0 0 1 1 0 1 1 0 1 0 1 0 1 1 0 x
0.089253337311660 1 1 0 0 0 0 0 0 1 1 0 1 1 0 0 1 1 0 0 0 1 1 0 0 1 x
0.045640452560965 1 0 0 0 1 0 0 0 0 1 1 1 1 1 0 1 1 0 0 0 0 1 1 0 0 x
0.060891026636589 1 0 0 0 1 0 0 0 0 1 1 0 1 1 0 0 1 1 0 0 0 0 1 1 0 x
0.019889648352936 0 1 0 0 0 0 0 0 0 0 0 1 1 1 0 1 1 0 1 0 1 0 0 1 1 x
0.025016857462483 1 0 0 0 0 0 0 0 0 0 0 1 1 1 0 1 1 0 0 1 0 1 0 1 1 x
0.012079400820856 1 0 0 0 0 0 0 0 0 0 0 1 1 1 0 1 1 0 1 0 0 1 1 1 0 x
0.017711194719614 1 0 0 0 0 0 0 0 0 0 0 1 1 1 0 1 0 0 1 1 0 1 0 1 0 x
0.036644540722666 1 0 0 0 0 0 1 0 0 1 0 1 1 1 0 1 1 0 0 1 0 1 0 0 1 x
0.025620857189830 1 0 0 0 0 0 1 0 0 0 1 1 1 1 0 1 1 0 1 1 0 1 0 0 1 x
0.064623448100848 1 0 1 0 0 0 0 0 1 0 1 1 1 1 0 1 1 0 0 1 0 1 0 0 1 x
0.072740853102351 1 0 0 0 1 0 1 0 0 1 1 1 1 1 0 1 1 1 0 0 0 1 0 0 1 x
0.057220298878040 1 0 0 0 1 0 0 0 1 0 1 1 1 1 0 1 1 0 1 1 0 1 0 0 1 x
0.091507310031827 0 1 0 1 0 0 0 0 1 1 1 1 1 0 0 1 1 0 1 0 1 0 0 1 0 x
0.030820080867596 1 0 0 0 0 0 0 0 0 0 0 1 1 1 0 1 0 0 0 1 0 1 1 1 0 x
0.028743521529210 0 1 0 0 0 0 0 0 0 0 0 1 1 1 0 1 0 0 1 0 1 0 0 1 0 x
0.124606958273969 1 0 0 0 1 0 0 0 1 1 1 1 1 1 0 1 1 1 1 1 0 1 0 0 0 x
0.083045371664631 1 0 0 0 1 0 0 0 0 0 1 1 1 1 0 1 1 0 0 0 0 1 0 1 1 x
0.017455556784325 0 1 0 0 0 0 0 0 0 0 0 1 1 1 0 1 1 0 0 1 0 1 1 0 1 x
0.169833794822265 1 0 1 0 0 0 1 0 0 1 1 1 0 0 1 1 1 0 1 1 0 1 0 0 1 x
0.112729048129838 1 0 1 0 0 0 0 0 1 0 0 1 1 1 0 1 0 0 1 1 0 1 0 1 0 x
0.076080785806264 1 0 0 0 0 0 1 0 0 0 1 1 1 0 0 1 0 0 0 1 1 0 0 0 1 x
0.040103774420133 1 0 0 0 0 0 1 0 0 1 1 1 1 1 0 1 1 0 1 0 1 1 0 0 0 x
0.048313120265506 0 1 0 0 0 1 0 0 0 0 0 1 1 1 0 1 1 0 0 0 0 0 1 1 0 x
0.031351299532388 1 0 0 0 0 0 0 0 0 0 1 1 1 1 0 1 1 0 0 1 0 1 0 1 0 x
0.098188655297850 0 0 1 1 0 0 0 0 1 0 1 1 1 1 1 1 1 1 0 1 0 1 0 0 1 x
0.023515068280680 1 0 0 0 0 0 0 0 0 1 0 1 1 1 0 1 1 0 1 0 0 1 1 0 0 x
0.216500879853386 0 0 0 0 0 0 0 0 0 0 0 1 1 1 0 1 1 0 0 1 0 1 0 0 1 x
0.045085312157742 1 0 0 1 0 0 0 0 1 1 1 1 1 1 0 1 0 0 1 0 1 1 0 0 0 x
0.054937424454268 1 1 0 0 0 0 0 0 1 1 1 1 1 1 0 1 1 0 1 0 0 1 1 0 0 x
0.027105504659481 0 0 1 0 0 0 0 0 0 0 1 0 1 1 1 1 1 1 0 1 0 1 0 1 1 x
0.190296637839539 1 0 0 1 0 0 1 1 1 1 1 1 1 0 1 0 0 0 0 1 1 0 0 0 1 x
0.030201802368088 1 0 0 0 0 0 0 0 0 0 1 1 1 1 0 1 0 1 1 1 0 1 0 1 1 x
0.077463708566339 0 0 1 1 0 0 0 0 0 0 0 1 1 1 1 0 1 0 0 0 0 1 1 0 0 x
0.061622574971152 1 0 0 1 0 0 0 0 0 1 1 1 1 1 0 1 1 1 1 0 0 1 0 1 1 x
0.124262598596417 1 1 0 0 0 0 1 0 0 1 0 1 1 1 0 1 1 0 1 0 0 1 1 0 1 x
0.063446418639960 0 0 0 1 0 1 0 0 0 0 1 1 1 1 1 1 1 1 0 0 1 1 1 0 0 x
0.059372664375716 0 1 0 0 0 1 0 0 0 1 1 0 1 1 1 0 1 1 1 0 0 0 1 1 0 x
0.049610003005558 0 0 1 0 0 0 0 0 0 0 0 1 1 1 1 1 1 0 0 1 0 1 0 1 0 x
0.059665978350955 0 0 1 0 0 0 0 0 0 0 0 1 1 1 1 0 1 1 0 0 0 1 0 1 1 x
0.028824529637186 1 0 0 0 0 0 1 0 0 0 1 1 1 1 0 1 0 1 1 0 1 0 0 1 0 x
0.026252874450692 0 1 0 0 0 0 0 0 0 1 0 1 1 1 0 1 1 0 1 0 0 1 1 0 0 x
0.083398368788412 1 0 0 1 0 0 0 1 0 0 1 1 1 1 1 0 0 1 1 0 1 0 1 1 0 x
0.072102101944827 1 0 0 0 0 0 1 0 0 1 1 1 1 1 0 1 1 1 1 1 0 1 0 1 1 x
0.081138451690846 0 0 1 0 0 1 0 0 0 0 0 1 1 1 1 0 1 1 1 0 1 0 1 1 0 x
0.065702950210433 0 0 1 0 0 0 0 0 1 0 0 0 1 1 1 0 1 0 1 1 0 1 1 0 1 x
0.087970790770072 0 1 0 1 0 0 0 0 0 1 1 0 1 1 1 1 1 1 0 0 1 1 0 1 1 x
0.081540561984173 1 0 0 1 0 0 0 0 0 0 1 1 1 1 0 1 0 0 1 1 0 1 0 1 1 x
0.042565710794452 1 0 0 1 0 0 0 0 1 1 1 1 1 1 0 1 1 0 1 0 0 1 1 0 0 x
0.054069913600848 0 0 1 0 0 0 0 0 0 0 1 0 0 1 1 1 1 1 1 1 0 1 1 1 0 x
0.134425355011638 1 0 1 0 0 0 0 1 1 1 1 1 1 0 1 0 1 1 1 0 1 0 1 1 0 x
0.066203858733167 1 0 1 0 0 0 0 1 0 0 1 1 1 1 0 0 1 0 0 0 0 1 1 0 0 x
0.011810460855387 1 0 0 0 0 0 0 0 0 0 1 1 0 1 1 1 0 1 1 1 1 0 0 1 1 x
0.034694473971076 1 0 0 0 0 0 0 0 0 1 1 0 0 1 1 1 1 1 1 1 0 0 0 1 1 x
0.025060243773217 1 0 0 0 0 0 0 0 0 0 1 1 0 1 0 1 0 1 0 1 1 0 0 1 0 x
0.020790113749447 1 0 0 0 0 0 0 0 0 0 1 0 1 1 1 1 0 1 1 1 1 1 0 1 1 x
0.020927273019106 1 0 0 0 0 0 0 0 0 0 0 1 1 1 1 1 0 1 1 1 1 1 0 1 1 x
0.036771888181276 1 0 0 0 0 1 0 0 0 0 1 1 1 1 1 1 0 1 1 1 1 0 0 1 1 x
0.074358191844922 0 0 1 0 0 0 0 0 1 1 0 0 0 1 1 0 1 1 0 0 0 0 1 1 0 x
0.056888988863309 1 0 1 0 0 0 0 0 1 1 1 1 1 1 0 1 1 0 0 0 0 1 1 0 0 x
0.017168136104844 1 0 0 0 0 0 0 0 0 0 1 1 1 1 0 1 0 1 1 1 1 0 0 1 1 x
0.061278804822747 1 1 0 0 0 0 0 1 1 1 1 1 1 0 1 0 1 0 1 1 0 0 1 0 0 x
0.109677165919777 0 1 1 0 0 0 0 0 1 1 0 1 1 1 0 1 1 1 1 0 1 0 0 1 1 x
0.041589109041668 1 0 0 0 0 0 1 0 0 0 1 1 1 1 1 1 1 1 1 1 1 1 0 0 1 x
0.071973563334652 1 0 0 0 1 0 0 0 0 0 1 1 1 1 0 1 1 1 1 0 1 1 0 0 1 x
0.033980328085456 1 0 0 0 0 0 1 0 0 1 0 1 1 1 0 1 1 0 1 0 0 1 1 0 0 x
0.068196762249168 1 0 0 1 0 0 0 0 0 0 1 1 1 1 1 0 0 1 1 1 1 0 0 1 1 x
0.148840833786549 1 1 0 0 1 0 0 0 1 1 1 1 1 1 1 1 0 1 1 1 0 1 0 1 1 x
0.041851115425959 0 0 1 0 0 0 0 1 0 0 0 1 1 1 1 0 1 0 1 0 0 1 1 0 0 x
0.077967147297754 0 1 0 0 0 1 0 0 0 0 1 0 1 1 1 1 1 1 1 1 0 1 0 1 1 x
0.022429009506200 1 0 0 0 0 0 0 0 0 0 1 0 1 1 1 1 0 1 0 1 1 0 0 1 1 x
0.110991203931339 1 1 0 0 0 1 0 1 1 1 1 1 1 0 0 1 0 0 0 0 1 0 1 0 0 x
0.022261687238115 0 0 0 1 0 0 0 0 0 0 1 0 1 1 1 1 1 1 1 0 1 0 1 1 0 x
0.197388021063829 1 0 1 0 0 1 0 1 1 0 1 1 1 0 0 0 0 0 0 0 1 0 0 0 0 x
0.060030549790633 0 1 0 0 0 1 0 0 0 1 0 1 1 1 0 1 1 0 1 0 1 0 0 1 0 x
0.128383914819490 0 1 0 1 0 1 0 0 0 1 1 1 1 0 1 0 1 0 1 0 1 0 0 0 1 x
0.092443136821850 1 0 1 0 0 0 0 1 1 0 1 1 1 1 1 0 1 0 1 1 0 1 1 0 0 x
0.072078051019719 1 0 0 0 0 1 0 0 0 1 1 0 1 1 1 1 1 1 1 1 0 0 1 1 0 x
0.130970736710065 0 1 0 0 0 1 0 0 0 0 0 0 1 1 0 1 0 0 0 0 1 0 0 1 1 x
0.203139534118927 0 0 1 0 0 1 0 0 1 0 1 1 0 1 1 1 1 1 1 1 1 1 0 0 1 x
0.053199079041031 0 1 0 0 0 1 0 0 0 0 0 1 1 1 1 0 1 0 1 0 0 1 1 0 0 x
0.183569833567538 1 1 1 0 0 1 0 1 1 1 1 1 1 1 1 0 0 1 1 0 0 0 1 1 0 x
0.097333133009788 0 0 1 0 0 1 0 0 1 1 0 0 1 1 1 1 1 0 1 0 0 0 1 1 0 x
0.024512659027769 1 0 0 0 0 0 0 0 0 0 1 1 0 1 1 1 1 1 0 1 1 0 0 1 1 x
0.037955553399836 1 0 0 0 0 1 0 0 0 1 0 1 1 1 0 1 1 0 1 0 0 1 0 1 0 x
0.042948798197739 1 0 0 0 0 1 0 0 0 1 1 1 1 0 1 1 0 1 1 0 1 0 0 1 0 x
0.044597132600052 0 1 0 0 0 0 0 0 1 0 1 0 1 0 1 0 1 0 1 0 1 0 0 0 1 x
0.020625601393366 1 0 0 0 0 0 0 0 0 0 1 1 1 1 1 1 0 0 1 1 1 1 0 0 1 x
0.043549646223703 1 0 0 0 0 1 0 0 0 1 1 1 1 1 0 1 1 1 1 0 0 0 0 1 1 x
0.028924222475530 0 0 0 1 0 0 0 0 0 0 1 1 1 1 1 1 1 1 1 0 1 1 0 0 1 x
0.096950709079863 0 1 0 0 0 1 0 0 0 1 0 1 1 0 1 0 1 1 0 0 1 1 0 0 0 x
0.026107752465045 0 0 1 0 0 0 0 0 0 0 1 0 0 1 1 0 1 0 0 1 0 1 0 0 1 x
0.063648620567874 0 1 0 0 0 0 0 0 0 0 0 0 1 1 1 1 1 1 1 0 0 1 0 1 1 x
0.019224003450475 0 1 0 0 0 0 0 0 0 0 0 1 1 1 0 0 1 0 1 1 0 0 1 1 0 x
0.035247129722278 0 1 0 0 0 0 0 0 1 0 0 1 1 1 1 0 1 1 0 1 0 1 1 0 1 x
0.078702945894810 1 0 0 0 1 0 0 0 0 0 1 0 1 1 1 1 1 1 0 1 0 1 0 1 1 x
0.092143271079704 0 0 1 1 0 0 0 0 0 1 1 1 0 1 0 1 1 0 1 0 0 0 1 1 0 x
0.034339503270957 0 0 0 1 0 0 0 0 0 0 1 0 1 1 1 1 1 1 0 0 0 1 1 1 0 x
0.035922748488841 1 0 0 0 0 1 0 0 0 1 0 1 1 1 0 1 1 0 1 0 0 0 1 1 0 x
0.050035164080314 0 1 0 0 0 0 0 1 0 0 0 1 1 1 0 0 1 0 1 0 0 1 1 0 0 x
0.043328869377923 0 1 0 0 0 0 0 0 1 0 1 0 0 1 1 0 1 0 0 1 1 0 0 0 1 x
0.019381598294320 0 0 1 0 0 0 0 0 0 0 0 1 1 1 1 1 0 1 1 0 1 1 0 1 0 x
0.043328233286253 1 0 0 0 0 0 0 0 0 0 0 1 1 1 0 1 0 0 1 1 1 1 0 1 1 x
0.053278232097306 0 0 1 0 0 0 0 0 0 0 1 1 0 1 1 0 1 0 1 1 0 1 1 0 1 x
0.025035124687699 1 0 0 0 0 0 0 0 0 0 0 1 1 1 0 1 1 1 0 0 1 0 1 1 0 x
0.014396364273344 1 0 0 0 0 0 0 0 1 0 1 0 1 1 1 1 1 0 0 1 1 1 0 0 1 x
0.027144296536475 1 0 0 0 0 0 0 0 1 0 1 0 1 1 1 1 1 1 0 1 0 1 0 1 1 x
0.023596366499783 1 0 0 0 0 0 0 0 1 1 1 0 1 1 1 1 1 1 1 0 1 1 0 0 1 x
0.020521201562047 1 0 0 0 0 0 0 0 1 0 1 0 1 1 1 1 1 0 1 1 0 1 1 0 1 x
0.059596964679533 1 0 0 0 0 0 0 0 1 1 1 0 1 1 0 1 1 0 0 1 0 1 0 0 1 x
0.068552656640657 1 0 0 1 0 0 0 0 1 1 1 0 1 1 1 1 1 0 1 0 1 1 0 0 1 x
0.019550849329866 1 0 0 0 0 0 0 0 1 0 1 0 1 1 1 1 1 0 1 0 1 1 1 0 0 x
0.032270754387476 1 0 0 0 0 0 0 0 1 0 1 0 0 1 1 1 1 1 0 1 0 0 1 1 0 x
0.083609702040430 1 1 0 0 0 0 0 0 1 1 1 0 1 0 1 1 0 0 0 0 1 1 1 0 0 x
0.015619468651870 1 0 0 0 0 0 0 0 1 0 0 1 1 1 1 1 1 0 1 0 1 1 1 0 0 x
0.038771732974362 1 0 0 0 0 0 0 0 1 0 1 1 1 0 1 1 1 0 1 1 1 1 0 0 1 x
0.125472724193235 0 0 1 1 0 1 0 0 0 1 1 1 1 1 1 1 0 1 0 0 0 1 0 1 0 x
0.040864676573973 0 0 1 0 0 0 0 0 0 1 0 1 1 1 0 0 1 1 1 0 1 0 0 1 0 x
0.056324543056731 1 0 0 1 0 0 0 0 1 0 0 1 1 1 1 1 0 0 0 0 1 1 1 0 0 x
0.021850599813198 0 1 0 0 0 0 0 0 0 0 1 0 0 1 1 1 1 1 0 1 0 1 0 1 1 x
0.033311387639759 1 0 0 0 0 0 0 0 1 0 0 1 1 1 0 1 1 0 1 1 0 1 1 0 0 x
0.024441325625782 0 0 1 0 0 0 0 0 0 0 1 0 0 1 1 0 1 1 1 0 1 0 0 1 1 x
0.056685635451361 0 0 0 1 0 0 0 0 0 1 1 0 0 1 1 1 1 1 0 0 1 0 0 1 0 x
0.104234321341316 1 0 1 0 0 0 0 0 0 0 1 1 0 1 1 1 0 1 0 1 1 0 0 1 1 x
0.099456837502989 0 0 1 0 0 0 0 1 0 0 1 0 0 1 1 0 1 1 1 0 1 0 0 1 0 x
0.064078793679217 0 0 1 0 0 0 0 0 1 0 1 0 0 1 1 0 1 0 0 1 1 0 0 0 1 x
0.041425886138134 1 0 0 0 0 0 1 0 1 0 1 1 1 1 1 1 1 0 0 1 0 1 0 0 1 x
0.020623949781367 0 0 1 0 0 0 0 0 0 0 0 0 1 1 1 0 1 1 1 0 1 1 0 1 1 x
0.015785375349003 0 0 1 0 0 0 0 0 0 0 1 0 0 1 1 1 1 1 0 0 1 1 0 1 1 x
0.045731443634135 0 1 0 0 0 0 0 0 1 1 1 0 0 1 1 1 1 1 0 1 0 0 1 1 0 x
0.027473282566662 0 0 1 0 0 0 0 0 0 0 1 0 0 1 0 1 1 1 1 0 0 1 0 1 1 x
0.059953050557741 0 0 1 0 0 0 0 0 1 0 0 0 0 1 1 1 0 1 0 0 1 1 0 1 0 x
0.046148437941389 1 0 0 0 1 0 0 0 0 1 1 1 1 1 0 1 1 1 0 0 1 0 0 1 0 x
0.049364630283826 1 0 0 0 0 1 0 0 0 0 0 1 1 1 1 1 0 1 1 1 0 1 0 1 1 x
0.111331908796261 1 1 0 0 0 0 0 1 1 0 0 1 1 1 1 0 1 0 0 1 0 1 1 0 1 x
0.052217269301692 0 0 1 0 0 0 0 0 0 1 1 0 0 1 0 1 1 1 0 0 1 0 0 1 1 x
0.036971462845264 1 0 0 0 0 0 0 0 0 0 1 0 1 1 1 1 1 0 1 0 1 1 0 0 1 x
0.049890131295491 0 0 1 0 0 0 0 0 0 0 0 0 0 1 1 0 1 0 0 1 0 1 0 1 1 x
0.025214969705679 0 1 0 0 0 0 0 0 1 0 1 0 1 1 1 1 1 1 0 0 1 1 1 0 0 x
0.137836837039172 0 0 1 1 0 0 1 0 0 0 1 1 1 1 1 0 1 1 1 0 0 0 1 1 0 x
0.036942312254010 0 1 0 0 0 0 1 0 0 0 0 1 1 1 1 0 1 0 0 1 0 1 1 0 0 x
0.055321735435998 1 0 0 0 0 1 0 0 0 1 1 1 0 0 1 1 1 1 0 1 0 0 0 1 1 x
0.017657801117475 1 0 0 0 0 0 0 0 1 0 0 1 1 1 1 1 0 0 1 1 1 1 0 0 1 x
0.026773477168510 0 0 1 0 0 0 0 0 0 1 1 0 0 1 1 1 1 1 1 0 0 1 0 1 1 x
0.046293485830987 0 1 0 0 0 0 0 0 0 0 0 1 1 0 0 1 1 0 1 0 1 0 0 1 0 x
0.090663498915796 1 1 0 0 0 0 0 0 1 0 1 1 1 0 1 1 0 0 1 1 1 0 0 0 1 x
0.061875370038403 0 1 0 0 0 1 0 0 1 0 0 1 1 1 1 1 0 1 0 1 0 1 0 1 0 x
0.048025379330501 1 0 0 0 0 0 0 0 1 0 1 0 0 1 1 1 1 1 0 1 1 1 0 0 1 x
0.024216698260266 0 1 0 0 0 0 0 0 0 0 0 1 1 1 1 0 1 0 1 0 1 1 1 0 1 x
0.029169854251625 0 0 1 0 0 0 0 0 0 0 1 0 1 1 1 1 0 1 1 0 1 1 0 1 1 x
0.077529655285085 1 0 0 0 1 0 0 0 1 0 1 0 1 1 1 1 1 1 0 0 1 1 1 0 1 x
0.053281904592995 0 1 0 0 0 0 0 0 0 0 0 1 1 1 0 0 1 0 0 1 0 1 0 1 1 x
0.031362313963645 0 1 0 0 0 0 0 0 0 1 1 0 1 1 1 0 1 0 1 1 0 0 1 1 0 x
0.041002867911524 1 0 0 0 0 1 0 0 0 1 0 1 1 1 0 1 0 1 0 0 1 0 0 1 0 x
0.042259899915992 0 1 0 0 0 0 1 0 0 0 0 1 1 1 1 0 1 0 1 0 1 0 0 0 1 x
0.030729567564178 0 0 1 0 0 0 0 0 0 0 1 1 0 1 1 0 1 1 1 0 0 1 0 1 0 x
0.054206400710762 1 0 0 0 0 0 0 0 1 1 0 1 1 1 0 1 1 0 1 0 1 1 1 0 0 x
0.098025650295092 1 1 0 0 0 1 0 0 1 1 1 1 1 0 1 1 0 1 0 1 0 0 1 1 0 x
0.029217193052758 0 1 0 0 0 0 0 1 0 0 0 1 1 1 0 1 1 0 1 0 0 0 1 1 0 x
0.077600196767209 1 0 0 0 0 1 0 1 0 0 0 1 1 1 0 1 0 0 1 0 0 1 0 1 0 x
0.033570734259365 0 1 0 0 0 0 0 0 1 0 0 1 1 1 0 1 1 0 0 1 0 0 1 1 0 x
0.019380198446648 1 0 0 0 0 0 0 0 1 0 1 0 1 1 1 1 1 1 1 1 1 0 0 1 1 x
0.030259290424757 0 0 1 0 0 0 0 0 0 0 1 0 1 0 1 0 1 1 0 0 1 1 0 0 1 x
0.135307094205282 1 1 0 0 1 0 0 1 1 1 1 1 1 0 0 0 1 0 0 0 0 0 1 0 0 x
0.029520720525964 1 0 0 0 0 0 0 0 0 0 0 1 1 1 1 1 1 0 1 1 0 1 1 0 1 x
0.030060853467414 0 1 0 0 0 0 0 0 0 1 1 0 1 0 1 1 1 1 0 1 0 1 0 1 0 x
0.013316739596253 0 0 1 0 0 0 0 0 0 0 0 0 1 1 0 1 1 0 1 0 0 1 0 1 1 x
0.027104968764207 0 1 0 0 0 0 0 0 1 0 0 1 1 1 1 1 0 1 0 1 1 1 0 1 0 x
0.041794054372004 0 0 1 0 0 0 0 1 0 0 0 1 1 1 0 1 1 0 1 0 0 1 0 1 0 x
0.105917716631766 0 1 1 0 0 0 0 1 0 1 0 1 1 1 0 0 1 0 1 0 0 0 1 1 0 x
0.032286693060596 0 0 1 0 0 0 0 0 0 1 0 1 1 1 0 1 1 1 1 0 0 1 0 1 0 x
0.054186170364655 0 1 0 0 0 0 0 0 0 0 0 1 1 1 1 0 1 0 1 0 1 0 1 0 0 x
0.023833827924275 0 1 0 0 0 0 0 0 0 0 0 1 1 1 1 0 0 1 1 1 0 1 0 1 0 x
0.052365251483232 0 1 0 0 0 0 0 0 1 0 1 0 1 1 1 1 1 0 0 0 1 0 1 0 1 x
0.047033811541550 0 0 1 0 0 0 0 0 0 0 0 1 0 1 1 1 0 1 1 0 0 1 0 1 0 x
0.080940359131954 0 1 0 1 0 0 0 1 0 0 1 1 1 1 1 0 0 1 0 1 0 1 0 1 0 x
0.078616367850256 0 1 0 0 1 0 0 0 0 1 1 1 1 0 1 0 1 1 0 0 1 1 0 0 1 x
0.126821084060029 0 1 1 0 0 0 0 0 0 1 1 1 0 0 1 0 1 1 0 0 1 1 0 0 1 x
0.018761288551491 0 0 1 0 0 0 0 0 0 0 0 1 1 1 0 1 1 1 1 0 1 0 0 1 1 x
0.033734382830286 0 0 0 1 0 0 0 0 0 0 1 1 0 1 1 1 1 1 0 0 1 1 1 0 0 x
0.011664726211578 1 0 0 0 0 0 0 0 0 0 1 0 1 1 0 1 0 1 0 0 1 0 1 1 0 x
0.057700291774143 1 0 0 0 0 0 1 0 1 0 1 1 1 0 1 1 1 1 0 1 1 0 0 0 1 x
0.024533383785036 1 0 0 0 0 0 0 0 0 0 1 1 1 1 0 1 1 1 1 0 1 0 0 1 1 x
0.058687960514066 0 1 0 0 1 0 0 0 0 1 1 0 1 1 1 0 1 1 0 0 0 1 0 1 0 x
0.050904467957389 1 0 0 0 0 0 0 1 0 0 1 1 1 1 0 1 0 0 0 1 1 0 0 1 0 x
0.018982447846921 1 0 0 0 0 0 0 0 1 0 1 0 1 1 0 1 1 1 0 0 1 0 1 1 0 x
0.106625393064761 0 1 0 0 0 1 0 0 0 1 0 0 1 1 0 1 1 0 0 0 0 1 1 1 0 x
0.059622945915265 0 1 0 0 1 0 0 0 0 0 0 1 1 1 0 1 1 0 0 0 0 1 0 1 0 x
0.071708465572481 0 1 0 0 1 0 0 0 0 0 1 0 1 1 1 0 1 0 0 0 1 0 0 1 1 x
0.065952441136892 0 1 0 0 1 0 0 0 0 0 1 1 0 1 1 0 1 1 0 1 0 0 0 1 1 x
0.081174438629919 0 1 0 0 1 0 0 0 0 0 1 0 1 1 1 1 1 1 0 1 0 1 0 1 1 x
0.057122140184022 0 1 0 0 0 1 0 0 0 1 0 1 1 1 1 0 1 1 1 1 0 0 0 1 1 x
0.081019879071864 0 1 0 1 0 0 0 0 0 1 1 1 0 1 0 1 1 1 0 1 0 0 0 1 1 x
0.045987891136811 0 1 0 0 1 0 0 0 0 0 1 1 1 1 1 0 1 0 1 0 0 1 1 0 0 x
0.074524280413894 0 1 0 0 1 0 0 0 0 0 0 1 1 1 0 0 1 0 1 0 0 0 1 1 0 x
0.054627993700172 0 0 1 0 1 0 0 0 0 0 1 1 1 1 1 0 1 0 0 1 0 1 1 0 0 x
0.094462289193885 0 0 1 0 1 0 0 0 0 0 1 1 0 1 1 0 1 1 1 0 0 0 1 1 0 x
0.087209437791602 1 0 0 1 0 0 0 0 1 1 1 0 1 1 1 1 1 1 1 0 0 0 1 1 0 x
0.029802935887332 0 0 0 1 0 0 0 0 0 0 1 0 1 1 0 1 1 1 0 0 1 0 1 1 0 x
0.073280089400403 0 0 0 1 1 0 0 0 0 0 1 1 1 1 1 1 1 1 0 0 1 1 1 0 0 x
0.036584478095999 0 0 0 1 0 0 0 0 0 0 1 0 1 1 1 1 0 1 0 1 1 1 0 1 0 x
0.024957094927920 1 0 0 0 0 0 0 0 1 0 1 0 1 1 1 1 0 1 0 1 1 0 1 1 0 x
0.108224052257074 1 0 0 1 0 1 0 0 1 1 1 1 1 1 1 1 0 1 1 0 1 1 0 0 1 x
0.022909930718516 0 0 1 0 0 0 0 0 0 0 1 0 1 0 1 1 1 1 1 0 1 1 0 1 1 x
0.118509165442204 1 0 1 0 0 1 0 1 1 1 0 1 1 1 0 1 0 1 0 0 0 0 0 1 0 x
0.118614464724514 0 1 0 1 0 1 0 0 1 0 1 1 1 1 1 0 0 0 0 1 1 0 0 1 0 x
0.023096371251166 1 0 0 0 0 0 0 0 1 0 1 1 0 1 0 1 1 1 1 1 0 0 0 1 1 x
0.018383292162926 0 1 0 0 0 0 0 0 0 0 0 1 1 1 0 1 0 1 0 1 0 1 0 1 0 x
0.045859545239556 1 0 0 0 0 1 0 0 0 0 1 1 1 1 0 1 0 1 0 0 1 0 1 1 0 x
0.022495652583054 0 0 0 1 0 0 0 0 0 0 1 0 1 1 1 1 1 1 1 0 1 1 0 1 1 x
0.031977829171279 1 0 0 0 1 0 0 0 0 0 1 1 1 1 1 0 1 0 0 0 1 1 1 0 0 x
0.028904515324823 0 1 0 0 0 0 0 0 0 0 1 1 0 1 1 1 0 1 1 1 0 1 0 1 0 x
0.062877568240464 0 1 0 0 1 0 0 0 0 0 0 1 1 1 1 0 1 0 0 0 1 1 1 0 0 x
0.054509514003411 0 0 1 0 0 1 0 0 0 0 0 1 1 1 1 0 1 0 0 0 0 1 1 0 0 x
0.033423198830340 1 0 0 0 0 0 0 0 1 0 1 1 1 1 1 1 1 0 0 1 1 1 1 0 0 x
0.120560788746109 0 1 0 0 1 1 0 0 0 0 1 1 1 1 1 0 1 1 0 0 0 1 0 1 0 x
0.028386272014777 0 1 0 0 0 0 0 0 0 1 1 1 0 1 1 0 1 1 1 1 0 0 0 1 1 x
0.034128545248426 0 1 0 0 0 0 0 0 1 0 1 1 0 1 1 1 1 1 1 1 1 0 0 1 1 x
0.114721428245308 1 0 0 1 0 1 0 1 0 1 1 1 1 0 1 1 0 1 0 0 1 0 0 1 0 x
0.056372104034412 0 1 0 0 0 1 0 0 0 1 1 1 0 1 1 1 1 1 0 1 0 0 0 1 1 x
0.046702745274534 1 0 0 0 0 1 0 0 1 1 0 1 1 1 1 1 1 0 1 0 0 1 1 0 0 x
0.020276678705737 0 1 0 0 0 0 0 0 0 1 1 0 1 0 1 1 1 1 1 0 1 0 0 1 1 x
0.049792167841318 1 0 0 0 0 1 0 0 1 1 1 1 1 1 1 1 1 1 1 1 0 0 0 1 1 x
0.048985283267303 0 1 0 0 0 0 0 0 1 1 1 0 1 1 1 0 1 1 0 1 1 0 0 0 1 x
0.039327510827247 0 0 1 0 0 0 0 0 1 1 0 0 1 1 1 1 1 1 1 0 1 0 0 1 1 x
0.026085901204884 0 1 0 0 0 0 0 0 0 0 0 0 1 1 1 0 1 0 1 1 1 0 0 1 1 x
0.085455064844790 1 0 0 0 0 1 1 0 0 1 0 1 1 1 1 1 1 0 1 0 0 1 0 0 1 x
0.024487801764204 0 1 0 0 0 0 0 0 0 0 0 1 0 1 0 1 1 0 1 1 0 0 0 1 1 x
0.023641621023170 0 1 0 0 0 0 0 0 0 1 1 0 0 1 1 1 1 0 1 0 1 0 0 1 1 x
0.025724550244667 0 1 0 0 0 0 0 0 0 0 0 1 0 1 0 1 1 0 1 0 0 0 1 1 0 x
0.024971180470752 0 0 1 0 0 0 0 0 0 0 1 0 1 1 0 1 1 0 1 0 1 0 0 1 1 x
0.036440787731731 0 0 0 1 0 0 0 0 0 0 1 0 1 1 1 0 1 1 0 0 1 0 1 1 0 x
0.027515827805134 1 0 0 0 0 0 0 0 1 0 1 1 1 1 1 1 1 0 1 0 1 1 0 0 1 x
0.038294573340588 0 0 1 0 0 0 0 0 0 0 0 1 1 1 1 0 1 0 1 0 1 0 0 1 1 x
0.032884199462134 1 0 0 0 1 0 0 0 0 0 1 1 1 1 1 0 1 0 0 1 0 1 1 0 0 x
0.036149246361890 0 1 0 0 0 0 0 0 0 1 1 0 0 0 1 1 1 0 0 0 1 0 0 1 0 x
0.095505407551955 0 1 0 1 0 0 0 0 1 0 1 1 1 0 1 0 1 1 0 0 1 1 0 0 1 x
0.107787690528914 0 0 1 1 0 0 0 0 0 1 1 0 1 1 0 1 1 0 1 0 0 1 0 1 1 x
0.040421029746736 1 0 0 0 1 0 0 0 0 0 1 1 1 1 1 0 1 0 0 1 1 1 0 0 1 x
0.020471034892945 0 1 0 0 0 0 0 0 0 1 0 1 1 1 1 0 1 1 0 1 0 1 1 0 0 x
0.024805406666427 0 1 0 0 0 0 0 0 0 0 1 0 1 1 0 1 1 0 1 0 1 1 0 1 0 x
0.107271422488126 0 1 0 0 0 1 0 0 1 1 1 1 1 0 1 1 1 1 1 0 0 0 1 0 0 x
0.084052413565455 0 1 0 0 0 1 0 1 0 0 0 1 1 1 1 0 1 0 0 1 0 0 1 1 0 x
0.013532629884721 0 1 0 0 0 0 0 0 0 0 0 1 1 1 1 0 1 1 1 1 0 1 1 0 1 x
0.054468157312142 1 0 0 1 0 0 0 0 1 1 1 1 0 1 1 1 1 0 0 1 0 1 0 0 1 x
0.043299907705688 0 0 0 1 0 0 0 0 0 0 1 1 1 1 1 1 1 1 0 0 1 1 0 1 0 x
0.041762199589061 1 0 0 0 0 1 0 0 0 1 1 1 0 1 1 1 0 0 1 1 0 0 0 1 0 x
0.019488999142334 0 0 0 1 0 0 0 0 0 0 1 0 0 1 1 1 1 1 0 1 1 0 0 1 1 x
0.031440254468022 0 0 1 0 0 0 0 0 0 0 1 0 1 0 1 0 1 0 1 0 0 1 0 1 0 x
0.026759586355198 0 1 0 0 0 0 0 0 0 0 0 1 0 1 1 0 0 1 0 1 1 0 0 1 1 x
0.130124766342311 0 1 0 1 0 0 0 0 0 0 1 1 0 1 1 0 0 0 0 1 1 0 0 1 1 x
0.020412107613972 0 1 0 0 0 0 0 0 0 1 0 1 0 1 0 1 1 1 0 1 0 0 0 1 1 x
0.019933893454479 0 1 0 0 0 0 0 0 0 1 0 1 0 1 1 0 1 1 0 1 0 0 1 1 0 x
0.055536645777386 0 1 0 0 0 0 0 0 0 1 0 1 0 0 1 0 1 0 0 0 1 0 0 0 1 x
0.021492930855451 0 0 0 1 0 0 0 0 0 0 1 0 1 0 1 1 1 1 0 1 1 0 0 1 1 x
0.020989948588217 0 0 1 0 0 0 0 0 0 0 1 0 1 1 1 0 1 0 1 0 1 1 0 0 1 x
0.042240432555549 0 0 0 1 0 0 0 0 0 1 1 0 1 1 1 1 1 1 1 1 1 0 0 1 1 x
0.040419020036307 0 1 0 0 0 0 0 0 0 0 0 0 1 1 1 0 0 1 0 1 0 1 1 1 0 x
0.023835872785179 0 1 0 0 0 0 0 0 0 1 0 1 0 1 1 1 1 1 1 0 1 0 0 1 1 x
0.053766084618866 1 0 0 0 1 0 0 0 0 1 1 1 0 1 1 0 1 1 0 1 0 0 1 1 0 x
0.013124568828337 0 1 0 0 0 0 0 0 0 0 1 0 1 1 1 0 1 0 1 0 1 1 0 0 1 x
0.100869362228994 1 0 0 1 0 0 1 0 1 1 1 1 1 1 0 1 1 0 0 0 0 1 0 0 0 x
0.069159189431770 1 0 0 0 0 1 1 0 0 1 1 1 1 1 0 1 0 1 0 1 0 0 0 1 0 x
0.017201142679058 0 0 1 0 0 0 0 0 0 0 1 0 0 1 1 1 1 0 1 1 0 1 0 1 1 x
0.083940125118691 0 0 0 1 0 0 1 0 0 0 1 1 0 1 1 1 1 1 0 1 1 0 0 0 1 x
0.024644716885552 1 0 0 0 0 0 1 0 0 0 0 1 1 1 1 1 0 0 0 1 1 1 0 0 1 x
0.028895559939627 0 0 1 0 0 0 0 0 0 0 1 0 0 0 1 1 1 0 1 0 1 0 0 1 1 x
0.101819355119208 1 0 0 1 1 0 0 0 1 1 1 1 1 1 1 0 1 0 0 0 1 1 1 0 0 x
0.062849028622456 1 0 0 1 0 0 0 0 0 0 1 1 1 1 0 1 0 0 0 0 1 0 1 1 0 x
0.034865131788829 1 0 0 0 0 1 0 0 0 1 0 1 1 1 1 1 0 0 0 1 0 1 0 1 0 x
0.029449443287375 0 1 0 0 0 0 0 1 0 0 1 0 1 1 1 1 0 1 0 1 0 1 0 1 0 x
0.022540374206406 0 1 0 0 0 0 0 0 0 1 1 0 1 1 1 1 0 1 1 1 0 1 0 1 0 x
0.041957919479011 0 1 0 0 0 0 0 1 0 0 1 0 1 1 1 1 0 0 1 0 1 1 0 1 0 x
0.041350271562105 1 0 0 0 0 0 1 0 0 1 1 0 1 1 1 1 0 1 1 0 1 1 0 0 1 x
0.106555119897114 1 1 0 1 0 0 0 1 1 1 1 1 1 0 1 0 0 0 0 0 1 1 0 0 0 x
0.036734821422720 0 0 1 0 0 0 0 0 1 0 1 1 0 1 1 1 1 1 1 0 1 0 0 1 1 x
0.022957427416464 0 1 0 0 0 0 0 0 0 1 0 1 1 1 0 1 1 1 1 0 0 0 1 1 0 x
0.101503382508017 1 0 1 0 0 1 0 0 1 1 0 1 1 1 1 1 0 0 0 0 0 1 1 0 0 x
0.145863076613830 0 1 0 0 0 0 1 1 0 0 1 0 1 0 1 0 1 0 0 0 1 0 0 0 1 x
0.029203454898376 1 0 0 0 0 0 0 0 1 0 1 0 0 1 1 1 0 1 0 1 1 0 0 1 1 x
0.068094865284136 0 1 0 0 0 0 0 1 0 0 1 0 1 1 0 1 1 0 1 0 0 1 1 1 0 x
0.066451176602442 0 0 1 0 0 0 0 1 0 0 0 1 1 1 1 0 0 1 1 1 0 1 0 1 0 x
0.053511162828149 0 1 0 0 0 0 0 1 0 0 0 1 1 1 0 1 0 0 1 1 0 1 0 1 0 x
0.036688257051932 0 1 0 0 0 0 1 0 0 1 0 1 1 1 1 1 1 0 1 0 1 1 0 0 1 x
0.034830499141856 0 1 0 0 0 0 0 0 0 0 1 0 1 1 1 0 0 1 0 1 1 1 0 1 0 x
0.119853095970743 0 1 1 0 0 0 1 1 1 0 1 1 1 1 1 0 0 1 0 1 0 0 1 0 0 x
0.072642107127241 1 0 0 0 1 0 0 0 0 0 1 1 0 1 0 1 1 0 0 1 0 1 0 1 0 x
0.026003418120695 0 1 0 0 0 0 0 0 0 0 1 0 1 0 1 1 1 0 1 0 1 1 0 0 1 x
0.096211884919484 1 0 1 0 0 0 1 0 1 1 1 0 1 1 1 1 0 1 0 0 1 1 0 0 1 x
0.034436237281958 1 0 0 0 0 0 1 0 0 1 1 1 1 0 1 1 1 0 1 0 0 1 1 0 0 x
0.033831811918275 0 1 0 0 0 0 1 0 0 0 0 1 1 1 1 1 1 1 0 1 0 1 1 0 1 x
0.050966173037014 0 1 0 0 0 0 1 0 0 1 1 0 1 1 1 1 1 0 1 0 1 0 0 1 0 x
0.033232439218833 0 0 1 0 0 0 0 0 0 0 1 1 0 0 1 1 1 1 0 0 1 1 0 1 0 x
0.084060130929464 1 0 0 0 1 0 1 0 0 1 1 1 1 0 1 1 1 0 0 0 1 1 0 0 0 x
0.105414743823529 0 1 1 0 0 0 0 1 1 1 0 1 1 0 1 1 0 1 0 0 1 0 0 1 0 x
0.042234771626658 0 1 0 0 0 0 0 0 0 1 0 0 0 1 1 0 1 1 0 1 1 0 0 1 1 x
0.030205233061134 0 0 1 0 0 0 0 0 0 0 1 1 0 1 0 1 1 0 1 0 0 1 0 1 0 x
0.031763371036831 1 0 0 0 0 1 0 0 0 1 1 1 1 1 1 0 1 0 1 0 0 1 1 0 0 x
0.074184635726313 1 0 0 0 1 1 0 0 0 1 1 1 1 1 1 0 1 0 0 0 0 1 1 0 0 x
0.034186748845711 1 0 0 0 0 1 0 0 0 1 0 1 1 1 1 0 1 0 0 1 0 1 1 0 0 x
0.036039309571181 1 0 0 0 0 1 0 0 0 0 0 1 1 1 1 0 1 0 0 0 1 1 1 0 0 x
0.041882781734624 1 0 0 0 0 1 0 0 0 1 0 1 1 1 1 1 0 0 1 0 1 1 1 0 0 x
0.038399194323334 1 0 0 0 0 1 0 0 0 1 1 0 1 1 1 1 0 1 0 0 1 1 0 1 0 x
0.044703347235101 1 0 0 0 0 1 0 0 0 1 1 0 1 1 1 0 1 0 0 0 1 0 1 0 0 x
0.113270316197594 1 1 0 0 0 1 0 0 1 1 1 1 0 1 1 0 1 1 0 1 0 0 1 0 1 x
0.044596245005597 1 0 0 0 0 1 0 0 0 1 1 0 1 1 1 1 0 1 1 0 1 0 0 1 1 x
0.010801856670320 1 0 0 0 0 0 0 0 0 0 1 0 1 1 1 1 0 0 0 1 1 1 0 1 0 x
0.020609989476952 1 0 0 0 0 0 0 0 0 0 1 0 1 0 1 1 0 0 0 1 1 0 0 1 0 x
0.024952684028722 1 0 0 0 0 0 0 0 1 0 0 0 1 1 1 1 0 0 0 1 1 1 0 1 0 x
0.019580216329816 1 0 0 0 0 0 0 0 1 0 1 0 1 0 1 1 1 0 1 1 0 0 0 1 1 x
0.018673949791706 1 0 0 0 0 0 0 0 0 0 0 1 1 1 1 0 1 0 1 1 1 1 0 0 1 x
0.047632427331367 1 0 0 0 0 1 0 0 0 0 1 0 1 1 1 0 0 0 0 1 1 0 0 1 0 x
0.026648573913087 1 0 0 0 0 0 0 0 1 0 1 0 1 1 1 1 1 0 1 1 0 1 0 1 1 x
0.066435106881275 1 0 1 0 0 0 0 0 1 1 1 1 1 0 0 1 1 1 1 0 0 0 0 1 1 x
0.120509238588846 0 0 1 1 0 0 0 0 0 0 1 1 0 1 1 1 1 1 0 1 0 1 1 1 0 x
0.025176168613502 1 0 0 0 0 0 0 0 0 0 1 0 1 1 1 0 1 0 0 1 1 1 1 0 0 x
0.046576279038268 0 0 1 0 0 0 0 0 0 1 1 1 0 1 1 1 1 1 1 0 1 0 0 1 0 x
0.031185210887385 1 0 0 0 0 0 1 0 0 0 0 1 1 1 1 0 1 0 0 1 1 1 0 0 1 x
0.019304109600062 0 0 1 0 0 0 0 0 0 0 0 1 1 1 1 0 1 1 1 0 1 1 1 0 1 x
0.017292536797069 1 0 0 0 0 0 0 0 0 0 1 0 1 1 1 0 1 1 1 0 1 1 1 0 1 x
0.018810473200857 0 1 0 0 0 0 0 0 0 0 1 1 0 0 1 1 1 1 0 1 1 0 0 1 1 x
0.016405867778401 1 0 0 0 0 0 0 0 0 1 1 0 1 1 1 0 1 1 0 0 1 1 1 0 0 x
0.044200980387815 1 0 0 0 0 0 1 0 0 1 1 1 1 0 1 0 1 1 0 0 1 0 1 0 0 x
0.070598955884164 0 0 1 0 1 0 0 0 0 0 0 1 1 1 1 0 1 0 1 0 0 1 1 0 1 x
0.043530666702607 0 0 1 0 0 0 0 0 0 0 1 0 0 0 1 1 1 0 0 1 0 1 0 1 1 x
0.024214577550145 1 0 0 0 0 0 0 0 0 0 1 0 1 0 1 0 1 1 0 1 1 0 0 1 1 x
0.085651689814393 1 0 0 1 0 0 0 0 1 0 1 0 1 1 1 0 1 0 0 1 1 0 0 1 1 x
0.035206860724212 1 0 0 0 0 0 0 0 0 1 1 0 1 0 1 0 1 1 1 0 1 1 0 0 1 x
0.029871021825943 1 0 0 0 0 0 0 0 0 0 0 0 1 1 1 0 0 0 0 1 1 1 0 0 1 x
0.045235264078670 1 0 0 0 0 0 0 0 0 0 1 1 0 0 1 1 1 1 1 1 0 0 0 1 1 x
0.023120213042755 1 0 0 0 0 0 0 0 1 0 1 0 1 1 1 0 1 1 0 1 1 0 1 0 1 x
0.013549784088545 0 1 0 0 0 0 0 0 0 0 1 1 0 1 1 1 0 1 1 1 1 0 0 1 1 x
0.068801152375728 1 0 1 0 0 0 0 0 1 1 1 0 1 1 1 0 1 1 0 0 1 0 1 0 1 x
0.073927089663600 1 0 0 0 0 1 0 0 0 1 1 0 1 1 1 0 1 1 0 1 1 1 0 0 1 x
0.020185860651949 1 0 0 0 0 0 0 0 1 0 1 0 1 1 1 0 1 0 1 1 1 0 0 0 1 x
0.019837396205147 1 0 0 0 0 0 0 0 1 0 1 0 1 1 1 0 1 0 1 1 0 0 1 1 0 x
0.023986174677362 1 0 0 0 0 0 0 0 1 0 0 0 1 1 1 0 1 0 0 0 1 1 1 0 0 x
0.040720539306138 0 1 0 0 0 0 0 0 1 0 0 1 0 1 1 1 0 1 0 1 1 1 0 0 1 x
0.046504185938051 1 0 0 0 0 0 0 0 1 0 1 0 1 0 1 0 1 0 0 1 1 0 1 0 0 x
0.027382500696429 1 0 0 0 0 0 1 0 0 0 1 1 1 1 1 1 0 0 1 1 0 0 1 1 0 x
0.069265512745000 1 0 1 0 0 0 0 1 0 1 1 1 1 0 0 1 0 1 0 0 1 0 0 1 0 x
0.064599714577196 1 0 0 1 0 0 0 0 1 1 1 1 0 1 1 1 1 1 0 0 1 1 0 0 1 x
0.014350261398305 0 1 0 0 0 0 0 0 0 0 0 1 1 1 1 1 0 1 1 1 0 1 1 1 0 x
0.058108837061125 0 1 0 0 0 0 1 0 0 0 0 1 0 1 1 1 0 1 0 1 1 0 0 1 1 x
0.026268423236560 1 0 0 0 0 0 0 0 0 0 1 0 0 1 1 1 0 0 0 1 1 0 1 1 0 x
0.012429951902231 1 0 0 0 0 0 0 0 0 1 0 0 1 1 1 1 0 0 1 0 1 1 0 1 0 x
0.020337699331099 1 0 0 0 0 0 0 0 0 0 0 0 1 1 1 1 0 0 0 0 1 1 1 1 0 x
0.023985080193893 1 0 0 0 0 0 0 0 0 1 1 0 1 1 1 1 0 0 1 1 0 0 1 1 0 x
0.016232127793160 1 0 0 0 0 0 0 0 0 1 0 1 1 1 1 0 1 0 1 0 1 1 1 0 0 x
0.031988541812880 1 0 0 0 0 0 0 0 1 1 1 0 1 0 1 1 1 0 1 0 1 0 0 1 0 x
0.081544015014589 1 0 0 1 0 0 0 1 1 0 1 1 1 1 0 1 1 1 0 1 0 0 0 1 1 x
0.040488272355096 0 0 1 0 0 0 0 0 0 1 1 0 0 1 1 1 0 1 0 1 0 1 0 1 0 x
0.021322803116283 1 0 0 0 0 0 0 0 0 1 1 0 1 1 1 1 0 0 1 0 1 1 1 0 0 x
0.043798474410295 0 0 1 0 0 0 0 0 0 1 0 1 1 1 1 0 1 0 1 0 0 1 1 0 0 x
0.032530823794707 1 0 0 0 0 0 0 0 1 0 0 1 1 1 1 0 1 0 1 1 0 1 1 0 1 x
0.023133327274122 0 1 0 0 0 0 0 0 1 0 0 1 1 1 1 1 0 0 1 1 0 1 1 0 0 x
0.016018711464827 1 0 0 0 0 0 0 0 0 0 1 0 1 1 0 0 1 1 0 0 1 0 1 1 0 x
0.025887843173189 0 1 0 0 0 0 0 0 0 1 1 0 0 0 1 1 1 1 0 1 0 0 0 1 1 x
0.048885534031988 1 0 0 1 0 0 0 0 1 1 1 1 1 1 1 1 0 0 1 1 0 1 1 0 0 x
0.021299508518663 1 0 0 0 0 0 0 0 0 0 0 1 1 1 1 1 0 0 1 0 1 1 0 1 0 x
0.022342107132391 1 0 0 0 0 0 0 0 0 1 0 0 1 1 0 1 0 1 0 0 1 1 0 1 0 x
0.017827290563552 1 0 0 0 0 0 0 0 0 1 1 0 0 1 1 1 0 1 0 0 1 0 1 1 0 x
0.024499836771036 0 0 1 0 0 0 0 0 0 0 1 0 1 1 0 1 1 1 0 0 1 1 0 1 0 x
0.021788975041414 1 0 0 0 0 0 0 0 0 1 1 0 0 1 1 1 0 0 0 1 0 1 0 1 0 x
0.127187443733599 1 0 1 1 0 0 0 1 1 1 1 1 1 1 0 1 0 0 1 0 0 0 1 1 0 x
0.012000000749515 1 0 0 0 0 0 0 0 0 1 0 1 0 1 1 1 0 0 1 1 0 0 1 1 0 x
0.045874542808690 1 0 0 0 0 0 1 0 0 1 1 1 0 1 1 1 0 1 0 1 0 0 1 1 0 x
0.029859276172980 1 0 0 0 0 0 0 0 0 0 0 1 0 1 1 1 0 0 0 1 1 1 0 1 0 x
0.078421783602021 1 1 0 0 0 0 0 0 1 1 0 1 0 1 1 1 0 0 0 1 0 0 1 1 0 x
0.018023541662456 0 1 0 0 0 0 0 0 0 1 0 1 0 1 1 1 0 1 1 1 0 0 0 1 1 x
0.016099122979645 0 1 0 0 0 0 0 0 0 0 0 1 0 1 1 1 0 0 1 1 1 0 0 1 1 x
0.036359104958519 1 0 0 0 0 0 1 0 0 1 1 1 1 1 1 0 1 0 1 1 1 0 0 0 1 x
0.034021611219186 0 1 0 0 0 0 0 1 0 0 0 1 0 1 1 1 0 1 0 1 0 0 1 1 0 x
0.140597138823792 0 1 0 1 0 1 0 1 1 0 1 1 1 1 0 1 0 0 0 1 0 0 1 0 0 x
0.084328741214503 1 0 0 0 0 0 0 1 0 0 0 0 1 1 1 0 0 0 0 1 1 0 1 1 0 x
0.025009689889201 0 0 1 0 0 0 0 0 0 0 1 0 1 1 1 0 1 0 1 0 1 1 0 1 0 x
0.022175620644568 1 0 0 0 0 0 0 0 0 1 0 0 0 1 1 1 0 1 0 1 0 1 0 1 1 x
0.046842588878364 0 1 0 0 0 0 0 1 0 0 0 1 0 1 1 1 0 1 0 1 0 1 0 1 1 x
0.036284619301519 0 1 0 0 0 0 0 0 0 1 1 0 1 0 1 1 1 1 0 0 1 1 1 0 0 x
0.032281129203557 1 0 0 0 0 0 0 0 0 1 0 1 0 1 0 1 0 0 1 1 0 0 0 1 1 x
0.028138242358230 1 0 0 0 0 0 0 0 1 1 1 0 1 0 1 1 1 1 1 0 0 0 1 1 0 x
0.038536410813782 0 1 0 0 0 0 0 0 1 0 0 1 1 1 1 1 0 1 0 1 1 1 1 0 0 x
0.019279082292686 0 1 0 0 0 0 0 0 0 1 0 1 0 1 1 0 1 1 0 1 0 0 1 0 1 x
0.077050528153640 1 1 0 0 0 0 0 0 1 1 1 0 1 1 1 0 1 0 1 0 1 0 1 0 1 x
0.017582877025706 1 0 0 0 0 0 0 0 0 1 0 1 0 1 1 1 0 0 0 1 1 1 0 0 1 x
0.034879433323720 0 1 0 0 0 0 0 0 0 1 1 1 0 0 1 1 1 1 0 1 1 0 0 0 1 x
0.015715424485028 1 0 0 0 0 0 0 0 0 1 0 1 0 1 1 1 0 0 0 1 0 1 1 0 0 x
0.014882073396781 0 1 0 0 0 0 0 0 0 1 0 1 0 1 1 1 1 1 0 1 0 1 1 0 1 x
0.021319918090376 0 0 1 0 0 0 0 0 0 0 0 1 1 1 0 1 1 0 1 0 1 1 0 1 0 x
0.023622806684576 1 0 0 0 0 0 0 0 1 1 0 1 0 1 1 1 1 0 0 1 0 1 1 0 0 x
0.013974540230799 1 0 0 0 0 0 0 0 0 1 0 1 0 1 1 1 0 0 1 1 0 1 0 0 1 x
0.016067763736711 1 0 0 0 0 0 0 0 0 0 0 1 0 1 1 1 0 0 1 1 0 1 0 1 1 x
0.062640542556718 1 0 0 0 0 0 1 0 0 1 1 1 1 0 0 1 1 0 1 0 0 0 0 1 0 x
0.032119885140310 1 0 0 0 0 0 1 0 0 1 1 1 1 1 1 1 1 0 1 1 0 1 1 0 0 x
0.103302994686032 0 0 1 1 0 0 0 0 0 0 1 1 1 0 1 1 1 0 1 0 0 1 1 0 0 x
0.043970496851459 0 1 0 0 0 0 0 0 1 0 1 0 1 0 1 1 1 0 0 0 1 0 0 1 0 x
0.031507954103595 1 0 0 0 0 0 0 0 0 0 0 1 0 1 0 1 1 0 0 1 0 1 0 0 1 x
0.072191084761018 0 0 1 0 1 0 0 0 0 0 1 1 0 1 1 1 1 0 0 1 0 1 0 0 1 x
0.043171736243886 0 0 1 0 0 0 0 0 1 0 0 1 1 1 0 1 0 1 1 0 1 0 0 1 0 x
0.052720161536324 1 0 0 1 0 0 0 0 1 1 1 1 0 1 1 1 0 0 0 0 1 1 0 0 0 x
0.073892175621966 1 0 1 0 0 0 1 0 1 1 1 1 1 1 1 1 0 1 0 0 1 0 1 0 0 x
0.019173307856866 1 0 0 0 0 0 0 0 1 0 1 1 1 1 0 1 1 1 1 1 0 0 1 1 0 x
0.014073049052991 0 1 0 0 0 0 0 0 0 0 0 1 0 1 1 1 0 1 0 1 0 1 1 0 1 x
0.027216978904378 0 1 0 0 0 0 0 0 1 0 1 1 0 1 1 1 1 1 0 1 0 0 1 0 1 x
0.023685295625739 0 1 0 0 0 0 0 0 0 0 0 1 0 1 1 0 1 1 0 1 0 1 1 0 1 x
0.065508765370419 1 0 1 0 0 0 0 0 1 1 1 0 1 0 1 1 0 1 0 0 0 1 0 1 0 x
0.023228700791900 0 0 1 0 0 0 0 0 0 0 0 1 1 1 0 1 1 1 1 0 1 0 1 1 0 x
0.025109141986808 1 0 0 0 0 0 1 0 0 0 1 1 1 1 1 0 1 1 1 0 1 1 0 0 1 x
0.021956714820456 0 0 0 1 0 0 0 0 0 0 1 0 1 1 0 1 1 1 1 0 1 0 0 1 1 x
0.021332578957078 0 1 0 0 0 0 0 0 0 1 0 1 0 1 1 1 0 1 0 1 0 1 0 0 1 x
0.031207138075369 0 1 0 0 0 0 0 1 0 0 0 1 1 1 1 1 0 0 1 1 0 1 1 0 0 x
0.055990119163886 0 0 0 1 0 0 1 0 0 0 1 0 1 1 1 1 1 1 0 0 1 0 0 1 1 x
0.022871236907596 0 0 0 1 0 0 0 0 0 0 1 0 0 0 1 1 1 1 0 0 1 0 0 1 1 x
0.070674203952917 1 0 1 0 0 0 0 1 0 1 1 1 0 1 1 1 0 0 0 1 0 1 0 0 1 x
0.026344786935420 0 0 0 1 0 0 0 0 0 0 1 1 0 1 1 1 1 1 1 0 1 0 0 1 1 x
0.031777443860508 1 0 0 0 0 0 0 0 1 0 1 0 0 1 1 1 1 0 0 1 0 0 0 1 1 x
0.034177206089416 0 0 0 1 0 0 0 0 0 0 1 0 1 0 1 0 1 1 1 0 1 0 0 1 1 x
0.058543265388961 1 0 0 1 0 0 0 0 1 1 1 1 1 1 0 1 1 1 1 0 0 0 0 1 1 x
0.073942861747835 0 1 0 1 0 0 0 0 0 1 1 1 1 0 0 1 1 0 0 0 1 0 0 0 1 x
0.038358537430490 0 1 0 0 0 0 0 0 0 0 0 1 1 0 1 1 1 0 0 1 0 1 1 0 0 x
0.023507889233272 1 0 0 0 0 0 1 0 0 0 1 1 1 1 0 1 1 1 0 0 1 1 0 0 1 x
0.068978638835413 1 0 0 0 0 1 1 0 0 1 1 1 1 1 1 0 1 1 1 0 0 0 1 1 0 x
0.033956722515984 1 0 0 0 0 0 0 0 0 0 0 1 0 1 0 1 0 1 0 1 0 1 0 1 1 x
0.035082820648935 0 0 0 1 0 0 0 0 0 0 1 0 1 1 0 1 1 1 0 1 0 1 0 1 0 x
0.024930024112924 1 0 0 0 0 0 1 0 0 1 0 1 1 1 1 1 1 0 1 0 1 1 0 0 1 x
0.062033819732175 1 0 1 0 0 0 0 0 1 1 1 1 0 1 1 1 0 0 1 0 0 0 1 1 0 x
0.026145272804457 0 0 1 0 0 0 0 0 0 0 1 0 1 0 1 0 1 1 1 0 1 0 0 1 1 x
0.018223193505200 0 1 0 0 0 0 0 0 0 0 0 1 0 1 1 1 0 0 1 1 0 0 1 0 1 x
0.015877484712973 1 0 0 0 0 0 0 0 0 1 0 1 0 1 0 1 1 0 0 1 0 0 1 1 0 x
0.058439324771693 0 0 0 1 0 0 0 0 0 0 1 0 1 0 1 1 1 1 0 0 1 0 0 1 0 x
0.028665552810858 0 0 0 1 0 0 0 0 0 0 1 1 0 1 0 1 1 1 1 1 0 0 0 1 1 x
0.059711611559329 0 0 0 1 0 0 1 0 0 0 1 1 1 1 1 1 1 1 0 0 1 1 1 0 0 x
0.017531447471822 0 0 0 1 0 0 0 0 0 0 0 1 1 1 0 1 1 1 1 1 0 1 0 1 1 x
0.025617737005096 0 0 0 1 0 0 0 0 0 0 0 1 0 1 0 1 1 1 0 1 1 0 0 1 1 x
0.114957136942244 0 0 1 1 0 0 0 0 0 0 0 1 1 1 0 0 1 0 1 1 0 0 0 1 1 x
0.028309034983438 0 0 0 1 0 0 0 0 0 0 0 1 0 1 1 1 0 1 0 1 0 1 0 0 1 x
0.030019891100753 0 0 0 1 0 0 0 0 0 0 0 1 1 1 1 1 0 1 1 1 0 1 0 1 0 x
0.036726905115914 0 0 0 1 0 0 0 0 0 1 0 1 0 1 1 1 1 1 0 1 0 1 0 0 1 x
0.024473618961170 0 0 0 1 0 0 0 0 0 0 0 1 0 1 0 1 1 1 0 0 0 1 0 1 1 x
0.021002898267369 0 0 0 1 0 0 0 0 0 0 0 1 1 1 0 1 1 1 1 0 0 1 1 1 0 x
0.015635915104096 0 0 0 1 0 0 0 0 0 0 0 0 1 1 1 1 0 1 1 0 1 1 0 1 1 x
0.019192335985485 0 0 0 1 0 0 0 0 0 0 0 0 1 1 1 1 1 1 1 0 1 0 1 1 1 x
0.034851530652383 0 0 0 1 0 0 0 0 0 1 0 0 0 1 0 1 1 1 0 1 0 0 0 1 1 x
0.020067592933256 0 0 0 1 0 0 0 0 0 0 0 0 1 1 1 1 1 1 0 0 1 1 0 1 1 x
0.019104262909272 0 0 0 1 0 0 0 0 0 0 0 0 1 1 1 1 0 1 1 1 1 0 0 1 1 x
0.028911372585313 0 0 0 1 0 0 0 0 0 0 0 1 0 1 1 1 0 1 1 0 1 1 0 0 1 x
0.022176851462811 0 0 0 1 0 0 0 0 0 0 0 0 0 1 1 1 1 0 1 0 1 0 0 1 1 x
0.031223575446878 0 0 0 1 0 0 0 0 0 1 0 0 0 1 1 1 1 1 1 0 1 0 0 1 1 x
0.022048515240309 0 0 0 1 0 0 0 0 0 0 0 1 0 1 1 1 1 1 1 0 0 1 1 0 1 x
0.016399845836340 0 0 0 1 0 0 0 0 0 0 0 1 0 1 1 1 1 1 1 1 0 0 1 1 1 x
0.020894493394104 0 0 0 1 0 0 0 0 0 0 0 0 1 1 1 1 0 0 1 1 0 0 1 1 0 x
0.017322380691577 0 0 0 1 0 0 0 0 0 0 0 0 0 1 1 1 0 0 1 1 0 0 0 1 1 x
0.026183371207655 0 0 0 1 0 0 0 0 0 0 0 0 0 1 1 1 0 1 1 1 0 0 1 1 1 x
0.022532636579580 0 0 0 1 0 0 0 0 0 0 0 1 0 0 1 1 1 0 1 1 0 0 0 1 1 x
0.079464079541051 0 0 0 1 0 1 0 0 0 0 0 1 0 1 1 1 1 1 0 1 0 0 0 1 1 x
0.037254341775945 0 0 0 1 0 0 0 0 1 0 0 1 0 1 1 1 1 1 0 1 0 0 1 0 1 x
0.018256668313640 0 0 0 1 0 0 0 0 0 0 0 0 1 1 0 1 1 0 1 1 0 0 0 1 1 x
0.016470325573596 0 0 0 1 0 0 0 0 0 0 0 0 0 1 1 1 1 0 0 1 0 0 1 1 1 x
0.036447619645604 0 0 0 1 0 0 0 0 1 0 0 0 0 1 1 1 1 0 1 1 0 0 0 1 1 x
0.014471176434009 0 0 0 1 0 0 0 0 0 0 0 0 1 1 1 0 1 1 1 1 0 0 1 1 1 x
0.030513715393515 0 0 0 1 0 0 0 0 0 0 0 0 1 1 1 0 1 1 1 0 1 1 1 0 1 x
0.016810684787356 0 0 0 1 0 0 0 0 0 0 0 0 1 1 1 1 1 0 1 0 0 1 1 1 0 x
0.047376106571328 0 0 0 1 0 0 1 0 0 0 0 1 1 1 1 1 1 0 1 1 0 0 0 1 1 x
0.031487257789651 0 0 0 1 0 0 0 0 0 0 1 0 1 0 1 1 1 0 1 1 0 0 1 1 0 x
0.026595646863745 0 0 0 1 0 0 0 0 0 0 1 0 0 1 1 0 1 1 0 1 0 0 1 0 1 x
0.207042683916385 0 0 1 1 1 0 0 0 1 0 1 0 1 1 1 0 1 0 0 1 0 0 1 0 1 x
0.037323691144703 0 0 0 1 0 0 0 0 0 0 0 0 0 1 1 1 1 1 0 1 0 1 1 0 1 x
0.026345469274682 0 0 0 1 0 0 0 0 0 0 0 0 0 1 1 0 1 0 1 1 0 0 0 1 1 x
0.066223315821871 0 1 0 1 0 0 0 0 0 1 0 1 1 1 0 1 1 0 0 0 0 1 0 1 0 x
0.024277649989249 0 0 0 1 0 0 0 0 0 0 1 0 1 1 1 0 1 1 1 0 1 0 1 0 1 x
0.030155755255747 0 0 0 1 0 0 0 0 0 1 0 0 1 0 1 1 1 0 1 1 0 0 0 1 1 x
0.073212377142095 0 0 0 1 0 1 0 0 0 0 0 1 1 1 0 1 1 0 1 0 0 1 0 1 0 x
0.063599939657961 0 1 0 0 1 0 0 0 0 0 1 1 1 1 0 1 1 1 0 0 0 1 1 0 0 x
0.017043210596645 0 1 0 0 0 0 0 0 0 0 1 0 1 1 1 1 0 0 1 0 1 1 1 0 0 x
0.039698818016982 0 1 0 0 0 0 0 1 0 0 0 1 1 1 1 0 0 1 1 1 0 0 1 1 0 x
0.046400607682242 0 0 1 0 0 0 1 0 0 0 1 0 1 1 1 1 1 0 1 0 1 0 0 1 1 x
0.052921828159217 0 0 1 0 0 0 1 0 0 0 0 1 1 1 1 0 1 0 1 0 1 1 0 0 1 x
0.040239459860176 0 0 0 1 0 0 0 0 0 0 1 0 1 1 1 1 0 1 1 0 1 1 1 0 0 x
0.047762847680438 0 0 0 1 0 0 0 0 0 0 0 0 0 0 1 1 1 1 0 1 0 0 0 1 1 x
0.020640387264128 0 0 0 1 0 0 0 0 0 0 0 0 1 1 1 1 1 0 1 1 0 0 1 1 1 x
0.020559226413565 0 0 0 1 0 0 0 0 0 0 0 1 0 1 1 1 1 0 0 1 0 1 1 0 1 x
0.029256681380403 0 0 0 1 0 0 0 0 0 0 0 1 0 1 0 1 1 0 0 1 0 0 1 1 0 x
0.045276710165867 0 0 0 1 0 0 0 0 0 0 0 0 1 0 1 1 0 0 1 1 1 0 0 1 1 x
0.048615983343850 0 0 1 0 0 0 0 1 0 0 1 0 0 1 1 1 1 0 0 1 0 1 0 0 1 x
0.029065208107409 1 0 0 0 0 0 0 0 0 1 1 0 0 1 0 1 1 0 0 0 1 0 0 1 0 x
0.025057000649137 0 1 0 0 0 0 0 0 1 0 1 0 1 1 1 1 0 1 1 1 0 0 1 1 0 x
0.073281648151580 0 1 0 0 0 0 1 0 0 1 1 0 1 1 1 0 1 1 1 0 0 1 1 0 0 x
0.069551194718336 1 0 0 0 1 0 0 0 1 0 1 0 1 1 1 0 1 1 0 0 1 1 0 0 1 x
0.045057284245709 1 0 0 0 1 0 0 0 0 1 1 1 0 1 1 1 1 0 0 1 0 1 0 0 1 x
0.066645574588792 0 1 0 0 0 0 0 1 0 1 0 0 0 1 1 1 0 0 1 0 0 0 1 1 0 x
0.058368309115562 1 0 0 1 0 0 0 0 0 1 0 1 1 1 1 0 0 0 1 0 1 1 0 0 1 x
0.149213955922093 1 0 1 0 1 0 0 1 0 0 1 1 1 1 0 0 1 0 0 1 0 0 1 0 1 x
0.118731251707502 0 1 1 0 0 0 0 1 1 0 1 1 0 1 1 1 0 1 0 1 0 1 0 0 1 x
0.038710375298242 0 0 0 1 0 0 0 0 0 0 0 0 0 1 0 1 1 0 1 0 0 0 1 1 1 x
0.041613355794213 0 0 0 1 0 0 0 0 0 1 0 0 0 1 1 1 1 0 1 1 0 0 1 1 0 x
0.053778601814328 1 0 0 1 0 0 0 0 1 0 1 1 1 1 1 0 1 0 1 1 0 0 1 0 1 x
0.024915462918729 1 0 0 0 0 0 0 0 0 1 1 1 0 1 1 0 1 0 0 1 1 0 1 0 0 x
0.089009106241737 0 1 0 1 0 0 0 0 0 1 0 1 1 0 1 0 1 1 0 1 0 0 0 1 1 x
0.076682415467897 0 1 0 0 1 0 0 0 0 0 0 1 0 1 1 1 0 0 0 1 0 1 0 0 1 x
0.021304703391167 0 0 0 1 0 0 0 0 0 0 0 1 0 1 1 0 1 1 0 0 1 0 1 0 1 x
0.049197428839536 1 0 0 0 0 0 0 0 0 1 0 0 0 1 1 0 1 0 0 1 0 1 1 0 1 x
0.019199899355497 0 1 0 0 0 0 0 0 0 0 1 1 1 1 1 1 0 1 1 1 0 1 1 0 0 x
0.020181174394342 1 0 0 0 0 0 0 0 0 0 0 0 1 1 1 1 0 0 1 1 0 1 0 1 1 x
0.049335633202956 0 0 1 0 0 0 0 0 1 0 1 0 0 1 1 1 1 1 1 0 1 0 1 0 1 x
0.023109356451170 0 0 0 1 0 0 0 0 0 0 0 1 0 1 1 0 1 0 1 1 0 0 1 0 1 x
0.020434153859064 0 0 0 1 0 0 0 0 0 0 0 1 0 1 0 1 1 0 1 1 0 0 0 1 1 x
0.038242584979341 0 0 0 1 0 0 0 0 0 0 1 0 1 0 0 1 1 1 1 1 0 0 0 1 1 x
0.049464780407786 0 0 0 1 0 0 0 0 0 0 1 1 0 0 1 0 1 1 0 1 1 0 0 0 1 x
0.078303270379401 1 0 0 1 0 1 0 0 1 1 1 1 1 1 1 0 1 0 0 0 1 0 1 0 0 x
0.027997910189920 1 0 0 0 0 0 1 0 0 0 1 0 1 1 1 1 0 0 0 1 1 0 0 1 0 x
0.099738929311406 0 0 0 1 0 1 0 0 0 0 0 1 1 1 1 0 0 1 1 1 0 0 1 1 0 x
0.024841434315382 0 0 1 0 0 0 0 0 0 0 1 1 0 1 1 1 0 1 1 1 0 1 0 0 1 x
0.019380100312940 1 0 0 0 0 0 0 0 0 1 1 0 0 1 1 1 0 0 0 1 1 0 0 1 0 x
0.015306581176931 1 0 0 0 0 0 0 0 0 0 0 1 0 1 1 0 1 0 0 1 0 0 1 1 0 x
0.055941192666206 1 0 0 0 0 1 0 0 0 1 1 1 1 0 0 1 1 0 0 1 0 0 0 1 0 x
0.034037228899527 0 0 1 0 0 0 0 0 0 1 1 1 0 1 1 1 1 1 0 1 0 1 0 0 1 x
0.033345308308557 1 0 0 0 0 0 1 0 1 0 0 1 1 1 1 1 1 0 0 1 0 0 1 1 0 x
0.057883974418220 1 0 0 1 0 0 0 0 1 1 0 1 1 1 1 0 1 0 0 1 0 0 1 1 0 x
0.052475886087629 1 0 0 0 0 1 0 0 0 1 0 1 0 1 1 1 0 0 0 1 0 0 1 1 0 x
0.012368621161315 1 0 0 0 0 0 0 0 0 0 1 1 1 0 1 0 1 0 1 1 0 0 1 1 0 x
0.052544706759705 0 1 0 0 0 1 0 0 0 0 1 1 1 1 0 1 1 1 0 1 0 1 0 1 0 x
0.018532273383627 1 0 0 0 0 0 0 0 0 0 1 1 1 1 1 0 1 1 0 1 1 0 1 1 0 x
0.017136040416636 0 1 0 0 0 0 0 0 0 0 0 0 1 1 1 1 0 0 1 0 1 0 1 1 0 x
0.020059626654392 0 0 0 1 0 0 0 0 0 0 0 0 0 1 1 0 1 1 1 0 0 0 1 1 1 x
0.064331640524600 1 1 0 0 0 0 0 1 1 1 1 1 0 1 0 1 0 1 0 1 0 0 1 0 0 x
0.020651463194563 1 0 0 0 0 0 0 0 0 1 0 0 1 0 1 1 0 0 0 1 0 1 0 1 0 x
0.019248410691481 0 1 0 0 0 0 0 0 0 0 0 1 1 1 1 1 0 0 1 1 0 1 1 0 1 x
0.025027885885096 1 0 0 0 0 0 0 0 1 1 0 1 0 1 1 1 1 0 1 1 0 0 0 1 1 x
0.018187764634763 0 1 0 0 0 0 0 0 0 0 1 1 0 1 0 1 1 1 0 1 0 0 1 0 1 x
0.030205507573387 1 0 0 0 0 0 1 0 0 0 1 1 1 1 1 1 0 1 1 1 1 0 0 1 1 x
0.025285066968222 0 1 0 0 0 0 0 0 0 1 1 0 0 1 1 1 0 1 1 1 0 0 1 0 1 x
0.017933873473448 1 0 0 0 0 0 0 0 0 1 1 1 0 1 0 1 1 1 1 1 0 0 1 0 1 x
0.078876508372465 1 1 0 0 0 0 0 0 1 1 1 1 0 1 1 1 0 1 1 1 0 0 1 0 1 x
0.025767188674241 1 0 0 0 0 0 1 0 0 0 0 1 1 1 1 1 0 0 0 1 0 1 0 1 0 x
0.022303035644990 1 0 0 0 0 0 0 0 0 0 1 1 1 1 0 0 1 1 1 1 1 0 1 0 1 x
0.024320451594937 0 1 0 0 0 0 0 0 0 0 1 0 0 1 1 1 0 0 1 1 0 0 1 1 0 x
0.019650615799275 1 0 0 0 0 0 0 0 0 1 1 1 0 1 1 0 1 1 1 0 1 0 1 0 1 x
0.035153918254826 1 0 0 0 0 1 0 0 0 1 1 1 1 1 1 0 1 1 1 1 0 0 1 0 1 x
0.059328966493538 1 0 0 0 0 1 0 0 0 1 1 1 1 1 0 0 1 1 1 0 1 0 1 0 0 x
0.012850787429461 1 0 0 0 0 0 0 0 0 1 1 0 1 1 1 0 1 1 1 0 1 0 1 0 1 x
0.028022991645125 1 0 0 0 0 1 0 0 0 0 1 1 1 1 1 0 1 0 1 1 0 0 1 1 0 x
0.011198177623334 1 0 0 0 0 0 0 0 0 0 1 1 0 1 1 0 1 1 0 1 1 0 1 0 1 x
0.017337368649207 1 0 0 0 0 0 0 0 1 0 1 1 0 1 1 1 1 0 1 1 0 0 1 0 1 x
0.017547660149388 1 0 0 0 0 0 0 0 0 0 1 1 0 1 1 0 1 1 1 1 0 0 1 1 1 x
0.081734813371006 0 0 1 0 1 0 0 0 1 0 0 1 1 1 1 1 1 0 0 0 0 1 1 0 0 x
