0.566883504390717 0 0 1 1 1 1 1 1 0 0 1 0 0 0 1 0 1 0 1 1 0 1 1 0 1 0 1 1 1 1 0 1 0 0 1
0.330324798822403 0 0 1 0 0 0 1 0 1 1 1 0 0 0 1 0 0 0 1 1 0 1 0 1 0 1 0 0 0 1 1 0 1 0 0
0.281225979328156 0 1 1 0 1 1 0 1 1 0 1 1 1 0 1 0 0 1 0 1 0 1 0 0 1 0 0 0 1 1 1 0 0 0 0
0.219647780060768 1 0 0 1 0 1 1 0 1 0 0 1 1 1 1 0 0 0 0 1 0 1 1 1 1 1 0 0 0 1 0 1 1 0 1
0.233429178595543 1 1 1 0 0 0 1 0 1 1 0 1 0 1 1 0 0 1 1 0 0 1 1 1 1 0 0 1 0 0 0 1 0 1 0
0.397832125425339 1 1 1 0 1 0 0 1 0 1 0 0 1 0 1 1 0 0 1 1 1 0 1 1 0 1 1 0 1 1 1 0 0 1 1
0.275751292705536 1 1 1 1 0 0 1 0 1 1 1 1 0 0 0 0 1 0 1 1 0 0 0 1 0 0 1 0 1 1 0 0 1 0 1
0.417944252490997 1 1 0 1 1 0 1 0 0 1 0 1 0 0 1 1 0 0 1 1 0 1 0 1 0 0 1 1 0 0 1 0 1 0 1
0.316285192966461 1 1 0 1 1 0 1 1 1 0 1 0 1 0 0 0 1 0 0 0 0 0 1 1 1 0 1 0 1 0 0 1 1 0 1
0.460480809211731 0 1 0 1 1 0 1 0 0 0 0 1 0 1 1 1 1 0 1 1 1 0 1 1 0 1 0 0 1 0 1 1 0 1 1
0.407776504755020 0 1 1 1 0 1 1 0 0 1 0 1 1 1 0 1 1 0 0 1 1 0 1 0 1 0 1 1 1 1 1 1 0 0 0
0.371844232082367 0 0 0 1 0 0 1 1 1 1 0 0 0 0 1 1 0 0 0 0 0 0 0 0 0 0 1 0 0 0 0 0 1 0 0
0.226820930838585 1 0 0 0 0 1 0 1 1 1 0 0 1 0 1 1 0 0 0 0 1 0 1 0 1 0 1 1 0 1 1 0 1 1 0
0.606939256191254 0 0 0 1 1 1 1 1 0 1 1 0 0 0 1 0 0 1 1 1 1 1 0 1 0 1 1 1 0 0 0 1 0 1 0
0.187973454594612 0 0 1 1 0 1 0 0 1 1 0 1 1 0 1 1 0 0 1 0 1 0 1 0 1 1 1 0 0 1 1 0 0 1 1
0.585296571254730 1 1 0 1 1 1 1 0 0 0 0 0 0 1 0 0 1 1 1 0 0 0 0 1 0 0 0 0 1 1 0 0 0 0 0
0.262660771608353 1 1 1 0 0 0 1 1 0 1 0 1 1 0 1 1 0 0 1 0 1 0 0 1 1 1 0 0 0 0 0 1 0 0 0
0.273581981658936 1 1 0 1 1 1 0 1 1 1 1 0 0 0 1 1 0 0 0 0 1 0 0 1 0 1 1 1 0 1 0 1 1 1 0
0.503421783447266 1 1 1 1 0 1 1 1 1 0 0 1 0 1 0 1 1 0 0 0 1 1 0 1 0 0 0 0 1 0 0 1 1 1 1
0.231723949313164 0 0 1 0 0 0 0 0 0 1 0 1 1 0 0 0 1 0 0 0 0 1 0 1 0 1 1 1 0 1 0 0 1 1 1
0.506644606590271 0 0 0 1 1 1 1 1 1 0 0 0 1 0 1 1 1 0 0 1 1 0 1 1 0 0 0 1 1 0 0 0 1 1 0
0.483438968658447 1 0 1 0 1 0 1 0 0 0 0 0 1 0 1 0 0 1 1 1 0 1 1 0 1 1 1 0 1 0 0 1 1 1 1
0.521580278873444 1 1 1 0 1 1 1 0 1 0 0 1 0 1 1 1 0 1 1 0 1 1 1 1 0 0 0 0 0 1 0 0 0 1 0
0.250787705183029 1 1 0 1 0 1 1 1 0 1 1 1 0 1 0 1 1 1 0 0 1 0 1 1 0 1 0 1 0 1 0 1 0 1 0
0.427578866481781 1 1 0 1 0 1 1 0 1 0 1 1 0 0 0 1 0 1 1 1 1 1 1 0 1 0 1 1 0 1 0 0 0 0 0
0.133941366120633 1 1 0 1 0 0 0 1 1 1 1 1 1 0 0 1 1 0 0 1 0 0 1 1 1 1 0 1 0 0 0 1 1 0 1
0.159231166615380 1 1 1 0 0 0 0 1 1 1 1 1 1 0 0 0 0 1 0 0 1 0 1 0 1 1 1 1 0 1 1 1 0 1 1 x
0.216580836371484 0 0 1 1 0 0 1 1 0 0 1 1 1 0 1 1 1 1 0 0 0 0 1 1 0 1 0 1 0 0 1 0 1 1 1 x
0.176664414135782 1 1 0 1 0 0 0 1 1 1 0 1 1 0 1 1 0 0 1 1 0 1 0 1 1 1 0 0 0 0 1 1 1 0 1 x
0.259705178035566 0 0 1 1 0 1 0 0 1 1 1 0 1 1 1 0 0 1 1 0 0 0 1 0 1 1 1 1 0 1 1 0 0 1 0 x
0.104395729426599 1 0 1 0 0 1 0 1 1 0 1 1 1 1 1 0 0 1 0 0 1 0 1 1 1 0 0 0 0 0 1 0 1 1 0 x
0.134034635549300 1 0 0 0 0 0 0 1 1 0 1 1 0 0 1 0 1 0 1 0 0 0 1 1 1 0 0 0 0 1 0 0 1 0 1 x
0.104705201472268 0 0 1 1 0 0 0 0 1 0 1 1 1 1 1 1 0 1 0 0 0 1 1 1 1 1 1 0 1 1 1 0 1 1 1 x
0.185135015588054 1 0 1 0 1 0 0 1 1 1 1 1 0 0 1 0 0 1 0 0 0 0 1 1 1 1 0 1 1 1 1 0 1 1 1 x
0.347982851316706 1 1 1 1 0 0 0 0 0 1 1 1 0 0 1 0 1 0 0 1 1 1 1 1 1 1 0 1 0 1 0 1 0 1 1 x
0.071809831607013 1 0 1 0 0 0 0 0 1 0 1 1 1 1 0 0 0 1 0 0 0 1 1 0 1 1 0 0 0 0 0 1 1 1 0 x
0.142416655902353 0 0 0 1 0 0 0 0 0 1 1 1 1 0 0 1 0 1 1 0 1 0 1 0 0 1 1 0 0 0 0 0 1 0 1 x
0.228239946283319 1 1 1 0 0 1 0 1 1 1 1 1 1 0 1 1 1 1 1 0 0 1 1 1 1 1 0 1 0 0 1 0 1 1 1 x
0.150530492284124 0 1 1 0 0 0 0 0 0 1 1 1 1 1 1 1 0 1 0 0 0 0 1 1 1 0 1 0 0 0 1 0 0 1 0 x
0.218819339719998 0 0 1 1 1 0 0 0 1 0 1 1 1 1 1 0 0 0 1 1 0 0 1 1 0 1 0 0 0 1 0 1 1 1 1 x
0.064992253574648 0 0 1 0 0 0 0 0 0 0 0 1 0 1 1 0 0 0 0 0 0 1 1 1 0 0 0 1 0 0 0 0 1 1 0 x
0.164437197597346 1 1 0 1 0 1 0 0 0 1 1 1 1 0 1 0 0 0 0 0 0 1 1 1 1 0 0 1 1 0 0 1 1 1 1 x
0.368532755410216 1 0 1 0 1 0 0 0 1 1 1 1 1 1 0 1 1 0 0 0 0 0 0 0 1 1 1 0 1 0 1 1 1 1 0 x
0.431246520621803 1 0 0 0 0 1 0 1 0 0 1 1 1 1 0 0 0 0 0 1 0 1 1 1 1 1 1 0 0 1 1 0 0 0 0 x
0.225175746011530 0 1 1 0 1 0 0 0 0 0 0 1 1 1 0 0 0 1 0 0 0 1 1 0 0 0 0 1 0 0 0 1 1 0 0 x
0.199216945675010 0 1 1 0 1 0 0 1 0 0 1 1 1 1 1 0 0 1 0 1 0 0 1 1 1 1 0 1 1 1 1 1 1 1 0 x
0.244044815369985 1 1 0 1 0 0 0 0 0 1 1 1 1 1 0 1 0 0 0 0 0 0 1 1 0 1 0 1 1 0 0 1 1 0 1 x
0.343063850035946 0 1 0 1 0 1 0 0 1 1 1 1 0 0 1 1 0 1 1 1 0 1 0 1 1 0 0 1 0 0 0 1 1 1 1 x
0.201060183407738 0 1 1 0 1 0 0 1 0 0 1 1 1 1 0 0 1 1 0 0 1 0 0 1 1 1 1 0 0 0 1 1 1 0 0 x
0.230676190727320 0 0 1 1 0 0 0 1 0 1 1 1 1 0 0 0 0 1 0 1 1 0 1 0 0 1 1 0 1 0 1 1 1 0 1 x
0.291439638931485 0 1 1 1 0 0 0 1 1 0 0 1 1 0 1 0 0 1 0 0 1 1 1 1 1 1 1 0 0 1 1 0 1 0 0 x
0.241553301428933 0 1 0 1 0 0 0 1 1 1 0 1 1 0 1 0 1 0 0 0 0 0 1 0 1 0 1 1 0 0 1 1 1 1 0 x
0.138335656769152 1 0 0 1 0 0 0 1 0 0 1 1 1 1 1 0 0 0 0 0 0 1 1 0 1 1 0 0 0 1 1 1 1 0 1 x
0.383817756869345 0 0 1 0 0 0 0 0 1 1 0 1 1 1 1 0 0 1 0 0 0 0 0 0 1 1 0 0 0 1 1 0 1 1 0 x
0.306042766902941 1 0 1 0 0 0 0 0 0 1 0 0 1 1 0 0 1 0 1 0 1 1 1 0 1 1 0 0 0 0 0 1 1 1 1 x
0.451765968735027 1 0 1 0 0 0 0 1 1 1 1 1 0 0 0 0 0 0 0 0 0 1 0 1 0 0 1 1 1 1 1 0 1 0 1 x
0.199439696818714 0 0 1 1 0 0 0 1 0 0 0 1 0 1 1 0 0 0 0 1 0 0 0 1 0 0 0 0 0 0 0 0 1 0 1 x
0.280326183067744 1 1 0 1 0 0 0 0 0 0 1 1 1 1 0 0 0 0 1 0 1 0 1 1 0 0 0 0 0 0 0 0 1 1 1 x
0.256773996383179 1 1 1 0 0 0 0 0 0 1 1 1 1 1 1 0 0 0 0 1 0 0 1 1 1 1 0 1 0 1 1 1 0 0 1 x
0.173791044163961 1 1 0 1 0 0 0 0 1 1 0 1 1 0 1 1 0 0 0 0 0 1 1 0 1 1 0 0 0 1 0 0 0 0 1 x
0.351393628486840 1 1 1 0 0 0 0 1 0 1 1 1 1 1 1 1 0 1 0 0 0 1 0 1 1 0 1 1 1 0 0 0 1 0 0 x
0.174848748764673 1 1 0 1 0 0 0 1 1 1 1 1 0 0 1 1 1 1 0 1 0 1 1 1 1 0 0 0 1 1 0 1 1 0 0 x
0.288253535208792 0 0 1 0 0 0 0 1 0 1 1 1 0 0 1 0 1 0 1 0 1 0 1 1 1 1 0 1 0 0 0 1 0 1 1 x
0.212327278018873 1 1 1 0 0 0 0 0 1 0 1 0 1 1 1 0 0 1 0 0 1 0 1 1 1 0 1 1 0 1 0 1 1 1 0 x
0.223398640349641 1 1 0 1 0 0 0 0 1 0 1 1 1 0 0 1 1 1 1 0 0 0 1 1 0 1 0 1 0 0 0 0 1 1 0 x
0.345859203969520 1 1 1 1 0 0 1 0 1 0 1 1 1 1 0 1 0 1 0 0 0 0 1 0 1 1 0 0 0 0 0 1 1 1 1 x
0.339996621885409 1 1 1 1 0 0 0 1 0 0 1 0 1 1 0 0 0 1 0 0 0 0 1 1 1 0 0 0 0 0 1 1 1 0 0 x
0.250007477037176 0 0 1 0 1 1 0 0 0 0 1 1 1 0 1 0 0 1 0 0 1 0 1 1 1 1 1 1 0 1 0 0 1 1 0 x
0.156637333677487 0 1 1 0 1 0 0 0 1 1 1 1 1 0 1 0 0 1 0 1 0 0 1 1 1 1 0 0 0 0 0 1 1 0 1 x
0.179653322718998 1 1 0 1 0 0 0 0 0 1 0 1 1 0 0 1 1 0 0 0 0 0 1 1 0 1 1 0 0 0 0 0 0 1 1 x
0.191586893947947 0 1 0 1 1 0 0 0 0 1 1 1 1 0 1 1 0 1 0 0 1 0 1 0 1 1 0 1 0 1 1 1 1 0 1 x
0.199900613813208 0 0 1 0 0 0 0 1 1 0 0 1 1 0 1 1 0 0 0 1 0 0 1 1 1 1 0 1 1 1 1 0 1 1 1 x
0.205962329981180 1 1 1 0 1 0 0 1 1 0 1 1 1 1 0 0 0 1 0 1 1 0 1 1 1 1 0 1 0 1 1 1 1 0 1 x
0.204067912303561 1 0 1 0 0 0 1 0 1 0 1 1 1 0 1 0 0 1 0 1 0 1 0 1 1 1 1 1 1 1 0 1 1 0 0 x
0.141770880725413 1 1 0 0 0 1 0 1 1 0 1 1 1 0 1 1 0 1 1 0 0 0 1 1 0 0 1 1 0 1 0 0 1 0 1 x
0.082008356139003 1 0 1 0 0 0 0 0 1 0 1 1 1 0 1 0 1 0 1 0 0 1 1 1 1 0 0 0 0 1 1 0 1 0 0 x
0.237216463279323 1 0 0 0 1 1 0 1 1 0 0 1 1 0 1 1 0 1 1 0 0 0 1 0 0 1 0 0 0 1 1 0 1 0 0 x
0.179792904677034 0 1 0 1 0 0 0 0 0 0 0 1 1 1 1 1 0 1 0 1 0 1 1 0 0 1 0 0 1 1 0 0 1 1 0 x
0.297385506629058 1 1 0 1 0 1 0 1 1 0 1 1 1 0 0 1 1 1 0 0 1 0 0 0 0 0 1 0 0 0 0 0 1 0 0 x
0.110758499995864 1 1 0 0 1 0 0 1 1 1 1 1 1 0 1 1 0 1 0 1 1 0 0 1 0 1 0 1 0 1 0 0 1 0 1 x
0.494689732673752 0 0 0 0 0 0 0 0 1 1 1 1 0 0 1 1 0 1 0 0 0 0 1 1 1 0 1 1 0 1 0 1 1 0 0 x
0.322642928724770 0 0 0 0 0 1 0 0 0 0 1 1 1 1 1 0 0 1 0 0 1 0 1 1 1 1 0 0 1 0 0 1 0 1 0 x
0.173523083375682 0 0 0 1 0 0 0 0 0 0 1 1 1 0 0 1 0 1 0 0 1 1 1 0 1 1 0 1 0 0 0 0 1 1 1 x
0.408914698803981 1 0 1 1 1 0 1 1 1 1 0 0 1 0 1 0 0 1 0 1 1 0 1 0 0 1 0 0 1 1 1 0 1 1 0 x
0.244273888260570 1 0 0 0 0 0 0 0 1 0 1 1 1 0 1 0 0 1 0 0 0 1 1 0 0 0 0 1 0 0 1 1 1 1 0 x
0.128015352283489 0 1 1 0 0 0 0 0 0 0 1 0 1 0 1 1 0 1 0 0 0 1 1 1 1 1 0 1 0 0 0 0 1 1 0 x
0.318391925751201 1 0 0 1 1 0 0 1 1 1 1 1 1 0 0 0 0 1 0 0 0 0 1 1 1 1 0 0 0 0 0 0 1 0 1 x
0.087596859458030 0 0 1 1 0 0 0 0 0 0 1 1 1 1 0 1 0 1 0 0 1 1 0 0 0 1 0 1 0 0 0 0 1 0 1 x
0.335856418476541 0 0 1 1 0 0 0 1 0 0 0 1 0 0 1 1 0 0 1 0 1 1 1 0 0 1 1 0 0 1 0 1 1 1 1 x
0.115587597331397 0 0 1 1 0 0 0 0 0 0 1 1 1 0 1 0 0 1 0 0 0 0 1 1 0 1 0 0 0 0 1 0 1 0 0 x
0.154816293191285 1 1 0 0 0 1 0 1 1 1 1 1 0 0 1 0 0 1 0 0 0 0 1 1 1 0 0 1 1 1 0 0 1 1 1 x
0.095359390011941 0 0 1 0 0 0 0 0 0 0 1 1 1 1 1 1 0 1 0 0 0 1 1 1 1 0 0 0 0 0 0 0 0 1 1 x
0.116887100338092 1 1 0 0 0 0 1 0 1 1 1 1 1 0 1 0 1 1 1 0 1 0 1 1 1 1 1 1 0 0 1 1 1 1 1 x
0.121095476895155 0 1 1 0 0 0 0 0 1 0 1 1 1 0 0 0 1 1 0 0 0 0 1 1 0 1 1 1 0 1 1 0 1 1 1 x
0.242117122730189 0 0 1 1 0 0 0 0 0 0 1 1 1 0 0 0 0 1 0 0 0 1 1 1 0 1 0 1 0 0 0 0 1 1 0 x
0.256410233737918 0 0 1 0 0 0 1 0 0 0 1 1 1 1 1 1 1 0 1 0 0 0 1 0 0 1 0 0 0 1 1 0 1 0 1 x
0.161078274061490 0 1 0 0 0 0 0 0 0 1 1 1 1 0 1 0 0 0 1 0 0 0 1 1 0 1 0 0 0 0 1 0 0 0 1 x
0.244127678320224 0 0 1 0 0 0 0 0 1 0 1 1 1 1 1 0 1 0 1 0 0 1 1 1 1 1 0 1 0 0 0 0 1 0 1 x
0.306491779505374 1 0 0 1 0 0 0 0 0 1 1 1 0 0 1 1 0 1 0 0 0 0 1 1 1 1 0 1 0 1 0 0 0 0 0 x
0.212151545602917 0 1 0 0 0 0 0 0 1 0 1 1 1 1 0 1 1 0 0 1 1 1 1 1 1 0 0 0 0 0 0 1 0 1 1 x
0.167803152267845 0 0 0 1 0 0 0 0 0 0 1 1 1 1 1 1 0 1 0 0 0 1 1 1 1 1 0 0 0 1 0 0 1 1 1 x
0.255210850635527 0 1 0 1 0 0 0 1 0 0 0 1 1 0 0 1 0 1 0 0 1 0 1 0 0 0 0 1 0 0 0 0 1 1 1 x
0.116040319893401 0 0 1 0 0 0 0 0 1 0 0 0 1 1 1 1 0 1 0 0 1 1 1 0 1 1 0 0 0 0 1 0 1 1 1 x
0.131039084084669 1 0 1 0 0 0 0 1 1 0 1 1 1 0 1 1 0 1 1 0 1 0 0 1 1 1 0 1 0 0 1 1 1 1 1 x
0.349463480879242 1 0 1 1 0 0 0 0 0 0 1 1 1 1 1 1 0 0 0 0 1 1 1 0 0 0 0 0 1 1 1 0 1 1 1 x
0.212249630484103 0 1 1 1 0 0 0 0 1 1 1 1 1 0 1 1 1 1 1 0 0 0 1 1 0 1 1 0 0 0 1 0 1 1 0 x
0.136794979802910 1 0 1 0 0 0 0 0 1 0 1 1 1 0 0 0 1 0 0 0 0 0 1 1 1 0 0 0 0 1 1 0 1 1 1 x
0.202077292629275 1 0 1 1 0 0 0 0 1 0 1 1 1 1 0 0 1 1 1 0 0 0 1 0 1 1 1 0 0 1 0 1 0 1 0 x
0.312285318648426 1 0 1 0 1 0 0 0 1 0 0 1 0 1 1 0 1 1 0 0 0 0 1 1 0 0 1 0 0 0 1 1 1 1 0 x
0.154329090205699 0 1 0 0 0 0 0 0 0 1 1 1 1 1 1 1 1 0 0 0 0 1 1 0 0 1 0 0 0 0 1 0 1 0 1 x
0.146181183667769 1 1 0 0 0 0 0 1 1 1 1 0 1 0 1 0 1 0 1 1 0 0 1 0 0 1 0 0 0 0 1 0 1 1 0 x
0.193362434041310 0 0 1 1 0 0 0 0 1 0 0 1 1 1 1 0 0 0 0 0 1 1 0 0 1 1 0 0 0 0 1 1 1 1 1 x
0.264084050515408 0 1 1 1 0 0 0 0 0 0 1 1 0 1 1 1 0 0 0 1 0 0 1 1 0 1 0 0 0 1 1 0 1 1 0 x
0.357280971275897 0 1 1 1 0 0 0 0 0 0 0 0 1 1 1 1 0 1 0 0 0 0 1 0 0 0 1 1 0 0 1 0 1 0 1 x
0.459030411345231 0 1 0 0 1 1 1 1 0 1 1 0 1 0 0 1 1 0 0 0 1 1 1 0 1 1 0 0 0 0 1 0 1 1 1 x
0.160759629859119 0 0 0 1 0 0 1 0 1 0 1 0 1 0 1 1 1 1 0 0 1 1 1 0 0 1 0 1 1 1 0 0 0 0 1 x
0.215418303071557 1 0 1 0 0 0 1 1 1 0 1 0 0 1 1 1 0 1 1 0 0 1 0 1 1 1 0 0 1 1 0 1 1 1 0 x
0.153099220004955 1 1 0 0 0 0 0 0 1 1 1 1 0 1 1 1 0 1 0 0 0 0 1 0 1 1 0 0 0 1 0 0 0 0 0 x
0.279844839245931 1 1 0 1 0 1 0 1 1 1 0 1 1 0 1 1 1 1 0 0 1 0 1 0 0 1 0 1 0 0 0 0 1 0 1 x
0.126531938142464 0 0 0 1 0 0 0 0 1 0 1 1 1 1 1 1 1 1 0 0 1 1 1 0 1 1 0 0 0 1 0 0 0 0 1 x
0.168370040379702 0 0 1 0 0 0 0 0 0 0 0 1 1 0 1 0 1 1 0 0 0 0 1 0 0 1 0 0 0 1 1 0 0 1 0 x
0.161798015674617 1 0 1 0 0 1 0 0 1 0 1 0 1 0 1 1 0 1 0 0 1 0 1 0 1 1 0 0 1 1 0 0 1 0 1 x
0.196176866579349 0 0 1 0 0 0 0 0 1 0 1 1 1 1 0 1 0 1 0 0 1 1 1 0 1 1 1 0 0 0 0 1 0 1 1 x
0.278106856139728 0 1 0 1 0 0 0 0 0 1 1 1 1 0 1 1 0 0 0 0 1 1 1 0 1 1 0 0 1 1 0 0 0 0 0 x
0.075031652688515 1 1 0 0 0 0 1 0 1 1 1 1 1 1 0 1 1 0 0 1 0 1 1 1 0 1 0 0 0 1 0 1 1 0 1 x
0.132748758865735 1 0 1 0 0 1 0 0 1 0 1 0 1 1 1 0 1 0 0 0 0 1 1 1 0 1 0 0 0 1 0 0 1 1 1 x
0.162292185089800 0 1 0 0 0 0 0 0 0 0 0 1 1 0 0 0 0 1 0 0 0 0 0 1 1 1 1 1 0 1 0 1 1 1 1 x
0.345831214108562 0 1 0 0 0 0 0 0 0 0 1 1 1 1 1 0 1 0 0 0 0 0 1 1 0 0 0 0 0 1 1 0 1 1 0 x
0.406722861541244 1 1 0 1 0 0 0 1 1 1 1 1 1 0 1 1 1 1 1 1 1 0 0 0 0 1 1 0 0 1 1 1 1 1 1 x
0.157944626589008 1 1 0 0 1 0 1 1 1 1 1 1 1 1 0 1 1 0 0 0 0 0 1 1 1 1 0 1 1 1 0 0 1 1 1 x
0.339350368036873 0 0 0 0 0 0 1 0 0 0 0 1 1 0 1 1 0 1 0 0 1 0 0 0 0 1 0 1 1 0 1 0 1 0 1 x
0.362703865777034 0 0 0 0 0 0 0 0 0 0 1 1 1 1 0 1 0 1 0 0 1 1 1 1 1 1 0 1 0 1 0 0 1 0 1 x
0.156996418897352 0 1 0 1 1 0 0 0 1 1 1 1 1 0 0 1 1 0 0 0 0 0 1 1 0 1 0 1 0 0 1 0 1 0 1 x
0.231629379641172 0 1 0 0 0 0 0 0 1 0 1 1 1 1 1 1 1 0 0 1 0 1 0 0 0 1 1 1 1 0 0 1 1 0 1 x
0.233422491033692 1 0 1 0 0 0 1 1 1 0 0 1 1 0 1 0 0 1 1 0 1 0 1 1 1 1 0 1 0 0 1 0 1 0 0 x
0.224602449647030 0 0 1 1 0 0 0 0 1 0 1 0 1 0 0 1 1 0 0 0 0 1 1 0 0 1 0 0 1 1 1 0 1 0 0 x
0.164310136584799 0 1 1 0 0 0 0 0 0 1 1 1 1 1 0 1 1 0 0 1 1 1 1 0 0 1 0 0 0 0 0 0 1 1 1 x
0.237580930007259 1 1 0 0 0 0 0 0 1 1 1 1 1 0 0 0 0 1 0 0 1 0 1 1 1 1 1 0 0 0 0 1 0 1 1 x
0.249669675607322 1 1 1 0 1 0 0 1 0 0 1 1 1 0 1 0 0 1 0 0 0 1 0 0 1 1 0 1 0 0 0 0 1 1 1 x
0.112736795714641 1 1 0 0 0 0 0 0 1 1 1 0 1 0 1 1 1 1 0 0 0 1 1 0 1 1 0 0 0 1 0 1 1 0 1 x
0.325228861787807 0 0 0 1 0 0 0 0 0 1 0 1 1 0 1 1 0 1 0 0 0 1 0 0 0 1 0 0 1 0 0 1 1 1 1 x
0.156136781887541 1 0 1 1 0 0 0 1 1 0 1 1 1 1 1 0 0 0 1 0 1 1 1 0 1 1 0 0 0 0 1 0 1 0 1 x
0.240844689908075 1 1 0 0 0 0 1 0 1 1 1 1 1 0 0 0 1 0 0 0 0 0 1 0 0 1 0 1 0 0 0 1 1 0 0 x
0.207300951098193 0 1 1 0 1 0 0 0 1 0 1 1 1 0 0 0 1 0 0 1 0 0 0 1 1 1 1 1 0 0 0 1 0 1 1 x
0.088066963453518 0 0 1 1 0 0 0 0 0 0 1 1 1 1 1 1 1 0 0 0 1 1 0 1 0 1 0 1 0 0 0 0 1 1 1 x
0.194922977473504 1 1 0 0 0 0 1 1 1 0 1 1 1 0 0 0 1 1 1 1 0 0 1 1 0 1 0 0 0 1 0 0 1 0 0 x
0.220896976026837 1 0 1 0 0 1 0 1 0 0 1 1 1 0 1 0 1 0 1 1 0 0 1 1 1 0 0 0 0 0 0 0 1 1 0 x
0.060857845806796 0 1 0 1 0 0 0 0 1 1 1 1 1 1 1 1 1 1 0 1 0 1 1 1 0 1 0 0 1 1 0 0 1 0 1 x
0.067537352741766 0 0 0 1 0 0 0 0 1 0 0 1 1 1 1 1 1 1 0 1 0 1 1 1 0 1 1 0 1 0 0 0 1 0 1 x
0.088815905911187 1 0 1 0 0 0 0 1 1 0 1 1 1 1 1 1 1 0 0 1 0 1 1 0 0 1 0 0 0 1 0 1 0 0 1 x
0.381680529920052 0 0 0 0 0 0 0 1 1 1 1 1 0 1 1 0 0 1 0 0 0 1 1 0 1 0 0 0 0 0 0 1 1 1 0 x
0.216828785921690 1 1 1 0 0 0 0 0 1 1 1 1 1 1 1 1 1 0 0 1 0 1 1 0 1 1 1 0 0 0 1 0 1 0 1 x
0.179978981377642 0 1 0 0 1 0 0 1 1 1 1 1 1 1 1 1 1 1 0 1 0 1 1 0 0 1 0 1 0 1 1 0 1 1 1 x
0.419337871728859 1 1 0 1 0 0 0 0 1 0 1 1 1 1 1 1 1 1 0 0 0 0 0 1 1 1 0 1 0 1 1 1 1 0 1 x
0.338616676646609 0 0 0 1 0 0 0 0 1 0 1 0 1 1 1 1 0 0 0 0 0 1 1 1 1 1 1 0 0 0 0 0 1 0 1 x
0.228636576209670 0 0 0 0 0 0 0 0 1 0 1 0 1 1 1 0 1 1 0 1 1 1 1 1 0 1 0 0 0 1 0 0 0 0 1 x
0.112873536417838 1 1 0 0 0 0 0 1 1 1 1 0 1 1 0 1 1 0 0 1 0 0 1 1 0 0 0 0 0 0 0 0 1 0 1 x
0.408233892944344 1 0 1 0 0 0 0 1 1 0 0 0 0 1 0 1 1 1 0 0 1 1 1 0 0 0 0 1 0 0 0 0 1 1 1 x
0.260095366091397 0 1 1 1 0 0 0 0 0 0 0 1 1 1 1 0 0 1 0 0 0 1 1 1 0 1 0 0 0 0 0 0 0 1 1 x
0.132291538793787 1 1 0 0 0 0 1 1 1 1 1 1 1 1 1 1 0 0 0 1 0 1 1 1 0 1 0 0 0 0 0 1 0 0 1 x
0.109628365553422 1 1 0 0 0 0 0 1 1 1 0 1 1 1 0 0 0 0 0 1 0 1 0 0 0 1 0 0 0 0 0 0 0 0 0 x
0.241970273469138 1 1 0 0 0 0 0 0 1 1 0 1 1 1 1 1 1 0 0 1 0 1 1 0 0 1 0 0 0 1 0 1 1 1 1 x
0.168922462482584 0 1 0 0 0 0 0 0 1 1 1 1 1 1 0 0 1 1 0 1 0 1 1 1 0 1 0 0 0 1 0 1 1 0 1 x
0.182000427195808 0 0 1 1 0 0 0 0 1 0 0 1 1 1 1 1 1 1 1 1 0 1 1 0 0 1 0 1 0 0 0 0 1 0 1 x
0.168397771325270 1 1 0 0 0 0 0 0 1 1 0 1 1 0 0 1 1 0 1 1 0 1 1 0 1 0 0 0 0 0 0 1 1 0 0 x
0.265978367570904 0 1 0 0 0 0 0 0 1 1 0 1 1 1 0 1 0 1 1 1 1 1 1 1 0 1 0 0 0 0 0 0 1 0 1 x
0.265924409181296 0 0 1 0 0 0 0 0 0 0 0 0 1 1 1 1 1 1 0 0 0 1 1 0 0 1 0 1 1 0 1 0 1 1 0 x
0.159541822564094 0 0 0 1 0 0 0 0 0 0 0 1 1 0 1 0 0 0 0 1 1 0 1 1 1 1 0 0 0 1 1 0 0 0 1 x
0.318020226368100 1 1 0 0 1 0 0 0 1 0 0 1 1 0 1 0 0 0 1 1 1 0 0 0 1 1 0 0 0 0 0 0 0 0 1 x
0.129060716797023 1 0 1 0 0 0 1 0 1 1 1 1 1 0 1 1 0 1 1 1 0 1 1 1 1 1 0 0 0 1 1 0 0 0 1 x
0.185116543079807 0 1 0 1 0 0 0 0 1 0 1 0 1 0 0 0 1 1 0 0 0 0 1 0 0 1 0 0 1 0 0 1 0 1 1 x
0.143125578613773 0 0 1 0 0 0 0 0 0 1 0 1 1 0 1 0 0 1 1 1 0 1 1 1 1 1 0 0 0 0 1 0 1 1 0 x
0.174091205001927 0 0 1 0 0 0 0 0 0 0 1 1 1 0 1 1 0 1 1 0 0 0 0 1 0 1 0 0 0 0 1 1 0 0 1 x
0.251465635593779 0 1 1 0 0 0 0 0 1 0 1 1 1 0 1 1 0 1 0 1 1 0 0 1 0 1 0 0 0 0 0 1 1 1 1 x
0.302457259104337 0 0 0 1 0 0 0 0 0 1 0 1 1 0 1 1 1 1 1 1 0 1 1 0 0 1 0 0 1 0 1 1 1 1 1 x
0.106888498921755 0 0 1 0 0 0 0 0 0 0 1 1 0 0 1 1 0 0 0 0 1 0 1 0 1 1 0 0 0 1 1 0 0 1 1 x
0.115524223966763 1 1 0 0 0 0 0 1 1 1 1 0 1 1 0 0 0 0 0 1 0 1 1 0 0 1 0 0 0 1 0 0 1 0 1 x
0.018793520116746 1 0 0 0 0 0 0 0 1 0 1 1 1 1 1 1 1 1 0 1 0 1 1 0 1 0 0 0 0 1 0 0 0 0 1 x
0.096997904949487 1 1 0 0 0 0 1 0 1 1 1 0 1 1 1 1 1 0 0 0 0 1 1 1 1 0 0 1 1 1 0 0 1 1 1 x
0.217601374898544 0 0 1 1 1 0 0 0 0 0 0 1 1 1 1 1 1 0 0 0 0 1 1 1 1 0 0 0 1 1 0 0 1 1 1 x
0.226456164037064 0 1 1 0 0 0 1 0 1 1 1 1 1 0 0 0 1 1 0 1 1 0 1 1 1 1 1 0 0 1 1 0 1 1 1 x
0.343603117132936 1 1 0 0 1 0 0 1 1 1 0 1 1 0 1 1 1 0 0 0 0 1 1 1 1 1 0 1 0 1 0 0 0 0 0 x
0.179562038106262 0 1 1 0 0 0 0 0 1 0 1 1 1 0 1 1 1 1 0 1 0 1 1 1 0 0 0 1 1 0 1 0 1 1 1 x
0.193385770117517 1 1 1 0 0 0 0 0 1 0 1 1 1 1 1 0 0 0 1 1 0 1 0 0 1 1 0 0 1 0 0 0 1 0 1 x
0.201957284292277 1 0 1 0 0 0 0 0 1 0 1 1 1 1 1 1 1 1 0 1 0 1 1 0 0 0 0 0 0 1 0 1 0 0 1 x
0.272403077391855 0 1 1 0 0 0 0 1 1 1 1 1 1 0 0 1 0 0 0 1 0 0 1 0 0 1 1 1 0 0 0 0 0 0 1 x
0.094120930859722 1 0 0 0 0 0 0 0 1 0 1 1 1 0 0 1 1 0 0 1 0 0 1 1 0 1 0 0 1 1 0 0 1 0 1 x
0.147082144991156 0 1 0 0 0 0 0 0 0 0 0 0 1 0 1 0 1 1 0 1 0 0 1 1 0 0 0 0 1 1 0 0 1 0 1 x
0.083718213011711 1 0 0 0 0 0 0 0 0 0 1 1 1 0 1 1 1 1 0 1 0 0 1 0 0 1 0 0 0 1 0 0 0 0 1 x
0.152767421602005 1 0 1 0 0 0 0 0 0 0 1 1 1 1 1 1 0 1 0 1 0 1 0 0 0 1 0 0 0 0 0 0 1 0 0 x
0.178417664185128 1 0 0 0 0 0 1 0 1 0 1 1 0 1 1 1 1 1 0 1 0 1 1 0 1 0 0 0 1 0 1 1 1 0 1 x
0.319457042004318 1 1 0 0 0 0 0 1 1 0 1 1 1 1 1 1 1 1 0 1 0 0 0 0 0 1 1 1 0 1 0 1 0 1 1 x
0.180570673694170 1 1 0 1 0 0 0 0 1 1 1 1 1 0 1 0 1 1 0 1 0 1 1 1 0 1 0 0 0 1 0 0 0 0 1 x
0.151066466569972 1 0 1 0 0 0 0 1 0 0 1 1 1 0 1 1 1 0 0 1 0 0 1 0 1 1 0 0 0 1 1 0 0 0 0 x
0.257973874591133 0 0 0 1 0 0 0 0 0 0 1 1 1 0 1 1 0 1 0 1 0 0 0 0 0 1 0 0 1 1 0 0 0 1 1 x
0.260999849517895 0 1 1 0 0 0 0 0 0 0 1 1 1 0 0 1 1 1 1 1 0 1 1 1 1 0 0 0 1 0 1 0 1 1 1 x
0.191589077562341 0 0 1 1 0 1 0 1 1 1 1 1 1 1 1 0 1 1 0 0 0 1 1 0 1 1 0 0 0 1 1 0 1 0 0 x
0.134830907485839 1 0 0 0 0 0 0 1 1 0 1 1 1 1 1 1 1 1 0 0 0 0 1 1 0 1 1 0 0 1 0 0 0 0 1 x
0.170035902580234 0 0 1 1 0 0 0 1 0 0 0 1 0 1 1 1 0 0 0 1 0 1 0 0 0 1 0 1 0 1 0 0 1 0 1 x
0.197868010651432 0 0 1 1 1 0 0 0 1 0 1 1 1 0 1 1 0 0 0 0 1 0 0 1 1 1 0 0 0 1 1 0 0 0 1 x
0.375068622651602 0 1 1 1 0 0 0 0 0 0 1 1 1 0 0 1 1 1 0 1 1 0 0 0 0 0 0 1 0 1 0 0 0 0 1 x
0.072068101347064 1 0 0 0 0 0 0 1 1 0 1 1 1 1 1 1 1 0 1 1 0 0 1 0 1 1 0 0 1 1 0 0 1 0 1 x
0.104955725955367 1 1 0 0 0 0 1 1 1 1 1 1 1 1 0 1 1 1 1 1 0 1 1 1 0 1 1 0 1 1 1 0 1 0 1 x
0.150493025578893 0 0 1 1 0 0 1 0 1 0 1 1 1 1 1 1 1 1 0 1 1 1 0 1 0 1 1 0 1 0 0 0 1 0 1 x
0.148096421526061 1 0 0 0 0 0 0 1 1 1 1 1 1 1 0 1 1 0 0 1 0 0 1 0 1 1 0 0 0 1 1 0 1 1 1 x
0.055561669511858 0 0 1 1 0 0 0 0 0 1 1 1 1 1 1 1 1 0 0 1 0 0 1 1 0 1 0 0 0 0 0 0 1 0 1 x
0.136977168847179 0 0 1 1 0 0 0 0 0 0 0 1 1 1 1 1 0 0 0 0 0 0 1 1 1 0 0 0 0 0 0 1 1 1 0 x
0.078794690666503 1 0 0 1 0 0 1 0 1 1 1 1 1 1 1 1 1 0 0 1 0 0 1 1 1 1 0 0 1 1 0 0 1 1 1 x
0.143619055349877 1 0 0 1 0 0 0 0 1 1 1 1 1 0 0 0 1 0 1 1 0 0 1 0 1 0 0 1 0 0 0 0 0 0 1 x
0.264052610809730 0 0 0 1 0 1 0 0 0 0 0 1 1 1 1 1 1 1 0 1 0 0 1 0 0 1 0 0 0 0 0 1 1 0 1 x
0.109197883446868 1 0 0 1 0 0 0 0 1 1 1 1 1 0 1 1 1 1 0 1 0 1 1 1 1 0 0 0 1 0 0 0 0 1 1 x
0.127581854898015 1 1 0 0 0 0 1 0 1 1 1 1 1 0 0 1 1 0 1 0 0 0 0 1 0 1 0 1 1 0 0 0 1 0 1 x
0.149259829792066 1 0 1 0 0 0 0 1 1 1 1 1 1 0 1 0 0 0 0 1 0 1 1 0 1 1 0 0 0 1 1 1 0 1 0 x
0.274953315459791 0 1 1 1 1 0 0 0 1 1 1 1 1 1 0 1 1 1 0 0 0 1 1 1 0 1 0 0 1 1 1 0 1 1 1 x
0.250507351147325 1 1 1 0 0 0 0 0 1 0 1 1 1 0 0 1 1 1 0 1 0 1 1 1 1 1 0 0 0 1 0 0 1 0 0 x
0.086090662864020 0 0 1 0 0 0 0 0 0 0 0 0 1 0 1 1 0 0 0 0 1 1 1 1 1 0 0 0 0 1 1 0 1 0 1 x
0.158832530227602 1 0 0 0 0 1 0 0 1 0 1 0 1 0 1 0 1 0 0 0 0 1 1 0 1 1 0 0 0 1 1 0 0 0 1 x
0.094490689688448 0 0 1 0 0 0 0 0 1 0 0 1 1 0 1 0 0 1 0 0 1 0 1 0 1 0 0 0 0 1 1 0 0 0 1 x
0.185595154790850 1 0 0 1 0 0 0 1 1 0 1 1 0 0 1 1 1 1 0 1 0 0 1 0 1 1 0 0 1 1 1 0 1 0 1 x
0.151592214543769 0 1 0 1 0 1 0 0 0 1 1 1 1 0 1 0 1 1 0 0 1 0 1 0 0 1 1 1 1 0 1 0 1 1 1 x
0.158459611102151 0 0 1 0 0 0 0 0 0 0 0 1 0 0 1 0 0 0 0 1 1 0 1 0 1 0 0 0 0 0 0 0 1 0 0 x
0.097235951603176 0 0 1 0 0 0 0 1 0 0 1 1 1 1 1 0 0 1 1 0 0 0 1 1 0 1 0 0 0 0 1 0 1 0 1 x
0.147882611518074 1 1 0 0 0 0 0 1 1 0 1 1 1 1 1 0 0 1 1 0 0 1 1 0 1 0 0 0 1 0 0 1 1 1 1 x
0.114768814283197 1 0 0 0 0 0 1 0 1 1 1 1 1 0 1 1 1 1 0 1 0 0 1 1 0 1 0 0 1 1 1 0 1 0 1 x
0.173180936702998 1 0 0 0 0 0 0 0 1 0 1 1 1 1 1 1 1 0 0 1 0 1 1 0 1 0 0 0 0 1 0 1 1 1 1 x
0.278829585794293 1 0 1 1 0 0 0 0 1 0 0 1 1 1 1 0 1 1 0 0 1 0 1 1 0 0 0 0 1 1 1 0 0 0 1 x
0.103964588271250 1 0 0 1 0 0 0 0 1 1 0 1 1 1 1 1 1 0 1 1 0 1 1 0 1 0 0 0 0 1 0 0 1 0 1 x
0.422711782738999 1 1 0 0 0 0 0 0 1 0 1 0 1 0 1 1 0 1 0 0 0 0 1 0 0 0 0 0 0 1 1 0 1 1 1 x
0.204562829193165 1 0 1 0 0 0 0 0 1 0 1 1 1 0 1 0 0 1 1 1 1 0 1 1 1 0 0 0 1 0 1 0 1 1 1 x
0.101096147702088 1 1 0 0 0 0 0 1 1 1 1 1 1 1 0 1 1 1 1 0 0 1 0 0 1 1 0 0 1 0 0 1 1 0 1 x
0.339777191117921 0 1 0 0 0 0 0 0 1 1 1 1 1 0 1 0 1 0 0 0 0 0 1 1 0 1 1 1 1 0 0 0 1 1 1 x
0.138005269496265 0 0 1 0 0 0 0 0 1 0 0 1 1 0 1 0 1 1 0 0 1 1 0 1 0 1 1 1 0 0 0 0 0 0 1 x
0.098493391004913 1 0 0 1 0 0 1 0 1 1 1 1 1 1 0 1 1 1 0 1 0 1 0 1 0 1 0 0 1 1 0 0 1 0 1 x
0.174443063296911 0 0 1 0 0 1 0 0 1 0 1 1 1 1 1 0 0 1 0 0 0 1 0 1 1 1 1 1 0 1 1 1 1 1 1 x
0.236929657461929 0 0 1 0 0 0 0 1 1 0 1 1 1 0 1 0 1 1 0 0 1 1 1 1 1 0 0 1 0 0 1 0 1 1 0 x
0.074626872070221 1 0 0 0 1 0 0 1 1 1 1 1 1 1 1 1 1 0 1 1 0 0 1 1 0 1 0 0 0 1 0 0 1 0 1 x
0.231653747557111 0 0 1 0 0 1 0 0 1 0 0 0 1 1 1 0 0 0 0 0 0 1 1 1 1 0 0 1 0 1 1 0 0 1 1 x
0.148190007878798 1 0 0 0 0 0 1 1 1 1 1 1 1 1 0 1 1 0 1 0 0 0 1 1 1 1 1 0 0 1 1 1 0 1 1 x
0.251853561396438 1 0 0 0 0 0 0 1 1 1 1 1 1 1 1 1 1 1 0 1 1 1 1 0 1 1 0 0 0 0 0 0 0 0 1 x
0.122140142077031 1 0 0 0 0 0 0 0 1 0 1 1 1 0 1 0 1 0 1 0 0 1 1 0 1 1 0 0 0 1 0 0 1 0 0 x
0.184958252403869 0 0 0 0 0 0 0 0 0 1 0 1 1 0 0 1 1 1 0 1 0 0 1 1 1 1 0 0 0 0 1 0 0 0 1 x
0.093147410443676 1 1 0 0 0 0 1 0 1 1 1 1 0 1 0 1 1 0 0 1 0 0 0 1 1 0 0 0 0 0 0 0 1 0 1 x
0.160216417889490 1 0 1 0 0 0 0 0 0 0 1 1 1 1 1 1 1 0 0 0 0 1 1 1 1 1 0 0 1 1 0 1 1 1 0 x
0.175495763992085 0 1 0 0 0 0 1 0 1 0 1 1 1 0 1 1 0 1 1 1 0 1 1 1 0 1 1 1 1 0 0 0 1 0 0 x
0.102973376253874 1 1 0 0 0 0 0 1 0 1 1 1 1 0 1 0 1 1 0 1 0 0 1 0 0 1 0 1 1 0 0 0 1 0 1 x
0.315306623307536 0 1 0 0 0 0 1 1 1 1 1 1 1 0 1 0 0 1 0 1 0 0 1 1 1 1 0 0 1 0 0 1 1 0 1 x
0.392371693054000 1 0 1 0 0 0 0 1 1 0 1 1 1 1 1 0 0 0 0 0 0 0 1 0 1 1 0 1 0 1 1 1 1 0 0 x
0.107490465939790 1 0 0 1 0 0 0 1 1 1 1 1 1 0 0 1 1 0 1 0 0 0 1 1 0 1 0 0 0 1 1 0 0 0 1 x
0.106022631976400 1 0 0 0 0 0 0 0 1 0 1 1 1 0 1 1 1 1 0 0 0 1 1 0 1 1 0 0 1 1 0 0 0 0 1 x
0.117468789866099 0 1 1 0 0 0 0 0 1 0 1 1 1 1 0 0 1 0 1 0 1 0 1 0 0 1 0 1 0 1 1 0 0 1 1 x
0.283984828488058 1 0 0 0 0 0 1 0 1 1 1 1 1 0 1 1 1 0 1 1 0 1 1 1 1 0 0 0 0 1 0 0 0 0 0 x
0.234622547859416 0 1 1 0 0 0 0 0 1 0 1 1 1 1 1 0 0 0 1 0 0 0 0 1 0 1 0 1 0 1 0 0 1 1 0 x
0.181300958528473 1 1 0 1 0 0 0 1 0 1 1 0 1 0 0 0 1 1 0 0 0 0 1 0 1 1 0 1 1 1 0 0 1 1 1 x
0.048554102472743 0 0 1 0 0 0 0 0 1 0 0 1 1 1 1 1 1 0 0 1 0 1 1 1 0 1 0 0 0 1 0 0 1 0 1 x
0.199263902473309 1 1 1 0 0 0 0 0 1 1 1 1 1 1 1 1 0 0 0 1 0 1 1 1 1 0 0 0 0 0 1 0 1 1 1 x
0.059169731181800 1 0 0 0 0 0 0 0 1 0 1 1 1 1 0 0 1 0 1 1 0 1 1 0 0 1 0 0 1 0 0 0 1 0 1 x
0.125194576914587 1 1 0 0 0 0 0 0 1 1 1 1 1 1 0 1 1 0 1 1 0 0 0 1 0 1 1 0 1 0 0 1 1 0 1 x
0.094719577287355 0 0 1 0 0 0 0 0 1 0 0 1 1 0 1 0 1 1 0 0 1 0 1 1 0 1 0 0 0 1 1 0 1 0 1 x
0.110908798989178 1 0 1 0 0 1 0 0 1 0 1 1 1 1 1 0 0 0 0 0 1 0 1 0 1 1 0 0 0 0 1 0 1 1 0 x
0.116258225806084 0 0 1 0 0 0 0 0 1 0 0 1 1 0 0 0 1 1 1 0 0 0 1 1 1 0 1 0 0 0 1 0 0 0 1 x
0.249896121810785 0 0 0 1 0 0 0 0 1 1 1 1 1 1 0 1 1 0 1 0 0 0 1 1 0 1 1 0 1 1 1 0 1 0 1 x
0.112377012636092 1 1 0 0 0 0 1 1 1 1 1 1 1 1 0 1 1 1 1 1 0 0 1 1 0 1 0 1 0 0 1 0 0 1 1 x
0.118510161461889 0 1 1 0 0 0 1 0 1 0 1 1 1 1 1 1 0 1 1 0 1 1 1 1 0 1 1 1 1 1 1 0 0 1 1 x
0.098147772390006 0 0 1 0 0 0 0 1 0 0 0 1 1 1 1 1 0 0 1 1 0 1 1 1 0 0 1 1 0 0 0 0 0 1 0 x
0.070644345468642 1 0 0 1 0 0 0 0 1 0 1 1 1 1 1 0 1 1 0 0 0 1 1 0 1 0 0 0 0 0 0 0 1 0 1 x
0.111448715684884 0 1 0 0 0 0 0 1 1 0 1 1 1 0 1 0 1 1 0 0 1 0 1 0 0 1 0 0 1 1 0 0 0 0 1 x
0.126170929401424 1 0 1 0 0 0 1 0 0 1 1 1 1 1 1 1 1 1 1 1 0 0 1 1 0 1 1 0 0 1 0 0 0 0 1 x
0.082811046014653 0 1 1 0 0 0 0 0 0 0 0 1 1 1 1 0 0 0 0 0 1 1 0 1 0 1 0 1 0 1 0 0 0 1 1 x
0.141092026979821 0 1 0 1 0 0 0 0 1 0 1 1 1 1 1 0 1 1 0 0 0 1 1 0 0 0 0 0 1 0 0 0 1 0 1 x
0.076557761320453 0 0 1 1 0 0 0 0 0 0 1 1 1 1 1 1 0 1 0 0 1 0 1 1 1 1 0 0 0 0 1 0 1 1 1 x
0.199465028702260 0 1 1 0 1 0 0 1 1 0 1 1 1 1 1 0 0 1 0 1 1 0 0 1 0 1 0 1 1 1 0 0 0 0 1 x
0.216433649325115 1 1 0 0 0 0 1 0 1 0 1 0 1 0 1 1 1 1 1 1 0 1 1 1 0 1 0 1 1 1 0 0 0 0 1 x
0.080198667571873 1 0 0 1 0 0 0 0 1 1 1 1 1 1 1 0 1 1 1 1 0 0 1 1 1 0 0 0 0 1 1 0 0 1 1 x
0.096897243445006 0 1 1 0 0 0 0 1 0 0 1 1 1 1 1 0 0 0 0 0 1 1 1 0 1 1 0 1 0 1 1 0 1 1 1 x
0.091114446592798 0 0 1 0 0 0 0 0 0 0 1 1 1 1 0 1 1 1 0 0 1 1 1 1 0 0 0 0 0 1 1 0 1 0 1 x
0.201276794559035 0 1 1 0 1 0 0 1 0 0 1 1 1 1 1 1 1 0 0 1 0 1 1 1 0 1 0 1 0 1 1 0 1 0 1 x
0.306823405332655 0 1 1 0 0 0 0 0 0 0 1 0 1 0 0 0 0 1 0 0 1 0 1 0 1 1 0 0 0 0 0 0 0 1 1 x
0.114442147051718 1 1 0 0 0 0 0 0 0 1 1 1 1 1 1 0 1 1 0 1 0 0 1 1 1 0 1 1 0 1 0 0 1 1 1 x
0.177054447004505 1 0 1 0 0 1 0 1 1 0 1 1 1 0 1 0 0 0 1 0 1 0 1 1 1 1 0 0 0 1 1 1 1 0 1 x
0.251581960701999 0 0 0 1 0 0 0 0 1 0 1 1 1 1 0 0 0 0 1 1 0 1 1 0 0 1 0 0 1 0 0 0 0 0 1 x
0.205590484414237 0 0 1 0 0 0 0 0 1 1 0 1 1 1 0 1 0 1 0 0 1 0 1 1 1 1 0 0 0 1 0 0 1 0 1 x
0.151128389459323 0 0 1 0 0 0 0 0 0 0 1 1 1 1 1 0 0 1 0 0 0 1 1 1 0 1 0 0 0 0 0 0 1 0 0 x
0.085190233851749 1 0 1 0 0 0 0 1 1 0 0 1 1 1 1 0 1 0 0 0 0 1 1 1 1 1 0 0 0 0 1 1 1 0 1 x
0.155947927306305 1 1 0 0 0 1 0 1 0 1 1 1 1 0 0 0 1 0 1 0 0 0 1 0 1 0 0 0 0 1 1 0 1 0 1 x
0.082838669345280 1 0 0 0 0 0 0 0 1 1 1 1 1 0 1 0 1 0 1 1 0 0 1 0 0 1 0 0 0 0 0 0 1 0 1 x
0.039053371149142 1 0 0 0 0 0 0 1 1 0 0 1 1 1 1 1 1 1 1 0 0 1 1 1 1 0 0 0 0 1 0 0 1 0 1 x
0.074268396581336 1 0 1 0 0 0 0 0 0 1 1 1 1 1 1 0 1 1 1 1 0 1 1 1 1 1 0 0 0 1 1 0 0 1 1 x
0.048664105711096 1 0 0 0 0 0 0 0 1 0 0 1 1 1 1 0 1 1 1 1 0 1 1 0 1 1 0 0 0 0 0 0 1 0 1 x
0.109603199359101 1 0 0 0 0 0 0 1 1 1 0 1 1 1 1 1 1 0 0 1 0 1 1 1 1 1 0 0 1 1 0 0 1 1 1 x
0.217321192609974 1 1 0 1 0 0 0 1 0 1 0 1 1 1 0 0 0 1 0 1 0 1 1 1 1 1 0 0 1 0 0 0 1 1 0 x
0.099592080494565 1 1 0 0 0 0 1 1 1 0 1 1 1 1 0 0 1 0 1 1 0 0 0 1 0 1 0 0 1 0 0 0 0 0 1 x
0.161971091937481 1 0 0 1 0 0 1 0 1 1 0 1 1 1 0 0 1 1 1 1 0 1 1 1 1 1 1 1 0 1 0 0 1 1 1 x
0.113350303167745 0 0 1 1 0 0 0 0 0 1 0 1 1 1 1 0 1 1 0 0 0 0 1 1 1 1 0 0 0 1 0 0 0 0 1 x
0.252469991023402 0 1 0 1 1 0 0 1 1 0 1 1 1 0 1 0 1 1 1 1 0 0 1 1 0 1 1 0 0 0 1 0 1 0 1 x
0.139755102807897 0 0 1 0 0 0 0 0 0 0 1 1 1 1 1 0 0 1 0 0 1 1 1 0 0 1 0 0 1 1 1 0 1 0 1 x
0.108959652082967 1 1 0 0 0 0 0 1 1 1 1 0 1 1 1 1 1 0 0 0 0 0 1 0 0 1 0 0 1 0 0 0 0 0 1 x
0.305136050840998 0 0 1 0 0 0 0 1 0 0 0 1 0 1 0 0 0 0 0 0 1 1 1 1 1 0 0 0 0 0 1 0 1 1 0 x
0.109905753433839 1 1 0 0 0 0 0 1 1 0 1 1 1 1 1 1 1 1 1 1 0 1 1 0 1 1 0 0 0 1 0 0 1 0 1 x
0.169440620142229 1 1 0 1 0 0 1 1 1 1 1 1 1 1 0 1 1 0 1 1 0 0 1 1 1 0 1 1 1 1 1 1 1 1 1 x
0.086091082755802 1 0 1 0 0 0 1 0 1 0 1 1 1 1 1 1 0 0 0 1 0 1 1 1 0 1 0 1 0 0 1 0 1 1 1 x
0.047293006610951 1 0 0 0 0 0 0 0 0 0 1 1 1 1 1 1 1 1 0 1 0 1 1 1 0 0 0 0 1 0 0 0 1 0 1 x
0.215893237553579 1 0 0 0 0 0 0 0 1 0 1 1 1 0 0 0 1 1 1 1 0 1 0 0 0 1 0 0 0 0 1 1 1 0 1 x
0.072773108520388 0 0 1 0 0 0 0 0 0 0 1 1 1 1 1 1 0 1 0 1 1 1 1 0 0 1 0 1 0 1 1 0 0 1 1 x
0.238425478108559 0 0 1 0 1 0 0 0 0 1 1 1 1 0 1 1 1 1 1 1 0 0 1 1 0 0 0 0 0 1 1 0 1 0 1 x
0.138263210650071 1 0 0 0 0 0 1 1 0 0 0 1 1 0 1 0 1 0 0 1 0 1 1 1 0 1 0 0 1 1 0 0 1 0 1 x
0.164450681527296 0 0 1 1 0 0 0 0 1 0 1 1 1 1 0 1 1 1 0 1 1 1 1 0 0 1 0 1 0 0 0 0 0 1 1 x
0.143019461694323 1 1 0 1 0 0 0 1 1 1 0 1 1 1 0 1 1 0 0 1 0 0 1 1 1 0 0 0 1 0 0 0 1 0 1 x
0.156199224899255 1 1 0 0 0 0 0 1 0 1 1 1 1 0 1 0 0 1 1 1 0 0 0 0 0 1 0 0 1 0 0 1 1 0 0 x
0.061820537639925 1 0 0 0 0 0 0 0 0 0 0 1 1 1 1 1 0 1 0 0 0 1 1 1 1 0 0 1 0 0 0 0 1 1 1 x
0.161909911709708 1 1 0 0 0 0 0 0 0 1 1 1 1 0 0 0 0 1 1 1 1 0 0 1 1 1 0 1 0 0 1 1 1 1 1 x
0.133259059352232 0 0 1 0 0 0 0 0 0 0 0 1 1 1 1 1 0 0 1 1 1 1 0 1 0 1 0 1 0 0 0 1 1 1 1 x
0.168018479314443 1 1 0 0 0 0 0 1 0 1 1 1 1 1 0 1 1 1 1 1 0 0 1 0 0 1 0 0 0 1 0 0 1 0 1 x
0.080795198810665 0 1 1 0 0 0 0 0 0 0 1 1 1 1 1 1 0 0 0 1 1 1 1 0 0 1 0 1 0 1 0 0 1 1 0 x
0.194385455924337 0 0 1 1 0 0 0 1 0 0 0 1 1 0 1 1 1 0 1 0 0 1 1 1 1 0 0 0 0 0 1 0 1 0 1 x
0.122272858935059 1 0 0 0 0 1 0 1 1 1 1 1 1 1 1 0 1 0 1 1 0 0 1 0 0 1 1 0 1 0 0 0 0 0 1 x
0.112622289388873 0 1 1 0 0 0 0 0 0 1 1 1 1 1 0 1 0 1 0 0 1 0 1 1 1 1 1 1 0 0 1 1 0 1 1 x
0.088236855036800 1 0 1 0 0 0 0 0 0 0 1 1 1 0 1 0 0 1 1 0 0 1 1 1 1 1 1 0 0 0 1 0 1 1 0 x
0.158419929689533 1 0 1 0 0 0 1 0 0 1 0 1 1 1 0 1 1 0 0 1 0 0 0 1 0 1 0 0 0 1 0 0 1 0 1 x
0.133133331302241 0 0 1 0 0 0 0 0 0 0 1 1 1 1 1 1 1 0 0 0 1 0 1 1 0 1 0 0 0 1 1 0 0 0 1 x
0.087579160453521 1 0 1 0 0 0 0 0 0 0 1 1 1 1 0 1 0 1 0 1 0 0 1 1 1 1 0 0 0 1 1 0 1 1 1 x
0.127028311708070 1 0 1 0 0 0 0 1 0 0 1 1 1 1 1 0 0 0 1 0 0 1 1 1 1 1 0 0 0 1 0 0 1 0 1 x
0.213444351815781 1 0 1 0 0 1 0 0 1 0 1 1 1 0 0 0 0 1 0 1 1 0 1 0 1 1 0 0 0 0 1 1 0 1 0 x
0.051577046880971 1 0 0 0 0 0 0 0 1 0 0 1 1 1 1 0 1 1 0 1 0 1 1 1 1 0 0 0 1 1 1 0 1 0 1 x
0.137740442518782 1 0 0 0 0 0 0 1 1 0 0 1 1 1 1 1 1 0 0 1 0 1 0 0 0 1 0 0 0 1 0 0 1 0 1 x
0.207168142382201 0 1 1 0 0 0 0 0 1 0 1 1 1 1 1 0 0 1 1 1 1 1 0 0 0 1 0 1 0 1 1 0 1 1 1 x
0.115282191224054 0 1 0 0 0 0 0 0 1 0 1 1 1 0 0 1 0 1 0 1 1 0 1 0 1 1 0 1 0 0 1 0 0 1 1 x
0.084893408680450 1 0 1 0 0 0 0 1 1 0 1 1 1 1 1 0 1 0 1 1 0 0 1 1 0 1 0 0 0 0 0 0 1 0 1 x
0.132575891598648 1 0 0 0 0 0 0 0 1 0 1 1 1 1 1 0 1 0 1 0 0 1 1 0 1 1 0 1 1 0 1 0 0 1 1 x
0.247538456785246 1 0 0 0 1 0 0 0 0 1 1 1 1 1 1 0 1 0 0 0 0 0 1 0 0 1 0 1 0 1 0 0 1 0 1 x
0.097128382644993 1 0 0 0 0 0 0 1 0 0 1 1 1 1 1 1 0 1 1 0 0 1 1 0 0 0 0 0 0 1 1 0 0 0 1 x
0.140445596636109 0 1 0 0 0 0 0 0 1 0 1 1 1 1 0 0 0 1 0 0 1 1 1 0 0 1 0 1 0 1 1 0 0 1 1 x
0.160539234485777 1 1 0 1 0 0 0 1 1 1 1 1 1 1 1 1 1 0 1 1 0 1 1 0 0 1 0 0 1 0 0 0 1 0 0 x
0.050359756132447 1 0 0 0 0 0 0 0 1 0 1 1 1 1 1 0 1 1 1 0 0 1 1 1 1 0 0 0 1 1 0 0 1 1 0 x
0.184472393762592 0 1 1 0 0 0 0 0 1 0 1 1 1 1 0 0 1 0 0 0 0 1 0 0 0 1 0 0 0 1 0 1 0 0 1 x
0.162523053954696 0 1 0 1 0 0 0 0 1 1 1 1 1 0 0 1 1 1 0 0 0 0 1 1 0 1 1 0 1 0 1 0 0 0 1 x
0.078886126150626 1 0 0 0 0 0 0 0 0 0 1 1 1 1 0 1 1 1 1 1 0 1 0 1 1 1 0 0 0 0 0 0 1 1 1 x
0.092097878775713 1 1 0 0 0 0 0 1 1 1 1 1 1 0 0 1 1 1 0 1 0 0 0 1 0 1 0 0 0 0 0 0 1 0 1 x
0.202543176524859 1 0 1 0 0 0 0 0 1 0 1 1 1 1 0 0 1 0 0 0 0 1 1 0 1 1 0 0 0 0 1 0 0 0 0 x
0.168983157228923 1 0 1 0 0 0 0 0 1 0 0 1 1 0 1 0 0 0 0 1 0 1 1 0 0 1 0 0 0 0 0 0 1 0 0 x
0.139630278046918 1 0 0 0 0 0 0 0 0 0 0 0 1 1 1 1 0 1 1 1 0 1 1 1 1 0 0 0 0 0 0 0 0 1 1 x
0.197951910137501 1 1 0 0 0 0 0 1 0 1 1 1 1 0 1 0 0 0 1 0 0 0 1 0 1 1 0 1 0 0 1 0 0 1 0 x
0.141377772351508 0 1 1 0 0 0 0 0 0 0 0 1 1 1 1 1 1 0 0 1 1 1 1 1 0 0 0 1 0 0 0 0 0 1 0 x
0.114027665779399 1 1 0 0 0 0 1 0 1 0 1 1 1 1 0 0 0 0 1 0 0 1 0 1 1 1 0 1 1 1 0 1 1 1 1 x
0.061059697981017 1 0 0 0 0 0 0 0 1 0 1 1 1 1 1 0 1 0 1 1 0 0 1 0 1 0 0 0 1 1 0 0 0 0 1 x
0.075979033588589 0 1 0 0 0 0 0 0 0 0 0 1 1 1 1 1 0 1 0 1 0 1 1 1 1 0 1 1 1 1 0 0 1 1 1 x
0.212978932784855 1 0 0 1 0 0 0 0 1 1 1 1 1 0 0 1 1 0 0 0 1 0 1 1 1 1 1 1 0 0 1 0 0 1 1 x
0.259877646195527 0 1 1 0 1 0 0 1 1 0 1 1 1 0 0 0 0 1 1 0 1 0 0 1 1 0 0 1 0 0 1 1 0 1 1 x
0.055164264879748 0 1 0 0 0 0 0 0 1 0 0 1 1 1 1 1 1 1 1 0 0 0 1 0 1 1 0 1 0 0 0 0 0 1 1 x
0.096152825107534 0 1 1 0 0 0 0 0 1 0 0 1 1 1 1 1 1 0 0 0 1 1 1 0 1 1 0 1 0 1 0 0 1 1 1 x
0.156126332781044 1 0 1 0 0 0 1 0 1 0 1 1 1 1 0 0 1 1 1 0 1 1 0 1 1 1 0 1 0 0 0 0 1 1 1 x
0.056872559417238 1 0 0 0 0 0 0 0 1 0 1 1 1 1 1 0 1 1 0 0 0 0 1 0 1 0 0 0 0 0 0 0 1 0 0 x
0.268841364160493 0 0 1 1 0 1 0 0 1 0 1 1 1 0 1 1 0 1 0 1 1 1 0 1 0 0 1 0 0 0 1 0 1 0 1 x
0.189796876786432 1 0 0 0 0 1 0 0 1 1 1 1 1 1 1 0 1 1 1 1 0 1 1 0 1 0 0 0 0 0 0 0 1 0 1 x
0.053359852562190 1 0 0 0 0 0 0 0 1 0 1 1 1 1 1 0 1 1 1 1 0 1 1 1 1 1 0 1 0 1 1 0 0 1 1 x
0.284425465942799 0 0 1 0 0 0 0 0 1 0 1 1 0 0 1 0 0 0 0 1 0 1 1 1 0 1 0 1 0 0 0 0 1 1 1 x
0.078446029286837 1 1 0 0 0 0 1 1 1 1 1 1 1 1 0 1 1 0 0 1 0 1 0 0 1 1 0 0 1 0 0 0 1 1 1 x
0.125998215123002 1 0 1 0 0 0 1 0 0 0 1 1 1 1 1 1 0 1 0 1 0 0 1 1 1 1 0 1 0 1 1 0 0 1 1 x
0.119970780715747 1 1 0 0 0 0 0 1 0 1 1 0 1 0 0 1 1 0 0 1 0 1 0 0 1 1 0 0 0 0 0 1 0 0 1 x
0.178745310349871 1 0 1 0 0 0 0 0 1 0 0 1 1 1 1 0 1 1 1 1 0 0 1 0 1 1 0 0 0 0 1 0 0 1 1 x
0.088603993574712 1 0 0 0 0 0 0 1 0 1 0 1 1 1 1 1 1 0 0 0 0 1 1 1 0 1 0 0 0 1 1 0 1 0 1 x
0.067714298045374 0 0 1 0 0 0 0 0 0 0 0 1 1 0 1 1 0 1 0 1 1 1 1 1 1 1 0 1 0 0 1 0 0 1 1 x
0.036411788905034 0 0 1 0 0 0 0 0 0 0 0 1 1 0 1 0 1 0 1 0 1 1 1 0 1 1 0 0 0 1 1 0 0 0 1 x
0.101927568937876 0 1 0 0 0 0 0 1 1 0 1 1 1 0 1 0 1 1 1 0 0 1 1 0 0 1 0 1 0 0 1 0 0 0 1 x
0.086071766289447 1 0 1 0 0 0 1 0 1 1 1 1 1 1 1 1 1 0 0 1 0 1 1 1 0 1 0 0 0 0 1 0 0 1 1 x
0.094544756879813 1 0 0 0 0 0 1 1 1 0 1 1 1 1 1 1 1 1 1 0 0 1 1 1 0 1 0 1 1 0 1 0 1 1 1 x
0.059133189798522 0 1 0 0 0 0 0 0 1 0 1 1 1 1 1 1 1 1 0 1 0 1 1 0 1 0 0 1 1 0 0 0 1 1 0 x
0.127349847264115 0 0 1 0 0 1 0 0 1 0 1 1 1 1 1 1 0 1 0 0 1 1 1 1 0 1 0 1 0 0 1 0 1 1 1 x
0.068653736884362 0 1 1 0 0 0 0 0 1 0 1 1 1 1 1 0 0 1 0 1 0 1 1 0 1 1 0 1 0 0 0 1 1 1 0 x
0.087046256314329 0 0 1 1 0 0 0 0 1 1 0 1 1 1 1 1 1 0 0 0 1 0 0 1 0 1 0 0 0 1 0 0 0 0 1 x
0.118535204405459 1 1 0 0 1 0 1 1 1 1 1 1 1 1 0 0 1 0 0 0 0 1 0 1 0 1 0 0 0 1 0 0 1 0 1 x
0.129623031866837 0 1 0 1 0 0 0 0 1 0 1 1 1 1 1 1 1 1 0 0 0 1 1 0 1 1 0 1 1 1 0 0 1 1 1 x
0.134619106490120 0 1 0 0 0 0 0 0 0 0 0 1 1 0 1 1 1 1 0 1 0 1 1 0 1 1 0 1 1 1 0 0 0 1 0 x
0.100481177185663 0 0 1 0 0 0 0 0 1 0 0 1 1 1 1 0 1 1 1 0 0 1 1 1 1 1 0 0 0 0 1 0 0 0 1 x
0.056802593284274 0 0 1 0 0 0 0 0 1 0 0 1 1 1 1 0 1 0 1 1 1 1 0 0 1 1 0 1 0 1 0 0 0 1 1 x
0.084559187593847 1 0 0 1 0 0 1 0 1 1 1 1 1 1 0 1 1 0 1 0 0 1 1 1 0 0 0 0 1 1 0 0 1 0 1 x
0.096771413039009 0 0 1 0 0 0 0 0 1 0 0 1 1 1 1 1 1 1 0 0 0 1 0 1 1 1 0 1 0 1 0 0 1 1 1 x
0.115076100217925 1 0 0 0 0 0 0 0 1 1 0 1 1 0 1 0 1 0 1 1 0 1 1 1 1 0 0 0 0 1 1 0 1 0 1 x
0.149276922254039 1 1 0 0 0 1 1 0 1 1 1 1 1 1 0 1 0 0 0 1 1 0 0 1 1 1 0 1 1 1 0 0 0 1 1 x
0.055981101253868 1 0 0 0 0 0 0 0 0 0 1 1 1 1 1 0 1 1 1 1 0 1 0 1 1 0 0 0 1 1 0 0 1 0 1 x
0.116908560467870 1 0 1 0 0 1 0 0 1 0 1 1 1 1 1 1 0 1 0 0 1 1 0 0 1 1 0 1 0 0 0 0 1 1 0 x
0.151368890902657 1 0 0 0 0 0 0 1 1 0 1 1 1 1 1 0 0 1 1 0 0 1 1 0 1 0 0 1 1 1 0 0 0 1 0 x
0.077377187194791 1 1 0 0 0 0 1 0 1 1 1 1 1 1 1 0 1 1 1 1 0 1 1 1 1 1 0 0 1 1 0 0 1 1 0 x
0.125311294810489 1 0 1 0 0 0 0 0 1 1 1 0 1 0 1 0 1 1 1 0 1 1 1 1 1 1 0 0 0 1 1 0 1 0 0 x
0.155086051840455 0 0 1 0 0 0 0 0 1 1 0 1 1 1 1 0 1 0 1 1 0 1 1 1 0 1 0 0 0 1 0 0 0 1 1 x
0.191910377143683 0 1 1 0 0 1 0 0 0 0 1 1 1 1 1 0 0 1 0 1 1 0 1 0 1 1 1 1 1 1 0 0 1 1 0 x
0.168717828532680 0 0 1 0 0 1 0 0 1 0 0 1 1 0 0 1 1 0 1 0 1 0 0 0 1 1 0 0 0 0 0 0 1 0 1 x
0.075360906331157 1 0 0 0 0 0 1 0 1 1 1 1 1 1 1 1 1 1 1 0 0 1 1 1 1 0 0 1 1 0 1 0 1 1 1 x
0.134743633547947 0 1 1 0 0 0 0 0 0 1 1 1 1 0 1 1 0 1 1 1 1 0 1 1 0 1 0 1 0 0 1 1 1 0 1 x
0.128667538580267 0 0 1 0 0 0 0 0 0 0 1 0 1 0 1 1 0 1 0 0 1 1 1 1 1 1 0 0 0 0 1 0 0 0 1 x
0.017034915151156 0 1 0 0 0 0 0 0 1 0 0 1 1 1 1 1 1 1 1 0 0 1 1 0 1 0 0 1 0 0 0 0 0 1 0 x
0.108850218687163 0 1 0 0 0 0 1 0 1 0 0 1 1 1 1 0 1 1 1 0 0 1 1 1 1 0 0 1 0 0 0 0 0 1 1 x
0.121272975391851 0 1 1 0 0 0 0 0 1 0 0 1 0 1 1 1 0 0 0 0 0 1 1 0 1 0 0 1 0 1 0 0 0 1 0 x
0.125248449909024 0 0 1 0 0 0 0 0 1 0 0 1 1 0 1 1 0 0 1 0 1 0 1 0 1 1 1 1 0 1 1 0 0 1 1 x
0.068144198222927 0 0 1 0 0 0 0 0 0 0 0 1 1 1 1 1 1 1 1 0 0 1 1 1 1 0 1 1 0 0 0 0 1 1 0 x
0.094639185712969 1 0 0 1 0 0 0 0 0 1 1 1 1 0 1 0 1 0 1 1 0 1 1 1 0 1 0 0 0 1 0 0 1 0 1 x
0.089878214492576 0 1 0 0 0 0 0 0 0 0 1 1 1 1 1 0 1 1 0 0 0 1 1 0 1 0 0 1 0 1 0 0 0 1 1 x
0.148543943377598 1 1 0 0 0 0 1 0 1 1 1 1 1 1 0 1 1 1 1 1 0 1 1 1 1 1 0 1 1 0 1 1 1 1 1 x
0.117472567417473 1 1 0 0 0 0 0 1 1 1 1 1 1 0 0 0 1 0 1 0 0 1 1 1 0 1 0 0 0 1 1 1 1 0 1 x
0.163019747057073 0 0 1 1 0 0 0 0 1 0 0 1 1 1 1 0 0 0 0 0 1 1 0 1 1 1 0 1 0 0 0 0 1 1 1 x
0.094610467693033 0 0 1 1 0 0 0 0 0 0 1 1 1 1 1 1 1 0 0 0 1 1 0 0 1 1 0 0 0 1 0 0 1 0 1 x
0.102757994395533 1 0 0 0 0 0 0 0 1 0 1 1 1 1 1 0 1 1 0 0 0 1 1 1 1 0 0 0 0 0 1 0 1 1 1 x
0.048437844329623 0 1 0 0 0 0 0 0 1 0 0 1 1 1 1 1 1 1 0 0 0 1 1 1 1 0 1 0 0 0 0 1 1 1 0 x
0.090987151911285 1 0 0 0 0 0 0 0 0 0 0 1 1 0 1 0 1 1 0 1 0 0 1 1 1 0 0 1 0 1 1 0 1 0 1 x
0.161728426136142 1 0 0 1 0 0 1 1 0 1 1 1 1 1 1 1 1 1 1 1 0 1 1 1 0 1 0 0 0 1 1 0 1 0 1 x
0.279953937631423 0 0 1 1 0 0 0 0 0 1 1 1 1 1 1 1 1 1 0 0 1 0 0 0 0 1 0 0 1 1 0 0 1 0 1 x
0.087710140967808 0 1 0 0 0 0 0 1 1 0 0 1 1 1 1 0 1 1 1 1 0 1 1 0 1 0 0 0 0 1 0 1 0 0 0 x
0.157228473453481 1 1 0 0 0 0 0 0 1 0 1 1 1 1 0 0 1 1 1 1 0 1 0 0 1 1 0 0 0 0 0 1 1 1 0 x
0.131767315162550 1 1 0 0 0 0 0 1 1 1 1 1 1 0 1 1 1 0 1 0 0 0 0 1 1 1 0 0 1 1 0 0 1 0 1 x
0.144817058103885 1 0 1 0 0 0 0 0 1 0 0 1 1 0 1 1 1 1 0 1 0 1 1 1 1 0 0 0 0 1 0 1 1 0 0 x
0.114650315181042 1 1 0 0 0 0 0 0 1 1 1 1 1 1 0 1 1 0 1 0 0 1 0 1 0 1 0 0 1 1 0 0 1 0 1 x
0.156324392862507 0 0 1 0 0 0 0 1 1 0 0 0 1 1 1 0 1 0 0 0 1 1 0 0 0 1 1 1 0 0 0 0 0 0 1 x
0.083386972568270 1 0 1 0 0 0 0 0 1 1 1 1 1 1 1 0 0 1 0 1 0 0 1 1 1 1 0 0 0 0 1 0 1 1 0 x
0.025803124195876 1 0 0 0 0 0 0 0 1 0 0 1 1 1 1 0 1 1 1 1 0 0 1 1 1 0 0 0 1 0 0 0 1 0 1 x
0.112831258101096 1 1 0 0 0 0 1 0 1 1 1 1 1 1 0 1 1 1 1 1 0 1 0 1 1 0 0 0 1 1 0 0 0 1 1 x
0.140329817992913 1 0 0 0 0 0 0 1 0 1 0 1 1 1 1 1 1 1 1 0 0 0 1 1 1 0 0 1 1 1 1 0 0 1 1 x
0.078000502662219 0 1 0 0 0 0 0 0 1 0 0 1 1 1 1 0 1 1 1 1 0 1 1 0 1 1 1 0 0 0 0 0 0 1 0 x
0.094429171578772 1 0 1 0 0 0 0 0 1 0 0 1 1 0 1 0 1 0 0 1 0 0 1 1 1 1 0 0 0 1 1 0 1 0 1 x
0.081765011914278 1 0 0 0 0 0 0 0 0 0 0 1 1 1 1 0 0 1 1 0 0 1 1 0 1 0 1 0 1 1 0 0 1 0 1 x
0.151359044771328 1 0 1 0 0 0 0 1 1 0 1 1 1 1 1 0 0 1 1 1 0 1 1 1 1 1 0 0 0 1 1 0 1 1 1 x
0.080265502648903 0 1 0 0 0 0 0 1 1 0 0 1 1 1 1 1 0 1 1 0 0 1 1 0 1 0 0 1 0 1 0 0 1 1 0 x
0.047225768905360 1 0 0 0 0 0 0 1 1 0 0 1 1 1 1 1 1 0 1 1 0 0 1 0 1 0 0 0 0 1 0 0 0 0 1 x
0.095240312961630 1 0 0 0 0 0 1 0 1 1 1 1 1 1 0 1 1 0 1 0 0 0 0 1 0 1 0 0 0 0 0 0 0 1 1 x
0.057077171056973 1 0 0 0 0 0 0 1 1 0 0 1 1 1 1 0 1 0 1 0 0 1 1 1 0 0 0 0 1 0 0 0 1 0 1 x
0.138637642345858 1 0 0 0 0 0 0 1 0 1 1 1 1 0 1 0 1 0 0 1 0 0 1 0 0 1 0 0 0 1 1 0 0 0 1 x
0.183138631887382 0 0 1 0 0 0 0 0 0 0 1 1 1 1 0 1 1 1 0 0 1 0 0 1 1 1 1 1 0 1 1 0 0 1 1 x
0.256247423277741 1 0 0 0 0 0 1 0 1 0 1 1 1 1 0 1 1 1 1 1 0 1 1 0 0 0 0 0 0 0 0 0 1 0 1 x
0.055358522363827 1 0 0 0 0 0 0 0 0 0 0 1 1 1 1 1 1 0 1 0 0 0 1 1 1 0 0 0 0 0 0 0 0 0 1 x
0.047197575627219 1 0 0 0 0 0 0 0 1 0 1 1 1 1 1 1 1 1 1 1 0 1 0 1 1 1 0 1 1 0 0 0 0 1 1 x
0.092350496018009 0 0 1 1 0 0 0 0 0 1 0 1 1 1 1 1 0 0 1 0 0 1 1 1 0 0 0 0 0 1 0 0 1 0 1 x
0.133076459213804 1 0 0 0 0 0 1 1 0 1 1 1 1 1 0 1 1 0 0 0 0 0 1 1 0 1 0 0 1 0 0 0 1 0 1 x
0.086314937121033 1 0 0 1 0 0 1 0 0 1 1 1 1 1 0 1 1 0 0 1 0 0 1 1 0 1 0 1 1 0 0 0 0 1 1 x
0.156529786789307 0 0 1 1 0 0 0 0 1 0 1 1 1 1 1 0 0 0 0 1 1 1 1 0 1 1 0 0 0 1 1 0 0 0 1 x
0.119720216383115 0 1 0 0 0 0 0 0 0 0 0 1 1 1 1 1 1 1 0 1 0 1 1 1 1 0 1 1 0 0 0 0 0 1 0 x
0.149186507255358 1 0 0 0 0 0 0 0 0 0 1 1 1 1 1 1 1 1 1 0 0 0 1 0 1 0 0 0 0 0 1 0 0 0 1 x
0.088608396768197 0 1 0 0 0 0 0 0 1 0 0 1 1 1 1 0 1 1 0 0 0 1 1 1 1 0 1 0 1 1 0 1 1 0 1 x
0.155950322278151 1 0 1 1 0 0 0 0 1 1 1 1 1 1 1 1 1 0 1 1 0 1 1 1 0 1 0 0 1 0 0 0 1 0 1 x
0.139094990780886 1 0 0 0 0 0 1 0 1 1 1 1 1 1 0 1 1 0 0 1 0 1 1 1 0 1 0 0 1 1 0 0 1 1 1 x
0.049157001107295 1 0 0 1 0 0 0 0 1 1 1 1 1 1 1 1 1 1 1 0 0 1 1 1 1 0 0 0 1 1 0 0 1 0 1 x
0.084974779999902 0 0 1 0 0 0 0 0 0 0 1 1 1 0 1 1 1 1 0 0 1 1 1 0 1 1 0 1 0 1 1 0 1 1 1 x
0.192596309409384 1 1 0 0 0 0 1 1 1 1 1 1 1 1 1 0 1 0 0 0 0 1 0 1 1 1 0 0 1 1 0 1 0 0 1 x
0.141385826024473 0 0 1 1 0 0 0 0 0 0 0 1 1 1 0 1 1 0 1 0 0 1 0 1 0 1 0 0 0 1 0 0 1 0 1 x
0.059750069619793 1 0 0 1 0 0 0 0 1 1 1 1 1 1 1 0 1 1 1 1 0 0 1 1 1 1 0 1 1 0 0 0 1 1 1 x
0.113612862005510 1 0 0 0 0 0 0 0 1 0 0 1 1 1 1 1 1 1 0 1 0 1 1 0 1 1 0 0 1 1 0 0 1 0 0 x
0.029242821446502 0 0 1 0 0 0 0 0 0 0 0 1 1 1 1 1 1 0 1 0 1 1 1 1 0 0 1 0 0 1 0 0 1 0 1 x
0.061114996599981 1 0 0 1 0 0 0 0 1 1 0 1 1 1 1 0 1 0 1 0 0 0 1 1 0 0 1 0 0 1 0 0 0 0 1 x
0.088709579578868 1 0 1 0 0 0 0 0 1 0 1 1 1 1 0 0 1 0 1 0 0 0 0 1 1 1 0 0 0 1 0 0 1 1 1 x
0.051770358745567 0 0 1 0 0 0 0 0 0 0 0 1 1 0 1 1 0 1 0 0 1 1 1 0 1 1 0 0 0 1 1 0 1 0 1 x
0.069909885811264 0 1 1 0 0 0 0 0 1 0 1 1 1 1 1 0 1 1 0 1 0 1 1 1 1 0 1 0 1 0 0 1 1 1 0 x
0.147341581240186 0 1 0 0 0 0 0 0 1 0 0 1 1 1 1 0 1 1 0 1 0 1 1 0 1 0 0 1 1 1 0 1 1 1 1 x
0.121107216338640 1 1 0 0 0 0 0 1 1 1 0 1 1 0 0 0 1 0 1 1 0 0 1 0 0 1 0 0 1 1 0 0 1 0 1 x
0.088698010043206 1 0 0 1 0 0 0 0 1 1 0 1 1 1 1 1 1 0 1 1 0 0 1 1 1 0 0 0 0 0 0 0 1 0 1 x
0.057675429737351 1 0 0 0 0 0 0 0 1 0 1 1 1 1 1 0 1 1 1 1 0 1 1 1 1 1 0 1 1 1 0 0 1 1 1 x
0.069243019015896 0 1 0 0 0 0 0 0 1 0 0 1 1 0 1 1 0 1 0 0 0 0 1 0 1 0 0 0 0 0 0 0 0 0 0 x
0.086550438942845 0 1 0 0 0 0 0 0 0 0 1 1 1 1 1 0 1 1 1 0 0 1 1 0 1 0 0 0 1 1 0 0 1 0 0 x
0.022030485814277 1 0 0 0 0 0 0 0 1 0 0 1 0 1 1 1 1 0 1 1 0 1 1 0 1 1 0 0 0 1 0 0 0 0 1 x
0.086244980371897 1 1 0 0 0 0 1 0 1 1 1 1 1 1 0 1 1 0 1 1 0 1 0 1 1 1 1 1 0 1 0 0 1 1 1 x
0.054337761849090 1 0 0 0 0 0 0 1 1 0 0 1 1 1 1 1 0 0 0 0 0 1 1 0 1 0 0 0 0 0 0 0 0 0 1 x
0.129404240529336 1 0 1 0 0 1 0 0 1 1 1 1 1 1 1 1 1 1 1 0 0 0 1 1 1 0 0 0 0 0 0 0 1 1 0 x
0.050758605411472 1 0 0 1 0 0 0 0 1 1 1 1 1 1 1 1 1 0 1 1 0 0 1 1 0 1 0 0 0 1 0 0 0 1 1 x
0.053040005809193 1 0 0 0 0 0 0 0 0 0 0 1 1 1 0 1 1 0 1 1 0 1 0 0 1 1 0 0 0 0 0 0 0 0 1 x
0.095076407564459 1 0 0 0 0 0 0 0 1 0 0 1 1 1 1 1 1 1 1 0 0 1 1 0 1 0 0 0 0 0 0 0 0 0 0 x
0.109704796887670 1 0 0 1 0 0 0 0 1 0 0 1 1 1 1 1 1 0 1 0 0 1 0 1 1 0 0 1 0 1 0 0 0 1 1 x
0.124238320203052 1 0 0 1 0 0 1 0 1 1 1 1 1 1 1 0 0 1 1 0 0 0 1 1 0 0 0 1 1 1 0 0 1 1 1 x
0.102119769269298 1 0 0 1 0 0 0 0 1 0 1 1 1 1 1 1 1 1 1 1 0 1 1 1 0 0 0 1 1 1 0 0 0 1 1 x
0.045066588587429 1 0 0 0 0 0 0 0 1 1 0 1 1 1 0 1 1 0 1 1 0 0 1 1 0 1 0 0 0 1 0 0 0 0 1 x
0.206593359503176 0 1 1 0 0 0 0 0 0 0 0 1 1 1 1 1 1 1 0 0 0 1 1 1 1 0 0 1 0 1 0 1 1 1 0 x
0.033508792506196 1 0 0 0 0 0 0 0 0 0 0 1 1 1 1 1 1 0 1 1 0 1 1 1 0 1 0 1 0 0 0 0 0 1 1 x
0.056016835725712 0 1 0 0 0 0 0 1 0 0 0 1 1 1 1 0 1 0 0 0 1 1 0 0 1 1 0 1 0 0 0 0 0 1 1 x
0.164727733003156 0 1 1 0 1 0 0 0 0 0 1 1 1 1 1 1 0 0 1 0 1 1 1 0 1 1 0 1 0 0 0 0 1 1 0 x
0.092751266544331 0 1 0 0 0 0 0 0 1 0 0 1 1 0 1 0 1 1 0 0 0 1 1 0 1 0 1 0 1 0 0 0 1 0 0 x
0.082594419660951 1 1 0 0 0 0 0 1 1 0 1 1 0 1 0 1 1 0 0 1 0 0 1 0 1 1 0 0 1 0 0 0 1 0 1 x
0.065535060933101 1 0 0 0 0 0 0 0 0 0 0 1 1 0 1 1 1 0 1 1 0 0 0 1 1 1 1 1 0 0 0 0 1 1 1 x
0.088183462931799 0 1 1 0 0 0 0 0 0 0 1 1 1 1 1 0 0 0 0 1 0 1 1 0 0 1 1 1 0 0 0 0 0 1 1 x
0.060281371871956 1 0 0 0 0 0 0 0 0 0 1 1 1 1 0 1 0 0 1 1 0 1 0 0 1 1 0 1 0 0 0 0 1 1 1 x
0.134124125431761 1 1 0 0 0 0 0 1 1 0 1 1 1 1 1 1 1 1 1 0 0 0 1 0 1 0 0 0 1 0 0 0 0 0 0 x
0.138592193430850 1 0 0 0 0 0 0 0 0 0 0 1 1 1 1 1 1 1 1 0 0 1 0 1 1 1 0 1 1 0 0 0 1 1 1 x
0.125496560516924 1 0 0 0 0 0 0 0 1 0 0 1 1 1 1 1 1 0 1 1 0 0 1 1 1 1 1 1 0 0 0 0 0 1 1 x
0.159091557200940 0 0 1 0 0 0 0 0 1 0 0 1 1 1 1 0 1 1 0 0 0 0 1 1 1 0 1 0 1 1 0 0 1 0 1 x
0.147075834182313 1 0 0 0 0 1 0 0 0 0 1 1 1 0 1 0 0 1 0 0 0 0 0 1 0 1 0 1 0 0 0 0 1 1 1 x
0.142712451352185 0 0 1 0 0 0 0 0 0 0 0 1 1 1 1 0 0 0 0 0 0 1 0 0 1 1 0 1 0 0 0 0 0 1 1 x
0.079014925930520 0 1 0 0 0 0 0 0 1 0 1 1 1 0 1 1 1 1 0 0 0 0 1 0 1 0 0 0 0 0 0 0 0 0 1 x
0.189577035533125 1 1 0 0 0 0 0 0 1 1 1 1 1 1 0 0 0 0 0 0 0 1 0 0 1 1 0 1 0 0 0 0 0 1 1 x
0.036185009591361 0 1 0 0 0 0 0 0 1 0 0 1 1 1 1 1 1 1 0 1 1 1 1 0 1 1 0 1 0 1 1 0 0 1 1 x
0.099494424388464 0 1 0 0 0 1 0 0 1 0 0 1 1 0 1 1 1 0 1 0 1 0 1 0 1 1 1 1 0 1 1 0 0 1 1 x
0.083911496132284 0 1 0 0 0 0 0 0 1 0 1 1 1 1 1 1 0 1 0 1 0 1 1 1 1 0 0 0 1 0 0 0 1 1 0 x
0.025216215112893 1 0 0 0 0 0 0 1 0 0 1 1 1 1 1 1 1 0 1 1 0 1 1 0 1 0 0 0 0 1 0 0 0 0 1 x
0.035068479523534 0 1 0 0 0 0 0 0 1 0 0 1 1 1 1 1 1 1 1 1 0 1 1 0 1 0 0 0 1 0 0 0 0 0 1 x
0.178302710385605 0 1 0 0 0 0 0 1 1 0 0 1 1 0 0 0 1 1 1 0 1 0 1 0 1 1 0 1 0 0 1 1 0 1 1 x
0.051341825522054 0 0 1 0 0 0 0 0 0 0 0 1 1 0 1 1 0 1 1 1 0 0 1 1 1 1 1 0 0 0 1 0 1 1 1 x
0.057767789928729 1 0 0 0 0 0 0 0 0 0 0 1 1 1 1 1 1 0 0 1 0 1 1 1 1 0 1 0 0 1 0 0 1 0 1 x
0.067868411238111 1 0 0 0 0 0 0 0 0 1 1 1 1 0 1 1 1 0 1 1 0 0 1 1 1 1 0 1 0 1 0 0 1 1 1 x
0.067914962375705 0 1 0 0 0 0 1 0 1 0 0 1 1 1 1 1 1 0 1 1 1 1 0 0 1 1 0 1 0 1 0 0 0 1 1 x
0.071755669199293 0 1 0 0 0 0 0 1 1 0 0 1 1 1 1 1 1 1 1 0 0 1 1 0 0 1 0 1 0 0 0 0 0 1 1 x
0.075965271541864 1 0 1 0 0 0 0 0 0 1 1 1 1 0 1 1 0 1 1 0 1 0 1 1 1 1 1 1 0 0 1 0 1 1 1 x
0.083353591148280 1 0 0 0 0 0 0 1 0 0 1 1 1 1 1 0 0 0 0 1 0 1 1 0 0 1 0 0 0 0 0 0 0 0 1 x
0.049074333941040 0 0 1 0 0 0 0 0 0 0 0 1 1 1 1 1 1 1 1 1 0 1 1 1 1 1 1 0 0 1 0 0 1 1 1 x
0.083351909541575 1 1 0 0 0 0 1 1 1 1 1 1 1 1 0 0 1 1 1 1 0 0 0 1 1 1 0 1 1 0 0 0 1 1 1 x
0.045022093655211 0 1 0 0 0 0 0 0 1 0 0 1 0 1 1 1 0 1 1 0 0 1 1 0 1 0 0 0 0 1 0 0 0 0 1 x
0.087160479736429 1 0 1 0 0 0 0 0 0 1 1 1 1 0 0 0 1 1 1 1 0 0 0 1 1 1 0 1 0 1 1 0 0 1 1 x
0.034772153151558 0 1 0 0 0 0 0 1 0 0 0 1 1 1 1 1 1 0 0 0 0 1 1 0 1 0 0 0 0 1 0 0 0 0 1 x
0.055453171831015 0 1 0 0 0 0 0 0 1 0 0 1 1 1 1 1 1 0 0 1 1 1 1 0 1 0 0 1 0 0 0 0 0 1 1 x
0.040988518353941 1 0 0 0 0 0 1 0 0 0 1 1 1 1 1 1 1 1 0 1 0 1 1 1 1 0 0 1 1 0 0 0 1 1 0 x
0.078457011405801 0 0 1 0 0 0 0 0 1 0 0 1 1 0 1 1 0 1 1 1 0 1 1 1 1 1 0 0 0 1 1 0 0 0 1 x
0.032478664044518 0 1 0 0 0 0 0 0 1 0 0 1 1 1 1 1 1 0 1 1 0 1 1 0 1 1 0 1 0 1 0 0 0 1 1 x
0.205615352213262 1 0 0 1 0 0 0 0 1 1 1 0 1 0 0 0 0 1 0 1 0 0 1 0 1 1 0 0 1 0 0 0 1 0 1 x
0.160652163921907 0 0 0 0 0 0 0 0 0 0 0 1 1 0 1 1 1 1 1 0 0 1 1 0 1 0 0 0 0 1 0 0 0 0 1 x
0.046740048849205 0 1 0 0 0 0 0 0 1 0 0 1 1 1 1 0 0 1 0 0 0 1 1 0 1 0 0 0 0 0 0 0 1 0 0 x
0.162049496691500 0 1 1 0 0 0 0 1 0 0 1 1 1 1 1 1 1 0 0 0 1 1 1 0 0 1 1 1 0 0 1 0 0 1 0 x
0.088798998162791 0 0 1 1 0 0 0 0 0 1 1 1 1 1 1 1 1 1 0 1 0 0 1 1 1 1 1 0 0 0 1 0 0 1 1 x
0.118982092825716 1 1 0 0 0 0 1 0 0 0 1 1 1 0 0 0 1 0 0 1 0 0 0 1 1 1 0 1 0 0 0 0 1 1 1 x
0.182409897063335 0 1 1 0 0 0 0 0 0 0 1 1 1 0 1 1 0 1 0 0 0 1 1 0 1 1 1 0 0 1 1 1 1 0 0 x
0.081099091805638 0 1 0 0 0 0 0 0 1 0 0 1 0 1 1 0 0 1 0 1 0 1 1 0 1 1 0 1 0 0 0 0 1 1 0 x
0.066293497347337 1 0 0 0 0 0 0 0 0 1 0 1 1 0 1 1 1 1 0 1 0 0 1 1 1 1 0 1 0 1 1 0 0 1 1 x
0.080919546833085 0 1 0 0 0 0 0 1 0 0 0 1 0 1 1 1 0 0 0 1 0 0 1 0 1 0 0 0 0 0 0 0 0 0 1 x
0.053518555983654 0 1 0 0 0 0 0 0 0 0 0 1 1 1 1 1 1 0 0 1 0 1 1 1 0 0 0 0 1 0 0 0 1 0 1 x
0.122957765658651 0 0 1 0 0 0 0 0 0 0 0 1 1 1 1 0 1 1 1 0 0 1 1 1 0 0 0 0 0 0 1 0 1 0 1 x
0.156544477921208 1 0 0 1 0 0 1 0 1 1 1 1 1 1 1 1 1 0 1 1 0 0 0 1 0 1 0 1 0 1 0 0 1 1 1 x
0.033133366259789 0 1 0 0 0 0 0 0 0 0 0 1 1 1 1 1 0 1 1 1 0 1 1 0 1 1 0 1 0 0 1 0 0 1 1 x
0.128908131285267 0 1 1 0 0 0 0 0 0 0 0 1 1 0 1 1 0 1 1 1 0 0 1 1 1 1 1 1 0 0 1 0 0 1 1 x
0.021439686277728 1 0 0 0 0 0 0 0 1 0 0 1 1 1 1 1 1 0 1 0 0 1 1 1 0 0 0 0 0 1 0 0 0 0 1 x
0.090292621829405 1 1 0 0 0 0 1 0 1 1 1 1 1 1 1 0 1 1 1 0 0 1 1 1 1 0 1 0 1 0 0 0 1 1 0 x
0.050978080591970 0 1 0 0 0 0 0 1 0 0 0 1 1 1 1 1 1 0 1 1 1 1 1 0 0 1 1 1 0 1 0 0 0 0 1 x
0.090216946244979 1 0 1 0 0 0 0 0 1 0 1 1 1 1 1 1 1 1 0 1 0 1 1 1 1 0 0 0 0 1 0 0 0 1 0 x
0.054102100415376 1 0 0 0 0 0 0 0 0 0 1 1 1 0 0 1 1 0 0 1 0 0 0 1 1 1 0 1 0 0 0 0 0 1 1 x
0.032926341196823 0 1 0 0 0 0 0 0 0 0 0 1 1 1 1 1 0 0 0 1 0 1 1 0 0 1 0 1 0 0 0 0 0 0 1 x
0.063928973675168 1 0 0 1 0 0 0 0 1 0 1 1 1 1 0 0 1 0 0 0 0 1 0 0 1 1 0 0 0 0 0 0 0 0 1 x
0.067981432598782 0 1 0 0 0 0 0 1 1 0 0 1 1 1 1 1 1 0 0 1 0 1 1 0 1 1 0 0 0 1 1 0 0 0 1 x
0.100963394681784 1 0 1 0 0 0 0 0 1 1 1 1 1 0 1 0 1 1 1 1 0 0 1 1 1 1 0 0 0 0 1 1 1 1 0 x
0.078100799449783 0 0 1 0 0 0 0 0 0 0 0 1 1 1 1 1 1 0 0 1 1 1 0 1 1 1 1 0 0 0 0 0 0 1 1 x
0.115962066817891 1 0 1 0 0 0 0 0 0 0 1 1 1 0 1 1 1 0 1 1 0 1 0 1 1 1 0 1 0 1 1 0 0 1 1 x
0.045977236018173 1 0 0 1 0 0 0 0 0 1 1 1 1 1 0 1 1 0 1 1 0 0 0 1 1 1 0 0 0 1 0 0 0 1 1 x
0.131889017359295 0 0 1 1 0 0 0 0 0 1 0 1 1 0 0 1 1 0 0 0 1 0 1 1 0 1 0 0 0 1 1 0 0 0 1 x
0.056115680576148 1 0 0 0 0 0 0 0 1 0 0 1 1 0 1 1 1 0 1 1 0 0 1 1 0 1 0 0 0 0 0 0 1 0 1 x
0.111571525614690 1 0 0 1 0 0 1 0 1 1 0 1 1 1 1 1 1 0 1 0 0 1 1 1 1 1 0 0 0 0 1 0 0 1 1 x
0.205584892591794 0 1 0 0 0 0 0 0 1 0 0 1 0 1 1 1 1 0 1 0 0 1 1 0 0 0 0 0 0 0 0 0 0 0 0 x
0.094303182900620 1 0 0 1 0 0 0 0 0 1 0 1 1 0 0 0 1 0 0 1 0 0 0 1 0 1 0 0 0 1 0 0 0 0 1 x
0.130089423871410 1 0 1 0 0 0 0 0 1 0 1 0 1 0 1 1 0 1 0 0 1 0 1 0 1 0 0 0 0 1 0 0 0 0 0 x
0.144530140228195 1 1 0 0 0 0 1 1 1 1 1 0 1 1 0 0 1 1 1 0 0 1 0 1 1 1 0 0 0 0 0 1 1 0 0 x
0.100585954802331 1 0 1 0 0 0 0 0 1 0 1 1 1 1 0 1 1 1 0 1 0 0 0 1 1 1 0 0 0 1 0 1 0 0 1 x
0.096324838478916 0 1 1 0 0 0 0 0 0 0 1 1 1 1 0 1 0 0 0 1 1 1 1 1 0 1 1 1 0 1 0 0 1 1 1 x
0.102133865509343 0 1 0 0 0 0 0 1 0 0 0 1 1 1 1 1 1 1 0 1 0 1 1 1 0 1 0 1 1 1 0 0 0 0 1 x
0.070279404273063 0 1 0 0 0 0 0 1 0 0 0 1 1 1 1 1 0 0 1 1 1 1 1 0 0 1 0 1 0 0 1 0 0 1 1 x
0.054726428705731 0 0 1 0 0 0 0 0 0 0 0 1 1 1 1 0 1 0 0 1 1 1 1 1 0 1 0 1 0 1 0 0 0 1 1 x
0.050545399484196 1 0 0 1 0 0 0 0 0 1 1 1 1 1 1 0 1 0 1 1 0 0 1 1 0 0 0 0 1 1 0 0 0 0 1 x
0.045931737763324 0 0 1 0 0 0 0 1 0 0 0 1 1 1 1 1 1 0 0 0 1 1 0 0 1 1 0 0 0 1 0 0 0 0 1 x
0.051892392691841 1 0 0 1 0 0 0 0 1 0 1 1 1 1 1 0 1 1 0 0 0 1 1 1 1 0 0 0 1 0 0 0 1 1 0 x
0.092445033983171 1 0 0 1 0 0 0 1 1 0 1 1 1 1 0 1 1 0 1 0 0 1 0 0 1 0 0 0 1 1 0 0 0 0 1 x
0.049234276662641 1 0 0 0 0 0 0 0 1 0 1 1 1 0 1 1 1 1 0 0 0 1 0 1 1 0 0 1 0 0 0 0 1 1 0 x
0.049078991774819 1 0 0 0 0 0 0 0 1 0 1 1 1 0 1 1 1 1 1 1 0 0 0 1 1 0 0 1 0 0 0 0 1 0 1 x
0.077721362881922 1 0 0 1 0 0 1 0 1 1 1 1 1 1 1 1 1 1 0 1 0 1 1 1 1 0 0 1 1 1 0 0 0 1 1 x
0.067154565233413 1 0 0 0 0 0 0 0 1 0 1 1 1 0 0 1 1 1 1 0 0 0 0 1 1 1 1 1 0 0 0 0 1 1 1 x
0.096027654437068 1 0 1 0 0 0 0 0 0 0 1 1 1 1 0 1 1 0 1 1 0 1 0 1 0 1 0 1 0 0 0 0 0 1 1 x
0.132704260054773 1 0 0 0 0 0 0 0 0 0 1 1 1 0 1 1 1 1 1 1 0 0 0 1 1 0 0 1 1 0 0 0 1 1 0 x
0.125458471638230 1 1 0 0 0 0 1 1 1 1 0 1 1 0 0 1 1 0 1 1 0 0 0 1 1 1 0 1 0 1 0 1 0 1 1 x
0.108056961143450 1 0 1 0 0 0 0 0 1 1 1 1 1 1 0 0 1 1 1 0 0 0 1 1 1 1 0 0 0 1 1 1 1 1 1 x
0.105581433042405 1 0 1 0 0 0 1 0 0 0 1 1 1 1 1 0 0 1 0 1 0 1 1 1 1 0 0 1 0 0 0 0 1 1 0 x
0.083409700927592 0 1 0 0 0 0 0 1 0 0 0 1 1 1 1 1 0 1 0 1 0 1 1 0 0 0 0 1 1 1 0 0 0 0 1 x
0.034187727827240 0 1 0 0 0 0 0 0 0 0 0 1 1 0 1 1 0 0 1 1 1 1 1 0 1 0 0 1 0 1 1 0 0 0 1 x
0.041717484960165 1 0 0 0 0 0 0 0 0 0 1 1 1 0 1 1 0 0 1 1 1 1 0 1 1 1 0 1 0 1 0 0 0 1 1 x
0.179981647605978 0 1 1 0 1 0 0 0 1 0 1 1 1 1 0 1 0 1 0 0 0 0 1 0 1 1 0 0 0 0 0 1 1 1 0 x
0.081419313013026 1 1 0 0 0 0 0 1 1 0 1 1 1 1 0 1 1 0 1 1 0 1 1 0 1 1 0 0 1 0 0 1 0 0 1 x
0.081778403349097 0 1 0 0 0 0 0 0 1 0 0 0 1 1 1 1 1 1 0 0 0 1 1 0 1 0 0 0 0 0 0 1 1 0 0 x
0.053996613890151 1 0 0 0 0 0 0 0 0 0 1 1 1 0 1 0 0 0 1 0 0 1 0 1 1 0 0 1 0 0 0 0 0 1 1 x
0.101913000417330 1 1 0 0 0 0 0 0 1 1 1 1 1 1 1 0 0 1 0 1 0 1 1 1 1 1 0 0 1 0 0 1 1 1 0 x
0.022450916743268 0 1 0 0 0 0 0 0 0 0 0 1 1 0 1 1 1 0 1 1 1 1 0 0 1 1 0 1 0 1 0 0 0 0 1 x
0.068613039478728 1 0 0 0 0 0 0 0 1 0 1 1 1 0 1 1 1 1 1 0 0 1 1 1 1 1 0 1 0 0 0 0 1 1 1 x
0.034336874025996 1 0 0 0 0 0 0 0 1 0 1 1 1 1 1 1 0 1 1 0 1 1 0 1 1 0 0 1 0 0 0 0 1 1 0 x
0.053010658076804 0 1 0 0 0 0 0 0 1 0 0 1 1 1 1 1 0 0 1 1 1 1 0 0 1 0 0 1 0 1 0 0 1 0 1 x
0.104466289131330 0 1 0 0 0 0 0 0 0 0 0 1 1 0 0 1 1 0 1 1 0 0 1 0 1 1 1 1 0 1 1 0 0 0 1 x
0.082435366761428 1 0 1 0 0 0 0 0 1 0 1 1 1 1 1 1 1 0 1 1 1 1 0 0 1 1 0 0 0 1 0 0 0 0 1 x
0.103134328979308 1 0 0 0 0 0 0 0 0 0 0 1 1 0 0 0 0 0 1 1 0 1 0 1 1 1 0 1 0 1 0 0 1 1 1 x
0.055737328046253 1 0 1 0 0 0 0 0 0 1 1 1 1 0 1 1 0 0 1 1 0 0 1 1 0 1 0 0 0 1 0 0 0 1 1 x
0.062308101250061 1 0 1 0 0 0 0 0 1 0 1 1 1 1 0 1 0 1 1 0 0 1 0 1 1 1 0 0 0 0 0 1 1 1 0 x
0.030129884413648 0 0 1 0 0 0 0 0 0 0 0 1 1 1 1 1 1 0 0 0 1 1 1 0 0 1 0 0 0 1 0 0 0 0 1 x
0.044870730601005 1 0 0 0 0 0 0 0 0 0 1 1 0 0 0 1 1 0 1 0 0 0 0 0 1 1 0 0 0 0 0 0 0 0 1 x
0.153536097999737 0 0 1 0 0 0 0 0 0 0 0 1 1 1 1 1 1 0 1 0 1 1 0 0 1 0 0 1 0 1 0 0 1 1 0 x
0.058777570679128 0 1 0 0 0 0 0 0 0 0 0 1 1 1 1 1 0 0 0 1 1 1 1 0 1 1 0 0 0 1 0 0 0 0 1 x
0.014812422367258 0 1 0 0 0 0 0 0 0 0 0 1 1 0 1 1 0 1 0 1 0 1 1 0 1 1 0 1 0 0 0 0 1 0 1 x
0.163251821925776 0 0 1 0 0 0 0 1 0 0 0 1 1 1 1 1 0 1 0 0 0 0 1 1 1 1 1 0 0 0 1 1 0 0 1 x
0.105734644181750 1 0 1 0 0 0 0 0 1 0 1 1 1 1 1 1 1 1 1 0 1 1 1 1 1 1 0 0 0 0 1 1 1 1 0 x
0.058616519063875 0 1 0 0 0 0 0 0 1 0 0 1 1 0 1 0 1 1 1 1 1 0 1 0 1 1 0 1 0 1 0 0 1 0 1 x
0.181244277416871 1 1 0 1 0 0 1 1 1 1 1 1 1 0 0 1 1 0 1 1 0 0 0 1 0 1 0 0 0 0 0 0 1 1 0 x
0.196835784756985 1 0 1 0 0 1 0 0 0 1 1 1 1 1 1 1 0 1 1 1 0 0 1 1 0 1 0 0 0 0 1 0 1 1 1 x
0.064711270833883 0 1 0 0 0 0 0 1 0 0 0 1 1 1 1 1 0 1 1 1 0 1 1 0 1 1 0 1 0 0 0 0 0 0 1 x
0.034063727210020 1 0 0 0 0 0 0 0 0 0 1 1 1 0 1 1 0 0 1 1 1 1 0 0 1 1 0 1 0 1 0 0 0 0 1 x
0.122592420436907 0 1 0 0 0 0 0 0 1 0 0 1 1 0 1 0 0 1 0 1 0 1 1 0 1 1 0 1 0 0 1 0 0 0 1 x
0.016876325629143 0 1 0 0 0 0 0 0 0 0 0 1 1 0 1 1 0 0 1 1 1 1 0 0 1 1 1 1 0 0 0 0 1 0 1 x
0.029775215189094 1 0 0 0 0 0 0 1 0 0 1 1 1 1 1 1 0 0 1 1 0 1 0 0 1 0 0 0 0 1 0 0 0 0 1 x
0.080942182952472 1 1 0 0 0 0 0 1 0 0 1 1 1 0 1 1 0 0 0 1 0 1 0 0 1 1 0 1 0 0 0 0 1 0 1 x
0.072275336529560 0 1 0 0 0 0 0 0 0 0 1 1 1 0 1 0 0 0 1 1 1 1 1 0 0 1 0 1 0 1 0 0 1 0 1 x
0.069180580095048 1 0 1 0 0 0 0 0 0 0 1 1 1 0 1 1 0 0 1 0 1 0 0 1 1 1 0 0 0 1 0 0 1 0 1 x
0.058969063490630 1 0 0 0 0 0 0 0 1 0 1 1 1 1 1 1 0 1 0 0 0 1 0 1 1 0 0 0 0 0 0 0 1 0 1 x
0.036108267930050 0 1 0 0 0 0 0 0 0 0 0 1 1 0 1 1 0 0 0 1 1 0 1 0 1 0 0 1 0 0 0 0 1 0 1 x
0.094441192571208 0 1 0 0 0 0 0 0 0 0 0 1 1 1 1 1 0 0 1 1 0 1 1 0 1 0 0 1 0 0 0 0 1 1 1 x
0.054757356752742 1 0 0 0 0 0 0 0 1 1 1 1 1 0 1 1 1 1 1 1 0 0 1 1 0 1 0 1 0 0 1 0 0 1 1 x
0.023497619957350 1 0 0 0 0 0 0 0 0 0 0 1 1 1 1 1 0 0 1 1 0 1 1 1 0 0 0 1 1 0 0 0 0 0 1 x
0.071084587146332 0 1 0 0 0 0 0 0 1 0 0 1 1 0 1 1 0 0 0 0 1 1 1 0 0 1 0 1 0 0 0 0 1 0 1 x
0.048912753072691 1 0 0 0 0 0 0 1 0 0 0 1 1 1 1 1 0 0 1 1 0 1 1 1 0 1 0 0 1 1 1 0 0 0 1 x
0.028081137018284 1 0 0 0 0 0 0 0 1 0 1 1 1 0 1 1 1 0 1 1 1 0 1 1 0 0 0 1 0 1 0 0 0 0 1 x
0.094138636521101 0 1 0 1 0 0 0 0 0 1 1 1 1 0 1 1 1 1 0 1 0 1 1 0 0 1 0 1 0 1 0 0 1 0 1 x
0.074468250059503 1 0 0 0 0 0 0 0 0 0 1 1 1 0 1 1 0 0 1 0 1 1 1 0 0 1 0 0 0 0 0 0 0 0 1 x
0.030216398999005 1 0 0 0 0 0 0 0 0 0 1 1 1 0 1 1 1 0 1 1 0 0 0 1 0 1 0 1 0 0 0 0 0 0 1 x
0.041761107189485 1 0 0 0 0 0 0 0 1 0 0 1 0 1 1 1 0 1 0 1 0 1 1 1 1 0 0 0 0 1 0 0 1 0 1 x
0.025763213003186 1 0 0 0 0 0 0 0 0 1 0 1 1 0 1 1 1 0 1 1 0 0 1 1 0 0 0 1 0 1 0 0 0 0 1 x
0.036375946296433 1 0 0 0 0 0 0 0 0 0 0 1 1 0 1 1 1 0 1 1 1 1 1 1 0 0 0 1 0 1 0 0 0 0 1 x
0.108720307665514 1 0 0 1 0 0 0 0 1 1 0 1 1 1 1 1 0 0 1 0 0 1 1 1 0 1 0 0 1 0 0 0 0 0 1 x
0.083415531168546 1 0 0 0 0 0 0 0 0 0 0 1 1 1 1 1 1 0 1 1 0 1 1 1 0 0 0 1 0 1 1 0 0 0 1 x
0.094802670405881 1 0 1 0 0 0 0 0 1 0 1 1 1 0 1 1 0 0 1 0 0 0 0 0 1 1 0 0 0 1 0 0 0 0 1 x
0.037217757374333 1 0 0 0 0 0 0 0 0 0 1 1 1 0 1 1 0 0 1 0 1 1 0 0 1 0 0 1 0 0 0 0 1 0 1 x
0.074130934660075 0 1 0 0 0 0 0 0 0 0 0 1 1 0 1 1 1 1 1 0 1 1 0 0 1 0 1 1 0 0 0 0 1 0 1 x
0.023335832844046 1 0 0 0 0 0 0 0 0 0 1 1 1 0 1 1 1 0 1 1 0 1 1 0 0 1 0 1 0 1 0 0 0 0 1 x
0.072520064746221 1 0 0 0 0 0 0 0 0 0 1 1 1 0 1 1 1 1 1 1 1 0 1 1 0 1 0 1 1 1 0 0 1 0 1 x
0.137647146514031 0 1 0 0 0 0 0 1 1 0 1 1 1 1 1 1 0 1 1 1 1 1 1 0 1 1 0 1 0 0 1 0 0 1 1 x
0.085450605451468 0 1 0 0 0 0 0 1 0 0 0 1 1 1 1 1 1 0 0 0 0 1 0 0 1 1 0 0 0 0 0 0 1 0 1 x
0.016770539796828 1 0 0 0 0 0 0 0 0 0 1 1 0 0 1 1 0 0 1 1 0 0 1 1 0 0 0 1 0 1 0 0 0 0 1 x
0.043338312888169 1 0 0 0 0 0 0 1 0 0 0 1 1 0 1 1 0 0 1 0 0 0 1 1 0 0 0 1 0 1 0 0 0 0 1 x
0.027248462383059 1 0 0 0 0 0 0 0 0 0 1 1 1 0 1 0 1 1 1 0 0 0 1 1 0 0 0 1 0 0 0 0 0 0 1 x
0.170097874294347 1 1 0 0 0 0 0 1 1 1 1 1 1 1 0 1 0 0 0 0 0 1 0 0 1 1 0 0 0 0 0 1 1 1 0 x
0.173919042038224 1 0 1 0 1 0 0 0 1 0 1 1 1 1 1 1 1 0 1 1 0 0 1 1 0 1 0 0 0 1 0 0 0 0 1 x
0.037285993306483 0 0 1 0 0 0 0 0 1 0 0 1 1 1 1 1 1 1 0 1 0 1 1 1 1 0 0 0 0 1 0 0 1 1 0 x
0.041176703240590 1 0 0 0 0 0 0 0 0 0 1 1 1 1 1 1 0 0 1 1 0 1 1 1 0 0 0 1 0 1 0 0 0 1 1 x
0.072791757953490 1 0 1 0 0 0 0 0 0 1 1 1 1 0 0 1 1 0 0 0 0 0 1 1 0 1 0 0 0 1 0 0 0 0 1 x
0.061686892552822 1 0 0 0 0 0 1 0 1 0 1 1 1 1 1 1 1 1 0 1 0 0 1 1 1 0 0 1 0 1 0 0 1 1 0 x
0.156504787945001 1 1 0 0 0 0 0 1 1 0 0 1 1 1 1 1 1 0 1 1 0 1 1 0 1 0 0 0 1 0 0 0 1 0 1 x
0.071158776864948 0 1 1 0 0 0 0 0 0 1 0 1 1 1 1 1 0 0 0 1 1 1 1 0 1 1 0 1 0 1 1 0 0 1 1 x
0.197251285148775 1 1 0 0 0 0 0 1 1 0 1 1 1 0 0 1 0 0 1 0 0 0 0 0 1 1 0 0 0 1 0 1 1 0 1 x
0.038171724216658 0 0 1 0 0 0 0 0 0 0 0 1 1 1 1 1 0 1 0 1 1 1 1 1 0 0 0 1 0 0 0 0 1 1 0 x
0.027497559611385 0 1 0 0 0 0 0 0 0 0 0 1 1 0 1 0 1 0 1 0 1 0 1 0 0 1 0 1 0 0 1 0 0 0 1 x
0.032069606959496 0 1 0 0 0 0 0 0 0 0 0 1 1 1 1 0 1 0 1 1 1 1 0 0 0 1 0 1 0 0 0 0 0 0 1 x
0.074625136330972 0 1 0 0 0 0 0 0 0 1 0 1 1 0 1 0 1 1 1 1 1 0 1 0 0 1 0 1 0 1 1 0 0 0 1 x
0.011405348898029 1 0 0 0 0 0 0 0 0 0 0 1 1 1 1 0 1 0 1 1 0 1 1 1 0 1 0 0 1 0 0 1 0 0 1 x
0.034392341589876 1 0 0 0 0 0 0 0 0 0 0 1 1 0 1 0 0 0 1 1 1 0 0 1 0 0 0 1 0 1 0 0 0 0 1 x
0.023050971410591 1 0 0 0 0 0 0 0 0 0 0 1 1 1 1 0 1 0 1 0 0 1 1 1 0 1 0 0 0 1 0 0 0 0 1 x
0.027320216942453 1 0 0 0 0 0 0 0 0 1 0 1 1 0 1 1 1 0 1 0 0 0 1 1 0 1 0 0 0 1 0 0 0 0 1 x
0.043057153678694 1 0 0 0 0 0 0 0 0 0 1 1 1 0 1 1 0 0 1 1 1 0 1 1 0 0 0 1 0 0 0 0 1 0 1 x
0.063175592870554 1 0 0 0 0 0 0 0 1 0 1 1 1 1 0 0 1 1 1 0 0 1 1 1 0 1 0 0 1 0 0 1 1 0 1 x
0.024259512144183 1 0 0 0 0 0 0 0 0 0 0 1 1 0 1 0 1 0 1 1 0 0 1 1 0 1 0 1 0 0 0 0 0 0 1 x
0.136950418913348 0 0 1 0 0 0 0 0 0 0 0 1 1 1 1 1 0 0 0 0 1 1 0 1 0 0 1 1 0 1 0 0 0 0 1 x
0.091460903821772 1 0 0 0 0 0 1 0 0 0 1 1 1 1 1 1 1 0 0 0 0 1 1 1 0 0 0 1 1 0 0 0 0 0 1 x
0.080936820946267 1 0 0 1 0 0 0 0 1 1 1 1 1 1 0 0 1 1 0 1 0 0 1 1 0 0 0 0 1 1 0 1 0 0 1 x
0.090916880150223 0 0 1 1 0 0 0 0 1 0 1 1 1 1 1 1 1 1 0 1 0 1 1 1 1 0 1 0 0 0 0 0 1 1 0 x
0.038916150149416 0 1 0 0 0 0 0 0 0 0 0 1 1 0 1 1 0 1 1 0 1 0 1 0 0 1 0 1 0 1 0 0 0 0 1 x
0.077602653121621 1 0 0 0 0 0 1 0 1 0 1 1 1 1 1 1 0 1 0 1 0 1 1 1 1 0 0 1 1 1 0 0 1 1 0 x
0.161612830786564 0 1 0 0 0 0 0 0 0 0 0 1 1 0 1 1 1 0 0 0 0 1 1 0 0 1 0 1 0 1 1 0 0 1 1 x
0.037273858876137 0 1 0 0 0 0 0 0 0 0 1 1 1 0 1 0 1 1 1 0 1 0 1 0 0 1 1 1 0 0 0 0 0 0 1 x
0.053616829343691 1 0 0 0 0 0 0 0 0 0 1 1 0 0 1 1 0 0 1 1 1 0 1 0 0 0 0 1 0 1 0 0 0 0 1 x
0.057694170937554 1 0 1 0 0 0 0 0 1 1 1 1 1 0 1 1 1 1 0 1 0 0 1 1 1 1 0 0 0 1 1 0 0 1 1 x
0.020991142251347 1 0 0 0 0 0 0 0 0 0 1 1 1 0 1 1 0 0 1 1 0 0 1 1 0 0 0 0 1 0 0 0 0 0 1 x
0.112534181307536 1 0 0 0 0 0 1 0 1 0 1 1 0 1 1 0 1 1 1 1 0 1 0 1 1 0 0 1 0 0 0 0 1 1 0 x
0.023163845817930 1 0 0 0 0 0 0 0 1 0 0 1 1 1 1 0 1 1 1 1 0 1 1 1 1 0 0 0 1 1 0 1 0 0 1 x
0.047214738824317 1 0 0 0 0 0 0 1 0 0 0 1 0 1 1 0 1 0 1 1 0 0 1 1 0 1 0 0 1 0 0 0 0 0 1 x
0.068653544782904 0 1 0 0 0 0 0 0 1 0 0 1 1 1 1 1 1 1 0 1 0 1 1 0 1 0 0 0 0 1 0 0 1 0 1 x
0.033684524077495 0 1 0 0 0 0 0 0 0 0 1 0 1 0 1 1 1 1 0 1 0 1 1 0 1 1 0 1 0 0 0 0 1 0 0 x
0.122557534769039 1 0 0 0 1 0 0 0 0 0 1 1 1 1 1 1 0 1 0 0 0 1 1 1 1 1 0 1 0 0 0 0 1 1 0 x
0.038798702527480 1 0 0 0 0 0 0 1 0 0 1 1 0 1 1 1 0 1 1 1 0 1 1 0 1 1 0 0 1 1 0 0 0 0 1 x
0.070476797907307 1 0 0 0 0 0 0 0 0 0 0 1 1 1 1 1 1 1 0 1 0 1 1 1 0 0 0 1 0 0 0 0 1 1 0 x
0.118722053402726 1 0 1 0 0 0 0 0 1 0 1 0 1 0 1 1 1 0 0 1 1 0 1 1 0 1 1 0 0 0 1 0 1 0 0 x
0.262990276224368 1 1 0 0 0 0 0 1 0 1 0 1 1 0 1 0 0 0 0 1 0 0 1 1 1 1 1 1 0 0 0 0 1 0 1 x
0.027843949493975 0 1 0 0 0 0 0 0 0 0 1 1 1 0 1 1 0 1 1 0 1 1 1 0 0 1 0 1 1 0 0 0 1 0 1 x
0.044116148044008 0 1 0 0 0 0 0 0 1 0 0 1 1 0 1 1 1 1 0 0 1 1 0 0 1 1 0 1 0 0 0 0 1 0 0 x
0.092853197463892 0 1 0 0 0 0 0 0 0 0 0 1 1 1 1 1 0 0 1 0 1 1 0 0 1 0 0 1 0 1 0 0 0 1 1 x
0.041127790925313 1 0 0 0 0 0 0 0 0 0 1 1 1 0 1 1 0 0 1 1 0 1 0 1 1 1 0 1 0 0 0 1 0 1 1 x
0.013983770351553 0 1 0 0 0 0 0 0 0 0 0 1 1 1 1 0 1 0 1 1 1 1 1 0 0 1 0 1 1 0 0 0 0 0 1 x
0.188018380038452 0 1 0 0 0 0 0 0 0 0 0 0 1 0 0 0 1 0 1 1 1 1 0 0 1 1 0 1 0 0 0 0 1 0 1 x
0.069047471515089 1 0 0 0 0 0 0 0 0 0 0 1 1 0 1 1 0 0 0 0 0 1 0 1 1 0 0 1 0 1 0 0 0 0 1 x
0.099553646539288 1 1 0 0 0 0 0 1 1 1 1 1 0 1 0 0 1 0 1 1 0 0 1 1 0 1 0 0 0 1 0 1 0 0 1 x
0.022006986972996 0 1 0 0 0 0 0 0 0 0 0 1 1 0 1 1 1 0 1 0 1 0 1 0 1 1 0 1 0 0 0 0 0 0 1 x
0.021339007934924 1 0 0 0 0 0 0 0 0 0 1 1 1 0 1 1 0 1 1 1 0 1 0 0 1 1 0 1 0 0 0 0 1 0 1 x
0.061748694388474 1 0 0 0 0 0 0 0 0 1 1 1 1 0 1 1 0 1 1 1 0 0 1 1 0 0 0 1 0 0 0 0 0 1 1 x
0.013117022226219 0 1 0 0 0 0 0 0 0 0 0 1 1 0 1 1 0 1 1 0 0 1 1 0 1 0 0 1 0 0 0 0 1 0 0 x
0.055035703920371 1 0 0 0 0 0 0 0 0 0 1 1 1 1 1 1 0 0 1 1 0 1 1 1 0 0 0 0 1 1 0 1 0 0 1 x
0.032791962124338 0 1 0 0 0 0 0 0 0 0 0 1 1 0 1 1 0 0 1 1 1 0 1 0 1 1 0 1 0 0 1 0 1 0 1 x
0.083639094571145 1 0 0 0 0 0 0 1 1 0 0 1 1 1 0 0 1 0 1 1 0 1 0 1 0 1 0 0 1 0 0 1 0 0 1 x
0.089076516860320 0 0 1 1 0 0 0 0 0 1 0 1 1 1 1 1 1 0 0 0 1 1 1 1 0 1 0 0 0 0 0 0 1 0 1 x
0.052871847097348 1 0 0 0 0 0 0 0 1 0 1 1 1 0 1 0 1 1 1 1 0 0 0 1 1 0 0 1 0 1 0 0 0 1 1 x
0.131741562220409 0 1 0 0 0 0 0 0 1 0 0 1 1 1 1 0 1 1 1 0 1 1 1 0 1 0 0 1 0 0 0 0 0 0 0 x
0.094043021690763 1 0 0 1 0 0 0 0 1 1 1 1 1 0 1 1 1 0 1 1 0 0 1 1 0 0 0 0 0 1 0 1 0 0 1 x
0.133539574474162 0 0 1 1 0 0 0 0 0 1 1 1 1 0 0 1 0 1 0 1 0 0 1 1 1 1 0 0 0 1 1 0 0 1 1 x
0.124587606497130 1 0 0 0 0 0 0 0 0 0 0 1 0 0 1 1 0 0 1 1 0 0 1 1 0 0 0 0 0 1 0 0 0 0 1 x
0.027806602986281 1 0 0 0 0 0 0 0 0 0 1 1 0 1 1 0 1 0 1 1 0 0 1 1 0 1 0 1 1 0 0 0 0 1 1 x
0.047009673525201 1 0 0 0 0 0 0 0 1 0 1 1 0 1 1 1 1 1 0 1 0 1 0 0 1 0 0 1 0 1 0 0 0 0 1 x
0.020817349877804 1 0 0 0 0 0 0 0 0 0 1 1 0 0 1 0 1 0 1 1 0 0 1 0 0 1 0 1 1 0 0 0 0 0 1 x
0.089701275818457 1 0 1 0 0 0 0 1 1 1 1 0 1 0 1 1 1 0 1 0 0 0 1 1 0 1 0 0 0 0 1 0 0 1 0 x
0.076900424150090 0 0 1 0 0 0 0 0 1 0 0 1 1 1 1 0 1 0 0 1 0 1 1 1 0 0 1 0 0 0 0 0 1 1 0 x
0.050438122519718 1 0 0 0 0 0 0 0 1 0 1 1 1 1 1 0 0 1 1 1 0 0 1 1 0 1 0 0 1 0 0 0 0 1 1 x
0.076349731714450 0 0 1 0 0 0 0 0 1 0 0 1 1 1 1 1 1 1 0 1 0 1 1 1 1 1 1 0 0 0 1 0 1 1 1 x
0.021743792815701 0 1 0 0 0 0 0 0 0 0 1 1 1 0 1 1 1 0 1 1 1 0 1 0 0 1 0 1 0 0 0 0 0 0 1 x
0.048157702022413 1 0 0 0 0 0 0 0 0 0 1 1 1 0 1 0 0 1 1 1 0 0 1 1 0 0 0 1 1 1 0 0 0 0 1 x
0.071426320046223 1 0 0 0 0 0 0 0 1 0 1 1 0 1 1 1 0 0 1 0 0 1 1 0 1 0 0 1 0 1 0 0 0 0 1 x
0.193680359513434 0 1 0 1 0 0 0 0 0 0 1 1 1 0 1 1 1 1 1 0 0 0 1 0 0 1 0 1 1 0 0 0 1 0 1 x
0.023441026572055 0 1 0 0 0 0 0 0 0 0 1 1 0 0 1 1 1 1 0 1 1 0 1 0 1 1 0 1 0 0 0 0 1 0 1 x
0.042067707566392 1 0 0 0 0 0 0 0 0 0 1 1 1 0 1 1 0 0 1 1 1 1 0 1 0 1 0 1 1 0 0 0 0 0 1 x
0.095160743484316 1 0 0 0 0 0 0 1 1 0 1 1 0 1 0 0 1 1 0 1 0 0 0 0 1 1 0 0 1 0 0 0 0 0 1 x
0.023172676654088 1 0 0 0 0 0 0 0 0 0 1 1 0 0 1 1 0 0 1 1 1 0 0 0 1 1 0 1 0 0 0 0 0 0 1 x
0.078915224466753 1 0 0 0 0 0 0 0 0 0 1 1 0 0 1 1 1 1 1 1 0 1 0 0 1 1 0 1 0 0 0 0 0 1 1 x
0.075769784498139 1 0 1 0 0 0 0 0 1 0 1 1 1 1 1 1 0 1 0 1 0 0 1 1 1 1 0 0 0 0 0 0 1 1 0 x
0.065813059698067 0 1 0 0 0 0 0 0 1 0 1 1 1 0 1 1 1 1 0 1 1 1 1 0 0 1 0 1 0 0 0 0 1 0 0 x
0.061783008083062 1 0 0 0 0 0 0 0 0 0 1 1 1 1 1 1 1 0 1 1 0 1 1 1 0 1 0 0 1 0 0 0 0 0 1 x
0.094869067346702 0 1 0 1 0 0 0 1 0 1 0 1 1 1 1 1 1 0 0 1 0 1 0 0 1 1 0 0 0 0 0 0 0 0 1 x
0.052925015880884 0 1 0 0 0 0 0 0 0 0 1 1 0 0 1 1 0 1 0 1 1 0 1 0 0 1 0 1 1 0 1 0 0 0 1 x
0.029866455079892 1 0 0 0 0 0 0 0 0 0 0 1 1 1 1 0 1 0 1 1 1 1 0 1 0 1 0 1 0 1 0 0 0 1 1 x
0.036511923910294 1 0 0 0 0 0 0 0 1 0 0 1 1 1 1 0 0 1 1 0 0 1 1 1 0 0 0 1 0 0 0 0 0 1 0 x
0.035475852630558 1 0 0 0 0 0 0 0 1 1 0 1 1 1 1 0 1 0 1 1 0 0 1 1 0 0 0 0 1 0 0 0 0 0 1 x
0.026831889892687 1 0 0 0 0 0 0 0 0 0 1 1 1 0 1 1 0 1 1 1 0 1 1 1 0 1 0 1 1 0 1 0 0 1 1 x
0.039976081023786 1 0 0 0 0 0 0 1 0 0 1 1 0 0 1 1 0 1 1 1 0 0 1 0 0 1 0 1 1 0 0 0 0 0 1 x
0.053338903847965 0 1 0 0 0 0 0 0 1 0 0 1 0 1 1 1 1 0 0 1 1 0 1 0 1 1 0 1 0 1 0 0 0 0 1 x
0.071539787464792 1 1 0 0 0 0 0 1 0 1 1 1 1 1 0 0 1 1 0 0 0 1 1 0 0 1 0 0 1 0 0 1 0 0 1 x
0.063792952075060 1 1 0 0 0 0 0 0 1 1 1 1 0 1 1 0 1 1 0 1 0 1 1 0 1 1 0 0 1 1 0 0 1 0 1 x
0.070284156372576 1 0 0 0 0 0 1 0 1 0 1 1 1 1 1 0 1 1 1 1 0 1 1 1 0 1 0 1 1 0 0 1 0 1 1 x
0.030123516686418 1 0 0 0 0 0 0 0 0 0 1 1 1 0 1 1 0 0 1 0 1 1 0 1 0 1 0 1 0 0 0 0 0 1 1 x
0.092727519928356 1 1 0 0 0 0 0 1 1 1 1 0 1 1 1 0 1 0 0 1 0 1 1 1 0 0 0 0 1 1 0 1 1 0 1 x
0.070313127857769 1 0 0 0 0 0 0 0 0 0 1 0 1 0 1 0 1 0 1 1 1 0 1 0 0 1 0 1 0 0 0 0 0 0 1 x
0.075472076218966 0 1 0 0 0 0 0 0 0 0 0 1 1 0 1 1 0 1 1 1 0 1 0 0 1 1 1 1 0 0 0 0 1 0 0 x
0.018249746148744 0 1 0 0 0 0 0 0 0 0 1 1 1 0 1 1 1 1 0 1 1 1 0 0 1 1 0 1 0 0 0 0 1 0 1 x
0.054645681651506 1 0 0 0 0 0 0 0 0 0 1 1 0 1 1 1 1 1 0 1 0 0 1 1 1 0 0 1 1 0 0 0 0 1 1 x
0.030426854458161 1 0 0 0 0 0 0 0 0 0 1 1 0 0 1 1 0 0 0 1 1 1 0 0 1 1 0 1 0 1 0 0 1 0 1 x
0.057979100406322 1 0 0 0 0 0 0 0 1 1 0 1 1 1 1 0 1 0 1 1 0 0 1 1 0 1 0 1 0 1 0 0 0 1 1 x
0.022229892124155 0 1 0 0 0 0 0 0 0 0 0 1 1 0 1 1 0 1 0 1 1 1 0 0 1 1 0 1 0 0 0 0 1 0 1 x
0.032871133901873 1 0 0 0 0 0 0 0 1 0 0 1 1 0 1 1 0 0 1 1 1 0 0 1 1 1 0 1 0 0 1 0 0 1 1 x
0.140369971638856 1 1 0 0 0 0 1 1 1 1 0 1 1 1 0 0 1 0 1 1 0 1 1 0 0 1 1 0 1 1 0 0 0 0 1 x
0.028616801071953 1 0 0 0 0 0 0 0 0 0 0 1 1 1 1 0 0 0 1 1 1 0 1 1 0 1 0 1 1 0 1 0 0 1 1 x
0.089834586305393 1 0 0 0 0 0 0 0 1 0 1 1 1 0 0 1 0 0 1 1 0 0 1 1 0 1 0 1 0 0 1 0 0 1 1 x
0.033538137804957 1 0 0 0 0 0 0 0 0 0 1 1 0 1 1 0 0 1 1 1 1 0 1 1 0 1 0 1 1 0 1 0 0 1 1 x
0.067163769882619 1 0 0 0 0 0 0 0 0 0 0 1 1 1 1 0 0 1 1 1 0 1 1 1 0 1 0 1 1 0 1 1 0 1 1 x
0.019450610864359 1 0 0 0 0 0 0 0 1 0 0 1 1 1 1 0 1 0 1 0 1 0 0 1 1 0 0 0 0 1 0 0 0 0 1 x
0.016292795238053 0 1 0 0 0 0 0 0 0 0 0 1 1 0 1 1 0 0 1 1 1 0 1 1 0 1 0 1 0 0 1 0 0 0 1 x
0.022311973933153 1 0 0 0 0 0 0 0 0 0 1 1 0 0 1 1 1 0 1 1 0 0 1 1 0 0 0 1 1 0 0 0 0 0 1 x
0.078419536291137 1 0 0 1 0 0 0 1 1 1 1 1 1 1 1 0 1 1 1 1 0 0 1 1 0 1 0 0 1 1 0 0 0 1 1 x
0.045491749129288 0 1 0 0 0 0 0 0 0 0 1 1 1 0 1 1 1 1 0 1 1 1 1 0 1 1 1 1 0 1 0 0 1 0 1 x
0.027645386135154 1 0 0 0 0 0 0 0 1 0 0 1 1 1 1 0 1 0 1 1 1 0 1 1 0 1 0 0 1 0 0 0 1 0 1 x
0.023622126793323 1 0 0 0 0 0 0 0 1 0 0 1 1 1 1 0 1 1 0 0 1 0 1 1 1 0 0 0 0 0 0 0 1 1 0 x
0.052692060243625 1 0 0 0 0 0 0 0 1 0 1 1 0 1 0 1 1 0 0 1 0 1 0 0 1 1 0 0 0 1 0 0 1 0 1 x
0.096871111694234 1 1 0 0 0 0 0 1 1 0 1 1 0 1 1 0 0 1 0 1 0 1 1 0 1 0 0 0 1 0 0 1 1 0 0 x
0.040179690159295 0 1 0 0 0 0 0 0 0 0 0 1 1 1 1 0 0 1 1 1 1 0 1 1 0 1 1 1 1 0 1 0 0 1 1 x
0.036190709472164 1 0 0 0 0 0 0 0 1 0 0 1 1 1 1 0 1 0 0 1 1 1 0 1 1 0 0 1 0 1 0 0 0 1 1 x
0.034290201528990 0 0 1 0 0 0 0 0 0 0 0 1 1 0 1 1 0 1 1 0 1 0 1 1 1 1 0 0 0 0 1 0 0 0 1 x
0.105791648651785 1 0 1 0 0 0 0 0 1 0 1 1 1 1 1 0 0 1 0 0 0 1 0 1 1 0 0 0 0 0 0 1 1 1 0 x
0.164032716471894 1 0 0 0 0 0 0 0 0 0 1 1 1 0 1 1 0 0 0 0 0 0 1 1 0 0 0 1 1 0 0 0 0 1 1 x
0.075279464031753 1 1 0 0 0 0 0 1 1 1 1 1 1 0 0 1 0 0 1 1 0 0 1 1 0 0 0 0 1 0 0 1 0 0 1 x
0.044934395481704 1 0 0 0 0 0 0 0 0 0 1 1 1 1 1 0 0 0 1 1 1 0 0 1 1 0 0 1 0 1 0 0 0 1 1 x
0.044594025519012 1 0 0 0 0 0 0 1 0 0 0 1 0 1 1 0 1 0 1 0 1 1 0 0 1 1 0 0 0 1 0 0 0 0 1 x
0.043835010824439 1 0 0 0 0 0 0 0 0 0 0 1 1 0 1 1 1 0 1 1 1 0 0 1 1 0 0 1 0 0 0 0 0 0 1 x
0.102450762001703 0 1 0 0 0 0 0 0 0 0 0 1 1 0 1 0 1 1 1 1 1 0 1 0 0 1 1 1 1 0 1 0 0 0 1 x
0.101758343197618 1 0 1 0 0 0 1 0 0 1 1 0 1 0 1 1 0 1 0 1 0 0 1 1 1 1 1 1 0 1 1 0 1 1 1 x
0.216313265562090 1 1 0 0 0 1 0 1 0 1 1 1 0 0 0 1 1 0 1 1 0 0 1 0 0 1 0 0 1 0 0 0 0 0 1 x
0.029352693978102 1 0 0 0 0 0 0 0 0 0 0 1 1 0 1 0 0 1 1 0 1 1 0 1 1 1 0 1 0 1 1 0 0 1 1 x
0.031750263382120 0 1 0 0 0 0 0 0 0 0 1 1 1 0 1 1 0 1 0 1 1 1 1 0 1 0 0 1 1 0 0 0 1 0 1 x
0.045023393926944 0 1 0 0 0 0 0 0 0 0 0 1 0 1 1 1 1 1 0 0 0 1 1 0 1 1 0 0 1 0 0 0 0 1 1 x
0.065726995573760 1 0 0 0 0 0 0 0 1 0 0 1 1 1 1 0 0 1 1 0 0 1 1 1 1 1 0 0 0 1 0 1 0 1 1 x
0.144258111077807 1 1 0 1 0 0 1 0 1 1 1 1 1 1 0 1 1 0 0 1 0 1 0 1 1 0 0 0 1 1 0 0 1 0 1 x
0.136058313251737 1 1 0 0 0 0 1 0 1 0 1 1 1 1 1 0 0 1 0 1 1 1 1 1 1 0 1 1 1 0 0 0 1 1 1 x
0.083980941795281 1 0 0 0 0 0 0 1 1 0 0 1 1 1 1 0 0 0 1 0 0 1 1 0 0 1 0 0 0 1 0 1 0 0 1 x
0.040858921048351 0 0 1 0 0 0 0 0 0 0 0 1 1 1 1 0 0 0 1 0 1 0 1 1 0 0 1 0 0 0 0 0 1 1 0 x
0.043235199074617 1 0 0 0 0 0 0 0 1 0 0 1 1 1 0 0 1 0 1 0 0 1 0 1 1 0 0 0 0 1 0 1 0 0 1 x
0.052765141644274 1 0 0 0 0 0 0 0 1 0 0 1 1 1 1 0 1 0 1 1 0 1 0 1 1 1 0 0 0 1 0 0 0 0 1 x
0.139851789299919 1 1 1 0 0 0 1 1 0 1 1 1 1 1 0 0 0 0 0 1 1 0 1 1 0 1 0 1 0 1 1 1 0 1 1 x
0.079991896518995 1 0 0 0 0 1 0 0 0 0 1 1 0 0 1 0 1 0 1 0 1 0 1 0 0 1 0 1 0 1 0 0 0 0 1 x
0.056483941177400 0 0 1 0 0 0 0 0 0 0 0 1 1 0 1 0 0 1 1 0 1 0 1 1 0 1 0 1 0 0 1 0 0 1 1 x
0.057356862010371 0 1 0 0 0 0 0 0 0 0 0 1 1 1 1 0 0 0 1 1 1 0 1 1 0 0 0 1 0 0 0 0 0 0 1 x
0.194861290404442 0 1 1 0 1 0 0 0 0 0 1 1 1 1 0 0 0 1 0 1 1 0 1 1 0 1 1 1 0 0 1 1 1 1 1 x
0.032937496199417 0 1 0 0 0 0 0 0 0 0 0 1 1 1 1 1 1 0 1 1 1 1 0 1 0 1 0 1 1 0 0 0 0 1 1 x
0.159630150793284 0 1 1 0 0 0 0 0 0 0 0 1 0 1 1 1 0 0 0 1 1 1 0 0 1 1 0 1 0 0 0 0 0 0 1 x
0.059265932373374 0 1 0 0 0 1 0 0 0 0 1 1 1 0 1 1 0 1 0 0 0 1 1 0 1 0 0 1 0 0 0 0 1 1 0 x
0.058017339579965 0 1 0 0 0 1 0 0 0 0 0 1 1 1 1 0 1 0 0 1 1 1 1 0 0 1 0 1 1 0 0 0 0 1 1 x
0.180629232995118 1 1 0 0 0 0 1 0 0 1 1 0 1 0 1 1 1 1 1 0 1 0 1 1 1 0 0 1 0 0 0 0 1 1 0 x
0.061355219006429 1 0 0 1 0 0 0 0 1 1 0 1 1 1 1 1 1 1 0 0 0 1 1 1 1 0 0 0 0 1 0 0 0 1 1 x
0.069229646463944 1 0 1 0 0 0 0 0 0 0 1 1 1 0 0 1 1 0 0 0 0 1 0 1 1 1 0 0 0 0 0 1 1 0 1 x
0.054428252480949 1 0 0 0 0 0 0 0 0 0 0 1 1 1 1 0 1 0 1 1 0 0 1 0 0 1 0 0 1 0 0 0 0 0 1 x
0.014815760743984 0 1 0 0 0 0 0 0 0 0 0 1 1 0 1 1 1 1 0 0 1 1 1 0 1 1 0 1 0 0 0 0 1 1 0 x
0.033430853325199 0 1 0 0 0 0 0 0 1 0 0 1 1 1 1 1 1 1 0 1 0 1 1 0 1 1 0 0 1 0 0 1 0 0 1 x
0.023766632660952 1 0 0 0 0 0 0 0 0 0 1 1 0 0 1 0 1 0 1 0 1 0 0 1 0 1 0 1 0 0 0 0 0 0 1 x
0.015980770068835 1 0 0 0 0 0 0 0 1 0 0 1 1 1 1 0 0 1 1 0 1 0 1 1 0 0 0 0 0 1 0 0 1 0 0 x
0.066570811094869 1 0 0 0 0 0 1 0 0 1 1 1 0 1 1 0 1 1 1 1 0 0 1 1 1 1 0 1 1 0 1 0 1 1 1 x
0.016083712457411 1 0 0 0 0 0 0 0 1 0 0 1 1 1 1 0 1 1 1 0 1 0 1 1 0 1 1 0 0 0 0 0 1 1 0 x
0.038409537370462 1 0 0 0 0 0 0 0 1 0 0 1 0 1 1 0 1 1 1 1 1 0 0 1 1 1 0 1 0 1 0 0 0 1 1 x
0.025737608807156 1 0 0 0 0 0 0 0 0 0 0 1 1 0 1 0 0 0 1 0 1 0 1 1 0 1 0 0 0 0 1 0 1 0 0 x
0.017585865146449 1 0 0 0 0 0 0 0 0 0 0 1 1 0 1 0 0 1 1 0 1 0 0 1 0 1 1 0 0 0 0 0 1 0 0 x
0.028076985486093 1 0 0 0 0 0 0 0 0 0 0 1 1 0 0 0 1 0 1 0 1 0 0 1 0 1 1 0 0 1 0 0 0 0 1 x
0.027237181082167 1 0 0 0 0 0 0 0 1 0 1 1 1 1 1 0 0 1 1 1 0 0 1 1 0 0 0 0 1 0 0 0 1 0 0 x
0.015242272798494 1 0 0 0 0 0 0 0 0 0 0 1 1 1 1 0 0 1 1 0 1 0 1 1 0 0 1 0 0 0 0 0 1 0 0 x
0.037065337995718 1 0 0 0 0 0 0 0 0 0 0 1 1 1 1 0 0 0 1 0 1 0 0 1 0 1 0 1 0 0 0 0 0 1 0 x
0.031780365944172 1 0 0 0 0 0 0 0 1 0 1 1 1 0 1 0 1 0 1 0 1 0 0 1 0 0 1 0 0 0 0 0 1 0 0 x
0.032823545381302 1 0 0 0 0 0 0 0 0 0 0 1 1 0 1 0 0 0 1 0 1 0 0 1 0 1 1 1 0 0 0 0 0 1 1 x
0.094609972354574 0 0 1 1 0 0 0 0 0 0 0 1 1 1 1 1 0 1 0 1 1 0 1 1 0 1 1 0 0 1 0 0 1 1 0 x
0.027723073492229 1 0 0 0 0 0 0 0 0 0 1 1 1 0 1 0 1 0 1 0 1 0 0 1 0 1 1 0 0 0 0 0 1 0 1 x
0.069988412275803 1 0 0 0 0 0 0 1 0 0 1 1 1 0 0 0 1 0 1 0 1 0 0 0 0 1 1 0 0 0 0 0 1 0 0 x
0.036532445231730 1 0 0 0 0 0 0 0 0 0 0 1 1 0 1 0 1 0 1 0 1 0 0 1 0 1 0 0 0 0 0 0 1 0 0 x
0.050206398415823 1 0 0 0 0 0 1 0 0 0 1 1 1 0 1 1 0 1 1 0 1 1 0 1 1 1 1 1 0 1 1 0 1 1 1 x
0.153134471850726 1 0 1 0 0 0 0 0 1 0 1 1 1 0 0 0 0 1 1 0 1 0 0 1 0 1 1 0 0 0 0 0 1 0 0 x
0.068298277278888 0 1 0 0 0 0 1 0 0 0 1 1 1 1 1 1 1 1 0 0 0 1 1 0 1 1 0 1 0 0 0 0 1 1 0 x
0.041473311581608 1 0 0 0 0 0 0 0 1 0 0 1 1 0 1 0 1 1 1 0 1 0 0 1 1 0 1 0 0 1 0 0 1 0 1 x
0.055183000417832 1 0 0 0 0 0 0 0 1 0 0 1 1 1 1 0 0 1 1 0 1 0 1 1 1 0 1 0 0 1 1 0 1 1 0 x
0.036619340151787 0 1 0 0 0 0 0 0 0 0 0 1 1 0 1 1 0 1 1 0 1 1 1 1 1 1 1 1 0 1 1 0 1 1 1 x
0.028424278795360 0 1 0 0 0 0 0 0 1 0 0 1 1 1 1 0 1 1 1 0 0 1 1 1 1 0 0 0 1 0 0 1 0 1 0 x
0.050548332327765 1 0 0 0 0 0 0 0 0 0 0 1 1 0 1 0 0 1 1 0 1 1 1 1 0 1 1 1 0 1 1 0 1 1 0 x
0.041599611486766 1 0 0 0 0 0 1 0 0 0 1 1 1 1 1 1 1 1 0 1 0 1 0 1 1 1 0 1 0 0 0 0 1 1 1 x
0.022417240291851 1 0 0 0 0 0 0 0 0 0 1 1 1 0 1 0 1 1 1 1 0 0 1 1 0 1 1 0 1 0 0 0 1 0 1 x
0.036158149363093 0 1 0 0 0 0 0 0 0 0 0 1 1 1 1 1 0 1 1 0 1 1 1 1 0 1 0 1 1 0 1 0 0 1 1 x
0.097343546666931 1 0 0 1 0 0 0 0 0 0 1 1 1 1 0 0 1 0 1 1 0 1 0 0 1 1 0 0 1 0 0 1 1 0 1 x
0.052058715787056 0 1 0 0 0 0 0 0 0 0 0 1 1 0 1 1 0 1 1 0 1 0 0 1 1 1 1 1 0 0 1 0 0 1 1 x
0.016471489667904 1 0 0 0 0 0 0 0 0 0 1 1 0 1 1 0 0 1 1 0 1 0 1 1 0 1 0 1 0 0 0 0 1 1 0 x
0.037588660100080 0 1 0 0 0 0 0 0 1 0 0 1 1 1 1 1 1 1 1 1 0 1 1 1 1 1 1 0 1 0 0 1 1 1 0 x
0.083311458763328 1 0 0 0 1 0 0 0 1 0 1 1 1 0 1 1 0 1 0 1 1 0 0 1 1 1 0 1 0 1 1 0 1 1 1 x
0.057095712734772 1 0 0 0 0 0 0 0 0 0 1 1 1 0 1 0 0 1 1 0 1 0 1 1 0 1 1 1 0 0 1 0 1 1 0 x
0.028840438317525 1 0 0 0 0 0 0 0 0 0 0 1 1 0 1 1 0 0 1 0 0 1 1 1 1 0 0 0 1 0 1 1 0 0 1 x
0.041617806907938 1 0 0 0 0 0 0 0 0 0 1 1 0 0 1 1 0 0 1 1 1 0 0 1 1 0 0 1 0 1 0 0 1 0 1 x
0.081935607908775 1 0 1 0 0 0 0 0 0 1 0 1 1 0 1 1 0 0 1 0 0 1 1 1 1 1 0 0 0 0 1 1 0 0 1 x
0.062617988751667 1 0 0 0 0 0 0 0 0 0 0 1 1 0 1 0 0 0 1 0 1 1 1 1 0 1 1 0 1 0 1 1 1 0 1 x
0.032027838106694 1 0 0 0 0 0 0 0 1 0 0 1 1 1 1 1 0 1 0 1 0 1 1 1 1 0 0 0 1 0 0 1 0 0 1 x
0.036130386495313 1 0 0 0 0 0 0 0 0 1 0 1 1 0 1 1 0 0 1 1 1 0 1 1 0 1 0 1 0 1 1 0 0 0 1 x
0.057019372967147 0 1 0 0 0 0 0 0 0 0 0 1 0 0 1 1 0 1 1 0 1 0 1 0 1 1 0 1 0 1 1 0 0 0 1 x
0.043016930047164 0 1 0 0 0 0 0 0 1 0 0 1 1 1 1 1 0 1 1 1 0 1 1 1 1 0 1 0 1 0 0 1 0 1 1 x
0.046289685574461 1 0 0 0 0 0 1 0 0 0 0 1 1 1 1 0 1 0 1 0 1 1 1 1 0 1 0 1 0 0 0 0 1 1 0 x
0.079596951218369 1 0 0 1 0 0 0 0 1 0 0 1 1 1 1 0 1 1 0 1 0 1 1 1 1 1 0 0 1 0 1 1 0 1 1 x
0.046995367818139 1 0 0 0 0 0 0 0 0 0 0 1 0 1 1 0 0 0 1 1 1 0 1 1 0 1 0 1 0 0 0 0 1 1 0 x
0.042423032434073 1 0 0 0 0 0 0 0 1 0 0 1 1 1 1 0 0 1 1 0 0 1 1 1 1 0 0 0 1 0 0 1 1 0 0 x
0.050333182614536 1 0 0 0 0 0 0 0 0 0 0 1 1 1 1 0 1 1 1 0 1 0 1 1 0 1 0 1 0 1 0 0 0 1 1 x
0.104950710331041 1 0 1 0 0 0 1 0 0 0 1 1 0 1 1 1 0 0 0 0 0 1 1 1 0 1 0 1 0 0 0 0 1 1 0 x
0.111962501342186 1 1 0 0 1 0 0 1 1 1 1 1 1 1 0 0 1 1 0 1 0 0 1 1 0 1 0 0 1 0 0 1 1 0 0 x
0.038207885126606 0 1 0 0 0 0 0 0 0 0 1 1 1 1 1 1 0 1 0 1 1 1 1 0 0 1 0 1 1 0 0 0 0 1 1 x
0.052967973317522 1 0 0 0 0 0 0 0 1 0 1 1 1 0 0 1 0 0 1 0 1 0 0 1 0 0 0 1 0 0 0 0 0 0 1 x
0.016184651709935 1 0 0 0 0 0 0 0 0 0 1 1 0 1 1 0 0 1 1 1 0 1 1 0 0 1 0 1 1 0 0 0 0 0 1 x
0.043752103954855 1 0 0 0 0 0 0 0 1 0 1 1 1 0 0 1 1 0 1 1 0 0 0 1 1 0 0 0 1 0 0 1 0 0 1 x
0.017387861563201 1 0 0 0 0 0 0 0 0 0 1 1 0 1 1 0 0 0 1 1 0 0 1 0 0 1 0 1 0 0 0 0 0 0 1 x
0.053755253873634 1 0 0 0 0 0 0 0 1 0 0 1 1 0 1 1 0 0 1 0 1 1 0 1 1 0 1 1 0 1 0 0 1 0 1 x
0.048329411835146 1 0 0 0 0 0 0 1 1 1 1 1 1 1 1 1 1 0 1 0 0 0 1 1 0 0 0 0 0 1 0 0 0 0 1 x
0.067887241446156 1 0 0 0 0 0 0 0 1 0 1 1 1 1 1 0 1 1 1 0 1 0 0 1 1 1 1 0 0 0 0 0 1 1 0 x
0.049586764126599 1 0 0 0 0 0 0 0 1 0 1 1 0 1 1 0 0 1 1 1 0 0 1 1 0 1 0 1 1 0 0 0 1 0 1 x
0.032129885230606 1 0 0 0 0 0 0 0 0 1 1 1 1 0 0 1 1 0 1 1 0 0 1 1 0 0 0 1 0 1 0 0 0 0 1 x
0.097069097185938 1 0 0 1 0 0 0 0 0 1 0 1 1 1 1 0 1 1 1 0 0 0 1 1 0 1 0 0 0 0 0 0 1 1 0 x
0.040442692430886 1 0 0 0 0 0 0 0 0 0 0 1 1 0 0 0 1 0 1 1 0 0 1 1 0 1 0 0 1 0 0 1 0 0 1 x
0.122998464245922 1 0 0 0 0 0 1 0 0 1 1 1 1 1 1 0 0 0 1 1 0 0 1 1 0 1 0 1 1 0 1 0 0 1 1 x
0.074650794381767 1 0 0 0 0 0 0 0 1 0 0 1 1 0 1 0 1 1 1 0 1 0 1 1 0 1 1 0 1 0 1 0 1 0 0 x
0.042936181788408 0 1 0 0 0 0 0 1 0 0 0 1 1 1 1 0 1 0 1 1 1 0 1 1 0 1 0 0 1 0 0 1 0 0 1 x
0.106256657309530 1 1 0 0 0 1 0 1 1 1 1 0 1 1 1 0 1 1 0 0 0 1 1 0 1 1 0 0 1 0 0 0 1 1 0 x
0.136827985374097 1 1 0 0 0 0 1 1 1 1 1 1 0 1 0 0 1 0 1 0 1 0 0 1 0 1 1 1 0 1 0 0 0 1 1 x
0.113610092092210 1 0 0 0 0 0 0 1 0 0 0 1 1 0 1 0 0 0 1 0 1 0 0 1 0 0 0 0 0 0 0 0 0 0 1 x
0.074691281507631 0 0 1 0 0 0 0 0 1 0 0 1 1 1 1 1 0 1 1 0 0 1 1 1 1 0 1 0 0 1 1 0 1 1 0 x
0.054910255399771 0 0 1 0 0 0 0 0 0 0 0 1 1 0 1 0 1 0 1 0 1 0 1 1 0 1 1 0 0 1 0 0 0 0 1 x
0.039603997344368 1 0 0 0 0 0 0 0 0 0 0 1 1 1 1 1 0 1 0 0 1 1 1 1 1 1 0 0 0 0 1 0 1 1 0 x
0.044856255439162 0 1 0 0 0 0 0 0 1 0 0 1 1 1 1 1 0 1 1 0 0 1 1 1 1 0 0 0 1 0 1 1 0 0 1 x
0.032179261508330 0 1 0 0 0 0 0 1 0 0 0 1 1 1 1 0 1 0 1 1 1 0 1 0 0 1 0 1 0 1 0 0 0 0 1 x
0.032821690760074 1 0 0 0 0 0 0 0 0 0 0 1 1 1 1 0 0 1 1 0 1 1 0 1 0 1 1 1 0 0 0 0 1 1 0 x
0.085745154270791 1 0 0 0 0 0 0 0 0 0 0 1 1 0 1 1 0 1 1 1 1 1 1 1 1 1 0 1 0 1 1 0 1 1 1 x
0.058089153294797 1 0 0 0 0 0 0 0 0 0 1 0 1 0 1 1 0 1 1 0 1 0 0 1 0 1 1 0 0 1 0 0 1 0 0 x
0.044541484165639 0 0 1 0 0 0 0 1 0 0 0 1 1 1 1 1 1 0 0 1 0 1 1 0 1 1 0 0 0 1 0 0 0 1 1 x
0.060988399085064 0 1 0 0 0 0 0 0 1 0 0 1 1 1 1 1 1 1 0 1 0 1 1 1 1 1 0 0 1 0 0 0 0 1 1 x
0.079993553140774 1 0 0 0 0 0 0 0 0 0 0 1 1 0 1 0 1 0 1 0 1 0 0 1 1 1 1 0 0 1 1 1 0 0 1 x
0.039498202022936 1 0 0 0 0 0 0 0 0 0 1 1 0 0 1 0 0 0 1 1 1 0 0 0 0 1 1 1 0 0 0 0 0 0 1 x
0.020269938426941 0 1 0 0 0 0 0 0 0 0 0 1 1 0 1 1 0 1 1 0 1 0 1 1 0 1 1 1 0 0 0 0 1 0 1 x
0.025444729975403 0 1 0 0 0 0 0 0 0 0 0 1 1 0 1 1 0 0 1 1 1 1 0 1 0 1 1 1 0 1 0 0 1 0 1 x
0.049947085150460 0 1 0 0 0 0 0 0 1 0 0 1 1 0 1 1 1 0 1 1 1 0 0 1 1 0 1 1 0 1 0 0 1 0 1 x
0.023412249294172 0 1 0 0 0 0 0 0 0 0 0 1 1 1 1 0 0 1 1 0 1 1 1 1 0 0 1 0 1 0 0 1 1 0 0 x
0.070393052219238 0 1 0 0 0 0 0 0 1 0 0 1 1 0 1 1 0 1 1 0 1 1 1 1 1 0 1 0 1 0 0 1 1 1 0 x
0.021191094883100 0 1 0 0 0 0 0 0 0 0 0 1 1 1 1 0 0 1 1 1 0 1 1 1 0 1 1 0 1 0 0 0 1 0 1 x
0.074278457842022 1 0 1 0 0 0 1 0 1 0 1 1 1 1 0 1 1 0 0 0 0 1 0 1 1 1 0 0 0 0 0 1 0 1 1 x
0.030972680056826 0 1 0 0 0 0 0 0 0 0 0 1 1 1 1 0 0 1 1 0 1 1 1 1 0 1 1 0 1 1 0 0 1 0 1 x
0.101662649888262 1 1 0 0 0 0 1 1 1 1 1 1 0 1 1 1 1 1 0 0 0 1 1 1 1 1 0 1 0 1 0 0 1 1 1 x
0.018126770773403 0 1 0 0 0 0 0 0 0 0 0 1 1 1 1 1 0 1 1 1 0 1 1 1 1 0 0 0 1 0 0 1 1 0 0 x
0.025388452122376 0 1 0 0 0 0 0 0 0 0 0 1 1 1 1 1 0 1 1 1 0 1 1 1 0 0 1 0 1 0 0 0 1 0 0 x
0.019246228434315 1 0 0 0 0 0 0 0 0 0 1 1 0 1 1 1 0 1 0 1 0 1 1 0 1 1 0 0 1 0 0 0 1 0 1 x
0.082298494959248 1 1 0 0 0 0 0 0 1 1 1 1 0 1 1 0 1 1 1 1 0 0 1 1 1 0 0 0 1 1 0 0 1 0 1 x
0.027848201717037 0 1 0 0 0 0 0 0 0 0 0 1 1 1 1 0 1 1 1 1 1 1 1 1 0 1 1 1 1 0 0 0 1 1 1 x
0.052156654367497 1 0 0 0 0 0 0 0 0 0 0 1 1 1 1 0 0 0 1 0 1 0 1 1 0 1 1 0 0 1 0 0 1 1 0 x
0.030611557556634 1 0 0 0 0 0 0 0 0 0 1 1 1 0 0 0 1 0 1 1 0 0 0 0 1 1 1 0 0 0 0 0 1 0 1 x
0.013354002963188 1 0 0 0 0 0 0 0 0 0 0 1 1 0 1 1 0 1 0 1 1 1 0 1 1 0 1 0 0 0 1 0 1 0 0 x
0.026236005617779 1 0 0 0 0 0 0 0 0 0 1 1 1 0 0 1 1 0 1 1 1 0 0 1 0 0 1 1 0 1 0 0 0 0 1 x
0.049208797086159 1 0 0 0 0 0 1 0 0 0 0 1 1 0 1 1 0 1 0 0 1 1 0 1 1 1 0 1 0 0 1 0 1 1 0 x
0.053266306380123 1 0 0 0 0 0 0 0 0 0 1 1 1 0 1 1 0 1 0 0 1 0 0 0 1 0 1 0 0 0 0 0 1 0 0 x
0.064282618365409 1 0 0 0 0 0 0 0 1 0 0 1 1 1 1 0 0 1 1 0 1 1 1 1 0 1 0 0 0 0 1 0 0 1 0 x
0.015566677031868 1 0 0 0 0 0 0 0 0 0 0 1 1 0 1 1 0 0 1 1 1 1 0 1 1 0 1 0 0 0 1 0 1 0 0 x
0.034945899523043 1 0 0 0 0 0 0 0 0 0 1 1 1 1 0 0 1 0 1 1 1 0 0 1 0 1 0 1 0 1 0 0 0 1 1 x
0.076545466293249 1 0 0 0 0 0 0 0 0 1 0 1 1 0 0 1 1 0 1 0 0 0 0 1 1 0 1 0 0 1 0 0 1 0 1 x
0.021974451601373 1 0 0 0 0 0 0 0 0 0 0 1 0 1 1 0 1 1 0 1 0 1 1 0 1 1 0 0 0 1 0 0 0 0 1 x
0.036202570424358 1 0 0 0 0 0 0 0 0 0 1 1 1 0 1 1 0 1 1 0 1 1 0 1 1 0 0 0 0 1 1 0 1 0 0 x
0.051082952767104 1 0 0 1 0 0 0 0 1 1 1 1 1 1 0 1 1 0 1 1 0 0 1 1 1 0 0 0 1 1 0 0 0 1 1 x
0.120241153820873 0 1 0 0 1 0 0 0 1 0 1 1 1 0 1 1 0 1 0 1 0 1 1 0 1 0 0 1 0 0 0 0 1 0 0 x
0.090827183618268 1 0 1 0 0 0 0 0 0 1 1 0 1 0 1 1 0 0 1 1 0 0 1 1 0 1 0 0 0 1 1 0 0 0 1 x
0.025054298185940 0 0 1 0 0 0 0 0 0 0 0 1 1 1 1 1 0 1 1 1 1 1 1 1 0 1 1 1 0 0 0 0 1 1 0 x
0.030854621571486 1 0 0 0 0 0 0 0 0 0 1 1 0 1 1 1 0 1 1 1 0 1 1 1 0 1 0 1 0 0 0 0 0 1 1 x
0.062164325477670 1 0 0 0 0 0 0 0 0 0 1 1 1 1 0 1 0 1 1 0 0 1 0 1 1 0 0 1 0 0 0 1 0 1 1 x
0.075402500378841 0 1 0 0 0 0 0 0 0 0 0 1 1 1 1 0 0 1 1 1 0 1 1 1 0 0 1 0 1 0 0 1 1 1 0 x
0.063258989056363 1 0 0 0 0 0 0 0 1 0 0 1 1 0 1 1 0 0 0 0 1 0 0 1 1 0 0 0 0 0 1 0 1 0 0 x
0.058785494295733 1 0 0 0 0 0 0 0 0 0 1 1 0 1 1 0 1 1 1 1 0 0 1 0 1 1 0 0 0 1 0 0 1 0 1 x
0.144593981176378 1 1 1 0 0 0 1 1 1 1 1 1 1 1 0 0 1 0 0 1 0 0 1 1 1 1 0 0 0 1 0 1 0 1 1 x
0.044465477193838 1 0 0 0 0 0 0 0 0 0 1 1 1 0 1 1 0 1 0 1 1 1 0 1 1 1 0 1 0 0 1 1 0 1 1 x
0.071917724505306 0 1 0 0 0 0 0 1 0 0 1 1 0 1 1 0 1 1 0 1 1 1 1 0 0 1 0 1 1 0 0 0 1 0 1 x
0.079727897286099 0 1 0 0 0 0 0 0 1 0 0 1 1 0 1 1 0 1 1 0 1 1 0 1 1 0 1 0 0 0 0 0 1 0 0 x
0.015609516579070 1 0 0 0 0 0 0 0 0 0 0 1 1 0 1 1 0 1 1 0 0 1 1 1 0 1 0 1 0 0 1 0 0 0 1 x
0.126083472603937 1 0 1 0 0 0 1 0 1 1 1 0 1 1 1 1 1 1 0 1 0 1 1 1 1 1 0 0 0 0 1 1 1 1 0 x
0.013141813780707 1 0 0 0 0 0 0 0 0 0 1 1 1 0 1 1 0 1 1 1 0 1 1 1 0 0 0 1 0 0 1 0 1 0 0 x
0.049564789239981 0 1 0 0 0 0 0 0 0 0 0 1 1 0 1 1 1 1 0 0 1 1 0 1 1 1 1 1 0 0 1 0 1 1 1 x
0.071385424953302 1 0 0 0 0 0 0 0 0 0 1 1 1 0 1 0 1 1 1 0 1 1 0 1 0 1 1 1 0 0 0 0 1 0 0 x
0.030796193982156 1 0 0 0 0 0 0 0 0 0 0 1 1 0 1 1 0 0 1 1 1 1 0 1 0 1 1 1 0 0 1 0 0 1 0 x
0.020427569286276 1 0 0 0 0 0 0 0 1 0 0 1 1 1 1 0 1 0 1 1 1 0 1 1 0 0 1 0 0 1 0 0 1 0 0 x
0.039002186806924 0 1 0 0 0 0 0 0 1 0 0 1 1 1 1 0 1 0 1 1 1 1 0 1 0 1 1 1 0 1 0 0 0 1 1 x
0.054930139945019 0 1 0 0 0 0 0 0 0 0 0 1 1 1 1 1 0 1 1 0 0 1 1 1 0 0 0 0 1 0 0 1 0 0 1 x
0.039948529590438 1 0 0 0 0 0 0 0 0 1 0 1 1 0 1 0 1 0 1 1 1 0 0 1 1 1 0 1 0 1 1 0 0 1 1 x
0.133435995073448 0 1 0 1 0 0 0 1 1 1 0 0 1 1 1 0 1 0 0 0 0 1 1 0 0 1 0 0 1 0 0 1 0 0 1 x
0.072711972403216 1 0 1 0 0 0 0 0 0 1 1 1 1 0 0 1 0 0 1 1 0 0 0 1 1 1 1 0 0 1 0 1 0 1 1 x
0.078183925294973 1 0 0 0 0 0 0 0 0 0 1 1 1 0 1 1 0 0 1 0 0 1 1 1 0 0 0 1 1 0 1 0 0 0 1 x
0.010546811889696 1 0 0 0 0 0 0 0 0 0 0 1 1 0 1 1 0 1 0 0 0 1 1 1 1 0 0 0 0 0 1 0 1 0 0 x
0.018052004366028 0 1 0 0 0 0 0 0 0 0 0 1 1 1 1 1 0 0 1 1 1 1 1 1 0 0 0 1 1 1 0 0 0 0 1 x
0.020923203833069 1 0 0 0 0 0 0 0 0 0 0 1 1 0 1 1 0 1 1 0 0 1 1 1 0 1 1 0 0 0 0 1 1 0 0 x
0.039887210695068 1 0 0 0 0 0 0 0 0 0 0 1 1 0 1 1 0 0 1 0 0 1 0 1 1 1 1 0 0 0 1 0 1 0 1 x
0.034188899633791 0 1 0 0 0 0 0 0 0 0 0 1 1 1 1 1 0 0 1 1 1 1 0 1 1 0 1 0 1 1 0 0 1 0 1 x
0.041249126394456 0 1 0 0 0 0 0 0 0 0 0 1 1 0 1 0 1 1 1 1 1 1 1 1 0 1 1 0 1 0 0 1 1 0 0 x
0.034431242164739 1 0 0 0 0 0 0 0 0 0 0 1 1 0 1 1 0 1 1 0 0 1 1 1 0 1 1 0 0 0 1 0 1 0 0 x
0.043493105341193 1 0 0 0 0 0 0 0 0 0 0 1 1 0 1 1 0 0 1 0 1 1 0 1 1 0 1 0 0 0 0 1 1 1 0 x
0.069979003861044 1 0 0 0 0 0 0 0 0 0 0 0 1 0 1 1 0 1 1 0 1 1 0 1 1 1 1 0 0 0 1 1 1 0 0 x
0.026526555509434 0 1 0 0 0 0 0 0 0 0 1 0 1 0 1 1 0 1 0 0 1 1 1 0 0 1 0 1 0 0 0 0 1 0 0 x
0.030435515565957 0 1 0 0 0 0 0 1 0 0 0 1 1 1 1 1 0 0 1 1 0 1 1 0 1 0 0 0 1 1 0 0 0 0 1 x
0.021517336083496 1 0 0 0 0 0 0 0 1 0 0 1 1 1 1 0 1 1 1 0 1 1 1 1 0 0 1 0 0 1 0 0 1 0 0 x
0.118733713960465 1 0 1 0 0 0 0 0 0 1 0 1 1 0 1 1 0 0 1 0 1 0 1 1 0 1 0 1 0 1 1 0 0 1 0 x
0.072887191589490 0 1 0 0 0 0 0 0 0 0 0 1 1 0 1 1 0 1 1 1 0 1 1 1 1 0 1 0 1 0 1 1 1 0 0 x
0.024918967798345 0 1 0 0 0 0 0 0 0 0 0 1 0 1 1 1 0 1 0 0 0 1 1 0 1 1 0 0 1 0 0 0 1 0 1 x
0.019272962175721 1 0 0 0 0 0 0 0 0 0 0 1 1 0 1 1 0 0 1 1 1 1 0 1 0 0 1 1 0 0 0 0 1 0 0 x
0.016531477754209 1 0 0 0 0 0 0 0 0 0 1 1 1 0 1 1 0 1 1 0 1 0 1 1 0 0 1 0 0 0 0 0 1 0 0 x
0.032730152656425 0 1 0 0 0 0 0 0 0 0 0 1 1 0 1 1 0 1 0 1 1 1 1 1 0 1 0 1 1 0 1 0 1 0 1 x
0.033280031365404 1 0 0 0 0 0 0 0 0 0 0 1 1 0 1 1 0 0 1 0 1 1 0 1 0 1 1 0 0 0 0 0 1 0 0 x
0.072621314061250 1 0 0 0 0 0 0 0 0 0 1 1 1 0 1 1 0 1 0 1 0 1 0 1 1 1 1 1 0 0 1 0 1 1 1 x
0.060660023606555 1 0 0 0 0 0 1 0 1 0 0 1 1 1 1 0 1 0 1 0 1 1 0 1 1 1 0 1 0 1 1 0 0 1 1 x
0.025045419908002 0 0 0 1 0 0 0 0 0 0 0 1 1 1 1 0 1 1 1 1 1 0 1 1 0 1 1 0 1 0 0 0 1 0 1 x
0.030005601745573 1 0 0 0 0 0 0 0 0 0 0 1 0 1 1 1 1 0 0 1 1 1 0 0 1 1 0 0 0 1 0 0 0 0 1 x
0.037318606564803 1 0 0 0 0 0 1 0 1 0 1 1 1 1 1 1 1 1 0 0 1 1 0 1 1 0 0 1 0 1 0 0 0 1 1 x
0.019886421739660 0 1 0 0 0 0 0 0 0 0 0 1 1 1 1 0 1 1 0 1 1 1 1 1 0 0 1 0 1 0 0 0 1 0 1 x
0.062273625315809 0 0 0 1 0 0 0 0 0 0 0 1 1 1 1 1 1 0 0 1 1 1 0 0 0 1 0 1 0 1 0 0 0 0 1 x
0.027126556724410 1 0 0 0 0 0 0 0 0 0 1 1 0 0 1 1 0 1 1 0 0 1 1 1 0 0 0 1 0 0 0 0 1 0 0 x
0.094826429466233 1 0 0 0 0 1 1 0 1 0 1 1 1 1 1 1 1 1 0 0 1 1 0 1 1 0 0 1 0 1 0 0 1 1 0 x
0.042355915564159 1 0 0 0 0 0 0 0 0 0 1 1 0 1 1 0 1 1 0 1 0 1 1 1 1 0 0 0 1 0 0 1 1 0 1 x
0.049666203758601 0 1 0 0 0 0 0 0 0 0 0 1 1 1 1 0 1 0 1 1 1 0 1 1 0 1 1 0 1 0 0 0 0 0 1 x
0.038150768189194 0 0 0 1 0 0 0 0 0 0 0 1 1 1 1 0 1 1 1 1 1 1 1 1 0 0 1 0 1 1 0 0 1 0 0 x
0.019870124257115 0 0 1 0 0 0 0 0 0 0 0 1 1 1 1 1 0 1 1 0 1 1 1 1 0 0 1 1 0 0 0 0 1 1 0 x
0.019213803105188 1 0 0 0 0 0 0 0 0 0 0 1 0 1 1 0 0 1 1 0 0 1 1 1 1 1 0 0 1 0 1 1 0 0 1 x
0.034460934841204 0 1 0 0 0 0 0 0 0 0 0 1 1 1 1 0 0 1 1 1 1 1 1 1 0 0 1 1 1 1 0 0 1 0 1 x
0.024961506678580 0 1 0 0 0 0 0 0 0 0 0 1 1 1 1 0 1 1 0 1 1 1 1 1 0 1 1 0 1 0 0 1 1 0 1 x
0.080873558133187 0 0 0 0 0 0 0 0 0 0 0 1 1 0 1 1 0 1 1 1 1 1 1 1 0 0 1 0 1 0 0 0 1 0 0 x
0.083097110104682 0 0 1 0 0 0 0 1 0 0 0 1 1 1 1 0 1 0 1 0 1 0 1 0 0 1 0 0 0 0 0 0 0 0 1 x
0.072928709433130 1 0 0 1 0 0 0 0 1 0 1 1 1 1 1 0 1 1 1 0 1 0 1 1 0 0 0 0 0 1 0 0 1 0 0 x
0.034405978764502 1 0 0 0 0 0 0 0 0 0 0 1 1 1 1 0 0 0 1 1 1 1 1 1 1 0 0 0 1 0 1 1 0 0 1 x
0.021717431871306 1 0 0 0 0 0 0 0 0 0 0 1 1 0 1 1 0 1 1 1 0 1 1 1 1 1 0 0 1 0 1 1 0 0 1 x
0.048817202507309 0 0 1 0 0 0 0 0 0 0 0 1 1 0 1 0 1 0 1 1 1 0 0 1 1 1 1 0 0 1 1 0 1 0 1 x
0.059879155665940 1 0 0 0 0 0 1 0 0 0 0 1 0 1 1 0 1 1 1 0 0 1 1 1 1 1 0 0 1 0 0 1 1 0 1 x
0.023788090157251 0 1 0 0 0 0 0 0 0 0 0 1 0 1 1 1 0 0 0 1 1 1 1 0 1 1 0 1 1 0 1 0 0 1 1 x
0.028089432955400 1 0 0 0 0 0 0 0 0 0 0 1 0 1 1 1 0 1 1 1 0 1 1 1 1 0 0 0 1 0 1 0 0 0 1 x
0.031456988222316 0 1 0 0 0 0 0 0 1 0 0 1 1 1 1 0 1 1 1 1 1 1 0 1 1 1 0 1 1 1 0 0 0 1 1 x
0.043924813532332 0 0 0 1 0 0 0 0 0 0 0 1 1 1 1 1 1 1 0 1 1 1 1 1 0 0 1 0 1 1 0 0 1 0 1 x
0.117364474223161 0 1 1 0 0 0 1 0 0 1 1 1 1 1 1 1 0 1 0 0 1 1 1 1 1 1 1 1 0 1 1 0 1 1 1 x
0.023834350455295 1 0 0 0 0 0 0 0 0 0 1 1 0 1 0 0 1 0 1 1 0 0 1 0 0 1 0 1 0 0 0 0 0 0 1 x
0.037808284184069 1 0 0 0 0 0 0 0 1 0 1 1 1 1 0 1 1 1 0 1 0 1 0 1 1 0 0 1 0 1 0 0 0 1 1 x
0.023032122764590 0 1 0 0 0 0 0 0 0 0 0 1 1 1 1 1 0 1 0 1 0 1 1 1 1 0 0 0 1 0 0 0 1 0 1 x
0.052652216779828 0 1 0 0 0 0 0 0 1 0 0 1 1 1 1 0 1 0 1 1 1 1 0 1 1 0 0 0 1 0 0 1 0 0 1 x
0.011468889051432 1 0 0 0 0 0 0 0 0 0 1 1 1 0 1 1 0 1 1 1 0 1 1 0 0 1 0 1 0 0 0 0 1 0 0 x
0.102930340669070 1 0 0 0 0 0 0 0 0 0 0 1 0 1 1 0 0 0 1 1 1 1 0 1 1 1 0 0 1 0 1 1 0 1 1 x
0.042169125028174 1 0 0 0 0 0 0 0 0 0 0 1 1 0 1 1 0 1 1 0 1 1 0 1 0 1 1 1 0 0 0 1 0 1 0 x
0.026794422731035 1 0 0 0 0 0 1 0 0 0 1 1 1 1 1 1 0 1 1 0 0 1 1 1 0 0 0 1 0 0 0 0 1 1 0 x
0.021472332437767 0 1 0 0 0 0 0 0 0 0 1 1 0 1 1 1 0 1 0 1 0 1 1 0 1 0 0 0 1 0 0 0 0 0 1 x
0.035711843838078 1 0 0 0 0 0 0 0 0 0 1 1 1 0 0 1 0 0 0 1 0 1 0 0 0 1 0 1 0 0 0 0 0 0 1 x
0.112459363584121 1 0 0 1 0 0 0 0 0 0 0 1 1 0 0 1 1 0 0 0 1 1 0 0 1 1 1 0 0 0 0 0 1 0 1 x
0.059664229732328 1 0 0 0 0 0 1 0 0 0 1 1 1 0 1 1 0 1 0 0 1 1 0 1 1 0 1 1 0 0 0 1 1 1 0 x
0.064834430351975 1 0 1 0 0 0 0 0 0 1 1 1 1 0 1 1 0 0 1 0 0 0 1 1 1 1 0 0 0 0 1 0 0 1 1 x
0.038155528199033 0 1 0 0 0 0 0 0 0 0 0 1 0 1 1 1 0 0 0 1 1 1 1 0 1 0 0 0 1 1 1 0 0 0 1 x
0.025427609649285 1 0 0 0 0 0 0 1 0 0 1 1 0 1 1 1 1 1 0 0 0 1 1 0 1 0 0 0 0 1 0 0 0 0 1 x
0.021096602962751 0 0 1 0 0 0 0 0 0 0 0 1 1 1 1 1 1 0 1 1 1 1 1 1 0 1 1 0 0 1 0 0 1 1 0 x
0.046010914246879 1 0 0 0 0 0 0 0 0 0 1 1 0 0 0 1 0 1 1 1 0 0 0 1 0 1 0 1 0 0 0 0 0 0 1 x
0.025455113128672 1 0 0 0 0 0 0 0 0 0 0 1 1 1 1 0 0 1 1 0 0 1 1 1 1 0 0 0 0 0 0 0 1 1 0 x
0.030145815410947 1 0 0 0 0 0 0 0 0 0 0 1 1 0 1 0 1 0 1 0 1 0 1 1 0 0 1 0 0 0 0 0 1 0 0 x
0.064230776246238 1 0 0 1 0 0 0 0 0 1 1 1 1 1 0 0 1 1 1 0 0 0 1 1 1 0 0 0 1 0 0 1 0 1 1 x
0.031386493681768 1 0 0 0 0 0 0 0 0 0 1 1 1 0 0 1 0 0 1 0 1 0 0 0 0 1 0 1 0 0 0 0 0 0 1 x
0.107682510244427 0 1 0 1 0 0 0 0 0 1 0 1 1 1 1 0 1 1 0 1 0 1 1 1 0 0 0 0 1 0 0 0 1 0 1 x
0.014091077104470 1 0 0 0 0 0 0 0 0 0 1 1 1 0 1 1 0 1 1 1 0 1 0 1 1 0 1 0 0 0 0 1 1 0 0 x
0.052550310605787 1 0 0 0 0 0 1 0 1 0 1 1 0 1 1 1 1 1 1 0 0 1 1 1 1 0 0 1 1 0 0 0 0 1 1 x
0.051501736679078 0 1 0 0 0 1 0 0 0 0 1 1 1 0 1 1 1 1 0 0 1 1 1 0 1 1 0 1 0 0 1 0 1 0 1 x
0.067569216357113 0 1 0 0 0 0 0 1 0 0 0 1 1 1 1 0 1 0 1 1 1 1 0 1 0 0 1 0 1 1 0 0 1 0 1 x
0.042841603653647 1 0 0 0 0 0 0 0 0 1 1 1 1 0 0 1 1 0 1 1 0 0 0 1 0 1 1 0 0 0 0 1 0 0 1 x
0.054587692573376 0 0 0 1 0 0 0 0 0 0 0 1 1 1 1 0 1 1 1 0 1 0 1 1 0 1 1 0 0 1 0 0 1 1 0 x
0.019126014001473 1 0 0 0 0 0 0 0 0 0 0 1 1 0 1 1 0 1 1 0 1 1 0 1 1 0 1 0 0 0 0 1 1 0 0 x
0.057341166724194 1 0 0 0 0 0 0 1 0 0 1 1 1 0 1 1 0 1 1 1 0 1 1 1 0 0 0 0 1 0 0 1 1 0 0 x
0.060321707560954 0 0 1 0 0 0 0 0 0 0 0 1 1 1 1 1 0 0 1 1 0 1 1 1 0 0 1 1 0 1 0 0 1 1 0 x
0.082502736262430 1 0 1 0 0 0 1 0 1 1 1 1 1 0 1 1 0 1 1 0 1 1 0 1 1 1 1 1 0 1 1 1 0 1 1 x
0.052679032683122 1 0 0 0 0 0 0 0 0 0 1 1 1 1 1 1 0 1 1 0 0 1 1 1 1 0 0 0 0 0 0 1 1 1 0 x
0.013992005538750 1 0 0 0 0 0 0 0 0 0 0 1 1 1 1 0 0 1 1 0 1 1 1 1 1 0 0 0 0 1 1 0 0 0 1 x
0.008935956909493 1 0 0 0 0 0 0 0 0 0 0 1 1 1 1 0 0 1 0 1 1 0 1 1 1 0 0 0 0 0 1 0 1 0 0 x
0.084107038800615 0 1 0 0 0 0 0 0 1 0 0 1 1 1 1 1 1 0 0 1 1 1 0 0 1 1 0 1 1 1 0 0 0 1 1 x
0.066353849152267 1 0 0 0 0 0 0 1 0 0 0 1 0 1 1 0 1 0 0 1 1 1 1 0 1 1 0 0 0 1 1 0 0 0 1 x
0.013432522333066 1 0 0 0 0 0 0 0 0 0 0 1 1 1 1 1 0 1 0 1 1 1 1 1 1 0 0 0 0 1 1 0 1 0 0 x
0.045329409418899 0 1 0 0 0 0 0 0 0 0 0 1 1 0 1 0 1 0 1 0 1 1 0 1 1 1 1 1 0 0 0 0 1 1 1 x
0.109200836593781 0 1 0 0 0 0 0 0 0 0 0 1 1 1 1 1 0 1 0 0 0 1 1 0 1 0 0 0 1 0 0 1 0 1 0 x
0.062179858972135 0 0 1 0 0 0 0 0 1 0 0 1 0 1 1 1 1 0 0 0 1 1 1 0 1 1 0 0 0 1 0 0 0 1 1 x
0.078740270248214 1 0 0 1 0 0 0 0 0 1 1 1 1 1 1 0 1 1 1 0 0 1 1 1 1 0 1 0 1 1 0 1 1 1 1 x
0.022620641706345 1 0 0 0 0 0 0 0 0 0 1 1 0 1 0 0 1 0 0 1 1 0 0 0 0 1 0 1 0 0 0 0 0 0 1 x
0.040340517627601 1 0 0 0 0 0 0 0 0 0 1 1 1 0 1 1 0 1 1 1 0 1 1 1 0 0 1 1 0 0 0 0 0 0 1 x
0.036473781838677 1 0 0 0 0 0 0 0 0 0 1 1 0 0 1 1 0 1 0 1 1 1 0 0 1 0 0 1 0 0 0 0 1 0 0 x
0.036209330918621 1 0 0 0 0 0 0 0 0 0 1 1 0 0 1 1 1 0 0 1 1 1 0 0 0 1 0 1 0 0 0 0 0 0 1 x
0.044673121106810 0 1 0 0 0 0 0 0 0 0 0 1 0 1 1 0 1 0 0 0 1 1 1 0 0 1 0 1 0 0 0 0 0 1 1 x
0.040007702852056 1 0 0 0 0 0 0 0 0 0 1 1 1 0 0 0 1 0 1 1 1 0 0 1 0 0 1 0 0 0 0 1 1 0 0 x
0.032152328520530 0 1 0 0 0 0 0 1 0 0 0 1 1 1 1 0 1 1 1 0 0 1 1 0 1 1 0 0 1 0 0 1 0 0 1 x
0.085445427637137 1 0 1 0 0 0 1 1 1 1 1 1 1 1 1 1 1 0 0 0 0 1 1 1 0 1 0 0 0 1 0 0 1 1 1 x
0.057720273441145 0 1 0 0 0 0 0 0 0 0 0 1 0 1 1 1 1 1 1 1 0 1 1 0 1 1 0 1 1 0 0 0 0 1 1 x
0.113361818805621 1 0 0 0 0 0 1 0 0 0 0 1 0 1 1 0 0 1 0 1 1 1 1 1 1 1 0 1 1 0 1 0 0 1 1 x
0.123466665220423 1 0 1 0 0 0 1 0 0 0 1 1 1 0 0 1 0 0 1 0 0 1 0 1 1 1 1 0 0 0 1 1 1 0 1 x
0.097468644873139 1 1 0 0 0 0 0 0 0 0 1 1 1 0 1 0 0 1 0 0 0 1 1 0 1 0 0 0 0 0 0 0 1 0 0 x
0.075765387080410 1 0 0 0 0 0 0 0 0 0 0 1 1 0 1 0 0 1 0 1 1 1 0 1 1 0 0 0 0 0 1 1 1 0 0 x
0.038986961866632 0 0 0 1 0 0 0 0 0 0 0 1 1 1 1 1 1 1 0 1 1 1 1 1 0 1 1 0 1 0 0 0 1 1 0 x
0.019014712487091 1 0 0 0 0 0 0 0 0 0 1 1 1 0 1 1 1 0 1 1 1 0 0 1 1 0 1 0 0 0 0 0 1 0 0 x
0.065255937804685 0 1 0 0 0 0 0 0 1 0 0 1 0 1 1 1 1 1 1 1 1 1 1 1 1 0 0 0 1 1 0 1 0 0 1 x
0.029143869836537 1 0 0 0 0 0 0 0 0 0 1 1 0 1 1 0 0 0 1 1 1 0 1 1 0 0 0 1 1 1 0 0 0 0 1 x
0.031593848779187 1 0 0 0 0 0 0 0 0 0 1 1 0 0 1 1 0 1 1 1 1 0 1 1 0 1 0 1 0 0 1 0 1 0 0 x
0.020653147653984 1 0 0 0 0 0 0 0 1 0 0 1 0 1 1 1 0 1 0 0 0 1 1 0 1 0 0 0 0 1 0 0 0 0 1 x
0.020626375462559 1 0 0 0 0 0 0 0 0 0 1 1 1 0 0 1 0 1 0 1 0 0 0 1 1 0 0 0 0 0 0 0 1 0 0 x
0.032841142383552 0 1 0 0 0 0 0 0 0 0 0 1 1 1 1 0 0 1 1 1 1 0 1 1 1 0 1 0 1 0 0 1 1 0 1 x
0.084048646683071 1 0 0 0 1 0 0 0 0 0 1 1 0 1 1 1 0 1 0 1 1 0 0 1 1 0 0 1 0 1 0 0 1 0 1 x
0.067337187226562 1 0 0 0 0 0 0 0 0 0 1 1 1 0 0 1 0 1 1 1 0 0 0 1 1 0 1 0 0 0 0 1 1 0 1 x
0.012901802978661 1 0 0 0 0 0 0 0 0 0 1 1 1 0 1 1 0 1 1 1 0 1 1 1 0 0 0 1 0 1 0 0 1 0 0 x
0.018101212365122 1 0 0 0 0 0 0 0 0 0 1 1 1 0 0 1 0 0 1 1 0 0 0 1 0 0 1 0 0 0 0 0 1 0 0 x
0.046707387738427 0 0 1 0 0 0 0 0 0 0 0 1 1 0 1 1 0 1 1 1 1 0 1 1 1 0 1 0 0 1 1 0 1 0 0 x
0.036393124678700 1 0 0 0 0 0 0 1 0 1 0 1 1 0 1 1 1 0 1 1 0 0 1 1 0 1 0 0 1 0 0 1 0 0 1 x
0.012492855042605 0 1 0 0 0 0 0 0 0 0 0 1 1 1 1 0 0 1 0 1 1 0 1 1 0 0 0 0 1 0 0 0 1 0 0 x
0.025737024227656 1 0 0 0 0 0 0 0 1 0 1 1 0 1 1 0 1 1 1 1 0 0 1 1 0 0 0 1 0 1 0 0 0 0 1 x
0.016753143146758 0 1 0 0 0 0 0 0 0 0 0 1 1 0 1 1 0 1 1 0 1 1 1 1 0 1 1 1 0 0 0 0 1 1 0 x
0.015861374613759 1 0 0 0 0 0 0 0 0 0 0 1 0 1 1 0 1 1 0 0 1 0 1 1 1 0 0 0 0 1 0 0 1 0 0 x
0.028018355428747 1 0 0 0 0 0 0 0 0 0 0 1 1 1 1 0 0 1 1 1 1 0 0 1 1 0 1 0 0 1 0 0 1 0 0 x
0.021643868629368 1 0 0 0 0 0 0 0 0 0 1 1 0 1 1 1 0 1 0 1 0 0 1 1 0 0 0 1 0 0 0 0 1 0 0 x
0.086826812878321 0 1 0 0 0 0 0 1 1 0 1 0 0 1 1 1 1 1 0 1 0 1 1 0 1 1 0 0 1 1 0 0 0 0 1 x
0.140702950361524 1 1 0 0 0 1 1 0 1 1 1 1 1 1 1 0 1 1 0 1 0 0 1 1 1 0 0 1 1 1 1 0 1 1 1 x
