0.249882826112949 1 1 1 0 0 1 0 1 1 1 0 0 1 1 1 0 0 1 0 0 1
0.424381162912219 0 0 1 0 1 0 1 1 0 0 0 0 0 0 1 0 1 0 1 0 1
0.186844562664338 1 0 0 1 1 0 1 0 1 1 0 1 1 1 1 1 0 0 0 1 1
0.409703192238305 1 0 1 0 0 0 1 0 0 0 0 0 1 1 1 1 1 1 1 1 0
0.392255421305928 1 1 1 1 0 1 0 0 1 1 1 1 1 0 1 0 1 1 1 1 1
0.257593491888827 1 1 1 1 0 0 1 0 1 0 1 1 0 1 0 0 0 0 0 0 0
0.269459937195698 0 0 1 0 1 1 0 1 0 0 0 1 1 0 0 1 1 0 0 1 0
0.186230671478866 0 0 0 1 1 0 1 1 1 0 1 1 1 1 1 1 0 0 0 0 1
0.437622538410896 0 0 0 0 1 0 1 1 1 0 0 0 0 1 0 1 0 1 1 1 1
0.259621676980124 0 0 0 1 1 0 0 0 0 1 0 0 0 1 1 0 1 0 1 1 1
0.198429788926828 0 1 0 0 0 1 0 0 0 0 0 1 0 0 0 0 0 1 0 0 0
0.507095017791068 0 0 1 1 1 0 0 1 1 1 0 1 0 0 1 0 0 1 1 1 1
0.353555635919552 1 1 0 1 1 0 0 1 0 1 1 0 0 1 0 1 1 1 0 0 0
0.304689753862309 1 1 1 0 1 0 0 1 0 1 1 1 1 0 1 1 1 0 0 0 1
0.178222080633056 1 1 0 0 0 1 0 0 1 0 1 0 0 1 0 0 0 1 0 0 0
0.343515744357996 0 1 0 1 1 0 1 1 0 1 0 1 0 0 1 0 1 0 0 0 1
0.137556471566302 0 0 1 0 0 1 1 0 0 0 0 0 1 1 1 0 1 0 0 0 0
0.177324388543782 0 0 0 0 0 0 1 1 1 0 0 0 1 1 1 0 0 1 1 0 0
0.163552182285379 0 0 1 0 1 0 1 0 0 0 1 1 0 1 0 1 1 1 0 0 0
0.188887098985294 0 0 1 1 0 0 0 0 0 0 1 1 1 0 0 1 1 1 1 0 1
0.23866173741621 0 0 0 1 0 0 1 1 1 1 0 1 1 1 0 1 1 0 1 0 1
0.444538513897453 0 0 0 0 0 1 1 1 0 1 1 1 0 0 1 0 0 1 1 1 1
0.379322892756991 0 0 1 0 1 1 1 1 1 1 0 0 1 1 0 1 0 1 1 0 0
0.44270147216412 0 0 0 1 0 1 1 1 0 1 0 1 0 0 0 1 0 0 1 0 1
0.498153266046426 0 1 0 1 1 1 1 0 1 1 1 0 0 0 0 1 1 0 1 0 1
