0.186012617006167 1 1 1 0 0 0 1 1 1 1 0 1 1 1 0 0 0 0 1 0 1 1 1 0 1 0 0 1 1 1 0 0 1 1 1 0 0 1 0 1
0.58909456827746 0 0 1 1 1 0 1 1 1 0 0 0 0 1 1 1 0 1 1 1 0 1 1 1 1 1 0 0 0 0 0 0 1 0 1 0 0 1 0 1
0.489616186244502 1 1 0 1 1 0 1 1 0 1 0 1 0 0 0 1 1 0 1 0 0 1 1 0 1 1 0 1 1 0 0 0 0 0 0 0 0 0 1 1
0.105943703376159 0 1 0 0 1 0 0 1 0 0 1 1 1 1 1 1 1 0 0 1 1 1 0 1 1 1 0 1 1 0 1 0 1 1 0 1 0 0 1 1
0.12611833429031 1 0 0 0 1 0 1 0 0 1 0 1 1 1 1 1 0 1 1 1 1 1 1 1 0 0 1 1 1 0 1 0 1 0 1 0 1 0 0 1
0.664483120760185 0 0 0 0 0 0 1 1 1 1 1 0 1 0 0 0 0 0 1 0 0 0 1 0 1 1 1 0 1 1 1 1 0 1 0 1 1 1 1 0
0.266940688096712 0 1 1 0 0 0 0 1 1 0 1 1 0 0 0 1 0 0 1 1 0 1 0 0 1 1 0 1 1 1 0 1 0 0 0 0 1 0 0 0
0.317729774553287 1 0 1 1 0 1 0 0 1 1 1 1 0 0 0 1 0 0 1 1 0 0 1 1 0 1 1 0 1 0 0 1 1 1 1 1 0 1 1 0
0.502165684820817 0 1 0 1 1 1 0 0 0 0 0 1 0 1 0 0 0 1 1 0 0 1 0 0 0 1 0 1 0 0 0 0 0 0 1 1 0 1 1 0
0.379896843246827 1 0 1 1 1 0 1 0 0 0 0 1 0 1 1 0 1 0 1 0 0 1 1 1 1 1 1 1 0 1 1 0 1 0 1 0 0 0 1 0
0.303527175735004 1 0 1 0 1 1 1 1 1 1 1 1 1 0 1 0 1 1 1 1 0 1 1 0 0 1 1 1 0 0 0 0 0 0 1 1 0 0 1 0
0.303614202626083 0 0 0 1 1 0 0 1 1 0 1 0 1 0 1 1 0 1 1 0 1 1 1 0 1 1 0 1 1 1 1 1 1 1 0 1 0 0 1 0
0.517402918422423 1 1 1 1 0 1 0 1 1 0 1 1 0 0 1 1 0 1 1 1 1 1 0 0 1 0 1 1 0 0 0 0 1 0 0 1 1 1 0 1
0.209490196473069 0 0 1 0 1 1 0 0 0 1 1 0 1 0 1 1 0 1 1 0 0 0 1 0 0 0 0 1 1 0 1 1 0 1 0 1 1 1 1 1
0.212443028832783 1 0 0 0 1 0 0 1 1 1 1 1 1 1 0 0 0 1 1 0 1 1 0 1 1 0 1 1 1 0 1 0 1 1 0 0 0 0 0 0
0.374781712281406 1 1 0 0 0 1 1 0 1 0 0 1 1 1 1 0 1 0 1 1 0 0 1 0 0 1 0 0 0 0 1 1 0 1 1 1 0 1 1 0
0.17281207377213 0 0 0 0 0 1 0 1 0 0 0 1 0 1 0 0 1 1 0 0 0 0 0 0 1 0 1 0 0 0 0 1 0 0 1 0 0 0 1 0
0.418698158792766 0 0 0 1 0 1 0 0 0 1 0 1 1 0 0 0 1 0 1 1 1 0 1 1 1 0 1 0 0 0 1 1 0 1 0 0 1 1 1 1
0.418060653260067 0 1 1 1 1 0 0 1 0 0 1 0 1 0 0 0 1 0 1 0 0 1 0 0 0 1 0 1 1 1 0 1 0 1 1 1 0 0 0 0
0.188950935270418 0 1 0 1 0 0 0 0 0 1 0 0 0 1 1 0 1 0 0 0 1 1 1 0 1 1 1 1 0 1 1 0 0 1 1 1 0 1 0 1
0.345165871315018 0 0 0 0 1 1 0 1 1 0 1 1 1 0 1 1 0 0 1 0 1 1 1 0 0 0 1 0 0 0 1 0 0 1 0 1 0 0 1 0
0.283566203370271 1 0 1 1 0 0 1 0 0 0 1 1 1 0 1 1 0 1 0 0 1 1 0 0 0 0 0 1 1 0 1 0 0 0 0 1 1 0 0 0
0.485955432605042 1 0 1 1 1 0 1 0 0 0 1 0 0 1 1 1 1 1 1 0 1 0 1 0 1 1 1 1 0 1 0 0 1 0 1 0 0 0 1 0
0.675613539647028 0 1 0 0 1 0 0 1 1 1 0 0 0 0 1 0 0 0 1 0 1 1 1 1 0 1 1 0 0 0 1 0 0 0 1 1 1 1 1 0
0.506063233458743 0 0 0 1 1 1 0 1 1 0 0 1 1 0 0 0 1 1 0 0 0 1 1 1 1 0 1 0 0 1 0 1 1 1 1 0 1 1 0 1
