0.552865939147104 0 1 1 1 1 0 0 1 0 0 0 1 0 1 0 1 1 0 1 0 1 1 0
0.451997852303525 0 0 0 0 1 1 1 1 0 1 0 1 0 1 0 1 1 1 1 1 0 0 1
0.357010689825437 1 1 0 1 1 0 1 1 0 1 1 0 1 1 1 1 0 0 1 1 0 0 0
0.0398151850002646 0 0 1 0 0 0 0 0 0 0 0 0 0 0 0 1 0 1 0 0 0 0 0
0.457704584164353 0 0 0 0 0 1 1 1 0 0 0 1 0 0 0 0 0 1 0 1 1 0 1
0.365835968219151 1 1 1 0 1 0 0 1 1 0 0 1 1 1 1 0 1 0 1 0 1 1 0
0.206304452238826 0 0 0 0 1 0 1 0 0 0 0 1 1 1 1 0 0 0 0 0 1 1 1
0.668520654265168 0 0 1 1 1 1 1 1 0 1 0 0 0 0 1 0 1 0 0 1 0 1 1
0.250295571071513 0 0 1 1 1 0 0 1 1 1 1 1 0 1 0 0 1 0 1 1 0 0 0
0.0905312473160814 1 0 0 0 0 0 0 0 0 1 0 1 1 0 0 1 0 0 1 0 1 1 1
0.321543830021518 1 0 1 0 1 1 1 0 0 0 1 1 1 1 0 1 1 0 1 0 0 1 0
0.621770972425839 1 1 1 1 1 1 0 0 1 0 0 0 1 1 1 0 0 1 1 1 0 0 1
0.345713681035875 1 1 0 1 0 1 0 0 0 1 1 0 0 0 1 1 0 0 0 1 1 0 0
0.435768946641682 1 0 0 1 0 1 1 1 0 1 1 0 1 0 0 0 1 1 0 1 0 1 1
0.353866597062956 0 1 0 1 0 0 1 1 0 0 1 0 1 1 1 0 0 1 1 1 1 1 0
0.475867779282524 1 0 0 0 1 1 1 1 1 1 1 0 0 0 1 1 1 1 0 1 1 0 1
0.100556908593357 0 0 0 0 1 0 0 0 0 0 1 0 0 0 1 0 1 1 0 1 1 0 1
0.347668221396018 1 0 0 1 1 1 0 1 1 1 1 0 0 0 0 0 0 1 1 0 0 0 0
0.0938391197782643 0 0 1 0 1 0 0 0 0 0 1 0 1 1 1 0 0 0 1 1 0 0 1
0.225131524568654 1 0 1 1 0 1 0 0 1 1 0 1 1 1 0 0 0 1 0 0 1 1 0
0.211568329467322 0 0 1 0 0 1 0 1 1 0 0 1 1 1 1 0 1 0 0 0 1 1 1
0.285879572170809 1 0 1 0 1 1 1 0 0 1 1 1 1 1 1 1 0 1 0 0 1 0 0
0.0497990824086921 1 0 0 0 0 0 1 0 0 0 0 1 0 1 1 1 1 0 0 1 0 1 1
0.215747065296884 1 0 1 0 0 0 1 1 1 1 0 1 0 1 1 1 1 1 0 0 1 0 0
0.366763569250083 0 0 1 1 1 0 1 1 1 1 0 1 0 1 1 1 0 1 0 0 1 1 0
