0.391296115904122 0 0 1 0 1 1 1 1 1 0 1 0 1 1 0 0 0 1 1
0.324655460849115 0 1 1 0 1 0 1 0 0 0 0 1 0 1 0 0 0 1 0
0.276983944938253 0 0 1 0 1 0 1 0 1 0 0 0 1 1 1 0 1 1 1
0.32312898211393 1 1 0 1 0 0 1 0 0 1 1 0 1 0 1 1 0 1 1
0.151943410328146 1 1 0 0 0 1 1 0 1 1 1 1 1 1 1 0 0 0 0
0.377660999393103 0 0 0 1 1 1 1 1 0 0 1 0 1 1 1 0 0 1 1
0.120271105014087 1 0 0 1 0 0 1 0 0 1 0 1 0 1 1 0 0 0 0
0.246429527219269 0 0 1 0 1 0 1 0 1 1 0 0 1 1 0 1 0 1 1
0.323480753003412 0 1 1 1 1 1 0 0 0 1 1 1 0 1 0 0 0 1 0
0.327897622870118 0 0 0 0 1 1 1 1 1 1 1 1 0 1 1 1 1 0 1
0.489662316560887 0 0 1 1 1 1 1 0 1 0 1 1 1 1 1 1 1 1 1
0.599437251207492 0 0 1 0 1 0 1 1 0 1 0 0 0 0 0 0 0 0 0
0.261596154940595 1 0 1 1 0 1 0 0 0 1 1 0 0 1 1 0 0 1 0
0.187861534443601 0 0 0 1 1 0 1 1 1 0 1 1 1 1 1 1 0 0 0
0.203011663230456 0 1 0 0 0 0 1 0 1 1 1 0 0 0 0 1 0 1 0
0.515178944100059 1 1 1 1 0 0 0 1 1 0 0 0 0 1 0 0 0 1 1
0.501706555898998 0 1 0 1 1 1 0 1 0 0 0 1 0 0 0 0 0 1 0
0.0994599244904847 0 0 0 0 1 0 0 0 0 0 1 1 1 0 0 1 1 1 0
0.115637031872185 1 0 0 1 0 0 1 1 1 1 1 1 0 1 1 0 0 1 0
0.221616317908008 1 1 0 0 1 0 1 1 1 0 0 0 1 1 1 0 1 0 0
0.33181536620587 1 0 1 1 1 1 0 1 1 1 0 0 0 1 1 1 0 0 0
0.29471966718254 1 0 0 1 0 1 0 0 1 0 0 0 1 0 0 0 0 1 0
0.340039008143681 1 1 0 1 1 0 1 0 1 0 0 1 0 1 0 0 0 1 0
0.132674520695361 0 1 0 0 1 1 0 0 0 0 0 1 1 1 0 1 0 0 0
0.189426624452272 0 0 0 0 0 0 0 1 1 1 0 0 0 1 1 1 0 0 1
