0.359576269659904 0 1 1 0 0 1 1 0 0 1 0 1 0 1 1 0 1 1 1 0 0 0 0 0 0 1 0 1 1 0 1 1 0 1 1 1 1 1 0 0 0 0 0 1 1
0.222708513450432 0 0 0 0 1 1 1 0 1 0 0 0 1 1 1 0 1 0 0 1 1 0 0 0 0 0 1 1 1 1 0 1 0 1 0 0 1 1 1 0 1 0 0 0 1
0.533729060413591 1 0 1 0 1 1 0 0 0 0 0 1 1 0 0 1 1 1 1 1 1 1 0 0 0 1 1 0 1 0 1 1 0 0 1 1 0 1 1 1 0 1 1 1 1
0.21981834601653 0 0 1 0 1 1 0 1 0 1 0 1 1 0 1 0 0 1 0 1 0 0 0 0 0 0 1 0 0 1 0 0 0 1 0 0 1 0 0 0 0 1 0 1 1
0.269640098083328 1 0 0 0 0 0 1 0 1 0 0 0 1 1 0 1 1 1 1 0 0 1 1 1 0 1 1 0 0 0 1 0 0 0 1 0 0 0 0 1 1 1 0 1 0
0.0940298464145737 0 1 0 1 0 0 0 0 0 0 1 1 1 1 0 0 0 1 1 0 0 1 0 1 0 0 0 0 0 1 0 1 0 1 0 0 0 1 0 0 0 1 1 1 0
0.412073859218852 1 1 0 0 0 0 0 0 1 0 0 0 0 0 0 1 1 0 1 1 0 0 1 1 1 0 1 1 0 1 1 1 1 1 0 0 0 0 0 1 1 0 1 1 1
0.356908501065295 0 1 1 1 1 0 1 1 0 0 0 1 1 1 0 0 1 0 0 0 1 0 0 0 1 0 0 0 0 0 1 1 0 1 0 1 1 0 0 1 1 1 0 1 0
0.253190037102227 0 1 0 1 0 0 0 1 1 0 0 0 0 1 1 1 1 0 1 1 0 0 1 0 0 0 1 0 1 1 0 1 0 0 1 0 1 0 0 1 1 0 1 0 1
0.369794031502681 0 1 1 0 1 0 1 0 1 0 1 1 0 1 0 0 0 1 1 1 1 0 1 0 0 0 0 1 1 1 1 0 0 0 1 1 1 1 0 1 0 0 1 0 1
0.553797557386329 0 1 1 1 1 1 1 1 1 0 0 1 1 1 1 1 0 1 1 1 1 0 0 1 0 0 1 1 1 1 0 1 0 1 0 1 0 0 1 0 1 1 0 1 0
0.371970140672388 0 1 1 1 1 0 1 0 1 1 0 1 1 0 0 0 0 0 1 1 1 0 0 0 1 1 1 1 1 0 1 0 1 1 1 1 1 1 0 1 1 0 0 1 1
0.440891614461312 0 1 1 1 1 0 1 0 1 0 1 1 0 1 0 0 1 0 1 0 1 1 0 0 0 0 1 1 1 0 0 0 0 1 1 0 1 0 1 1 0 1 1 1 0
0.2459137189667 1 0 0 0 0 0 1 0 1 0 0 1 0 0 0 1 0 0 0 0 0 1 0 0 0 1 0 0 0 1 1 1 0 0 1 1 0 1 0 0 1 0 0 1 1
0.358371673923653 1 1 0 1 1 0 1 1 1 0 1 1 1 0 1 1 0 1 0 0 0 1 0 0 1 1 0 1 1 1 1 1 0 0 1 0 1 1 0 0 0 1 1 0 1
0.285707660129726 1 0 0 1 0 1 0 0 1 1 1 0 1 0 0 0 0 1 0 0 0 0 0 0 1 0 1 1 1 0 1 0 1 1 1 0 0 1 1 0 0 1 0 0 0
0.152249832806793 0 0 0 1 0 0 0 0 0 0 1 0 0 0 1 0 1 1 1 1 1 1 0 1 0 1 0 1 1 1 1 0 1 1 0 1 1 0 0 1 1 0 0 0 0
0.358509681659164 1 1 1 1 1 1 0 1 0 1 1 1 1 0 0 0 0 1 0 0 1 1 0 0 1 0 0 1 1 1 1 1 1 0 0 0 1 0 0 0 1 0 0 0 0
0.493881328200608 1 1 0 1 1 1 0 1 1 1 0 0 1 0 0 1 0 1 1 1 0 0 0 1 1 1 0 0 1 1 0 0 1 0 0 0 1 0 0 1 1 1 1 0 0
0.505890897709687 0 1 1 1 1 1 0 1 1 0 1 0 0 1 0 0 1 1 1 0 0 0 0 1 1 0 0 0 0 1 1 1 0 1 1 1 0 0 0 1 0 0 1 0 1
0.251857472541936 1 1 0 1 0 0 1 0 1 1 0 1 1 0 0 1 1 0 0 0 0 1 0 0 1 1 1 0 0 1 1 0 0 0 1 1 0 1 1 0 1 0 1 0 1
0.436823089860707 1 0 0 1 1 1 1 1 1 0 1 1 1 1 0 0 1 1 0 0 1 0 0 0 1 0 1 1 0 0 1 1 1 1 1 0 0 0 0 0 0 1 1 1 1
0.446204432458026 1 1 0 1 1 1 1 1 0 0 1 1 1 0 1 1 0 0 1 0 0 0 1 1 0 1 0 0 0 1 0 0 0 1 0 1 1 1 0 1 1 1 1 0 0
0.491491017504393 0 0 0 0 0 1 0 0 1 1 1 0 0 1 1 1 0 0 0 1 0 0 1 1 1 1 1 0 0 1 0 1 0 0 1 0 1 0 1 1 0 1 0 0 0
0.519631448416504 0 1 1 1 1 0 0 1 1 1 0 0 1 1 0 0 1 1 1 1 1 1 1 1 1 0 1 0 0 1 0 1 0 0 0 1 1 0 1 0 1 0 1 0 0
