0.566883516031035 0 0 1 1 1 1 1 1 0 0 1 0 0 0 1 0 1 0 1 1 0 1 1 0 1 0 1 1 1 1 0 1 0 0 1
0.330324786451609 0 0 1 0 0 0 1 0 1 1 1 0 0 0 1 0 0 0 1 1 0 1 0 1 0 1 0 0 0 1 1 0 1 0 0
0.281225987279788 0 1 1 0 1 1 0 1 1 0 1 1 1 0 1 0 0 1 0 1 0 1 0 0 1 0 0 0 1 1 1 0 0 0 0
0.219647779690722 1 0 0 1 0 1 1 0 1 0 0 1 1 1 1 0 0 0 0 1 0 1 1 1 1 1 0 0 0 1 0 1 1 0 1
0.233429171892015 1 1 1 0 0 0 1 0 1 1 0 1 0 1 1 0 0 1 1 0 0 1 1 1 1 0 0 1 0 0 0 1 0 1 0
0.397832128435431 1 1 1 0 1 0 0 1 0 1 0 0 1 0 1 1 0 0 1 1 1 0 1 1 0 1 1 0 1 1 1 0 0 1 1
0.275751306867383 1 1 1 1 0 0 1 0 1 1 1 1 0 0 0 0 1 0 1 1 0 0 0 1 0 0 1 0 1 1 0 0 1 0 1
0.417944250189952 1 1 0 1 1 0 1 0 0 1 0 1 0 0 1 1 0 0 1 1 0 1 0 1 0 0 1 1 0 0 1 0 1 0 1
0.316285185311616 1 1 0 1 1 0 1 1 1 0 1 0 1 0 0 0 1 0 0 0 0 0 1 1 1 0 1 0 1 0 0 1 1 0 1
0.460480795083511 0 1 0 1 1 0 1 0 0 0 0 1 0 1 1 1 1 0 1 1 1 0 1 1 0 1 0 0 1 0 1 1 0 1 1
0.407776508787141 0 1 1 1 0 1 1 0 0 1 0 1 1 1 0 1 1 0 0 1 1 0 1 0 1 0 1 1 1 1 1 1 0 0 0
0.371844218394012 0 0 0 1 0 0 1 1 1 1 0 0 0 0 1 1 0 0 0 0 0 0 0 0 0 0 1 0 0 0 0 0 1 0 0
0.226820931479422 1 0 0 0 0 1 0 1 1 1 0 0 1 0 1 1 0 0 0 0 1 0 1 0 1 0 1 1 0 1 1 0 1 1 0
0.606939239437953 0 0 0 1 1 1 1 1 0 1 1 0 0 0 1 0 0 1 1 1 1 1 0 1 0 1 1 1 0 0 0 1 0 1 0
0.187973458492773 0 0 1 1 0 1 0 0 1 1 0 1 1 0 1 1 0 0 1 0 1 0 1 0 1 1 1 0 0 1 1 0 0 1 1
0.585296598256237 1 1 0 1 1 1 1 0 0 0 0 0 0 1 0 0 1 1 1 0 0 0 0 1 0 0 0 0 1 1 0 0 0 0 0
0.262660775310402 1 1 1 0 0 0 1 1 0 1 0 1 1 0 1 1 0 0 1 0 1 0 0 1 1 1 0 0 0 0 0 1 0 0 0
0.273581992788308 1 1 0 1 1 1 0 1 1 1 1 0 0 0 1 1 0 0 0 0 1 0 0 1 0 1 1 1 0 1 0 1 1 1 0
0.503421761180437 1 1 1 1 0 1 1 1 1 0 0 1 0 1 0 1 1 0 0 0 1 1 0 1 0 0 0 0 1 0 0 1 1 1 1
0.231723948952843 0 0 1 0 0 0 0 0 0 1 0 1 1 0 0 0 1 0 0 0 0 1 0 1 0 1 1 1 0 1 0 0 1 1 1
0.506644604534761 0 0 0 1 1 1 1 1 1 0 0 0 1 0 1 1 1 0 0 1 1 0 1 1 0 0 0 1 1 0 0 0 1 1 0
0.483438982676012 1 0 1 0 1 0 1 0 0 0 0 0 1 0 1 0 0 1 1 1 0 1 1 0 1 1 1 0 1 0 0 1 1 1 1
0.521580303045237 1 1 1 0 1 1 1 0 1 0 0 1 0 1 1 1 0 1 1 0 1 1 1 1 0 0 0 0 0 1 0 0 0 1 0
0.250787711889205 1 1 0 1 0 1 1 1 0 1 1 1 0 1 0 1 1 1 0 0 1 0 1 1 0 1 0 1 0 1 0 1 0 1 0
0.427578873710112 1 1 0 1 0 1 1 0 1 0 1 1 0 0 0 1 0 1 1 1 1 1 1 0 1 0 1 1 0 1 0 0 0 0 0
