0.280018860761383 0 0 1 1 0 1 0 1 1 0 1 0 0 1 1 1 1 0 0 0 0 1 1
0.346834533385552 0 0 0 1 0 1 0 1 1 1 0 0 1 1 0 1 1 1 1 1 0 0 1
0.394069931276436 0 0 1 0 1 0 1 1 0 0 1 0 1 1 0 1 1 1 1 1 0 1 1
0.479861745495793 1 1 1 1 0 1 0 0 0 0 1 0 1 1 1 1 0 0 1 0 0 0 1
0.184718465197716 0 1 0 0 0 0 1 1 0 1 0 0 1 1 1 0 1 1 1 1 0 0 1
0.393902039447711 0 0 0 1 1 1 1 1 1 0 0 1 1 1 1 1 0 0 1 0 1 1 0
0.459997839970434 0 1 1 1 1 0 1 0 1 1 1 0 1 1 0 0 1 1 1 1 1 0 1
0.314023281585815 1 0 0 1 0 0 1 1 1 0 1 0 1 0 1 1 0 0 1 0 1 1 1
0.375682332160674 1 1 1 0 0 1 0 1 0 1 1 0 0 0 0 1 1 0 0 1 0 1 0
0.140237748170887 1 0 1 0 0 1 1 0 1 0 1 1 1 0 1 1 0 0 0 0 1 0 1
0.302226741281113 1 0 1 0 1 0 1 0 1 0 0 0 1 1 1 1 0 1 0 0 1 0 1
0.254837233250321 0 1 1 0 0 1 0 0 0 0 0 1 1 1 0 0 1 0 0 1 1 0 1
0.433798142584997 0 1 1 0 1 1 0 0 0 0 1 1 0 1 0 1 0 0 1 1 1 0 1
0.421231693669732 0 1 1 0 1 1 0 0 0 1 1 1 0 0 1 1 1 1 1 0 1 1 1
0.506371756224059 1 1 1 0 0 0 0 1 1 0 1 0 0 0 0 0 0 1 1 1 1 0 0
0.423769064861476 1 0 1 1 0 1 0 1 1 0 0 1 1 1 1 1 1 1 1 0 0 0 1
0.436854474603519 1 1 0 1 0 1 0 1 1 0 1 0 0 1 0 0 0 1 1 1 0 0 1
0.205090970392852 0 0 0 0 1 1 0 0 0 0 1 0 1 0 0 1 1 0 1 1 1 0 0
0.463642669741147 0 0 0 0 0 1 0 1 1 0 1 1 1 0 0 0 0 0 1 0 0 0 0
0.310373501655685 1 0 0 0 1 0 1 1 0 1 0 1 1 1 0 0 0 1 1 1 0 1 1
0.475700093537654 0 1 0 1 1 0 1 1 0 0 1 0 1 1 0 1 1 1 1 1 0 0 0
0.288205543830634 0 0 0 0 0 1 1 1 0 1 1 0 1 0 1 0 1 0 1 0 1 0 0
0.421057395648189 1 0 1 1 1 1 0 0 0 1 1 0 1 1 0 0 0 1 1 0 1 0 1
0.366538631427379 1 1 1 0 1 0 0 1 0 0 1 0 1 0 0 1 1 0 0 0 1 0 0
0.389705599706817 1 1 1 0 1 1 1 1 0 1 0 0 0 0 0 1 1 0 0 0 0 0 0
