0.114376258464799 1 0 1 0 0 1 0 1 1 1 1 0 1 1 1 0 0
0.26195646832202 0 1 1 1 0 0 0 1 0 0 1 0 1 0 0 1 0
0.153624210492173 0 0 1 0 0 0 0 1 0 1 1 0 1 1 0 1 0
0.201782309532852 1 0 0 1 0 1 0 0 0 1 0 0 1 0 0 1 1
0.546151968382326 0 0 0 0 0 1 1 1 0 1 0 0 0 0 0 0 0
0.198299054908235 0 0 0 1 1 1 0 0 0 1 1 1 0 0 1 1 0
0.144302317434685 0 0 0 1 0 1 0 1 0 0 0 1 1 0 1 0 1
0.233470819819805 1 1 0 0 0 0 0 1 1 0 0 0 0 0 0 1 1
0.409892660840157 1 0 0 1 1 1 1 0 1 0 0 0 1 0 0 1 1
0.329491539651617 1 1 0 1 1 1 0 1 1 0 1 0 1 0 0 0 0
0.451869701616974 0 1 1 1 0 1 1 1 0 0 1 0 0 1 1 1 1
0.326521103502643 0 0 1 0 1 1 1 1 1 1 0 0 1 1 0 1 0
0.0854493430674432 1 1 0 0 0 0 0 1 0 1 1 1 0 1 0 1 0
0.108040707552998 0 0 1 0 0 1 0 1 0 1 0 1 1 1 1 0 1
0.114747248904872 1 1 0 0 0 0 1 1 0 1 0 1 1 0 1 0 1
0.545974316931623 1 1 1 1 1 0 0 0 0 0 1 1 0 0 1 1 1
0.209390403975424 1 1 0 1 0 0 1 1 0 1 1 1 1 1 1 0 1
0.242543082050333 1 0 1 0 1 0 0 0 0 0 1 1 1 0 1 1 1
0.188578592058554 0 0 1 1 0 0 1 0 1 0 0 1 1 1 0 0 0
0.188019187757408 0 0 1 0 0 1 1 0 0 0 0 1 1 1 0 0 0
0.218071542246594 1 0 1 1 0 1 0 0 1 1 1 1 0 1 0 1 1
0.301763675252228 1 0 1 1 0 1 1 1 0 1 0 1 0 0 1 1 0
0.189928194233833 1 1 1 0 0 1 0 0 1 1 1 1 0 0 0 0 1
0.217472345403622 1 0 1 0 1 0 1 0 1 1 0 1 0 0 1 0 1
0.492602487235485 0 1 1 1 0 1 1 0 0 1 1 0 0 0 0 0 0
