0.362883546693561 0 1 1 0 1 0 1 1 0 0 1 1 0 0 0 1 1 1 0 0 1 0 0
0.214982384100901 0 1 0 0 1 1 1 0 1 1 1 0 1 0 1 1 0 0 0 0 0 1 0
0.347618619414358 1 1 1 1 0 1 1 1 1 1 1 0 0 1 0 1 0 1 0 1 0 1 0
0.5498167009494 0 1 0 0 1 0 1 1 1 1 0 0 0 1 0 0 0 0 0 0 0 1 1
0.246633313012247 0 0 0 0 0 1 1 0 1 0 0 0 1 1 1 0 0 0 0 1 0 0 1
0.517430346622606 0 0 0 1 1 0 1 1 0 1 1 0 1 0 0 1 0 1 1 1 1 0 1
0.233617253797034 1 0 0 0 0 0 1 1 0 1 0 0 1 0 0 0 0 1 0 1 1 0 0
0.248736162447538 1 0 1 1 0 1 0 1 0 1 0 1 1 1 1 1 0 0 0 1 0 0 1
0.25578215728756 1 0 1 0 0 0 0 0 0 0 1 1 0 1 1 1 1 1 0 1 1 0 0
0.119204065766283 1 0 0 1 0 0 0 0 1 0 1 1 0 1 0 1 0 1 1 0 0 1 1
0.247794620648161 1 1 0 1 0 1 0 1 1 1 1 0 1 1 1 0 1 0 0 1 1 1 1
0.632176110587815 1 1 1 1 1 0 0 0 1 1 0 0 0 0 1 1 1 1 1 0 0 0 1
0.357955553060136 1 0 0 0 1 1 1 0 1 1 0 1 1 0 0 0 1 0 1 0 0 1 1
0.455508824034937 1 1 1 1 0 1 0 0 0 1 1 1 1 1 1 1 1 0 1 0 1 1 0
0.760036709925271 1 1 1 0 1 1 1 0 0 0 0 0 0 1 0 1 0 1 1 1 1 1 0
0.470005945741378 1 0 1 1 0 0 0 1 1 1 0 0 0 0 0 0 1 0 1 1 0 0 1
0.356263302631087 1 0 1 1 1 1 0 1 1 0 0 1 1 1 1 1 0 0 0 0 1 1 0
0.636628981442369 0 0 1 0 1 0 1 1 0 0 0 0 0 0 1 0 1 1 1 1 1 1 1
0.369244911991271 0 1 1 1 1 0 1 1 1 1 0 1 1 0 1 0 0 1 1 0 1 0 0
0.210228878984199 0 0 0 0 0 0 1 1 0 0 0 0 1 0 1 0 1 1 1 1 1 1 0
0.0206124841596744 1 0 0 0 0 0 0 0 0 1 1 1 0 1 1 1 0 1 0 1 1 1 0
0.283949445417132 1 1 1 0 0 0 0 0 0 1 1 0 1 1 1 0 1 0 1 1 0 1 1
0.536940181320664 0 0 0 0 0 1 0 1 0 1 1 1 0 0 0 0 0 0 0 0 0 1 0
0.110922065816109 0 1 1 0 0 0 0 0 0 0 1 1 1 0 0 0 0 0 1 0 0 1 0
0.563153636816029 0 0 0 1 1 0 1 0 1 1 0 0 1 0 0 0 0 1 1 1 0 1 1
