0.539021557118736 1 0 1 0 1 1 1 1 1 1 0 0 0 0 0 1 1 0 0 1 1
0.357725308313742 1 1 1 0 1 0 0 1 1 0 1 1 1 1 1 1 0 1 1 0 1
0.104213144357514 0 1 0 0 0 0 0 1 1 1 0 1 1 1 0 0 1 1 0 0 1
0.292519334520954 0 1 0 0 1 1 1 0 0 0 0 0 1 0 0 1 1 0 0 0 0
0.383643394668677 1 1 1 0 0 0 1 0 1 1 0 1 0 0 1 1 1 1 0 1 0
0.417589016976682 1 1 1 0 1 1 0 1 1 1 0 1 0 1 0 0 1 1 0 1 1
0.278953919393976 1 0 0 1 0 0 1 1 1 1 0 0 0 0 1 1 0 1 0 1 0
0.337481565230584 1 0 1 1 0 1 0 0 1 0 1 0 1 1 1 0 1 1 0 0 1
0.179433556983004 1 0 0 0 0 0 0 0 0 0 1 0 1 0 0 0 1 1 1 1 1
0.281247900659668 0 0 0 0 1 1 1 1 0 1 1 0 1 1 1 1 0 0 1 0 1
0.363365838546647 1 1 0 0 0 0 1 1 1 0 0 1 0 1 1 0 1 1 1 1 1
0.287617806785182 1 1 1 0 0 1 1 0 1 1 1 0 1 1 1 1 0 1 0 0 1
0.382528036648313 1 1 0 1 0 1 1 1 0 0 0 1 1 1 1 1 0 1 0 0 1
0.41854735648855 1 1 0 1 1 0 0 0 1 0 1 1 0 0 1 1 1 1 0 0 1
0.484102363286634 1 1 0 1 0 0 0 1 0 0 0 0 1 1 0 0 1 1 1 1 0
0.193143564418527 1 0 0 0 0 0 0 0 1 0 0 1 1 1 1 1 1 1 0 0 0
0.240987313075816 0 1 0 0 1 0 1 1 1 1 0 0 1 1 1 1 1 1 0 0 0
0.437355340356508 1 1 1 1 0 1 1 0 1 1 0 1 1 0 0 0 1 1 0 1 1
0.237647711787105 1 1 0 0 1 0 0 0 1 0 1 0 1 1 0 1 0 1 1 0 0
0.422710458749848 0 0 0 1 1 1 1 0 1 0 1 0 1 0 1 1 1 1 1 0 0
0.403365865416735 1 1 1 0 1 1 0 1 1 0 1 1 0 1 1 1 1 0 0 1 1
0.0975424385791698 0 0 0 0 0 1 0 0 0 0 0 0 0 0 0 0 0 0 1 0 1
0.372532157027552 0 0 0 0 0 0 0 0 0 0 1 1 1 0 0 0 1 0 0 0 0
0.460388627810851 0 1 0 1 1 0 1 1 1 1 0 1 0 0 1 1 0 0 1 1 1
0.390461709882324 1 0 1 0 1 0 1 1 0 0 0 0 0 1 0 1 0 0 0 0 1
