0.423483650194601 0 1 1 0 1 0 0 0 0 1 1 0 0 0 1 1 0 0 1 1 1 0 1 1 0
0.724361921279149 0 1 0 0 1 1 1 1 1 0 0 0 0 1 0 0 0 1 1 1 1 1 1 0 1
0.602355957164015 1 0 0 1 1 0 1 1 0 0 0 0 0 0 0 1 0 0 0 0 0 0 1 0 1
0.28715524421236 0 0 1 0 0 1 0 1 1 1 1 1 1 1 1 0 1 1 0 1 0 1 1 1 1
0.387589209953604 1 0 1 0 1 1 1 0 1 0 1 0 1 1 1 0 0 1 1 1 1 0 1 0 1
0.287380884884034 1 0 1 0 1 0 0 0 0 1 0 0 0 0 0 1 1 0 0 0 0 0 1 0 0
0.300555390545394 1 1 0 1 0 0 1 1 1 0 0 1 0 0 1 0 1 0 0 0 0 1 1 0 0
0.501524936075154 0 0 1 0 1 1 1 0 0 1 0 0 1 1 0 0 0 1 1 0 1 1 0 1 0
0.461341064490468 1 1 0 0 1 1 1 1 1 1 0 0 0 1 1 0 1 0 1 0 1 1 1 0 0
0.300356965890076 1 0 0 0 1 0 1 0 0 1 1 0 0 0 1 0 1 0 1 0 0 0 1 1 1
0.57801614793566 1 1 1 1 1 0 0 1 1 0 1 0 0 0 0 1 0 1 0 1 0 1 1 1 1
0.130625380028702 1 1 0 0 1 0 0 0 1 0 1 1 1 0 0 1 0 0 0 0 1 1 0 0 0
0.382588508218221 1 1 0 0 1 1 1 0 0 1 0 0 0 1 1 1 0 0 0 0 0 1 1 1 1
0.508637543439016 1 1 1 1 0 0 0 0 0 1 1 0 0 1 0 0 0 0 1 1 0 1 1 0 1
0.562670535092273 0 0 0 1 1 1 1 1 0 0 0 0 1 0 1 0 0 1 0 1 0 1 0 1 0
0.176391714150637 1 0 0 0 1 0 0 1 1 0 1 1 0 1 0 0 1 1 0 1 1 0 0 0 0
0.511080910512462 1 0 1 1 1 0 1 1 0 0 0 1 1 0 0 1 1 0 0 1 1 1 1 0 1
0.241591211382644 1 0 1 1 0 1 1 0 1 1 1 1 0 1 0 1 1 0 0 1 0 0 1 0 0
0.360680387323653 0 1 1 1 0 1 0 1 1 0 1 1 1 0 0 1 0 0 1 0 1 1 1 0 1
0.369926699671391 0 1 1 0 1 1 0 0 1 0 0 0 1 1 0 1 1 0 0 0 1 0 1 0 0
0.325381515679724 1 1 0 1 0 1 1 1 1 1 0 1 1 1 0 0 0 0 0 0 1 1 0 1 1
0.45579693312767 1 1 1 0 1 0 0 1 0 0 0 1 1 1 1 1 1 0 1 1 0 0 1 0 1
0.482769966599685 0 1 0 1 1 0 0 1 0 0 1 0 1 1 0 1 1 1 1 1 1 0 0 0 0
0.362800180717496 0 1 1 1 1 0 0 0 1 0 1 1 1 0 1 0 0 1 1 0 1 0 0 0 0
0.125572281728379 0 1 0 1 0 0 1 0 0 1 1 1 1 0 1 0 1 0 0 1 1 0 0 1 0
