0.142827753595513 0 0 0 1 1 0 0 0 0 1 1 1 1 1 0 1 1 0 0 0 1 1 0 1 0 1 0 0 0 0
0.0733927939475788 1 0 0 0 0 0 1 0 0 0 0 1 1 1 0 1 1 1 1 0 1 1 1 1 1 0 1 0 1 0
0.315115881008768 0 0 1 0 1 1 1 0 1 1 1 0 1 1 1 1 0 1 1 1 0 1 1 0 0 1 1 0 1 1
0.275894039218593 1 1 0 0 0 1 1 1 1 0 1 1 1 0 1 1 0 1 1 1 0 0 0 0 0 0 0 0 1 1
0.264996533929332 1 0 1 0 0 1 0 0 1 0 0 0 1 1 0 0 1 1 1 0 1 0 1 1 1 0 1 0 1 1
0.418353468072734 0 1 1 1 1 0 0 1 0 1 1 0 0 0 1 0 0 0 0 1 1 0 0 0 1 0 1 1 0 1
0.179030669246702 0 0 0 1 0 0 0 0 1 1 0 1 0 1 1 0 1 1 1 0 1 0 1 0 1 1 1 0 1 1
0.401487061849532 0 1 0 1 1 1 0 0 0 0 0 1 0 0 1 1 0 1 0 0 0 1 1 0 0 1 1 1 0 0
0.70830868791325 0 0 0 0 0 1 1 1 0 1 1 0 0 0 0 1 0 0 0 0 1 1 1 0 1 1 1 0 0 0
0.356324766368668 0 1 0 1 1 0 1 0 0 1 1 0 0 0 1 1 0 0 0 1 1 0 1 1 0 0 0 1 1 1
0.481785265018121 0 1 1 1 1 1 1 0 1 0 1 0 1 1 0 1 1 0 1 1 0 0 0 0 1 0 0 1 0 1
0.474863257837183 1 0 1 1 0 1 0 0 1 1 0 0 1 0 1 1 1 1 1 1 0 0 1 0 0 0 1 0 0 1
0.3644293007885 0 0 0 1 1 1 0 1 1 1 0 1 1 0 0 1 0 0 1 0 1 0 0 0 0 1 1 0 1 0
0.150968492187723 1 0 0 0 0 1 0 0 0 1 1 0 0 1 0 1 1 1 1 1 1 1 0 1 1 0 1 0 1 0
0.223136390433307 0 1 0 0 0 1 0 0 1 0 0 1 1 0 1 0 0 1 0 0 0 0 0 1 1 0 0 1 0 1
0.526358701493441 1 1 0 1 0 0 0 0 0 1 0 0 0 0 0 0 1 1 1 0 1 0 1 0 0 1 0 0 1 0
0.312923154405317 1 1 1 1 0 1 0 1 1 1 1 0 1 0 0 1 0 0 1 0 1 0 1 0 1 1 0 0 1 0
0.643536069259076 1 1 1 0 1 1 1 0 0 1 0 0 0 0 0 1 0 0 0 1 0 1 1 0 0 0 0 1 0 0
0.183994327354958 0 0 1 0 1 0 1 0 0 1 1 1 1 1 1 0 1 0 1 1 1 1 0 0 0 1 1 1 1 0
0.403450152873612 0 0 1 1 0 0 0 1 1 1 1 0 0 1 1 0 0 0 0 0 1 1 1 1 1 0 0 0 1 1
0.599745366006425 1 1 0 1 0 1 1 0 0 0 0 0 0 1 0 0 1 0 0 1 1 0 1 0 1 0 0 0 0 1
0.429643430383563 1 0 1 0 0 1 1 1 1 1 0 1 1 0 0 0 1 0 0 1 1 1 0 1 0 1 1 0 0 0
0.578379562170379 1 0 1 0 1 1 0 0 1 0 1 1 0 0 0 0 0 0 1 0 1 1 1 1 1 1 1 1 0 0
0.316777033493209 1 0 0 1 1 0 0 1 1 0 1 0 0 1 0 0 1 1 1 0 0 0 0 1 1 1 1 0 0 0
0.412133725308706 1 1 1 1 0 0 0 1 0 1 1 0 0 1 1 1 1 0 0 0 1 0 0 0 0 0 1 0 1 1
