0.235832392495476 0 0 0 1 0 1 0 0 0 1 1 1 1 1 0 0 0
0.251710092484108 0 1 1 1 1 0 1 1 0 1 1 1 1 0 0 1 0
0.207717038672269 1 1 1 0 0 0 0 1 1 1 0 0 1 0 1 1 0
0.465106413010644 1 1 1 1 1 1 1 1 0 0 1 1 0 1 1 1 0
0.411831639754629 1 1 1 1 0 1 0 0 1 1 1 0 1 0 1 1 1
0.337493439246524 0 0 0 1 1 1 1 1 0 1 0 0 1 1 1 0 1
0.104930884611078 1 0 0 0 1 0 1 1 0 0 1 1 1 1 0 0 1
0.285734005051404 1 1 0 1 0 0 0 1 0 0 0 0 1 1 0 0 1
0.495896224674757 1 1 1 0 1 0 0 0 0 0 0 0 1 0 0 1 1
0.566343625201781 1 1 1 1 1 0 0 0 0 1 0 0 1 0 1 1 1
0.337083256771483 1 0 0 1 1 1 1 1 1 0 0 0 1 1 1 1 0
0.427354054376656 1 1 0 1 1 0 1 1 0 0 0 1 1 0 1 1 1
0.0839730567139967 1 0 0 1 0 0 0 1 0 1 0 1 1 0 1 0 1
0.173041684367802 1 0 0 0 0 0 1 1 1 1 0 1 0 1 0 1 0
0.352315194137859 1 1 1 1 1 0 0 1 1 1 0 1 1 0 1 1 0
0.43299379148843 1 1 0 1 1 1 1 0 0 1 1 0 0 0 0 0 1
0.137372845149687 0 0 0 0 0 0 0 0 0 0 0 0 1 0 1 0 0
0.354212191958197 0 0 0 0 0 0 0 0 1 1 1 0 0 0 1 0 0
0.277130750110684 0 0 0 1 0 1 1 0 1 1 1 1 0 1 0 0 1
0.272057068848774 1 0 0 1 1 1 1 0 1 0 1 0 1 1 0 0 0
0.219964135771995 0 0 1 0 1 0 0 0 0 1 1 1 1 0 0 0 0
0.200554455640251 0 1 1 1 0 0 1 1 1 1 1 1 0 1 0 0 0
0.138794171095927 0 1 0 1 0 0 1 0 1 1 0 0 1 1 1 0 0
0.407386144877931 1 1 1 1 1 0 1 0 0 1 0 1 1 0 0 0 1
0.329275442032762 0 0 0 0 0 0 0 0 1 0 1 1 0 0 1 0 0
