0.280530501369584 1 1 0 1 1 0 0 1 1 1 0 1 1 0 1 0 0 1 1 1 1 0 1 1 1 1 1 0 1 0 1 0 0 0 0 1 1 0 1 0 0 0 1 1 0 0 0 1 1 1
0.223723499580055 0 1 1 0 0 0 1 0 1 0 1 0 1 1 1 1 1 0 0 0 1 0 1 0 1 0 0 0 1 0 0 1 1 1 1 0 1 1 0 1 0 0 1 1 1 0 1 0 0 0
0.495374890614147 0 1 0 1 0 1 0 1 1 1 0 0 0 1 0 1 1 1 0 0 0 1 0 1 1 1 0 0 0 1 0 1 0 0 0 0 1 1 1 0 1 1 0 1 0 0 0 0 0 0
0.310393034556692 0 0 1 1 0 0 0 1 0 0 1 0 0 0 0 0 1 1 1 0 0 0 1 0 0 0 1 1 1 0 1 0 1 0 1 0 0 1 1 0 1 1 0 0 0 0 1 1 1 1
0.531876703744423 1 0 1 1 0 1 1 1 1 1 0 0 0 0 1 0 0 0 0 0 0 1 0 0 1 1 0 0 0 0 1 0 1 1 0 0 0 0 0 1 0 0 1 0 1 1 0 1 0 0
0.364924388483962 1 1 1 0 0 1 1 0 0 1 0 1 1 1 0 0 0 1 0 1 0 1 0 1 1 1 1 0 1 0 0 1 1 0 1 1 1 1 1 1 0 0 1 0 0 0 1 1 1 0
0.434553052174565 0 1 0 0 1 0 1 1 1 0 1 1 1 1 1 0 0 1 0 0 0 0 1 1 0 0 1 0 1 1 0 0 0 1 0 0 0 0 0 0 1 1 0 1 0 0 1 1 0 1
0.497117970330954 0 1 1 1 1 1 0 0 1 0 0 1 1 1 0 0 0 1 0 1 1 0 0 0 0 0 1 0 0 1 0 0 1 0 1 1 1 0 1 0 1 1 1 0 1 0 0 0 0 0
0.478245452810646 0 0 1 0 1 1 1 0 0 0 1 1 0 1 1 1 1 0 0 1 1 0 0 0 0 0 0 1 0 1 1 1 1 1 0 1 0 1 1 0 0 0 1 1 0 1 1 0 1 0
0.34224134904151 1 0 0 0 0 1 0 1 0 0 0 1 0 0 0 1 0 1 0 1 0 1 0 0 0 1 1 1 0 1 1 1 1 1 0 1 0 0 1 0 0 1 1 0 1 0 1 1 0 1
0.297713108035306 1 1 1 0 0 0 1 1 0 1 1 1 1 1 1 1 0 0 0 0 0 0 0 1 1 1 1 1 0 0 1 0 1 1 1 0 0 1 1 1 0 0 1 0 0 1 0 0 1 0
0.314708846927741 1 0 1 1 0 0 0 0 0 0 1 0 1 0 1 0 1 1 0 0 1 1 0 1 0 1 1 0 1 1 1 1 1 0 0 0 1 1 1 0 1 0 0 0 1 0 0 0 0 0
0.423710394967987 1 1 1 1 1 1 1 1 0 1 1 1 1 0 1 0 0 1 1 1 1 1 0 1 0 1 1 1 1 1 1 1 1 1 0 0 1 0 1 0 1 1 0 1 0 0 0 0 0 0
0.327159052644707 0 0 0 1 0 1 1 0 1 0 0 0 1 1 0 0 1 1 0 0 1 0 0 0 0 1 1 0 1 1 1 0 1 1 1 1 1 1 0 0 0 0 1 0 0 0 0 1 0 1
0.24051925390686 1 1 0 0 0 0 1 0 1 0 1 1 1 1 0 0 0 1 1 0 0 0 0 1 0 0 0 1 1 0 1 0 1 1 1 0 1 0 0 0 1 0 0 0 0 0 1 0 0 0
0.282819731088307 0 0 1 0 0 0 0 0 1 1 1 0 0 1 1 1 0 1 0 0 1 0 0 1 1 1 1 1 1 0 1 1 0 0 1 0 1 1 0 0 1 0 1 1 1 0 0 0 1 1
0.316007283030966 1 0 1 0 0 1 0 1 1 1 1 0 1 1 1 0 0 0 1 1 1 0 0 0 1 0 0 1 0 1 0 0 1 0 0 0 1 0 0 0 0 1 0 1 1 0 1 1 0 1
0.471331096999706 0 1 0 0 1 0 1 0 0 0 1 0 0 1 0 0 1 1 0 0 0 0 0 1 1 1 0 1 0 0 0 0 0 0 0 0 0 0 1 1 1 0 0 0 1 1 1 0 0 1
0.291744348240724 1 0 0 0 0 1 0 1 0 1 0 0 0 1 1 0 1 0 1 1 1 0 0 0 0 0 1 1 0 0 0 0 0 0 1 1 1 0 0 1 1 1 1 0 1 0 0 0 1 0
0.348442337595182 0 1 1 1 1 0 1 1 1 0 1 1 0 1 0 1 0 0 0 0 0 1 1 1 0 1 1 1 0 0 1 0 0 1 1 1 1 0 0 1 0 1 1 1 1 1 1 0 0 1
0.429953672023409 1 0 1 0 1 1 0 0 0 0 0 1 0 1 1 1 0 1 0 1 0 0 0 1 0 0 1 0 1 0 1 0 1 1 1 1 0 1 1 1 0 0 0 0 1 1 0 1 0 1
0.653542825448759 1 0 1 0 1 1 1 1 1 1 0 0 0 0 0 1 1 0 0 1 1 1 1 1 0 1 0 0 1 1 0 1 1 1 1 1 1 0 1 1 0 1 0 1 0 0 0 0 0 1
0.451486848432887 1 1 0 1 1 1 0 0 1 1 0 0 1 0 1 0 0 1 1 1 0 0 0 0 0 1 0 0 1 1 0 0 0 0 1 1 1 0 0 0 1 0 1 1 0 1 0 0 1 1
0.236968609126026 1 1 0 1 0 1 1 1 0 1 1 0 1 1 1 0 1 0 1 0 0 1 1 0 1 1 1 0 0 1 0 0 1 1 1 1 0 0 0 0 1 1 0 1 0 1 0 1 0 1
0.415012763939995 1 0 1 0 0 1 0 1 0 1 1 1 0 1 1 0 0 1 1 0 0 0 0 0 0 0 0 0 1 0 1 0 0 0 1 1 1 1 1 0 0 0 0 1 1 1 1 0 1 1
