0.633639989228335 0 1 1 1 1 1 1 1 0 0 0 0 1 0 0 1 0 1 1
0.401433926020957 1 1 0 0 1 1 1 1 1 1 0 0 0 1 1 1 1 0 1
0.359959883650208 1 0 1 1 0 1 1 0 0 0 1 1 0 1 1 1 1 0 0
0.161530854547776 1 0 0 0 1 0 1 0 1 1 0 1 0 1 1 0 0 0 0
0.415798238149499 0 1 1 1 1 0 1 0 1 0 1 0 1 1 1 1 1 0 0
0.382971892472237 1 1 1 0 1 1 0 1 1 0 1 1 0 1 1 1 1 0 0
0.456571900574988 1 1 0 0 0 0 0 1 0 0 0 0 0 0 0 0 0 0 0
0.177559613592095 0 1 0 1 0 0 0 0 0 0 0 0 0 0 1 1 1 0 0
0.0844102013949029 0 1 0 0 0 0 0 1 0 1 1 0 1 1 1 1 0 1 0
0.216236934935467 0 1 1 0 0 1 1 1 1 0 1 0 1 0 1 1 0 0 0
0.174117406693707 0 0 1 0 1 0 0 0 0 1 1 1 1 0 0 0 0 0 1
0.336093460676802 1 1 0 0 1 1 1 1 1 1 0 1 0 0 0 0 1 0 1
0.255213409122841 0 0 1 0 1 1 0 0 1 1 1 0 0 1 1 1 1 1 0
0.516489517795 1 0 0 1 0 1 1 0 0 0 1 0 0 0 0 0 0 0 0
0.275677476901132 1 0 1 1 0 0 1 0 0 1 0 1 1 1 1 0 1 0 1
0.183637688250208 1 1 0 0 0 1 1 1 1 0 1 1 0 1 0 0 1 0 1
0.580858107277015 1 1 1 1 1 0 0 1 0 0 0 1 1 1 0 0 1 1 1
0.404819068682521 0 0 1 1 1 0 1 0 1 0 0 0 1 1 0 0 0 1 1
0.143341399955104 0 0 0 1 1 0 0 1 0 0 1 0 1 1 1 0 1 1 0
0.210164424932443 1 0 0 0 1 1 0 1 0 1 1 0 1 0 1 0 0 1 1
0.18372301854932 0 0 1 0 1 1 1 0 0 1 1 1 1 1 0 1 0 0 0
0.559774802058914 1 1 1 1 1 1 1 0 0 0 1 1 1 1 0 1 1 0 1
0.0564191353269202 0 0 0 0 1 0 0 0 0 0 1 0 0 0 1 0 1 1 0
0.211723884801931 1 1 0 1 1 0 0 1 1 1 0 1 1 1 1 0 0 0 0
0.198966524366439 0 0 1 1 0 0 0 0 0 0 1 0 1 0 0 0 0 0 1
