0.129085123942126 1 0 0 0 0 1 0 1 0 1 0 0 0 1 1 0 1 0 1
0.268691532778902 1 1 0 0 0 0 0 1 1 0 0 0 0 0 0 1 1 1 0
0.538710485336896 0 1 1 1 1 0 1 0 0 0 1 0 0 1 1 1 1 0 1
0.539591861912292 1 1 0 1 1 0 1 0 1 0 0 0 0 0 1 1 1 0 1
0.291254537474902 1 1 0 0 1 0 0 1 1 1 1 0 0 1 0 1 1 1 1
0.352622226487644 1 1 0 0 1 1 0 1 0 1 1 0 0 0 0 0 1 0 1
0.377369360314725 1 1 0 1 0 1 0 0 0 1 0 0 1 0 1 0 1 0 1
0.4926505399507 1 1 1 0 1 1 1 0 0 0 0 1 1 0 1 0 1 1 0
0.592686253735476 1 0 1 1 1 1 1 1 0 0 0 0 0 1 1 0 0 1 1
0.3813333089747 1 1 1 0 1 0 0 1 1 0 1 1 1 1 1 1 0 1 1
0.084190727887155 0 1 0 1 0 0 0 0 0 1 1 1 0 1 1 1 0 0 1
0.274360786381209 1 0 0 1 0 1 0 0 1 1 1 0 0 0 0 0 1 0 0
0.189711795674119 1 1 0 0 0 0 1 1 1 0 0 0 1 0 1 1 0 1 0
0.382744645084555 0 1 1 1 1 0 1 0 1 1 1 0 1 1 0 1 1 1 0
0.296387895926817 1 0 1 0 0 1 1 0 1 1 1 0 0 1 0 0 1 1 1
0.119551420474084 1 0 0 0 0 1 1 0 1 0 1 0 1 0 1 1 0 1 0
0.264958830170036 0 1 0 1 0 1 1 1 0 1 1 0 0 1 1 0 0 0 0
0.204256889591422 0 0 0 0 0 1 0 1 0 0 0 1 1 1 1 1 0 0 0
0.349761933352437 0 1 1 1 1 0 1 1 0 1 1 1 1 0 0 1 0 1 1
0.243832688013443 1 0 0 0 0 1 1 1 0 0 1 0 1 1 0 1 1 1 1
0.419847367233472 1 1 1 1 0 0 1 1 0 1 1 1 0 1 1 1 1 0 1
0.462840809021268 0 0 1 1 1 0 1 0 1 1 1 0 0 0 1 1 1 1 1
0.298030351516318 0 1 0 0 1 1 1 0 1 1 0 0 0 1 0 1 1 0 0
0.318105371009731 1 1 1 1 0 0 1 1 1 0 1 0 0 0 1 0 0 0 0
0.494061479227875 1 1 0 0 1 1 1 1 0 1 0 0 0 0 0 0 0 1 0
