0.398498833225552 0 0 1 1 0 0 1 1 0 0 1 0 0 0 0 1 0 1 0 0 1 0 0 1 0
0.236226194515116 0 1 1 1 0 0 0 0 1 1 0 1 0 1 0 1 1 1 0 0 0 0 1 0 1
0.40313210053953 1 1 1 0 0 1 1 0 1 0 1 0 1 0 0 0 1 0 0 1 1 0 0 1 1
0.0550729089183808 0 1 0 0 0 0 0 0 0 0 1 1 0 0 1 0 0 1 0 1 0 0 1 1 0
0.529499034863685 1 1 0 1 1 1 0 0 0 0 1 0 0 0 1 0 1 0 0 0 1 0 0 1 1
0.24727060180552 0 1 1 0 0 1 1 0 0 1 1 1 0 1 1 1 0 0 0 1 1 0 1 1 1
0.328818063962881 0 0 1 1 0 0 1 0 1 1 0 0 0 1 1 1 0 1 1 0 0 1 1 1 0
0.116949009235714 0 0 1 0 0 0 1 0 1 1 1 1 0 1 1 1 1 1 1 0 0 0 0 0 1
0.197608428852625 0 0 0 1 1 0 0 1 1 1 1 1 1 0 1 0 1 1 1 0 0 0 0 0 0
0.423525410020448 0 1 1 1 1 0 1 0 0 1 1 0 1 1 0 0 0 1 1 0 1 1 0 0 1
0.186447472206504 1 0 0 0 0 0 1 0 0 0 1 0 1 0 0 0 1 0 1 0 0 1 0 1 1
0.377573561064381 1 1 1 0 0 1 0 1 1 1 1 0 0 1 1 1 1 1 1 1 0 1 0 1 0
0.328474193912327 1 0 0 1 1 1 1 1 1 1 1 1 1 0 1 0 1 0 0 1 1 1 0 1 1
0.117795436978645 0 1 1 0 1 0 0 0 1 1 1 1 1 1 1 0 1 0 0 0 0 1 1 0 0
0.159575601712695 1 0 0 1 1 0 0 0 1 1 1 0 1 0 1 1 0 0 0 1 0 0 0 1 1
0.337100933334305 1 0 0 1 0 1 0 0 0 1 1 1 0 0 0 0 1 1 1 1 0 1 0 1 1
0.371031426493764 1 0 0 1 1 1 1 1 1 1 0 1 0 0 1 0 1 0 1 0 0 1 0 0 0
0.501891385803735 0 0 1 1 1 1 0 1 1 1 0 1 0 0 0 1 1 0 0 0 1 0 1 1 0
0.257138442831441 0 1 1 0 0 0 1 0 1 0 0 0 1 1 0 1 1 1 1 0 0 0 1 0 1
0.563837604763841 0 1 1 0 1 0 1 0 0 0 0 0 1 1 0 0 1 1 0 1 1 1 1 0 0
0.710691002121136 1 0 0 0 1 1 1 1 1 0 1 1 0 0 0 0 0 0 0 0 0 1 1 1 1
0.516221898379382 1 1 1 0 1 0 1 0 0 0 0 1 1 0 1 1 1 0 1 1 1 0 1 0 1
0.341661104213515 1 1 0 1 1 0 0 1 0 0 1 1 1 0 0 0 1 1 1 0 0 1 0 1 1
0.477171703859632 1 0 1 0 1 0 0 1 0 0 0 1 0 0 1 0 0 1 1 0 1 1 0 1 1
0.421773541677419 1 1 1 1 0 0 0 0 1 0 1 0 0 1 1 1 0 0 1 0 1 1 0 1 1
