0.253765355640595 1 0 0 0 0 1 0 1 0 1 0 0 0 1 1 0 1 0 1 1 1
0.150255415025132 0 0 0 0 0 1 1 0 0 0 0 0 0 1 1 1 0 0 1 1 1
0.145698635212356 1 0 1 0 0 0 1 0 0 1 1 1 1 0 1 1 1 0 1 1 0
0.0602738878751163 1 0 1 0 0 0 0 0 1 1 1 0 1 1 1 0 0 1 0 0 1
0.197931361800878 1 1 1 0 0 1 0 1 1 1 1 1 1 0 0 1 1 0 1 0 1
0.164244184586106 1 0 0 0 0 0 1 0 1 1 1 0 1 0 1 0 0 0 1 0 0
0.187141991708401 1 0 1 0 1 0 1 1 1 1 0 1 1 1 0 0 0 0 1 1 0
0.181810991640996 1 0 1 1 0 1 0 1 1 1 1 1 1 0 0 0 0 0 1 1 0
0.598290167515092 0 1 1 1 1 1 0 1 0 0 1 1 0 1 1 1 1 1 1 0 1
0.244039306099966 1 0 1 0 1 0 0 0 0 0 1 1 1 0 1 1 1 0 0 1 1
0.373915819278125 0 0 1 0 1 0 0 1 1 1 0 0 0 0 0 1 0 0 1 1 0
0.378176207553852 0 0 0 1 1 1 0 0 0 1 0 1 1 0 1 0 0 1 1 1 1
0.315119986254741 0 1 0 1 1 1 0 1 1 0 1 1 1 0 1 0 1 0 0 1 1
0.267204321957448 0 1 1 1 0 0 1 0 0 1 1 1 1 0 0 0 0 1 1 0 1
0.447953661536213 0 1 0 1 0 1 1 0 1 0 0 1 0 1 0 1 1 1 0 1 1
0.264833264375349 0 0 1 1 0 0 0 0 0 0 0 0 0 1 0 1 0 0 0 1 1
0.281290212540718 1 1 1 0 0 0 0 1 1 1 1 0 1 1 0 1 1 1 1 0 0
0.420266447054855 1 0 1 1 1 0 0 0 0 1 1 1 0 0 1 0 1 1 0 1 1
0.55565127112328 1 1 1 1 1 1 0 0 1 1 0 1 1 1 0 1 1 1 1 0 1
0.495356978154121 0 0 1 1 1 0 1 0 1 1 1 0 0 0 1 1 1 1 1 0 1
0.548127529999835 0 0 1 1 1 0 1 1 0 0 0 1 0 1 1 0 0 1 1 1 1
0.520246698742074 0 0 1 1 1 0 1 0 0 0 1 0 0 0 0 1 1 0 0 1 1
0.600757344199957 1 1 0 1 0 0 0 0 0 0 0 1 0 0 1 1 1 1 1 1 1
0.263725137842136 0 0 0 0 1 0 0 1 0 1 1 1 1 0 0 1 1 1 1 1 1
0.355802215684308 0 0 0 1 1 1 1 0 1 1 0 1 1 0 1 1 0 0 0 1 1
