0.19060066189693 1 1 0 1 1 0 0 1 1 1 0 1 1 0 1 0 0
0.255165134978978 1 1 1 1 0 1 1 1 1 1 0 1 0 1 0 0 0
0.218017673693761 0 1 1 0 1 0 0 0 1 1 0 0 0 1 1 1 0
0.175628323392302 1 1 0 0 0 1 0 1 0 1 0 1 1 1 1 1 0
0.191063343803357 0 0 1 0 1 0 1 0 0 0 1 0 0 1 1 1 1
0.279925795587469 0 1 1 0 1 0 0 1 1 1 0 1 0 0 0 0 1
0.266833094622486 0 1 0 1 0 1 1 1 0 0 0 1 0 1 1 1 0
0.436270117518258 0 0 1 0 1 1 1 0 0 0 1 0 1 0 0 0 0
0.593523235151382 1 1 1 0 1 1 0 1 0 0 0 0 0 0 0 0 1
0.118945308955409 1 0 0 0 1 0 0 1 0 0 0 0 0 1 1 1 0
0.286695603734584 0 0 1 0 0 0 1 1 1 0 1 0 1 0 1 0 0
0.320210872527964 1 1 0 1 1 0 0 0 0 1 1 1 1 1 0 1 1
0.629928685709632 0 1 1 1 1 1 0 0 0 0 1 0 0 0 0 0 0
0.198534982798321 1 0 0 1 1 0 0 0 0 1 0 1 1 0 0 0 0
0.173330311712847 0 1 0 0 1 0 1 1 0 1 0 0 1 1 1 0 0
0.266071942036712 1 1 0 0 1 0 1 1 1 0 0 0 1 0 1 0 1
0.434785986350158 0 1 1 1 1 0 1 0 0 1 1 0 1 1 1 1 1
0.166689711261429 1 0 0 1 0 0 0 1 1 1 0 0 1 0 0 1 0
0.407978601521376 1 1 1 0 1 1 1 1 1 0 0 1 0 0 0 0 1
0.471736419694335 1 0 0 1 0 1 1 0 0 0 1 0 0 0 0 0 0
0.246165164784196 1 1 0 1 0 0 1 1 0 1 0 1 1 1 1 1 0
0.258376582353533 0 1 0 0 1 1 1 0 0 0 1 0 1 1 0 0 0
0.108770218530277 0 0 1 0 0 1 0 0 1 0 1 1 1 0 1 0 1
0.302790050950233 1 1 0 1 0 0 0 0 0 0 0 1 0 1 1 1 0
0.424602308128569 0 0 1 1 0 1 1 1 1 0 0 1 1 0 0 0 0
