0.235832393169403 0 0 0 1 0 1 0 0 0 1 1 1 1 1 0 0 0
0.251710087060928 0 1 1 1 1 0 1 1 0 1 1 1 1 0 0 1 0
0.207717031240463 1 1 1 0 0 0 0 1 1 1 0 0 1 0 1 1 0
0.465106427669525 1 1 1 1 1 1 1 1 0 0 1 1 0 1 1 1 0
0.411831647157669 1 1 1 1 0 1 0 0 1 1 1 0 1 0 1 1 1
0.337493449449539 0 0 0 1 1 1 1 1 0 1 0 0 1 1 1 0 1
0.104930885136127 1 0 0 0 1 0 1 1 0 0 1 1 1 1 0 0 1
0.285733997821808 1 1 0 1 0 0 0 1 0 0 0 0 1 1 0 0 1
0.495896220207214 1 1 1 0 1 0 0 0 0 0 0 0 1 0 0 1 1
0.566343605518341 1 1 1 1 1 0 0 0 0 1 0 0 1 0 1 1 1
0.337083250284195 1 0 0 1 1 1 1 1 1 0 0 0 1 1 1 1 0
0.427354067564011 1 1 0 1 1 0 1 1 0 0 0 1 1 0 1 1 1
0.083973057568073 1 0 0 1 0 0 0 1 0 1 0 1 1 0 1 0 1
0.173041686415672 1 0 0 0 0 0 1 1 1 1 0 1 0 1 0 1 0
0.352315187454224 1 1 1 1 1 0 0 1 1 1 0 1 1 0 1 1 0
0.432993799448013 1 1 0 1 1 1 1 0 0 1 1 0 0 0 0 0 1
0.137372851371765 0 0 0 0 0 0 0 0 0 0 0 0 1 0 1 0 0
0.354212194681168 0 0 0 0 0 0 0 0 1 1 1 0 0 0 1 0 0
0.277130752801895 0 0 0 1 0 1 1 0 1 1 1 1 0 1 0 0 1
0.272057056427002 1 0 0 1 1 1 1 0 1 0 1 0 1 1 0 0 0
0.219964131712914 0 0 1 0 1 0 0 0 0 1 1 1 1 0 0 0 0
0.200554460287094 0 1 1 1 0 0 1 1 1 1 1 1 0 1 0 0 0
0.138794168829918 0 1 0 1 0 0 1 0 1 1 0 0 1 1 1 0 0
0.407386153936386 1 1 1 1 1 0 1 0 0 1 0 1 1 0 0 0 1
0.329275429248810 0 0 0 0 0 0 0 0 1 0 1 1 0 0 1 0 0
0.287506129384513 1 0 0 0 0 0 1 1 1 0 1 1 1 0 0 0 0
0.141973956026125 0 0 0 1 0 0 1 1 0 0 0 1 0 1 0 1 1 x
0.137022656975888 0 1 0 1 0 0 1 0 0 1 0 1 1 1 0 0 0 x
0.199801073338374 0 1 0 0 0 0 1 1 1 0 0 1 1 0 0 1 0 x
0.219589464196015 0 0 1 1 0 0 1 1 0 0 0 1 1 0 1 0 0 x
0.147974048748978 1 0 0 1 1 0 0 1 0 1 0 1 1 1 0 0 0 x
0.126861256479046 1 1 0 0 0 0 0 1 0 1 0 1 0 1 1 1 0 x
0.126394750233028 1 0 0 1 0 0 1 0 0 1 0 1 1 1 1 1 0 x
0.086910511600542 1 0 0 0 0 1 1 0 0 1 0 1 1 1 1 0 1 x
0.276819059321946 0 0 0 1 1 0 0 1 1 1 0 1 1 0 0 0 1 x
0.275840870645262 1 1 1 1 0 0 0 1 0 1 0 1 1 0 0 0 0 x
0.191272634112467 0 1 0 1 0 0 0 1 0 1 0 1 0 0 1 0 0 x
0.250354662510745 0 0 0 0 0 0 0 1 1 0 0 1 1 1 1 0 1 x
0.058213660161088 1 0 0 0 0 0 0 1 0 0 0 1 0 1 0 1 1 x
0.119004293762053 1 0 0 0 0 1 1 0 0 1 0 0 1 1 0 0 1 x
0.401729649409003 0 0 0 0 0 0 1 1 0 1 0 1 0 1 0 0 0 x
0.287167394052087 1 0 1 1 0 0 0 0 0 0 0 1 1 1 1 0 1 x
0.506405379169834 0 1 1 1 1 0 0 0 0 0 0 0 0 1 0 1 1 x
0.109117518127296 1 0 0 1 0 0 0 1 1 1 1 1 0 0 0 1 1 x
0.205985129326379 1 0 0 1 1 0 0 1 1 0 1 1 0 0 0 1 1 x
0.086932188921082 1 0 0 1 0 0 0 1 0 0 1 1 1 0 0 1 1 x
0.082582531790832 1 0 0 0 1 0 0 0 0 1 1 1 1 1 0 1 1 x
0.061589896630382 1 0 0 0 0 0 0 0 0 1 0 1 1 0 0 1 1 x
0.176834140195212 0 1 0 1 0 1 0 0 0 0 1 0 1 1 0 0 0 x
0.143619297824522 1 0 0 0 0 1 1 0 0 0 1 0 0 1 1 1 1 x
0.086696038119010 0 0 1 0 0 1 0 0 0 0 1 0 1 1 0 1 0 x
0.103770244074479 0 1 1 0 0 0 0 0 0 1 0 0 1 1 0 1 0 x
0.142364396594071 0 0 1 0 1 0 0 0 0 0 0 0 1 1 0 0 0 x
0.065333860703293 0 0 0 1 0 0 0 0 0 0 0 0 1 1 0 1 0 x
0.128381527442684 1 0 0 0 1 0 0 0 0 1 0 1 0 0 0 0 1 x
0.141272112844012 1 1 0 0 0 0 0 1 0 1 0 1 1 1 0 1 1 x
0.128929343725442 0 1 0 1 0 1 0 0 0 1 0 1 1 1 0 1 0 x
0.129145431169125 1 1 0 0 0 1 0 0 1 1 0 0 1 1 0 1 0 x
0.135145904834477 1 0 0 0 0 1 1 0 1 0 0 1 1 1 1 1 1 x
0.152010696575683 1 0 0 1 0 1 0 0 0 1 0 1 1 1 0 1 1 x
0.099259124101052 1 0 0 0 0 1 1 1 0 1 1 1 1 1 0 1 1 x
0.089474435274719 1 0 0 0 1 0 0 0 0 1 1 1 1 0 0 1 0 x
0.134896343806037 1 1 0 0 0 0 0 0 1 1 1 1 1 1 1 0 1 x
0.184888449600609 1 0 0 0 1 0 1 1 1 1 1 1 1 0 0 0 1 x
0.300847637059383 0 0 0 0 0 0 0 0 0 0 1 0 1 1 0 1 1 x
0.222378634643888 0 0 1 1 0 0 0 1 0 0 0 0 1 0 0 1 0 x
0.114869182074101 1 0 1 0 0 0 0 0 0 1 1 1 1 1 0 1 0 x
0.110637906186678 1 0 0 0 0 0 0 0 0 0 1 1 1 1 0 0 1 x
0.184337580799356 0 1 1 0 0 1 0 0 1 0 0 1 1 1 1 1 0 x
0.153195065751087 0 1 0 1 0 0 1 1 1 1 0 1 1 1 0 0 1 x
0.063304747483083 1 0 0 0 0 0 1 0 0 1 0 0 1 1 0 1 0 x
0.054717032254887 1 0 0 0 0 0 0 0 0 0 0 0 1 1 0 1 0 x
0.177266342817230 0 1 0 0 1 1 1 0 0 1 0 1 1 1 0 1 0 x
0.132877096504232 0 1 0 0 0 0 1 1 0 0 0 1 0 1 0 0 1 x
0.120649707640111 1 1 0 0 0 0 1 1 1 1 0 1 0 1 0 0 1 x
0.273479669885525 0 0 1 1 1 0 1 0 0 0 0 1 1 0 1 1 0 x
0.244037276010325 1 0 1 0 0 0 0 0 0 0 0 0 0 1 0 0 0 x
0.202928225153581 0 1 1 0 0 1 1 0 0 1 0 1 1 1 1 0 1 x
0.283511468662046 1 0 0 1 0 1 1 1 0 0 0 1 0 1 0 0 1 x
0.099884331417360 0 1 0 1 0 0 0 0 0 1 1 0 0 1 0 1 0 x
0.159719220485222 0 0 0 0 0 1 0 0 0 0 0 0 1 1 1 1 0 x
0.109562517106598 1 0 0 0 1 0 0 0 0 0 0 0 0 1 1 1 0 x
0.153485348259188 0 1 1 0 0 1 0 0 0 1 0 0 1 1 1 0 0 x
0.177560028423197 1 1 0 0 0 1 0 0 0 1 0 1 0 1 1 0 1 x
0.150796685063602 1 0 1 0 0 0 1 1 0 1 1 1 1 1 1 1 1 x
0.085972878225785 1 0 0 0 0 0 1 0 0 1 0 1 0 1 1 1 1 x
0.147575132591261 1 0 1 0 0 1 0 0 0 1 0 0 1 1 0 1 0 x
0.060719501565047 0 1 0 0 0 0 0 0 0 0 0 0 1 1 1 0 0 x
0.100919995318730 0 1 1 0 0 0 0 0 0 0 1 0 1 1 1 0 0 x
0.198000551257012 0 0 0 1 0 0 0 0 0 0 1 1 1 1 1 1 0 x
0.105370081286539 1 1 0 0 0 0 0 0 0 1 1 0 1 1 0 1 0 x
0.107908998013179 1 0 0 0 0 1 0 0 0 1 1 1 1 1 0 1 0 x
0.131455558324451 0 1 1 0 0 1 0 0 0 1 1 0 1 1 0 1 0 x
0.083898458778967 1 0 0 1 0 0 0 1 0 1 1 0 1 1 0 1 0 x
0.100660821572029 0 0 1 0 0 0 1 1 0 0 0 0 1 1 1 1 0 x
0.074048021469565 1 0 0 0 0 0 1 1 0 0 0 0 1 1 1 0 1 x
0.149683050963722 0 0 1 0 0 1 1 0 0 0 0 0 1 1 1 0 0 x
0.152652903861472 0 0 1 0 1 1 0 0 0 0 0 1 1 1 0 1 0 x
0.119990896613782 0 1 0 0 1 0 0 0 0 0 0 0 1 1 0 0 0 x
0.168869948767210 0 1 0 1 0 0 1 0 1 0 0 1 1 0 0 1 0 x
0.247868139038557 0 0 0 1 0 0 1 0 0 0 0 0 1 0 0 0 0 x
0.103126519458258 1 0 0 0 1 0 0 0 0 0 0 0 1 0 1 0 0 x
0.173704417886843 1 1 0 0 0 0 1 0 0 1 0 1 1 1 1 1 0 x
0.189019793891750 0 0 1 1 0 0 1 0 1 0 0 0 1 1 0 1 0 x
0.158798440887035 0 1 0 1 0 0 0 0 1 0 0 0 0 1 0 1 0 x
0.146735683957782 0 1 1 0 0 0 0 1 1 0 1 0 1 1 0 0 0 x
0.059534153503753 1 0 0 0 0 0 0 1 0 0 1 1 0 0 1 1 1 x
0.074501811370116 1 0 0 0 0 0 0 0 0 1 0 1 1 0 1 0 1 x
0.118372211343394 1 0 0 1 0 0 0 0 0 1 0 1 0 0 0 1 0 x
0.116409071340665 0 1 0 0 1 0 0 1 0 0 1 0 1 0 1 0 1 x
0.246523549819995 0 0 0 1 0 0 0 1 1 1 1 0 1 1 0 1 0 x
0.141323893660644 1 1 0 0 0 0 0 1 0 1 0 1 1 1 1 0 1 x
0.082118032950697 1 0 0 0 0 0 0 1 0 1 0 0 1 1 1 1 0 x
0.084293792339680 0 1 0 0 0 1 0 0 1 0 0 0 1 1 1 0 1 x
0.125388315150041 1 0 0 1 0 0 0 0 0 1 1 1 1 1 1 0 0 x
0.066671293401410 0 1 0 0 0 0 0 0 0 0 0 0 0 0 0 1 0 x
0.075231945896168 1 1 0 0 0 0 0 1 1 1 1 1 0 0 0 1 1 x
0.060959465096361 0 0 1 0 0 0 0 0 0 0 0 0 0 0 0 1 0 x
0.178285873907006 0 1 1 0 0 0 0 1 1 0 0 0 0 1 1 0 1 x
0.085271022124133 1 0 0 1 0 0 0 1 1 1 0 1 1 1 1 0 1 x
0.078090458929154 1 0 0 0 0 0 0 1 1 1 0 0 0 0 1 1 1 x
0.193916229934125 1 0 1 0 0 0 1 1 0 1 0 0 1 0 0 1 0 x
0.106568049692444 0 0 1 0 0 0 0 0 1 1 0 0 1 1 1 1 0 x
0.051804801993102 0 1 0 0 0 0 0 0 0 1 0 0 0 1 1 0 1 x
0.082687243972893 0 0 0 1 0 0 0 0 0 1 0 0 1 1 0 1 1 x
0.148847828905373 0 1 1 0 0 0 1 1 0 1 1 0 0 1 1 1 0 x
0.145288800924006 0 1 0 0 0 0 0 0 0 1 1 1 1 1 0 0 1 x
0.115384250576903 0 0 1 0 0 0 0 0 0 0 0 0 1 1 1 1 0 x
0.171598617874817 0 0 1 0 0 0 1 0 1 0 1 0 0 1 0 1 0 x
0.219533788386877 0 0 1 0 0 1 0 1 0 1 0 0 0 1 0 1 0 x
0.186211005963178 0 1 1 0 0 0 1 0 1 1 0 0 1 0 1 0 0 x
0.065144032482015 1 0 0 0 0 0 0 1 0 1 1 0 1 1 0 1 1 x
0.226148805888329 0 1 0 1 0 0 1 1 0 0 1 0 0 1 1 1 1 x
0.161748756242953 1 0 1 1 0 0 0 1 1 1 1 1 1 1 1 0 1 x
0.068390817861622 0 1 0 0 0 0 0 0 1 1 0 0 0 1 1 1 0 x
0.206499618248046 0 1 1 0 0 1 0 1 0 0 1 0 1 0 1 0 0 x
0.113456685057987 0 0 1 0 0 0 1 1 0 0 0 0 1 1 0 1 1 x
0.108717481301432 1 0 0 0 1 0 1 0 0 1 0 1 1 1 1 1 0 x
0.089238194807869 1 0 0 0 1 0 0 1 0 0 1 0 1 1 1 0 1 x
0.116224994832643 1 0 0 0 0 0 1 1 0 0 0 0 1 1 1 1 1 x
0.127005460651637 1 0 1 0 0 0 1 1 1 0 1 0 1 1 1 1 0 x
0.062199868205189 0 1 0 0 0 0 0 1 0 0 0 0 0 0 1 1 0 x
0.049212853869744 0 1 0 0 0 0 0 0 1 0 0 1 0 0 1 0 1 x
0.069506127515727 0 1 0 0 0 0 0 0 0 1 0 1 0 0 1 1 1 x
0.115171951671887 0 0 1 0 0 0 1 0 0 0 0 0 1 0 0 1 0 x
0.036733732464441 1 0 0 0 0 0 0 0 0 1 1 0 0 0 0 1 1 x
0.126380940532954 0 1 0 0 0 1 0 0 0 1 0 0 1 0 1 0 0 x
0.093652339402993 0 1 0 0 1 0 0 0 1 0 0 1 0 1 1 0 1 x
0.153416481358593 1 0 1 0 0 1 1 1 1 1 1 0 1 1 1 0 1 x
0.055393855191406 0 0 0 1 0 0 0 0 0 1 0 0 0 0 0 1 1 x
0.036048384613594 0 1 0 0 0 0 0 0 0 0 1 0 0 0 1 0 1 x
0.071616326041425 0 0 1 0 0 0 0 1 0 0 1 0 0 0 1 1 1 x
0.135744077520749 0 0 1 0 0 0 0 1 1 0 0 0 0 0 1 1 0 x
0.073285401611039 0 1 0 0 0 0 0 1 0 0 0 0 0 0 1 0 1 x
0.101033446073838 0 1 0 0 0 0 0 0 0 1 1 1 0 0 1 1 0 x
0.093034863078236 1 0 0 0 0 0 0 0 0 0 0 0 0 0 0 1 1 x
0.122160901948455 0 0 0 1 0 0 0 0 0 1 0 1 0 1 0 1 0 x
0.132379264473549 0 1 0 1 0 0 0 0 0 1 0 0 1 0 0 1 0 x
0.102313161464968 1 0 0 0 1 0 0 1 0 1 1 1 0 0 0 1 1 x
0.130028329257608 0 0 1 0 0 1 0 0 1 0 1 0 0 0 1 1 1 x
0.084594874751478 0 1 0 0 0 0 0 1 1 0 1 0 0 0 1 1 1 x
0.079883336852998 1 0 0 0 0 0 0 0 1 1 0 0 1 1 0 1 0 x
0.090325383886390 1 1 0 0 0 0 0 0 1 1 1 1 0 1 0 1 1 x
0.068980240220307 1 0 0 1 0 0 0 0 0 1 1 1 1 0 0 1 1 x
0.077711892544303 0 0 0 1 0 0 0 0 0 0 0 0 0 0 1 1 1 x
0.072229095402772 1 0 0 0 1 0 0 0 1 1 0 1 0 1 1 0 1 x
0.125788450095161 0 0 1 0 0 0 1 0 0 1 1 1 0 0 0 1 1 x
0.072846722451377 1 0 0 0 0 1 0 0 0 1 1 0 1 0 1 1 1 x
0.201701590029261 0 1 1 0 0 0 0 0 0 0 1 0 0 0 0 1 0 x
0.060475192281138 1 0 0 0 0 0 0 1 0 1 0 1 0 1 1 0 1 x
0.087769033673794 1 1 0 0 0 0 0 0 1 1 1 0 0 0 1 1 0 x
0.043084278695658 0 0 1 0 0 0 0 0 0 0 0 0 0 0 1 0 1 x
0.062727334119014 0 0 1 0 0 0 0 0 0 1 0 0 0 0 1 1 1 x
0.043411635577238 0 0 1 0 0 0 0 0 0 0 0 1 0 0 0 1 1 x
0.107070877270046 0 1 0 0 0 1 0 0 1 0 1 1 0 0 1 0 1 x
0.054648229265983 0 1 0 0 0 0 0 0 0 0 0 0 1 0 1 1 0 x
0.085250749752568 0 1 0 0 0 0 1 0 1 1 0 0 1 1 1 0 1 x
0.056914625819090 1 0 0 0 0 0 0 0 0 1 0 0 1 0 1 1 0 x
0.160931893472102 1 1 1 0 0 0 1 1 1 1 1 0 1 1 1 0 0 x
0.063876213473272 0 0 1 0 0 0 0 0 0 0 1 0 0 0 0 0 1 x
0.068352675966392 0 0 0 1 0 0 0 0 0 0 0 1 1 0 0 1 1 x
0.154100489161283 1 0 1 1 0 0 1 0 1 1 1 1 1 1 0 1 0 x
0.101504038857861 0 0 1 1 0 0 0 0 0 1 1 1 0 0 1 0 1 x
0.144964659124096 0 0 1 1 0 0 1 0 0 1 1 0 1 1 0 0 1 x
0.057020051157328 0 1 0 0 0 0 0 0 1 1 0 0 0 1 0 1 1 x
0.102802296573897 1 0 0 1 0 0 1 0 0 1 1 1 1 1 1 0 1 x
0.102618948161188 0 1 0 0 0 0 0 0 1 1 1 0 0 0 1 0 1 x
0.247968726841725 0 0 0 0 0 0 0 0 0 0 0 0 0 0 1 1 1 x
0.184064354943352 1 1 0 0 0 0 0 0 0 0 1 0 0 0 1 0 1 x
0.079763538029093 1 0 1 0 0 0 0 0 1 1 1 0 1 0 0 1 1 x
0.071756428940215 0 0 1 0 0 0 0 1 0 0 0 1 1 0 1 0 1 x
0.211194049381432 0 0 1 1 0 0 0 0 1 1 0 0 0 0 0 1 1 x
0.124206867174308 1 1 0 0 0 0 0 1 1 1 1 0 0 1 1 1 1 x
0.086247720167793 1 0 1 0 0 0 0 0 1 1 1 1 0 0 1 1 1 x
0.111137828543598 1 0 1 0 0 1 0 0 1 1 1 0 1 0 1 1 0 x
0.034511273836303 0 0 0 1 0 0 0 0 0 0 0 0 0 1 0 0 1 x
0.060094483219989 0 0 0 1 0 0 0 0 0 0 0 0 0 1 0 1 1 x
0.130436263180091 0 1 0 0 0 1 0 0 1 1 0 0 0 0 1 1 1 x
0.054944630695112 0 0 0 1 0 0 0 0 0 0 0 1 0 0 0 0 1 x
0.078201775642081 1 0 0 0 0 0 1 0 1 1 1 0 1 1 1 0 1 x
0.116962720982711 1 0 0 1 0 0 0 0 0 1 0 0 0 1 1 0 1 x
0.154159968519765 0 1 0 0 0 0 0 0 0 0 0 1 0 1 1 1 1 x
0.110296903173153 0 1 1 0 0 0 0 0 1 1 1 0 1 1 1 1 0 x
0.081832796843437 1 0 0 0 0 1 0 1 1 0 0 1 1 1 1 0 1 x
0.073671458540483 0 0 1 0 0 0 0 0 0 1 1 0 1 0 0 1 1 x
0.097923774152622 0 1 0 1 0 0 0 0 0 1 0 1 0 1 1 0 1 x
0.059602647389458 0 1 0 0 0 0 0 0 0 0 0 0 0 0 1 0 0 x
0.133194035342944 1 0 1 0 0 1 0 1 1 0 1 1 1 0 0 1 1 x
0.080989339067157 1 0 0 0 0 1 0 1 0 0 1 0 1 0 1 1 0 x
0.091545459015596 0 1 0 1 0 0 0 0 0 1 1 1 0 0 0 1 1 x
0.089234200599807 0 0 1 0 0 0 0 0 1 1 0 0 1 1 1 0 1 x
0.060229110762597 0 0 1 0 0 0 0 0 0 0 1 0 1 0 1 0 1 x
0.056394275170689 1 0 0 0 0 0 0 0 1 1 0 1 0 1 0 1 1 x
0.155611606361792 0 1 0 1 0 0 1 0 1 1 0 1 0 1 0 1 1 x
0.046010322306857 0 0 0 1 0 0 0 0 0 0 1 0 0 0 0 1 1 x
0.081877809752826 0 1 0 1 0 0 0 0 1 0 1 1 1 0 1 0 1 x
0.197662805635860 0 1 1 1 0 0 1 0 0 1 1 1 1 1 1 0 0 x
0.087611487160893 0 1 0 0 0 0 0 1 0 1 0 0 1 1 0 1 0 x
0.154841910371715 0 0 1 1 0 0 0 0 0 0 1 1 0 0 0 0 1 x
0.047498812448800 0 0 0 1 0 0 0 0 0 0 0 0 1 0 1 0 1 x
0.093961386019228 0 0 0 1 0 0 0 1 0 0 0 0 0 0 0 1 1 x
0.099100801247446 0 1 0 0 0 0 1 0 0 0 0 0 0 0 1 0 1 x
0.069023642845592 0 1 0 0 0 1 0 0 0 0 1 0 1 0 1 1 0 x
0.101038430512872 1 0 0 1 0 0 0 0 0 0 0 0 1 1 0 1 0 x
0.053748332238354 0 1 0 0 0 0 0 0 1 0 0 0 0 1 0 0 1 x
0.099044268386847 0 0 0 1 0 0 0 0 0 1 1 0 0 0 1 0 1 x
0.061994650575986 0 0 1 0 0 0 0 0 0 1 0 1 0 0 1 0 1 x
0.038890188567126 1 0 0 0 0 0 0 0 0 0 1 0 0 0 0 1 0 x
0.057454320520401 1 0 0 0 0 0 0 1 0 0 0 0 1 0 0 1 0 x
0.169668057266106 1 0 0 0 1 1 0 0 0 0 1 0 1 0 0 1 0 x
0.114504508682872 1 0 1 0 0 1 0 0 1 1 1 1 1 1 0 1 1 x
0.057239309297549 1 0 0 0 0 0 0 1 0 0 1 0 0 1 0 1 0 x
0.114165954691065 1 0 0 0 1 0 1 0 0 1 0 0 1 1 1 0 1 x
0.076430572169790 1 0 0 0 0 0 0 1 1 0 0 1 1 1 1 0 1 x
0.032582218757975 1 0 0 0 0 0 0 0 0 1 0 0 0 1 0 1 0 x
0.105328426741367 0 0 1 0 0 1 0 0 0 0 0 0 1 0 0 1 1 x
0.121769384114992 1 0 1 0 1 0 0 0 1 1 1 0 1 1 0 1 0 x
0.275372532336007 0 1 0 1 0 0 0 0 0 0 0 0 0 0 0 0 1 x
0.170165302461560 1 1 0 1 0 0 0 0 1 1 1 1 1 1 0 1 0 x
0.134909857707526 0 0 0 1 0 0 0 0 0 0 0 1 1 1 1 0 1 x
0.087060254714998 0 1 0 1 0 0 0 0 1 1 1 1 1 0 1 1 1 x
0.118426705589123 0 1 0 0 0 0 1 0 0 1 1 0 0 1 0 1 0 x
0.083694799231611 1 0 0 1 0 0 0 0 1 0 1 0 1 0 1 0 1 x
0.058737145196283 0 1 0 0 0 0 0 0 1 0 1 0 0 1 1 0 1 x
0.048989000018149 1 0 0 0 0 0 0 1 0 0 1 0 1 0 1 0 1 x
0.197966396127152 1 1 0 0 1 0 0 0 1 1 0 0 0 1 0 1 0 x
0.087363557273926 0 0 1 0 0 0 0 0 1 1 0 1 1 0 1 1 1 x
0.073454801819642 1 0 0 1 0 0 0 0 1 1 1 0 1 1 0 0 1 x
0.142153480839791 1 0 0 0 0 0 0 1 0 1 1 0 0 0 0 1 0 x
0.147123719294139 0 1 0 0 0 1 0 1 0 0 1 0 0 1 1 0 0 x
0.103754889782636 1 0 0 0 0 1 0 1 1 1 0 1 0 1 1 1 1 x
0.098927410578675 1 1 0 0 0 0 0 1 1 0 1 0 1 0 1 1 0 x
0.046939169099102 1 0 0 0 0 0 0 0 0 0 0 1 0 0 1 1 0 x
0.072832945927607 1 0 0 0 0 0 0 0 0 0 1 0 1 0 1 1 0 x
0.106860454009934 1 0 0 1 0 0 0 1 0 1 1 0 1 0 1 1 1 x
0.079617076079073 1 0 0 1 0 0 0 1 0 1 1 1 1 1 0 0 1 x
0.048648661836047 1 0 0 0 0 0 0 1 0 0 0 0 0 1 1 0 0 x
0.052989197534687 1 0 0 0 0 0 0 1 0 0 0 0 0 0 1 1 0 x
0.065060487200913 1 0 0 0 0 0 0 0 1 1 1 1 0 0 1 1 1 x
0.079253319136108 1 0 0 0 0 1 0 0 0 0 0 0 0 1 1 0 0 x
0.118256223882843 0 0 1 0 1 0 0 0 0 0 0 1 0 0 1 0 1 x
0.069685928228534 1 0 0 0 0 0 0 1 1 1 0 0 1 1 1 0 1 x
0.102202272122681 1 0 0 1 0 0 1 0 1 1 1 0 1 1 0 1 1 x
0.093109454289550 0 1 0 1 0 0 0 0 0 0 1 1 1 0 1 1 0 x
0.073417888586786 0 0 0 1 0 0 0 0 1 0 0 0 0 0 1 0 1 x
0.064859581136836 0 1 0 0 0 0 0 0 1 0 1 0 1 0 1 0 1 x
0.077390654516024 1 0 0 0 0 1 0 1 0 0 0 1 1 0 1 0 1 x
0.102642663029762 0 1 0 1 0 0 0 1 0 1 1 1 1 1 0 1 0 x
0.070414023147763 0 0 1 0 0 0 0 1 0 0 1 0 0 1 1 0 1 x
0.054988395317859 1 0 0 0 0 0 0 1 0 0 1 0 0 1 0 0 1 x
0.174592660413449 1 1 0 1 0 0 0 1 1 1 1 1 1 1 1 0 1 x
0.123871784529875 0 0 1 1 0 0 0 1 0 0 1 0 1 1 1 0 1 x
0.123428785152244 0 1 0 0 1 0 0 0 0 1 0 0 0 0 1 1 0 x
0.092327188048755 0 1 0 0 0 1 0 0 1 0 0 0 1 1 0 1 0 x
0.082258066560843 1 1 0 0 0 0 0 0 0 1 1 1 0 0 0 1 0 x
0.060390355253827 1 0 0 0 0 0 1 0 0 1 1 1 0 1 0 1 1 x
0.100834354155257 0 0 0 1 0 1 0 0 0 0 1 0 1 0 1 0 1 x
0.062770654613191 1 0 0 0 0 0 0 0 0 1 1 0 0 1 1 0 1 x
0.041019271768009 1 0 0 0 0 0 0 0 0 0 0 1 0 1 0 1 0 x
0.189335831646370 0 0 1 0 0 0 1 1 0 0 1 0 0 0 1 0 1 x
0.173009400322678 0 0 1 1 0 0 1 1 0 1 1 1 1 1 1 1 1 x
0.068800093716499 0 0 1 0 0 0 0 0 0 1 0 1 0 1 0 1 1 x
0.139592551159286 0 1 0 1 1 0 0 0 1 1 1 1 1 1 1 0 0 x
0.087447238812329 0 0 1 0 0 0 0 1 0 0 1 1 0 0 0 1 1 x
0.136145199610654 0 1 1 0 0 0 1 0 1 1 0 0 1 1 0 1 0 x
0.047558073468602 0 1 0 0 0 0 0 0 0 1 1 0 0 0 0 1 1 x
0.131887346368433 0 0 0 1 0 1 0 0 0 0 0 0 0 1 0 1 0 x
0.078233458203501 0 0 0 1 0 0 0 0 0 0 1 0 1 0 0 0 1 x
0.035331818902542 0 0 1 0 0 0 0 0 0 0 0 0 0 1 0 0 1 x
0.078206941725978 0 0 1 0 0 0 0 0 1 0 0 1 0 1 0 0 1 x
0.042895397826376 0 1 0 0 0 0 0 0 0 1 0 0 0 1 0 1 0 x
0.066719764931639 0 0 1 0 0 0 0 1 0 0 0 0 1 1 0 0 1 x
0.115381925710313 0 0 1 0 0 0 0 0 0 1 0 1 1 0 0 1 0 x
0.079595670306991 1 0 0 1 0 0 0 0 0 1 1 1 0 1 0 1 1 x
0.127396492433655 1 1 0 0 0 1 0 1 0 1 1 0 1 0 1 1 0 x
0.059150040675901 0 0 1 0 0 0 0 0 0 0 1 0 0 1 0 1 1 x
0.104171202836276 0 1 0 0 0 0 0 1 1 0 0 0 1 1 1 0 0 x
0.071565323690266 0 0 0 1 0 0 0 0 0 1 0 0 0 1 0 0 1 x
0.081144173108355 0 1 1 0 0 0 0 0 0 1 1 1 0 1 0 0 1 x
0.153477573562465 0 1 1 0 1 0 0 1 0 1 1 1 1 1 1 0 0 x
0.090565738687806 0 0 1 0 0 0 0 0 0 1 1 0 0 1 0 0 1 x
0.107087131532349 0 0 1 0 0 1 0 1 0 0 1 0 1 1 1 0 1 x
0.055209414104018 1 0 0 0 0 0 0 1 0 0 0 0 0 1 1 0 1 x
0.038522276038598 1 0 0 0 0 0 0 0 0 1 0 0 0 1 1 0 0 x
0.071775910296669 1 0 0 1 0 0 0 0 1 1 0 1 1 0 1 0 1 x
0.058664047826124 1 0 0 0 0 0 0 1 0 0 1 1 1 0 0 1 1 x
0.080818085177756 1 0 0 0 1 0 0 0 0 1 1 0 0 1 1 0 0 x
0.079667571493646 0 1 0 0 0 0 0 1 0 1 0 1 0 0 0 1 1 x
0.100397808473243 0 1 0 1 0 0 1 0 0 1 1 1 1 0 1 0 1 x
0.101069026988527 1 0 0 0 0 0 0 0 0 1 0 1 0 1 1 1 0 x
0.058510002292805 1 0 0 0 0 0 0 0 0 0 0 0 0 1 0 0 0 x
0.079364137833215 1 0 0 0 1 0 0 1 0 0 0 1 1 1 0 1 0 x
0.068713303660215 1 0 0 0 0 1 0 0 0 1 0 0 1 1 1 0 0 x
0.029576219904272 1 0 0 0 0 0 0 0 0 0 0 1 0 0 0 1 0 x
0.110769270147642 1 0 0 0 0 1 1 0 1 1 0 1 1 0 1 1 1 x
0.079571891729145 1 0 0 0 0 0 1 0 0 1 0 0 0 1 1 0 0 x
0.060830539416482 1 0 0 0 0 0 0 0 0 0 0 0 0 0 1 0 0 x
0.076241356682319 1 0 1 0 0 0 0 0 1 1 1 1 1 0 1 0 1 x
0.097334266816667 1 0 1 0 0 0 0 1 1 1 1 0 1 0 1 1 1 x
0.148390980429932 0 1 1 0 0 0 0 0 1 1 0 1 0 1 0 0 0 x
0.101210367543468 0 1 1 0 0 0 0 1 0 1 1 1 0 1 0 1 1 x
0.088919327781332 0 1 1 0 0 0 0 0 0 1 1 1 1 0 1 0 1 x
0.093931548280849 0 0 1 1 0 0 0 0 0 1 0 1 1 0 1 0 1 x
0.070421351020415 0 1 0 0 0 0 0 1 0 1 1 0 0 0 1 1 1 x
0.068065792791803 0 1 0 0 0 0 0 0 0 0 0 1 1 0 1 0 1 x
0.096862916294223 1 0 0 1 0 0 0 0 0 1 0 0 1 1 0 0 0 x
0.037159082600523 0 1 0 0 0 0 0 0 0 0 1 0 0 0 1 1 0 x
0.129362221321130 1 1 0 0 0 0 0 1 0 0 1 0 0 1 0 1 0 x
0.085233551007731 0 1 1 0 0 0 0 0 1 1 1 0 1 1 0 0 1 x
0.079518140392451 1 0 0 1 0 0 0 1 1 0 1 1 1 0 1 0 1 x
0.096201420117094 1 1 0 0 0 0 0 0 1 0 1 1 0 0 1 1 0 x
0.056617252898975 0 0 0 1 0 0 0 0 0 0 0 0 0 0 0 1 0 x
0.088696004423654 0 1 1 0 0 0 0 0 1 0 1 1 1 1 0 0 1 x
0.076565703918961 1 0 0 0 0 1 0 1 0 0 1 0 1 1 1 0 1 x
0.068424559600922 1 0 0 0 0 0 1 0 0 0 0 0 0 1 0 1 0 x
0.154598123136181 0 1 0 0 0 1 1 0 1 0 0 0 1 1 1 0 0 x
0.092118613470636 1 1 0 0 0 0 1 0 1 1 1 1 0 0 0 1 1 x
0.079613228917152 0 1 0 0 0 0 1 0 0 1 0 0 0 1 0 1 1 x
0.158244259809284 1 0 1 0 1 0 0 0 1 1 1 1 1 0 1 1 1 x
0.100117073870899 1 0 0 0 1 0 0 0 0 1 0 0 1 1 0 0 0 x
0.142291814992254 1 0 0 1 1 0 1 0 0 1 1 1 1 1 0 1 0 x
0.095475508838209 1 0 0 0 1 0 0 1 0 0 0 1 0 1 1 0 0 x
0.066620110716995 1 0 0 0 0 0 0 1 0 0 0 1 1 0 1 1 0 x
0.066926496827404 1 0 0 0 0 1 0 0 0 1 1 1 0 0 0 1 1 x
0.070182349221413 0 0 0 1 0 0 0 0 0 1 0 1 0 0 0 1 1 x
0.101317191877869 0 0 1 1 0 0 0 0 0 1 1 0 1 1 1 0 0 x
0.156297731303182 1 0 1 1 0 0 1 0 1 1 1 0 1 1 1 0 0 x
0.163007128107013 1 1 1 0 0 0 0 1 1 1 1 1 1 1 0 0 1 x
0.077806133692870 0 1 1 0 0 0 0 0 1 1 1 1 1 0 0 1 1 x
0.126668661703911 0 1 1 0 1 0 0 0 1 1 1 1 1 1 0 0 1 x
0.083547833135235 0 1 0 0 0 1 0 0 0 1 0 0 1 1 1 1 0 x
0.070397621953997 0 1 0 0 0 0 0 1 0 0 1 0 1 0 1 1 0 x
0.076007396938265 0 0 0 1 0 0 0 0 0 0 0 0 0 1 0 0 0 x
0.130305468672093 0 0 1 1 0 0 0 0 0 1 0 0 0 1 1 0 1 x
0.095886859907543 0 0 1 0 0 0 0 0 1 1 0 0 0 0 0 1 1 x
0.122770476757068 0 1 1 0 0 0 1 0 0 1 1 1 1 1 0 1 1 x
0.167084838182792 0 0 0 1 1 0 0 0 0 0 0 0 0 1 0 0 1 x
0.063283491119544 1 0 0 0 1 0 0 0 0 0 1 1 0 1 0 1 0 x
0.082461824410894 0 1 0 0 1 0 0 0 0 0 1 1 0 0 1 0 1 x
0.096008531078549 1 0 0 1 0 0 0 1 1 0 1 0 1 1 0 0 1 x
0.072551724435072 1 0 0 0 0 0 0 1 1 0 0 1 0 0 1 0 1 x
0.115165396867370 1 0 1 0 0 0 0 1 0 0 1 0 1 0 1 0 1 x
0.038640431314247 0 1 0 0 0 0 0 0 0 1 0 0 0 0 1 1 0 x
0.106729053949634 1 0 0 0 0 0 1 1 0 1 0 0 0 1 0 1 1 x
0.087637617223769 0 0 1 0 0 0 1 0 0 1 0 0 1 1 1 1 0 x
0.095866773656804 0 1 0 1 0 0 0 0 0 1 1 0 1 1 1 0 1 x
0.045909595325213 0 1 0 0 0 0 0 0 0 1 0 0 1 0 0 1 1 x
0.115770256751114 0 1 0 0 0 0 0 0 1 1 0 0 1 0 0 1 0 x
0.112159058778114 0 1 0 0 0 0 1 1 0 1 0 0 1 0 1 1 1 x
0.102631877757891 1 1 0 0 0 0 0 0 1 1 0 0 0 1 1 0 0 x
0.062187067630481 0 0 1 0 0 0 0 0 0 0 1 1 0 0 1 0 1 x
0.100592282722085 1 0 0 0 1 0 1 0 1 1 1 1 0 1 0 1 1 x
0.086033740983811 0 1 1 0 0 0 0 0 1 1 0 1 1 1 0 0 1 x
0.044583764221194 0 1 0 0 0 0 0 0 0 0 1 1 0 0 0 1 1 x
0.093497590614911 0 0 1 0 0 0 0 0 0 1 0 0 1 0 1 0 0 x
0.051728137603536 0 1 0 0 0 0 0 0 0 1 0 0 0 1 1 0 0 x
0.108730355276744 1 0 0 0 1 1 0 1 1 1 1 1 1 1 1 0 1 x
0.118916792555491 0 1 1 0 0 0 0 0 0 1 1 1 0 0 1 1 1 x
0.085899681128130 1 0 1 0 0 0 0 0 0 1 1 1 0 0 0 1 1 x
0.099209864205841 1 1 0 0 0 1 0 0 1 1 1 1 1 0 0 1 1 x
0.098528716415594 0 0 1 1 0 0 0 0 0 1 1 0 1 0 1 0 1 x
0.115744373315934 1 1 0 0 0 0 0 0 1 1 0 1 0 0 0 1 1 x
0.078611364774136 0 1 0 0 0 1 0 0 0 0 1 0 1 0 0 1 1 x
0.144769447161789 1 1 0 0 1 0 1 1 1 1 1 1 1 1 1 0 1 x
0.081853849176278 0 0 1 0 0 1 0 0 0 0 1 0 1 0 1 1 0 x
0.086310391372505 0 0 0 1 0 0 0 0 0 1 0 0 1 0 1 1 0 x
0.121723698696781 1 0 0 1 0 1 0 0 1 1 1 0 1 0 1 0 1 x
0.071662063278851 0 1 0 0 0 0 0 1 0 0 1 1 0 0 1 0 1 x
0.087536986278145 1 0 0 0 0 1 0 1 0 0 0 0 1 1 0 1 0 x
0.096870400544679 0 1 0 1 0 0 0 0 0 1 1 1 1 1 0 1 1 x
0.095869277793805 1 0 1 0 0 0 1 0 0 1 1 0 1 1 0 1 0 x
0.054436628734459 1 0 0 0 0 0 0 0 0 1 1 0 0 1 0 1 1 x
0.064506379269959 1 0 0 0 0 0 0 1 1 0 1 1 0 1 0 1 1 x
0.057997844577940 0 1 0 0 0 0 0 1 0 0 1 0 0 1 0 1 1 x
0.057876276397537 0 1 0 0 0 0 0 1 0 0 1 0 1 0 0 1 1 x
0.075129603162784 0 0 1 0 0 1 0 0 0 0 0 1 1 0 1 0 1 x
0.039636227792385 0 1 0 0 0 0 0 0 0 0 1 0 0 1 0 1 0 x
0.034483138311091 0 1 0 0 0 0 0 0 0 0 1 0 0 1 0 0 1 x
0.085896942661504 1 1 0 0 0 0 1 0 1 1 1 0 1 1 0 0 1 x
0.091215424021266 0 1 0 0 1 0 0 0 0 0 1 0 0 1 1 0 0 x
0.060818278708909 0 0 0 1 0 0 0 0 0 0 1 0 0 1 0 0 1 x
0.096213543431803 0 1 0 0 0 0 0 0 0 0 1 0 1 1 0 1 1 x
0.042616561641858 0 1 0 0 0 0 0 0 0 0 0 1 0 0 1 1 0 x
0.076380030860808 0 1 0 0 1 0 0 0 0 0 1 1 0 1 0 1 0 x
0.080930693650983 1 1 0 0 0 0 0 1 1 1 1 0 1 0 0 1 1 x
0.078639530493189 0 1 0 0 0 1 0 0 0 0 1 1 0 1 0 1 0 x
0.080875002553007 0 1 0 1 0 0 0 0 0 0 1 1 0 1 0 1 0 x
0.086937645716155 0 1 0 1 0 0 0 0 1 1 0 1 1 0 1 0 1 x
0.050625122872903 0 1 0 0 0 0 0 0 0 0 0 1 0 1 0 0 0 x
0.027429320929304 0 1 0 0 0 0 0 0 0 0 0 0 0 1 1 0 0 x
0.114741997658423 0 1 1 0 0 0 0 1 0 1 1 0 1 1 0 1 1 x
0.041938078066113 0 1 0 0 0 0 0 0 0 0 0 1 0 1 0 1 0 x
0.072516867269793 1 0 0 0 0 0 1 0 1 1 0 1 0 1 1 0 1 x
0.119153810458571 0 1 0 0 1 0 0 1 0 0 1 1 0 1 0 0 1 x
0.053394854724548 0 1 0 0 0 0 0 0 0 0 0 1 0 1 1 0 0 x
0.045841093037371 0 0 0 1 0 0 0 0 0 0 0 1 0 0 1 0 1 x
0.067051509748938 0 0 1 0 0 0 0 1 0 0 0 0 0 1 0 1 1 x
0.056220186570005 1 0 0 0 0 0 0 1 0 0 0 0 1 1 1 0 0 x
0.108810534346671 1 0 0 1 1 0 0 0 1 1 1 1 1 0 1 0 1 x
0.060658490284460 0 1 0 0 0 0 0 0 0 0 1 1 0 0 0 1 0 x
0.051471971237308 1 0 0 0 0 0 0 0 0 1 1 1 0 0 0 1 1 x
0.061252994479588 1 0 0 0 0 1 0 0 0 0 0 1 1 0 0 1 0 x
0.111285840524372 1 0 0 1 0 0 0 0 0 0 1 0 0 0 1 1 0 x
0.127223402347164 1 0 0 0 1 0 0 0 0 0 0 1 0 0 0 1 0 x
0.076386842196623 1 0 0 0 1 0 0 1 0 1 1 1 1 0 1 0 1 x
0.098642144938957 0 0 1 0 1 0 0 0 0 1 1 0 1 1 1 1 0 x
0.123605027660949 0 0 1 0 1 0 0 1 0 0 1 1 0 1 0 1 1 x
0.115261579017695 1 0 0 0 1 0 1 1 0 0 1 1 1 1 1 1 0 x
0.085453165944008 1 0 0 0 0 1 0 0 1 1 1 0 1 0 0 1 1 x
0.037784339196908 1 0 0 0 0 0 0 0 0 1 0 0 0 0 1 0 1 x
0.133670767774587 1 0 1 0 0 1 0 0 0 1 1 0 1 0 1 0 1 x
0.087734863926666 1 0 0 0 0 1 0 0 0 1 0 0 0 0 1 1 0 x
0.119718536737475 1 1 0 0 1 0 0 1 1 1 1 1 1 0 1 1 0 x
0.047571497260192 0 0 1 0 0 0 0 0 0 0 0 1 1 0 0 0 1 x
0.078200132924657 1 0 1 0 0 0 0 0 0 0 1 1 1 0 0 1 0 x
0.068348019535941 1 0 0 1 0 0 0 0 0 0 1 1 1 0 0 1 0 x
0.077278147626221 1 0 0 0 1 0 0 0 1 1 1 0 1 0 1 0 1 x
0.155108811642475 1 1 1 0 0 0 1 0 1 1 1 1 1 0 0 1 0 x
0.072320771086105 0 1 0 0 1 0 0 0 0 1 1 1 1 0 0 1 1 x
0.153887703677844 0 1 0 1 1 0 0 0 0 1 1 1 1 0 0 1 1 x
0.092867691927651 0 1 0 0 1 0 0 0 0 1 1 0 0 1 0 1 1 x
0.078972573551975 1 1 0 0 0 0 1 1 1 1 1 1 1 0 1 0 1 x
0.149460599015467 0 1 1 0 1 0 0 0 0 1 1 1 1 1 0 1 0 x
0.089727430412179 0 1 0 0 1 0 0 0 1 1 0 1 1 0 1 0 1 x
0.185897318657613 0 0 1 0 1 0 1 1 0 1 0 0 1 1 1 1 0 x
0.080690109793141 1 0 1 0 0 0 1 0 1 1 1 1 1 0 0 1 1 x
0.160305281722114 1 0 1 0 0 1 1 0 0 0 1 1 1 0 1 1 0 x
0.152474633542125 0 0 1 1 1 0 0 0 1 1 1 1 1 1 1 0 0 x
0.097912970108763 0 0 1 0 0 1 0 0 0 0 0 1 0 1 0 0 1 x
0.032458041302926 1 0 0 0 0 0 0 0 0 1 0 0 0 1 0 0 1 x
0.127788335358217 0 1 0 0 1 0 1 0 1 1 1 1 1 0 0 1 1 x
0.085464136532914 1 0 0 1 0 0 0 1 0 0 1 1 0 1 0 1 0 x
0.090316856466670 1 1 0 0 0 0 0 1 1 1 1 1 1 0 1 1 1 x
0.108123468183453 1 0 0 0 1 0 0 0 1 0 1 1 1 1 1 0 0 x
0.106821436516020 0 0 0 1 0 0 0 1 0 0 0 1 0 1 0 0 1 x
0.148232463931671 0 1 0 0 1 1 0 0 1 0 1 1 1 0 0 1 1 x
0.063926896752507 1 0 0 0 0 0 1 0 0 1 1 0 0 0 1 1 1 x
0.136321380224579 1 0 0 1 0 0 1 0 1 0 1 1 0 0 1 1 1 x
0.113658329111437 0 0 0 0 1 1 0 0 0 0 0 0 1 1 1 0 0 x
0.152434536171084 0 0 1 0 1 1 0 0 0 0 1 0 1 1 1 0 0 x
0.177990804689494 0 1 1 1 0 0 0 1 1 1 1 1 1 1 1 0 1 x
0.090224498399215 0 1 1 0 0 0 0 0 1 0 1 1 1 0 1 0 1 x
0.077827133716779 1 0 0 0 1 0 0 1 1 1 1 1 1 0 1 1 1 x
0.034819599524762 0 1 0 0 0 0 0 0 0 0 0 1 0 1 0 0 1 x
0.091484648408372 1 1 0 0 0 0 1 0 1 1 1 0 1 0 1 0 1 x
0.094526599860109 1 1 0 0 0 0 1 1 1 1 1 0 1 1 1 0 1 x
0.096157638268689 1 0 0 1 0 0 1 0 0 0 1 1 1 1 0 1 0 x
0.105697028134066 1 1 0 0 1 0 0 0 1 1 1 1 1 0 0 0 1 x
0.040944833825092 0 1 0 0 0 0 0 0 0 1 0 0 0 1 0 0 1 x
0.101416206082125 0 1 0 1 0 0 0 0 1 1 1 1 0 1 0 0 1 x
0.094322653163943 0 1 0 0 1 0 0 0 0 1 0 1 0 1 0 0 1 x
0.082568966647008 1 0 0 0 0 1 0 0 0 1 1 0 0 0 1 0 1 x
0.055545445657209 0 0 1 0 0 0 0 0 0 1 0 0 1 0 1 0 1 x
0.105772458501590 0 0 1 0 0 0 0 1 0 0 1 0 1 1 0 1 0 x
0.209509680051566 0 0 1 1 0 1 1 0 0 1 1 0 1 1 1 1 0 x
0.076437111302185 0 0 1 0 0 0 1 0 0 0 0 1 1 1 0 0 1 x
0.121655355478511 0 1 1 0 0 0 1 0 1 1 1 1 1 0 0 0 1 x
0.089059823993286 1 1 0 0 0 0 0 1 0 0 1 1 1 0 0 1 0 x
0.075295371043461 1 0 0 1 0 0 0 0 1 1 1 1 0 0 1 0 1 x
0.072592189209564 0 0 1 0 0 0 1 0 0 0 0 1 0 1 0 1 1 x
0.069695517820021 1 0 0 0 0 0 1 1 0 0 1 1 0 1 1 0 1 x
0.084807466904760 1 0 0 0 1 0 0 1 1 0 1 1 0 1 1 0 1 x
0.122042711127374 0 1 0 0 0 1 0 0 0 0 0 0 0 1 0 0 1 x
0.083017426838661 0 0 1 0 0 0 0 0 0 1 1 0 0 0 1 1 0 x
0.055862873622036 0 0 0 1 0 0 0 0 0 0 0 1 0 0 1 1 0 x
0.042775805859011 0 0 0 1 0 0 0 0 0 0 0 0 0 1 1 0 0 x
0.061160969269647 0 0 0 1 0 0 0 0 0 0 0 0 0 0 1 0 0 x
0.096263509585035 0 1 0 1 0 0 0 0 1 0 1 1 0 1 1 0 0 x
0.155242474758698 1 0 0 1 1 0 0 1 0 0 1 0 1 1 1 0 0 x
0.034608270083213 1 0 0 0 0 0 0 0 0 1 0 0 1 0 0 0 1 x
0.087433133861366 1 0 0 1 0 0 0 0 0 1 1 0 1 0 0 0 1 x
0.051942198925384 1 0 0 0 0 0 0 1 0 1 0 0 1 0 1 0 1 x
0.041661696309233 1 0 0 0 0 0 0 1 0 0 0 0 1 1 0 0 1 x
0.058483292175472 1 0 0 0 0 1 0 0 0 0 1 1 0 0 1 1 0 x
0.121106555608649 0 1 0 1 0 1 0 0 1 1 1 1 1 1 1 0 1 x
0.044703215418209 1 0 0 0 0 0 0 1 0 0 0 1 0 1 0 0 1 x
0.075740544757991 1 0 0 1 0 0 0 0 1 0 1 1 0 1 0 1 0 x
0.092458553194604 1 1 0 0 0 0 1 1 0 1 1 1 1 0 0 1 1 x
0.088773840607288 1 0 0 1 0 0 0 1 1 0 0 1 1 1 0 1 0 x
0.084308926851863 1 0 0 0 1 0 0 1 1 1 0 1 1 1 0 1 1 x
0.117966373401465 0 1 0 1 0 0 0 1 0 1 0 0 1 1 1 1 0 x
0.040565190278122 0 1 0 0 0 0 0 0 0 0 0 1 0 0 0 0 1 x
0.078350439958233 1 1 0 0 0 0 0 1 0 1 1 1 1 0 0 0 1 x
0.076069163392277 1 0 0 0 1 0 0 0 1 1 1 0 0 1 1 1 0 x
0.094628980604547 0 0 1 1 0 0 0 0 1 0 1 1 1 0 1 0 1 x
0.153167211562227 0 1 1 1 0 0 0 1 1 1 1 1 1 1 0 1 0 x
0.152049075556124 1 1 0 1 0 0 1 1 0 1 1 1 1 1 0 0 0 x
0.057847838744178 0 0 0 1 0 0 0 0 0 0 1 0 0 0 1 1 0 x
0.039507926064087 1 0 0 0 0 0 0 0 1 0 0 0 0 0 1 1 0 x
0.090685171866650 1 1 0 0 0 0 1 0 0 1 1 1 0 1 0 0 1 x
0.111981300405716 0 1 0 0 0 1 0 1 0 0 1 0 1 0 1 1 1 x
0.080010329814260 0 1 0 0 0 1 0 0 0 0 0 1 1 0 0 1 0 x
0.059810519417772 0 0 0 0 1 0 0 0 0 0 0 0 0 1 1 0 0 x
0.117812191528138 0 0 1 0 1 0 0 0 0 0 1 0 0 0 1 1 0 x
0.141681834968882 1 1 0 0 1 0 0 1 0 1 1 1 1 0 0 1 1 x
0.107544637885675 0 0 1 0 1 0 0 0 0 1 1 0 0 1 0 1 1 x
0.145436576951557 0 0 0 0 0 0 0 0 0 0 0 0 0 1 1 0 0 x
0.108077836798481 0 0 0 1 1 0 0 0 0 0 1 1 0 0 1 1 0 x
0.138174773262391 0 0 0 0 1 0 0 1 0 0 0 0 1 1 1 0 0 x
0.110155375265241 0 0 0 1 1 0 0 0 0 0 0 1 0 1 1 0 0 x
0.045836816921972 0 0 0 0 1 0 0 0 0 0 0 0 0 1 0 1 0 x
0.092858064172340 0 0 0 0 1 0 0 0 0 0 0 1 0 1 0 1 0 x
0.135596374478903 0 0 0 1 1 0 0 0 0 0 1 0 0 1 0 1 0 x
0.060045149955268 0 0 0 0 1 0 0 0 0 0 0 0 1 0 0 1 0 x
0.112367645894397 0 0 0 0 1 0 0 0 0 1 0 0 1 0 1 1 0 x
0.049760537573129 0 0 0 0 1 0 0 0 0 0 0 0 1 0 0 0 1 x
0.038828187520990 0 0 0 0 1 0 0 0 0 0 0 0 0 1 0 0 1 x
0.084341864577767 0 0 0 0 1 0 0 0 0 0 0 0 0 1 0 0 0 x
0.067429985217664 0 0 0 0 1 0 0 0 0 0 0 0 1 1 0 0 1 x
0.179035391367712 1 1 0 1 1 0 0 1 1 1 1 1 1 1 0 0 0 x
0.035089616347780 0 0 0 0 1 0 0 0 0 0 0 0 0 0 1 0 1 x
0.171024362589097 1 1 0 0 1 1 0 0 1 1 1 1 1 1 1 0 0 x
0.092577950865201 0 0 0 0 1 0 0 0 1 0 0 0 1 0 1 0 1 x
0.206288241028332 1 0 1 1 1 0 0 1 1 1 1 1 1 1 1 0 0 x
0.105602117068796 0 0 1 0 1 0 0 0 0 0 1 0 1 0 0 1 1 x
0.039046298439295 0 0 0 0 1 0 0 0 0 0 0 0 0 0 0 1 1 x
0.054604202226680 0 0 0 0 1 0 0 0 0 0 1 0 0 0 0 1 1 x
0.077260834227178 0 0 0 0 1 0 0 1 0 0 0 0 0 1 0 1 1 x
0.037612999649432 0 0 0 0 1 0 0 0 0 0 0 0 0 0 1 1 0 x
0.066865420614310 0 0 0 0 1 0 0 0 0 0 0 1 0 0 0 0 1 x
0.116769564268335 1 0 0 1 1 0 0 0 1 1 1 1 0 1 1 0 0 x
0.096786350024040 0 1 0 0 1 0 0 0 0 0 1 0 1 0 0 1 1 x
0.085568730434054 0 0 0 0 1 0 1 0 0 0 0 0 0 1 1 1 0 x
0.064135827130092 0 0 0 0 1 0 0 0 0 1 0 0 0 0 0 1 1 x
0.151831091234596 0 0 1 0 1 0 1 0 1 1 0 1 1 1 0 1 1 x
0.133930648418788 0 0 0 0 1 1 0 0 0 0 0 0 0 0 1 1 0 x
0.199525932303807 1 1 1 0 1 0 0 1 1 1 1 1 1 1 0 0 0 x
0.135154001285621 0 0 0 0 1 0 1 0 0 0 0 0 0 1 0 0 1 x
0.136358941696334 1 1 0 0 1 0 1 0 1 1 1 1 1 1 0 1 0 x
0.133411641522637 0 1 0 0 1 0 0 0 1 1 0 1 0 0 0 1 1 x
0.136248204157535 0 0 1 0 0 1 0 0 1 1 1 1 1 0 1 0 1 x
0.070497000567352 1 0 0 0 0 1 0 0 1 0 1 0 0 1 1 1 0 x
0.088077335810404 1 0 0 0 1 0 0 1 0 0 0 1 1 0 1 0 1 x
0.132482433415701 0 1 0 0 1 0 1 0 0 1 0 0 1 1 1 0 1 x
0.097371757687803 1 0 0 0 1 0 0 1 0 1 1 0 1 0 0 1 1 x
0.150063069213283 0 0 0 1 1 0 0 0 0 0 0 0 0 0 1 1 0 x
0.081627405091507 0 1 0 0 1 0 0 0 0 0 1 1 1 0 1 1 0 x
0.070917125624155 1 0 0 0 1 0 0 0 1 1 1 1 0 0 1 1 1 x
0.111222540386962 1 0 0 1 0 1 0 0 1 0 1 1 1 0 1 1 0 x
0.101583252648671 0 0 0 0 1 1 0 0 0 0 0 1 1 0 1 0 1 x
0.096301509152406 0 0 1 0 1 0 0 0 1 0 1 1 1 1 1 0 1 x
0.093505494891353 0 0 1 0 1 0 0 0 0 1 0 1 1 1 1 0 1 x
0.097016113841314 0 0 1 0 1 0 0 0 1 1 1 1 1 0 1 1 1 x
0.126717509644222 1 0 0 1 1 0 0 0 1 0 1 1 1 1 0 1 0 x
0.135698016253013 1 1 0 0 1 0 1 0 0 1 1 1 1 0 1 0 0 x
0.040695279371407 0 0 1 0 0 0 0 0 0 0 0 1 0 1 0 0 1 x
0.084532178001057 1 0 0 0 1 0 0 1 0 1 1 1 1 1 0 0 1 x
0.078107092350611 0 0 0 0 1 0 0 0 0 0 1 0 0 0 1 1 0 x
0.132165010880202 0 1 0 0 1 0 1 0 0 0 0 1 0 1 1 1 0 x
0.085106139298478 1 0 1 0 0 0 0 0 1 1 0 1 1 0 0 1 1 x
0.172872539104405 1 0 0 1 1 1 0 0 0 1 1 1 1 1 1 0 0 x
0.097252120526852 0 0 1 1 0 0 0 0 0 0 1 1 0 0 1 1 0 x
0.128706803924242 1 0 0 1 0 0 1 1 0 1 0 1 1 1 0 1 1 x
0.075625560592952 0 0 0 1 0 0 1 0 0 0 0 0 0 1 1 1 0 x
0.075444805468407 1 0 0 0 0 0 1 0 1 1 0 0 0 1 1 1 0 x
0.085322233195379 1 0 1 0 0 0 1 0 1 1 1 1 1 1 0 0 1 x
0.128317300050355 0 1 0 1 0 1 0 0 0 1 1 1 1 0 0 1 1 x
0.164115195197769 0 1 0 1 1 0 1 0 0 1 1 1 1 1 0 1 0 x
0.100864925236090 1 0 0 0 0 1 1 0 0 0 1 1 0 1 0 1 0 x
0.054205488986755 0 0 0 0 1 0 0 0 0 0 0 0 0 0 0 1 0 x
0.115103998702719 0 0 0 1 1 0 0 0 0 0 1 1 0 0 1 0 1 x
0.092476599506349 1 0 0 0 1 0 0 1 0 1 1 1 0 1 1 1 1 x
0.098542279756141 1 0 1 0 0 0 1 0 1 1 1 0 1 1 1 0 1 x
0.086649651273244 0 1 0 0 0 0 1 0 0 1 0 1 0 0 1 0 1 x
0.082435486213208 1 0 0 0 0 1 0 1 1 0 1 1 1 0 1 1 1 x
0.059800797425357 1 0 0 0 0 0 1 0 0 1 1 0 1 0 0 1 1 x
0.088039999136472 1 1 0 0 0 0 0 1 1 0 1 1 1 1 0 0 1 x
0.095866173348794 1 0 0 0 1 0 1 0 0 1 1 1 1 0 1 1 1 x
0.085307838435522 0 1 0 0 1 0 0 0 1 0 1 1 1 1 0 0 1 x
0.105617834510721 1 1 0 0 0 1 1 0 1 1 1 1 1 1 0 0 1 x
0.065365875043387 0 1 0 0 0 0 0 1 0 0 1 0 0 1 1 1 0 x
0.137402830075227 0 0 1 1 0 0 1 0 1 1 0 1 1 1 1 0 1 x
0.048557153664538 0 0 0 1 0 0 0 0 0 0 0 0 1 0 0 1 1 x
0.079591350857954 1 0 0 0 0 1 0 0 1 0 0 1 0 0 1 1 0 x
0.140899260638933 1 1 0 0 1 0 0 0 0 0 1 1 1 1 0 0 0 x
0.051631083740025 1 0 0 0 0 0 1 0 0 0 0 1 0 0 1 1 0 x
0.070501535155690 1 0 0 0 0 0 1 0 0 1 0 1 1 1 0 0 1 x
0.082316715158085 1 0 0 0 1 0 0 0 1 1 1 0 0 1 0 1 1 x
0.071528808657767 1 0 0 0 0 0 1 1 0 0 0 1 0 1 1 1 0 x
0.077914712224191 1 1 0 0 0 0 0 1 1 1 1 1 0 1 0 0 1 x
0.165899387355992 0 0 1 0 1 1 0 0 1 1 1 1 1 1 1 1 1 x
0.133722258975298 0 0 0 1 0 1 0 0 0 0 0 1 1 0 1 0 0 x
0.051710669899036 0 1 0 0 0 0 0 1 0 0 0 0 1 1 0 0 1 x
0.102371886207154 0 0 0 0 1 0 0 1 0 0 0 1 1 0 0 1 1 x
0.069315549736167 0 1 0 0 0 0 1 0 0 1 0 0 0 1 1 1 0 x
0.035890639397949 0 1 0 0 0 0 0 0 0 0 0 0 1 0 0 0 1 x
0.070998312986956 0 1 0 0 0 0 0 0 1 0 0 1 1 0 0 0 1 x
0.176036552997289 0 1 0 1 1 0 1 0 1 1 1 1 1 1 1 0 1 x
0.114521698842579 0 0 1 1 0 0 0 0 0 0 1 0 0 1 1 0 0 x
0.103177500696747 1 0 0 1 0 0 0 1 1 0 0 0 1 1 1 0 0 x
0.046799972616379 0 1 0 0 0 0 0 0 0 1 0 0 1 0 1 0 1 x
0.036367456055437 0 0 1 0 0 0 0 0 0 0 0 0 1 0 0 0 1 x
0.045299810536640 0 0 1 0 0 0 0 0 0 0 0 1 0 0 1 1 0 x
0.099396263998059 0 0 1 0 1 0 0 0 1 0 0 1 1 0 1 1 0 x
0.078816337655226 0 0 1 0 0 0 1 0 0 0 0 1 0 0 1 1 0 x
0.107258069477560 0 0 1 0 1 0 0 0 1 1 0 1 0 1 1 1 0 x
0.142432827288592 1 0 1 0 1 0 1 0 1 1 1 1 1 1 1 0 0 x
0.073755281169213 1 0 0 0 1 0 0 0 1 0 1 0 1 1 0 1 0 x
0.127625522025060 0 0 1 0 1 0 1 0 0 0 1 1 1 1 1 1 0 x
0.087631854936262 0 1 1 0 0 0 0 0 0 0 1 1 1 0 0 0 1 x
0.088807215468964 0 0 1 0 0 1 0 0 0 0 0 1 0 0 1 1 0 x
0.156307563186729 0 1 1 0 1 0 0 0 1 0 1 1 1 1 1 0 0 x
0.088456290604999 1 0 1 0 0 0 0 1 1 0 1 1 1 0 1 1 0 x
0.062906369259650 0 0 0 0 0 1 0 0 0 0 0 0 1 0 0 0 1 x
0.098314960477094 0 0 0 1 0 1 0 0 0 0 0 0 1 1 0 0 1 x
0.112066174037740 0 0 0 0 1 1 0 0 0 0 0 0 1 1 0 0 1 x
0.075463189532314 1 0 0 1 0 0 0 0 1 1 1 0 1 0 1 1 0 x
0.102491482756060 0 1 0 0 1 0 0 1 0 0 1 0 1 1 0 1 0 x
0.098633985568378 1 1 0 0 0 1 0 0 1 1 1 1 0 1 0 1 0 x
0.088195007452639 1 0 0 0 1 0 1 0 0 0 1 1 1 1 0 1 0 x
0.084969490910854 0 1 0 0 1 0 0 0 1 1 0 1 1 1 0 1 1 x
0.111741664109065 1 1 0 0 0 0 0 1 0 1 0 0 1 1 0 0 0 x
0.078581373577845 0 0 1 0 0 0 0 0 1 0 0 1 1 0 1 0 1 x
0.091807196585801 0 0 0 0 1 0 0 0 1 0 0 0 0 0 1 1 0 x
0.094442181700222 0 1 0 1 0 0 0 0 1 0 1 1 1 1 0 1 0 x
0.132217715956683 1 0 1 0 1 0 0 1 1 0 1 1 1 1 0 1 0 x
0.076901501707271 0 0 1 0 0 0 0 1 0 0 0 1 0 1 1 1 0 x
0.101553625689562 0 1 1 0 0 0 0 1 0 0 1 1 0 1 1 0 0 x
0.120043933652073 0 1 0 1 0 0 1 0 0 1 1 1 0 0 1 1 0 x
0.074544277388087 1 0 0 0 0 0 0 0 1 1 1 0 0 0 1 0 1 x
0.085329185106988 1 0 0 0 1 0 1 0 1 1 1 1 1 1 1 0 1 x
0.089111833094465 1 0 1 0 0 0 1 0 0 1 1 1 1 0 0 0 1 x
0.105645623798435 0 0 1 1 0 0 0 0 1 1 1 1 1 0 1 1 0 x
0.075265142177661 1 0 0 0 0 1 0 0 0 0 1 0 1 0 0 1 0 x
0.144525241180001 0 0 1 0 1 0 0 0 0 0 0 1 0 1 1 1 1 x
0.050746657437653 0 0 1 0 0 0 0 0 0 0 0 1 0 1 0 1 0 x
0.057871807793970 1 0 0 0 0 0 0 1 1 0 0 0 0 1 1 1 0 x
0.103619552785097 0 0 0 0 1 0 0 1 0 0 0 0 0 0 1 0 1 x
0.046167604192831 1 0 0 0 0 0 0 0 0 1 0 0 1 1 0 0 1 x
0.074992885073285 1 0 0 1 0 0 0 0 1 0 1 1 0 1 0 0 1 x
0.056818132580585 1 0 0 0 0 0 1 0 0 1 0 0 1 0 1 0 1 x
0.050473833094733 0 1 0 0 0 0 0 0 0 0 1 0 0 1 1 0 0 x
0.097962148359934 0 0 0 0 1 0 1 0 0 0 0 0 1 0 1 1 0 x
0.071780849817733 1 0 0 0 1 0 0 0 0 1 1 0 1 1 0 1 0 x
0.069729005784799 0 0 0 1 0 0 0 1 0 0 0 0 0 1 1 1 0 x
0.095462549072189 0 1 1 0 0 0 0 1 1 1 1 1 1 0 1 1 1 x
0.110099075854139 0 0 0 1 1 0 0 0 0 1 1 1 0 0 1 1 1 x
0.143057303996978 1 0 0 1 1 0 0 1 0 1 1 1 0 1 1 0 1 x
0.131448555103963 1 1 0 1 0 0 1 0 1 1 1 1 1 0 0 0 1 x
0.057849162534010 1 0 0 0 0 0 1 0 0 0 0 1 1 0 0 1 0 x
0.145117246533144 0 0 1 1 0 0 1 0 0 1 0 1 0 1 1 1 0 x
0.100370595885923 1 0 1 0 0 0 0 0 1 0 1 1 0 0 0 1 0 x
0.133514767694117 1 0 1 1 0 0 0 0 1 1 1 1 1 0 1 0 0 x
0.102210802261388 0 1 0 0 1 0 0 1 1 1 1 1 1 0 1 1 1 x
0.054114815437595 1 0 0 0 0 0 0 0 1 1 0 0 0 0 1 1 0 x
0.074190448792225 0 0 0 0 1 0 0 0 0 1 0 0 0 0 1 0 1 x
0.039501873459392 0 1 0 0 0 0 0 0 0 0 1 0 1 0 0 0 1 x
0.086020773447386 1 1 0 0 0 0 1 0 0 1 1 1 1 0 0 0 1 x
0.122506061498231 0 0 1 0 0 1 0 1 1 0 1 1 1 1 1 1 0 x
0.051904095901989 1 0 0 0 0 0 0 1 0 0 0 1 1 0 0 0 1 x
0.102695705892047 0 1 1 0 0 0 0 1 0 1 1 0 1 1 1 0 0 x
0.152756672246632 1 1 1 0 0 0 1 1 1 1 1 1 1 0 1 0 1 x
0.028902572345666 1 0 0 0 0 0 0 0 0 0 0 0 1 0 0 1 0 x
0.064040974525975 1 0 0 0 0 0 0 0 1 0 0 1 1 0 0 1 0 x
0.104067396530413 0 1 1 0 0 0 0 1 0 0 1 1 1 1 0 1 0 x
0.053743838952121 1 0 0 0 0 0 1 0 0 0 0 0 1 0 1 1 0 x
0.062832843702033 1 0 0 0 1 0 0 0 0 0 1 1 1 0 0 0 1 x
0.112470207456834 1 0 1 0 1 0 0 0 1 1 1 1 1 1 0 0 1 x
0.165360058036502 0 1 0 1 1 0 0 1 0 1 1 1 0 1 1 1 0 x
0.067921860430708 1 0 0 0 1 0 0 0 1 1 1 1 1 0 0 1 1 x
0.089757947571597 1 0 0 0 0 1 1 0 0 1 1 0 1 1 1 1 0 x
0.103020888379495 1 0 0 0 1 1 0 0 0 1 1 1 0 1 1 0 1 x
0.093573306649519 0 0 1 0 1 0 0 0 0 0 1 1 1 1 0 1 0 x
0.087379211715618 1 0 0 0 1 0 1 0 0 0 1 1 1 0 1 0 1 x
0.105511619944951 1 0 0 1 1 0 0 0 1 1 1 1 1 1 0 0 1 x
0.096020093618430 0 1 0 0 1 0 0 0 0 1 0 0 1 1 1 1 0 x
0.072368102030051 1 0 0 0 0 1 0 1 0 0 1 1 0 1 1 0 1 x
0.098136179975747 1 0 1 0 0 0 1 0 1 1 0 1 1 0 1 1 0 x
0.232394830467402 1 1 1 1 0 1 1 1 1 1 1 1 1 1 0 0 0 x
0.086563160589231 0 1 0 0 0 1 0 0 1 1 1 0 1 1 0 1 1 x
0.126225877993386 1 0 0 1 0 0 1 1 1 0 1 0 1 1 1 1 0 x
0.076760023847104 1 0 0 1 0 0 0 0 1 0 1 1 1 0 0 0 1 x
0.094740231990270 0 0 0 1 1 0 0 0 0 0 1 1 1 0 0 1 1 x
0.095149506262639 0 0 0 1 0 1 0 0 0 0 1 1 1 0 0 1 1 x
0.078638014353893 0 0 1 0 0 1 0 0 0 0 1 1 1 0 0 1 1 x
0.106824590496067 0 0 1 0 1 0 0 0 1 1 0 0 1 1 1 0 1 x
0.079040436469157 0 0 0 1 0 0 0 1 0 0 0 0 1 0 1 1 0 x
0.219464365788233 0 1 1 1 1 0 0 1 0 1 1 1 1 1 0 0 0 x
0.042058753811745 0 1 0 0 0 0 0 0 0 0 0 0 1 1 0 0 1 x
0.086296630143213 0 1 0 0 0 1 0 0 0 0 1 1 1 0 0 0 1 x
0.090967423793572 0 1 0 1 0 0 0 1 0 1 1 1 1 0 0 1 1 x
0.046151167043994 0 0 1 0 0 0 0 0 0 0 0 1 0 0 0 0 1 x
0.083969802698680 0 1 0 0 0 0 0 1 1 0 1 1 0 1 0 1 1 x
0.098996870880391 0 1 0 0 1 0 0 1 0 0 0 1 1 0 1 1 0 x
0.129601982794436 0 0 0 1 1 0 0 1 0 0 1 1 1 0 1 1 1 x
0.038939393584190 1 0 0 0 0 0 0 0 0 0 0 0 1 0 0 0 1 x
0.054162514197427 0 0 0 0 1 0 0 0 0 0 0 0 0 0 0 0 1 x
0.059453132860532 0 0 0 0 1 0 0 0 0 0 0 1 0 0 1 0 1 x
0.052215116865027 0 0 0 0 1 0 0 0 0 0 0 0 1 0 0 1 1 x
0.067802789711402 1 0 0 0 1 0 0 0 1 0 0 1 1 1 0 0 1 x
0.100156573503785 1 0 0 0 1 1 0 0 1 0 1 1 1 1 0 0 1 x
0.073567236492786 0 0 0 1 0 0 0 0 1 0 0 0 0 0 1 1 0 x
0.062647768708304 1 0 0 0 1 0 0 0 0 0 1 1 0 1 0 0 1 x
0.096802853273254 1 0 0 1 0 0 1 0 0 1 1 1 0 1 0 0 1 x
0.069696182194756 1 0 0 0 0 1 0 0 0 1 0 1 0 1 0 0 1 x
0.103599201120746 1 1 0 0 0 0 0 0 0 1 0 1 0 1 0 0 0 x
0.071928068597261 0 0 1 0 0 0 0 0 0 1 0 0 0 1 1 0 0 x
0.095370948010932 1 0 1 0 0 0 1 0 1 0 1 1 1 0 1 0 1 x
0.099391658546507 1 0 0 0 0 0 1 1 1 0 1 1 0 0 1 1 1 x
0.151246203643505 1 0 1 1 0 0 1 0 1 1 1 1 1 0 1 0 1 x
0.085783101644762 0 0 0 1 0 0 0 0 1 0 0 0 1 1 0 0 1 x
0.055396863170967 0 0 1 0 0 0 0 0 0 0 0 1 0 0 1 0 0 x
0.102384400288269 0 0 1 1 0 0 0 0 0 1 1 0 1 1 0 1 1 x
0.129923771113313 0 0 0 1 0 1 0 0 0 1 1 0 1 0 0 1 1 x
0.102447918976172 1 0 0 1 0 1 0 0 1 1 1 1 0 1 1 0 1 x
0.081700056484062 0 1 0 0 1 0 0 0 0 0 0 1 1 0 1 0 1 x
0.073252755666348 0 1 0 0 0 0 1 0 0 1 0 0 1 0 1 1 0 x
0.097617933665907 1 1 0 0 0 0 1 1 0 1 1 1 0 0 1 1 0 x
0.093733819936372 1 1 0 0 0 1 0 1 1 1 1 1 1 1 0 0 1 x
0.077734419719763 1 0 0 1 0 0 0 0 1 1 1 0 1 0 0 1 1 x
0.107381098274295 0 1 0 1 0 0 1 0 0 1 1 1 1 0 0 1 1 x
0.160573095511826 0 1 0 1 1 0 0 1 0 0 1 1 1 1 0 1 0 x
0.097741078377634 1 0 0 1 0 0 0 1 1 0 1 1 0 0 1 1 0 x
0.092958087067653 1 1 0 0 0 0 1 0 1 1 1 0 1 0 1 1 0 x
0.059180021119691 0 0 0 0 1 0 0 0 0 0 0 0 0 1 0 1 1 x
0.042612511557422 0 0 1 0 0 0 0 0 0 0 1 0 0 0 0 1 1 x
0.048882961253624 1 0 0 0 0 0 0 1 0 0 0 1 0 1 0 1 0 x
0.093602879654185 0 0 1 0 1 0 0 0 0 0 0 1 0 1 1 0 0 x
0.104866710564185 0 1 1 0 0 0 1 0 1 1 1 1 0 1 1 0 1 x
0.119093020575115 1 0 0 0 1 0 0 1 0 0 1 0 0 1 0 1 0 x
0.071977520352118 0 0 0 1 0 0 0 1 0 0 0 0 1 1 0 1 1 x
0.188188042705904 1 1 0 1 1 0 1 0 1 1 1 1 1 0 1 0 0 x
0.078453597364402 1 0 0 1 0 0 0 0 1 1 1 0 0 1 1 1 0 x
0.059852253554668 1 0 0 0 0 0 1 0 0 0 1 0 0 1 1 1 0 x
0.153326989636466 0 1 1 0 0 0 1 0 0 1 0 1 0 1 0 0 1 x
0.079059852026674 0 1 0 0 0 0 1 0 0 1 1 0 0 0 1 1 1 x
0.085573814695123 0 1 1 0 0 0 0 0 1 1 1 1 0 1 0 1 1 x
0.101483162268597 0 1 0 0 0 0 0 0 1 1 0 1 0 1 0 0 1 x
0.098144483550727 1 0 1 0 0 0 1 0 1 1 0 1 1 0 1 0 1 x
0.164298349712003 1 0 1 0 1 1 0 0 1 1 1 1 1 1 1 0 0 x
0.136309795035848 0 1 0 0 1 0 0 1 1 1 0 0 1 1 0 1 1 x
0.086288589621146 0 0 1 0 0 0 1 0 0 0 0 1 1 1 0 1 0 x
0.151122544100228 0 1 1 0 0 0 1 0 1 1 0 1 1 0 1 1 1 x
0.110000760495124 0 1 1 0 0 0 1 1 1 1 1 1 1 1 1 0 1 x
0.092376894696205 0 1 0 0 1 0 0 0 1 0 1 0 0 1 1 1 0 x
0.135473581046960 0 0 0 0 0 1 0 1 0 0 0 0 1 1 0 0 1 x
0.064752347042290 1 0 0 0 0 1 0 0 0 0 1 1 1 0 0 0 1 x
0.102512602627630 1 0 0 1 0 1 0 0 1 0 1 1 1 1 0 0 1 x
0.040546305603505 0 1 0 0 0 0 0 0 0 0 0 0 0 1 0 0 1 x
0.119089387275470 0 0 1 0 1 0 0 1 1 0 1 1 1 1 1 1 0 x
0.041888782123088 1 0 0 0 0 0 0 0 1 0 0 1 0 1 0 0 1 x
0.065730142413946 1 0 0 0 0 1 0 0 1 0 1 1 0 1 1 0 1 x
0.038325774336743 1 0 0 0 0 0 0 0 1 0 0 0 0 1 0 1 0 x
0.040918464338645 1 0 0 0 0 0 0 0 1 0 0 0 0 1 1 0 0 x
0.041253698106709 1 0 0 0 0 0 0 0 1 0 0 0 1 0 1 0 1 x
0.071444621843728 1 0 0 0 0 1 0 0 1 0 1 0 1 0 1 0 1 x
0.048181349783096 1 0 0 0 0 0 0 0 1 1 0 0 0 1 1 0 1 x
0.062179176825626 1 0 0 0 0 0 1 0 1 0 0 1 1 0 1 0 1 x
0.046356920007734 1 0 0 0 0 0 0 0 1 0 0 0 1 0 0 0 1 x
0.118530294412332 1 1 0 0 0 0 1 0 1 0 1 1 0 1 1 0 1 x
0.067000083393719 0 0 0 1 0 0 0 0 0 0 1 1 0 0 0 1 1 x
0.121325701086026 1 1 0 0 1 0 0 0 1 1 1 1 0 1 1 0 0 x
0.098774452302888 0 0 1 0 1 0 0 0 0 0 1 0 0 1 1 0 1 x
0.097302414967780 1 0 1 0 0 0 0 1 0 0 1 1 0 0 1 1 0 x
0.100313880927844 0 1 0 1 0 0 0 1 0 0 0 1 1 1 0 1 0 x
0.090900172288582 1 0 1 0 0 0 0 0 0 1 1 0 1 0 1 1 0 x
0.047200558841947 1 0 0 0 0 0 0 0 0 1 0 0 1 0 0 1 1 x
0.076938604407070 1 0 0 1 0 0 0 1 1 1 1 1 1 0 1 1 1 x
0.065875120797883 0 0 1 0 0 0 0 0 0 1 0 0 1 1 0 0 1 x
0.081606122266330 1 0 0 0 1 0 0 0 1 0 1 0 0 1 1 0 1 x
0.081414885722197 0 1 0 1 0 0 0 0 0 0 1 1 1 1 0 0 1 x
0.131474281973050 0 1 1 0 0 1 0 1 1 1 1 1 1 1 0 1 1 x
0.047251302623339 1 0 0 0 0 0 0 0 1 0 1 1 0 0 0 1 1 x
0.054018750063530 1 0 0 0 0 0 1 0 0 0 1 1 0 0 0 1 1 x
0.066292119916049 1 0 0 0 0 0 1 0 0 1 0 1 0 0 0 1 1 x
0.053204938991337 1 0 0 0 0 0 1 0 0 0 1 1 0 0 1 0 1 x
0.080932149505651 1 0 0 0 0 1 1 0 0 0 1 1 1 0 1 0 1 x
0.050317126868522 0 1 0 0 0 0 0 0 0 0 1 1 0 0 1 0 1 x
0.059297744277645 1 0 0 0 0 0 1 0 0 0 1 1 0 1 0 0 1 x
0.131565653220708 1 1 0 0 1 0 0 0 1 1 1 0 1 1 1 0 0 x
0.082837437020461 1 0 0 1 0 0 0 0 1 0 0 1 0 1 1 0 0 x
0.116765890259916 1 0 0 0 1 1 0 1 0 1 1 1 1 1 0 1 1 x
0.085772818455193 1 0 0 0 1 0 1 0 0 1 1 1 0 1 1 0 1 x
0.120580498722335 0 0 1 1 0 0 0 0 1 0 0 1 0 1 1 0 0 x
0.075848932083738 0 1 0 0 1 0 0 0 0 0 0 1 1 1 0 1 0 x
0.176001726990466 1 1 0 1 0 1 0 0 1 1 1 1 1 1 0 0 1 x
0.154319207516550 0 0 1 1 0 1 0 0 1 0 1 1 1 1 1 0 1 x
0.094246438915050 0 1 0 1 0 0 0 0 1 1 0 1 0 1 1 1 0 x
0.038051523182899 1 0 0 0 0 0 0 0 0 0 0 1 0 0 0 0 1 x
0.080625998502398 0 1 0 0 0 1 0 0 0 1 0 0 1 1 0 0 1 x
0.183019999501247 1 0 0 1 1 0 1 0 1 0 1 1 1 1 1 0 1 x
0.110747659630555 1 0 0 1 0 1 0 1 1 1 1 1 1 1 0 1 1 x
0.093119388186287 1 0 0 1 0 0 1 0 0 1 1 0 1 1 0 1 0 x
0.128008638693070 1 0 0 1 1 0 0 1 0 1 1 1 1 0 1 1 0 x
0.097056842860300 0 1 0 0 1 0 0 1 0 0 1 1 1 0 0 1 1 x
0.084662245865685 0 1 0 0 1 0 0 0 0 1 1 1 0 0 1 1 1 x
0.076974652047156 0 1 0 0 0 0 0 1 0 0 1 0 0 1 0 0 1 x
0.064811194874703 0 1 0 0 0 0 0 1 0 0 0 1 0 1 0 1 0 x
0.051834182075012 0 1 0 0 0 0 0 1 0 0 0 0 1 0 1 0 1 x
0.081990113757769 1 1 0 0 0 0 0 1 0 1 1 1 0 0 1 0 1 x
0.108464715807905 1 1 0 0 0 0 0 1 1 0 0 1 1 0 1 0 1 x
0.097550517046896 0 0 1 1 0 0 0 0 1 1 1 1 1 0 1 1 1 x
0.057713216496181 0 0 0 0 1 0 0 0 0 0 0 0 1 0 1 0 1 x
0.109176625976352 0 0 1 0 0 1 0 0 0 0 1 1 0 1 1 0 0 x
0.054972915537557 1 0 0 0 0 0 0 1 0 1 1 0 0 0 1 1 1 x
0.078328578432290 0 1 0 0 0 0 1 0 0 1 0 0 1 1 0 0 1 x
0.079238628022852 0 0 1 0 0 0 0 1 0 1 0 1 0 0 1 1 1 x
0.151330084592886 0 1 1 1 0 0 0 0 1 1 1 1 1 1 0 0 1 x
0.032946902629742 0 0 0 1 0 0 0 0 0 0 0 0 0 0 1 1 0 x
0.132174206212375 0 0 1 0 0 1 0 0 0 0 1 0 1 0 0 0 1 x
0.144304404614154 1 0 1 0 0 1 0 1 0 1 1 0 1 1 1 1 0 x
0.052936127992520 0 0 0 0 0 0 0 0 0 0 0 0 0 0 0 0 1 x
0.158350271003955 0 0 1 0 0 1 1 0 1 1 0 1 1 1 1 1 1 x
0.117125219949029 0 1 0 0 1 1 0 0 0 0 1 1 1 1 0 0 1 x
0.134937606936840 1 0 1 0 0 1 0 1 1 0 1 1 1 1 1 0 1 x
0.122617878472002 0 0 0 0 0 1 0 0 0 0 0 1 1 0 0 0 1 x
0.069738145111976 1 0 0 0 0 1 0 0 1 1 0 0 1 1 1 0 1 x
0.097347482807995 0 0 0 1 0 0 0 1 0 1 0 1 0 0 1 1 1 x
0.064824215978518 1 0 0 0 0 1 0 0 1 0 1 1 0 1 0 1 1 x
0.070949777410781 0 1 0 0 0 1 0 0 0 0 1 0 1 1 0 1 0 x
0.100302349116000 1 0 1 0 0 0 0 1 0 0 1 1 1 0 0 1 1 x
0.090790583876903 0 0 0 1 0 1 0 0 0 0 0 0 1 0 1 1 0 x
0.126637626937557 0 0 1 0 1 0 0 0 1 1 0 1 1 1 1 0 0 x
0.080351473236226 0 0 1 0 1 0 0 0 0 0 0 1 1 1 0 0 1 x
0.034278956299711 1 0 0 0 0 0 0 0 0 0 1 1 0 0 0 0 1 x
0.049040821980199 1 0 0 0 0 0 0 0 1 0 1 0 0 1 0 0 1 x
0.081919911388713 1 0 1 0 0 0 0 1 0 1 1 1 0 0 1 0 1 x
0.101604919941472 1 0 1 0 0 0 1 0 0 1 1 1 0 1 1 0 1 x
0.113453866896406 1 0 1 0 0 0 1 1 0 1 1 1 1 1 1 0 0 x
0.072176680814458 0 0 1 0 0 0 0 0 1 0 1 0 1 0 0 1 1 x
0.029063500969290 1 0 0 0 0 0 0 0 0 0 1 0 1 0 0 0 1 x
0.045648813690072 1 0 0 0 0 0 0 0 1 0 1 0 1 0 0 1 1 x
0.056086109371853 1 0 0 0 0 0 0 1 0 1 0 1 0 0 1 1 1 x
0.123487944720907 1 1 0 0 0 1 0 1 1 1 1 1 0 0 1 1 1 x
0.073257839475016 1 0 0 0 1 0 0 0 1 0 1 0 1 0 1 1 0 x
0.087615596254041 0 0 1 0 0 0 0 1 1 0 0 1 1 1 0 1 1 x
0.073904023925294 1 0 1 0 0 0 0 1 1 1 1 1 0 1 0 1 1 x
0.114748183301850 1 0 1 0 0 0 1 0 0 1 0 1 0 1 0 1 0 x
0.112555006993410 0 0 1 0 0 0 0 1 1 1 1 0 0 1 1 1 1 x
0.066326245815795 0 0 1 0 0 0 0 1 0 0 0 1 0 1 1 0 1 x
0.036403909316422 0 0 0 1 0 0 0 0 0 0 0 0 0 0 1 0 1 x
0.100520616715741 0 1 0 1 0 0 0 1 1 0 1 1 1 0 1 1 0 x
0.069165470862345 0 1 0 0 0 0 0 1 1 0 0 0 1 1 0 1 1 x
0.052420828758841 0 0 1 0 0 0 0 0 0 0 0 0 1 0 0 1 1 x
0.113823834633087 0 1 0 1 0 0 0 1 1 0 0 1 1 1 1 0 1 x
0.158750310332319 1 1 1 0 0 1 0 1 1 1 1 1 1 0 0 1 0 x
0.117943832728680 1 0 1 0 1 0 0 0 0 1 1 1 1 0 0 1 0 x
0.160897922818050 0 0 0 1 1 0 0 1 0 0 0 1 0 1 0 1 1 x
0.079713060582518 1 0 0 0 0 0 1 1 1 0 0 1 1 1 0 1 1 x
0.103917204115743 0 0 1 0 1 0 0 1 0 0 1 1 1 1 1 0 1 x
0.088932198105695 0 1 0 1 0 0 0 0 1 1 1 0 1 1 0 1 1 x
0.090555251950416 1 0 1 0 0 0 0 1 1 1 0 1 0 1 1 0 1 x
0.084266236437962 1 0 1 0 0 0 0 1 0 1 0 1 1 1 0 0 1 x
0.087661420241422 1 0 1 0 0 0 0 1 1 1 0 1 1 1 0 1 0 x
0.092718291747455 1 0 1 0 0 0 0 1 0 1 0 1 1 0 1 0 0 x
0.145783862568446 1 0 1 0 1 0 0 1 0 1 0 1 1 1 1 0 0 x
0.115316356763874 0 1 1 0 0 0 1 0 1 1 1 0 1 1 1 0 1 x
0.156806530821204 1 1 1 0 0 0 0 1 1 1 1 1 1 0 1 0 0 x
0.084779680413041 1 0 0 1 0 0 1 0 1 1 1 1 1 0 1 0 1 x
0.079805551953286 0 1 0 0 1 0 0 0 0 1 1 0 1 1 0 0 1 x
0.109049104275185 0 0 0 1 0 1 0 0 1 0 0 0 1 1 1 0 1 x
0.039452279819540 0 1 0 0 0 0 0 0 0 0 0 1 0 0 1 0 1 x
0.056918660109242 0 1 0 0 0 0 0 0 1 0 0 0 0 1 1 0 0 x
0.047805065581926 1 0 0 0 0 0 0 0 1 0 0 0 1 0 1 1 0 x
0.094281176869541 0 1 0 0 1 0 0 0 1 1 1 0 1 0 1 1 1 x
0.066958967199902 1 0 0 0 1 0 0 0 1 0 1 1 1 0 1 0 1 x
0.046547028120186 1 0 0 0 0 0 0 1 0 0 1 0 1 0 0 1 1 x
0.071151543427988 1 0 0 0 0 0 1 0 1 0 1 0 1 0 1 0 1 x
0.101969613909516 1 1 0 0 0 1 0 0 1 1 1 0 1 1 0 0 1 x
0.042499498902455 0 0 1 0 0 0 0 0 0 0 0 0 1 1 0 0 1 x
0.071831914067361 1 0 0 0 1 0 0 0 1 0 1 0 1 1 0 0 1 x
0.063469119940907 0 1 0 0 0 0 1 0 0 0 0 1 0 0 1 1 0 x
0.095476439854077 0 0 1 1 0 0 0 0 0 0 1 1 1 1 0 1 0 x
0.117114809989267 0 1 0 1 0 0 0 1 1 1 1 1 0 0 1 1 1 x
0.095151353227219 0 0 1 1 0 0 0 0 0 0 1 1 1 0 0 1 1 x
0.096554269676718 1 0 1 0 0 0 1 1 1 0 1 1 1 1 0 0 1 x
0.086521983960146 1 0 1 0 0 0 0 0 1 1 0 1 0 0 1 1 0 x
0.138535616591267 1 1 0 1 0 0 0 1 0 1 1 1 1 0 0 1 0 x
0.049151500439746 0 1 0 0 0 0 0 0 0 1 0 0 1 0 0 0 1 x
0.110645577320569 0 1 1 0 0 0 0 1 1 1 1 1 0 0 1 0 1 x
0.091369850448034 0 1 0 1 0 0 0 0 1 1 1 0 1 0 1 1 0 x
0.094606596109181 1 0 0 1 0 0 0 1 0 1 0 1 0 1 1 0 0 x
0.076304716904836 0 0 0 0 0 1 0 0 0 0 0 0 1 0 1 0 1 x
0.028534339455824 1 0 0 0 0 0 0 0 0 0 0 0 0 1 1 0 0 x
0.037127255791891 1 0 0 0 0 0 0 0 0 0 1 0 0 0 1 0 1 x
0.058254542970486 1 0 0 0 0 1 0 0 0 0 1 1 0 0 1 0 1 x
0.099494439329108 1 0 1 0 0 0 0 1 1 1 1 1 1 0 0 0 1 x
0.139006339846937 0 1 0 0 1 0 1 0 0 1 0 1 1 0 1 1 1 x
0.087304185367043 1 0 0 1 0 0 0 0 1 1 0 1 0 1 0 0 1 x
0.058997674396947 1 0 0 0 0 0 0 1 0 1 0 0 1 1 0 0 1 x
0.076122415758160 0 1 0 0 1 0 0 0 0 1 1 1 0 1 1 0 1 x
0.095196515584504 0 1 0 0 1 0 0 1 0 1 0 1 1 1 1 0 1 x
0.095706588447148 0 1 0 0 1 0 0 1 0 0 1 1 0 1 1 1 0 x
0.132895620744527 0 1 0 0 1 1 0 0 0 1 1 0 1 1 1 0 1 x
0.136581502042757 0 0 1 1 0 0 0 1 0 1 1 1 0 1 1 0 0 x
0.058519636423550 1 0 0 0 0 0 0 1 1 0 0 0 1 1 0 1 1 x
0.064994961899915 0 0 0 0 1 0 0 0 0 0 1 0 0 0 1 0 1 x
0.074168846364368 1 0 0 0 0 1 0 1 0 0 1 1 1 1 0 1 1 x
0.105297479526488 1 0 0 1 0 1 0 0 0 1 1 1 1 1 0 1 0 x
0.064089631857449 1 0 0 0 0 0 1 0 1 0 0 0 1 1 1 0 1 x
0.079871992009042 0 0 1 0 0 1 0 0 0 0 0 1 1 1 0 1 0 x
0.094579959728743 0 1 1 0 0 0 0 0 0 1 1 0 0 1 1 0 0 x
0.079639521510542 0 1 0 1 0 0 0 0 0 1 0 1 1 1 0 0 1 x
0.081239731913857 1 1 0 0 0 0 0 0 1 1 0 1 1 0 0 1 0 x
0.085408784369454 1 1 0 0 0 0 0 1 1 1 1 0 1 1 0 1 0 x
0.134542236545681 1 1 0 0 1 0 0 1 0 1 0 1 1 1 0 0 0 x
0.092958097732895 1 0 1 0 0 0 0 0 1 1 1 1 1 0 0 1 0 x
0.057439712858412 0 1 0 0 0 0 0 0 1 0 1 0 0 0 0 1 1 x
0.054860597692591 0 1 0 0 0 0 0 0 1 0 0 1 0 0 1 1 0 x
0.076086181346879 0 0 0 1 0 0 0 1 0 0 0 0 1 0 1 0 1 x
0.123406637743014 0 0 0 1 0 1 0 1 0 0 1 0 1 1 1 1 0 x
0.069260654557704 1 0 0 0 1 0 0 0 0 0 1 1 0 1 1 0 0 x
0.097197201128558 0 0 0 1 0 0 1 0 0 0 0 1 0 0 1 1 0 x
0.129986706732847 0 1 0 1 0 1 0 0 1 0 1 1 1 0 1 1 0 x
0.060145820795492 0 0 0 0 1 0 0 0 0 0 0 0 0 1 1 0 1 x
0.124395964558607 1 1 0 0 0 1 1 1 0 1 1 1 1 0 1 0 1 x
0.124018736063184 0 1 1 0 0 1 0 0 1 1 1 1 0 1 1 0 1 x
0.094624515922739 1 0 1 0 0 0 0 1 1 1 0 0 1 1 1 0 0 x
0.079234350561851 1 0 0 0 1 0 0 0 1 0 1 1 0 1 1 1 0 x
0.030625190610840 0 0 1 0 0 0 0 0 0 0 0 0 0 1 0 1 0 x
0.059089799939846 0 0 1 0 0 0 0 0 0 1 0 0 0 1 0 1 0 x
0.086994291960311 1 0 1 0 0 0 0 0 1 1 1 0 0 1 1 1 0 x
0.034563586971659 0 0 1 0 0 0 0 0 0 0 0 0 0 0 1 1 0 x
0.031991387311395 0 0 1 0 0 0 0 0 0 0 0 0 0 1 1 0 0 x
0.068854949311339 0 0 1 0 0 0 1 0 0 0 0 0 0 1 1 1 0 x
0.086986825154638 0 0 1 0 0 0 0 1 0 0 0 0 0 1 1 0 0 x
0.149489823930372 0 0 1 1 1 0 0 0 0 1 1 1 1 1 0 1 0 x
0.067719734770647 0 0 1 0 0 0 0 0 0 0 1 0 0 1 1 0 0 x
0.091193498488237 1 0 1 0 0 0 1 1 1 1 1 1 1 1 1 0 1 x
0.093948680492807 0 0 1 0 0 0 1 0 0 0 0 1 0 1 1 0 0 x
0.085309603293292 0 0 1 0 0 1 0 0 0 0 0 0 0 1 1 1 0 x
0.046509885003417 1 0 0 0 0 0 0 0 1 0 1 0 0 0 1 1 0 x
0.078226977039351 1 1 0 0 0 0 0 0 1 0 1 1 1 0 0 0 1 x
0.095170080115161 0 1 0 0 1 0 0 0 0 1 0 1 1 1 1 0 0 x
0.110931573161607 1 0 1 0 0 0 1 1 0 1 1 1 0 1 0 1 1 x
0.101610244547779 1 0 1 0 0 1 0 0 1 1 1 1 0 1 0 1 0 x
0.059470115631633 1 0 0 0 0 1 0 0 0 0 0 1 0 1 0 1 0 x
0.108525388728364 0 1 0 1 0 0 1 0 1 0 1 1 1 1 0 0 1 x
0.095718005322235 0 1 0 0 0 1 0 1 0 0 0 1 1 1 0 1 1 x
0.076042269390565 1 0 0 1 0 0 0 0 1 1 1 1 0 0 1 1 1 x
0.111406348455406 0 1 0 0 0 1 1 0 0 0 1 1 1 0 0 1 1 x
0.097773830057433 1 1 0 0 0 0 0 0 1 0 1 0 1 0 0 1 0 x
0.054571308178235 0 1 0 0 0 0 0 1 0 0 0 1 1 0 0 1 1 x
0.085271763222018 0 1 0 1 0 0 0 0 1 0 1 1 1 0 0 1 1 x
0.094606926480517 0 0 1 0 1 0 0 0 0 1 0 1 1 0 0 1 1 x
0.130100407895385 1 0 0 1 0 1 1 0 1 1 1 1 1 1 1 0 1 x
0.079620758781729 0 0 0 1 0 0 1 0 0 0 0 0 0 1 1 0 1 x
0.096962211786663 1 0 0 0 1 0 1 0 0 1 1 0 1 0 1 1 0 x
0.074690704099414 1 0 0 0 0 0 1 1 0 1 0 1 1 0 1 1 1 x
0.044287903216028 1 0 0 0 0 0 0 0 0 1 0 1 0 0 0 0 1 x
0.100452062083204 0 0 1 1 0 0 0 0 0 1 1 0 0 1 1 1 0 x
0.095703020468517 1 0 0 0 1 0 0 0 1 1 1 1 0 1 0 0 1 x
0.128328615684790 1 0 0 1 1 0 0 1 1 1 1 1 1 1 0 1 1 x
0.092042787241244 1 0 0 1 0 0 0 1 0 0 1 1 0 1 1 0 1 x
0.030127496236335 1 0 0 0 0 0 0 0 0 0 1 0 0 1 0 0 1 x
0.058159175189400 1 0 0 0 0 1 0 0 0 0 1 1 0 1 0 0 1 x
0.033499213741299 1 0 0 0 0 0 0 0 0 0 1 0 0 1 0 1 0 x
0.059522326281965 0 0 1 0 0 0 0 0 1 0 0 0 0 1 1 1 0 x
0.040439947529100 1 0 0 0 0 0 0 0 1 0 0 0 1 1 0 0 1 x
0.063056491716682 0 1 0 0 0 0 1 0 0 0 1 0 1 0 1 0 1 x
0.081974941120663 0 1 0 0 0 0 1 0 1 0 1 1 0 0 1 1 1 x
0.086297244144261 1 1 0 0 0 0 1 1 1 1 1 1 0 1 0 1 1 x
0.050818727543363 0 0 0 1 0 0 0 0 0 0 0 0 1 1 0 0 1 x
0.052713979595559 1 0 0 0 0 0 1 0 0 0 1 0 1 1 0 0 1 x
0.078481244920640 0 0 0 1 0 0 1 0 0 0 0 0 1 1 0 1 1 x
0.094802555436768 0 0 0 1 0 0 1 0 0 1 0 0 1 1 1 0 1 x
0.070259384659982 0 0 1 0 0 0 1 0 0 0 0 1 1 0 0 1 1 x
0.108978799758469 0 0 0 1 0 0 1 0 0 1 0 0 0 1 0 1 1 x
0.096820715050533 0 1 1 0 0 0 0 1 0 1 0 1 1 1 0 0 1 x
0.087036682319934 0 1 0 0 0 0 1 1 0 0 0 0 1 1 1 1 0 x
0.093402687654534 1 0 0 0 1 1 0 0 0 1 1 1 1 0 1 0 1 x
0.055408843973958 0 1 0 0 0 0 0 0 1 0 0 1 1 0 0 1 1 x
0.060888639160687 0 1 0 0 0 0 1 0 0 0 0 1 1 0 0 1 1 x
0.076412453365150 0 1 0 0 0 0 1 0 1 0 1 0 1 1 0 1 1 x
0.074457333171802 1 0 0 0 0 1 0 0 1 1 0 1 1 0 1 0 1 x
0.045410728556788 0 1 0 0 0 0 0 0 0 0 0 1 1 0 0 1 0 x
0.058651406860005 0 1 0 0 0 0 1 0 0 0 0 0 1 1 0 1 0 x
0.102155563517627 0 1 0 0 1 0 1 0 0 0 1 1 1 1 0 1 0 x
0.086665587046335 0 1 0 0 1 0 0 0 1 0 1 1 0 1 0 1 1 x
0.151951179075636 1 1 0 1 0 0 1 1 1 1 1 0 1 0 1 1 0 x
0.115485064798711 0 1 1 0 0 0 1 0 0 0 1 1 1 1 0 0 0 x
0.133211593741399 0 1 1 0 0 0 1 1 0 0 1 1 1 0 1 0 1 x
0.126733970284636 1 0 0 0 1 1 1 0 0 1 1 1 1 1 1 0 0 x
0.070786097810269 1 0 0 0 0 0 1 1 0 0 1 0 1 1 0 1 1 x
0.086823283541051 0 1 0 0 0 1 0 0 1 0 1 0 0 1 1 1 0 x
0.158028874222892 1 0 1 1 0 0 0 1 0 1 1 1 1 1 0 1 0 x
0.040785560585609 0 1 0 0 0 0 0 0 0 1 0 0 0 0 1 0 1 x
0.109068205225694 1 1 0 0 0 1 0 1 0 1 1 1 0 1 0 0 1 x
0.093547633006785 0 1 1 0 0 0 0 0 1 0 1 1 0 1 1 0 0 x
0.076414865060173 1 0 0 1 0 0 0 0 1 0 1 0 1 1 0 1 0 x
0.058105405678096 1 0 0 0 0 0 0 1 1 0 0 1 1 0 0 1 1 x
0.085259199403956 1 0 0 0 1 0 0 0 1 1 0 0 1 1 1 0 0 x
0.062936014874930 0 1 0 0 0 0 1 0 0 0 0 0 1 1 1 0 0 x
0.093733417356186 1 0 0 0 1 0 1 0 0 0 1 0 1 1 1 0 0 x
0.081940167195711 0 1 0 0 0 1 0 0 1 0 1 1 0 1 0 1 1 x
0.121846014711092 0 1 0 1 0 0 1 0 0 1 1 0 1 1 1 1 0 x
0.047616841688226 0 1 0 0 0 0 0 0 0 0 1 0 1 0 0 1 0 x
0.098356229783079 1 1 0 0 0 0 1 0 1 1 0 1 1 0 1 0 1 x
0.036809356022022 1 0 0 0 0 0 0 0 0 0 0 0 0 1 0 1 0 x
0.090759633980889 1 0 0 1 0 0 0 0 0 0 1 1 0 1 0 0 0 x
0.107895931967636 1 0 1 0 0 0 1 0 1 0 0 1 1 1 0 1 0 x
0.064321346372286 0 0 1 0 0 0 0 0 1 0 0 0 1 1 0 0 1 x
0.126156887712236 0 0 1 1 0 0 0 1 1 1 1 1 1 0 1 0 1 x
0.064345826390808 1 0 0 0 0 0 1 0 1 0 0 1 0 1 0 1 1 x
0.069936270438186 0 0 0 0 1 0 0 0 1 0 0 0 0 1 0 1 1 x
0.038510166195753 1 0 0 0 0 0 0 0 1 0 0 1 0 0 1 0 1 x
0.076930131698893 0 0 0 1 0 0 0 0 1 0 0 1 0 0 0 1 1 x
0.168232786099532 0 0 0 1 0 1 0 1 1 0 0 1 1 0 1 1 1 x
0.099811354439739 1 0 0 1 0 0 1 0 0 0 1 0 1 1 1 0 0 x
0.093273703795822 0 1 0 1 0 0 0 0 1 0 1 1 0 0 1 1 0 x
0.054929247060459 0 1 0 0 0 0 0 0 1 0 0 0 0 1 1 1 0 x
0.082903471843117 1 0 0 0 0 1 0 0 0 1 1 0 0 1 0 1 0 x
0.055952947382903 0 0 1 0 0 0 0 0 1 0 0 0 0 1 0 1 1 x
0.122834618667618 1 0 1 0 0 1 0 1 0 1 1 1 0 1 1 0 1 x
