0.114376261830330 1 0 1 0 0 1 0 1 1 1 1 0 1 1 1 0 0
0.261956483125687 0 1 1 1 0 0 0 1 0 0 1 0 1 0 0 1 0
0.153624206781387 0 0 1 0 0 0 0 1 0 1 1 0 1 1 0 1 0
0.201782315969467 1 0 0 1 0 1 0 0 0 1 0 0 1 0 0 1 1
0.546151995658875 0 0 0 0 0 1 1 1 0 1 0 0 0 0 0 0 0
0.198299050331116 0 0 0 1 1 1 0 0 0 1 1 1 0 0 1 1 0
0.144302323460579 0 0 0 1 0 1 0 1 0 0 0 1 1 0 1 0 1
0.233470812439919 1 1 0 0 0 0 0 1 1 0 0 0 0 0 0 1 1
0.409892648458481 1 0 0 1 1 1 1 0 1 0 0 0 1 0 0 1 1
0.329491525888443 1 1 0 1 1 1 0 1 1 0 1 0 1 0 0 0 0
0.451869696378708 0 1 1 1 0 1 1 1 0 0 1 0 0 1 1 1 1
0.326521098613739 0 0 1 0 1 1 1 1 1 1 0 0 1 1 0 1 0
0.085449345409870 1 1 0 0 0 0 0 1 0 1 1 1 0 1 0 1 0
0.108040705323219 0 0 1 0 0 1 0 1 0 1 0 1 1 1 1 0 1
0.114747248589993 1 1 0 0 0 0 1 1 0 1 0 1 1 0 1 0 1
0.545974314212799 1 1 1 1 1 0 0 0 0 0 1 1 0 0 1 1 1
0.209390401840210 1 1 0 1 0 0 1 1 0 1 1 1 1 1 1 0 1
0.242543086409569 1 0 1 0 1 0 0 0 0 0 1 1 1 0 1 1 1
0.188578590750694 0 0 1 1 0 0 1 0 1 0 0 1 1 1 0 0 0
0.188019186258316 0 0 1 0 0 1 1 0 0 0 0 1 1 1 0 0 0
0.218071535229683 1 0 1 1 0 1 0 0 1 1 1 1 0 1 0 1 1
0.301763683557510 1 0 1 1 0 1 1 1 0 1 0 1 0 0 1 1 0
0.189928188920021 1 1 1 0 0 1 0 0 1 1 1 1 0 0 0 0 1
0.217472344636917 1 0 1 0 1 0 1 0 1 1 0 1 0 0 1 0 1
0.492602497339249 0 1 1 1 0 1 1 0 0 1 1 0 0 0 0 0 0
0.226512000914750 0 0 0 0 0 1 0 0 1 1 0 1 1 1 1 1 0
0.294199023114621 0 0 1 1 1 1 0 0 1 0 1 1 0 0 1 1 0
0.080012919828593 1 0 0 0 1 0 0 1 1 1 1 1 1 1 1 0 1
0.107063337909727 0 0 0 1 0 0 0 1 0 1 0 1 1 1 0 1 1
0.234220130544443 1 1 0 0 1 0 0 0 0 1 0 1 1 1 0 1 1
0.254602096397444 1 1 1 0 0 1 0 1 1 1 0 0 1 0 1 0 1
0.220741599257698 1 0 1 0 1 0 0 1 0 1 0 0 1 0 1 0 1
0.076430572169790 1 0 0 0 0 0 0 1 1 0 0 1 1 1 1 0 1
0.091221214612148 1 0 0 0 0 0 1 1 1 1 1 1 1 1 0 1 1
0.145128392223607 1 0 0 0 1 0 1 1 0 0 1 1 1 1 0 0 0
0.160987681671806 1 0 0 0 0 0 0 1 1 1 1 1 0 1 0 0 1
0.113739235550927 1 1 0 0 0 0 0 1 1 0 1 1 1 1 0 0 0
0.185942779444932 1 0 1 0 0 0 0 1 1 1 1 1 1 0 0 0 0
0.266845016967371 1 1 1 0 0 0 1 1 1 0 0 1 0 1 1 0 1
0.113416397778802 0 1 0 0 0 1 0 1 0 1 0 1 1 0 0 1 1
0.195655162439163 1 0 0 1 1 0 0 1 0 1 0 1 0 1 0 0 1
0.215138134360450 0 0 0 0 1 0 1 1 1 1 0 1 1 1 1 0 1
0.322929106076427 1 0 1 1 0 0 0 1 0 1 0 0 1 1 1 1 1
0.219665922899937 1 1 0 0 0 1 1 1 0 0 0 1 0 1 0 1 0
0.057544587308917 1 0 0 0 0 1 0 0 0 0 0 0 1 1 1 0 0
0.134816578855357 1 0 0 0 0 1 0 0 0 1 1 1 1 1 1 0 0
0.183086678560177 1 1 0 0 0 0 1 1 1 1 1 1 1 0 0 0 0
0.120021212901596 1 1 0 0 0 0 0 1 1 1 1 1 1 0 1 0 0
0.249335060347464 0 0 0 0 0 1 0 1 0 0 1 1 1 1 0 1 0
0.167580840945667 1 0 0 0 1 0 0 0 1 1 0 1 0 1 0 0 0
0.127314641622359 0 1 0 1 0 0 0 0 1 1 0 1 0 1 1 1 1
0.094664582205767 1 0 0 0 0 0 0 0 1 1 1 0 1 1 1 1 1
0.131108625467624 1 0 0 0 1 1 0 0 1 1 0 0 1 1 1 1 0
0.199822751723268 1 1 0 0 0 1 0 0 1 0 0 1 1 1 0 1 1
0.078586795455212 1 0 0 0 0 1 0 0 0 1 0 1 0 0 0 1 1
0.098010815638329 0 1 1 0 0 0 0 0 0 0 1 1 1 1 0 0 1
0.060675231104954 1 0 0 0 0 0 0 0 0 1 1 0 0 1 0 1 0
0.071669945232396 1 0 0 0 0 0 0 1 0 0 1 0 1 1 0 1 0
0.101210367543468 0 1 1 0 0 0 0 1 0 1 1 1 0 1 0 1 1
0.126754286934139 0 0 1 0 0 1 1 0 0 1 1 1 1 0 1 1 1
0.158979404696832 1 1 0 0 0 1 0 0 0 1 1 0 0 1 1 1 0
0.092072051597338 0 1 0 1 0 0 0 1 0 1 1 1 1 1 0 0 1
0.148806674615287 0 1 0 0 0 0 0 1 0 1 1 1 0 1 0 1 0
0.100244826981443 1 0 1 0 0 0 0 1 0 1 1 0 0 1 0 1 0
0.111419398750825 0 1 1 0 0 0 1 1 1 1 1 1 1 1 0 0 1
0.104268694942629 0 1 1 0 0 0 0 1 0 1 1 1 1 1 0 1 0
0.102642663029762 0 1 0 1 0 0 0 1 0 1 1 1 1 1 0 1 0
0.153494476647423 1 0 0 0 0 1 0 1 0 1 1 0 1 0 0 1 0
0.084043016292724 1 0 0 1 0 0 0 0 1 1 1 1 0 1 1 1 0
0.105495987979927 0 1 1 0 0 0 0 1 0 1 0 1 1 0 1 0 1
0.102563588439986 0 1 0 1 0 0 0 1 1 1 1 1 1 0 0 1 1
0.058229331195808 1 0 0 0 0 0 0 0 0 0 1 0 1 1 0 0 1
0.094722109182145 1 0 0 1 0 0 0 1 1 0 1 0 1 1 1 0 0
0.092476599506349 1 0 0 0 1 0 0 1 0 1 1 1 0 1 1 1 1
0.220804601978642 1 0 1 0 0 1 1 0 0 0 0 1 1 1 1 0 1
0.071523482461812 1 0 0 0 1 0 0 0 0 0 1 0 1 1 1 0 0
0.098838760032120 1 0 1 0 0 0 0 0 1 1 0 1 0 1 1 1 0
0.195078697492937 1 0 0 0 0 0 0 1 1 1 0 0 1 1 0 0 0
0.143133512599577 1 0 1 0 0 0 0 1 0 0 1 0 0 1 0 0 1
0.090860571794714 1 0 1 0 0 0 0 0 1 0 1 0 1 1 1 0 0
0.109080702179739 0 1 0 1 0 0 0 1 0 0 1 1 1 1 1 0 1
0.108599308322589 1 0 0 0 1 1 0 0 0 0 1 1 1 0 1 0 1
0.123742958301568 0 0 1 0 0 0 0 1 0 1 1 1 1 0 0 1 1
0.068494860613491 1 0 0 0 0 1 0 0 0 0 1 0 0 1 1 1 0
0.091083715087007 0 0 0 1 0 0 0 0 0 0 1 0 1 1 0 0 1
0.127255310091048 1 1 0 0 0 0 1 1 0 1 1 1 0 0 1 1 1
0.102860659791929 0 0 1 0 0 0 0 1 1 0 1 0 1 1 1 0 1
0.174269284863968 1 0 1 0 1 1 0 1 0 1 1 1 1 1 1 0 0
0.116244867123702 0 0 1 0 0 0 0 0 0 1 1 1 0 1 1 0 1
0.145933310453907 1 0 1 0 0 1 0 0 0 1 1 0 0 1 1 1 0
0.052720782452810 1 0 0 0 0 0 0 0 1 0 1 0 0 1 1 0 1
0.073186355499608 0 0 0 1 0 0 0 0 0 0 1 0 0 1 0 1 0
0.187440360089703 1 1 0 0 0 0 0 0 0 0 1 0 1 1 1 0 1
0.095622835640298 1 0 0 1 0 0 0 0 0 0 1 1 1 1 0 1 0
0.099830960049947 1 0 0 0 0 0 1 0 0 1 1 1 1 1 1 1 1
0.156077546977734 0 0 1 1 0 0 0 0 1 0 1 0 1 1 0 0 0
0.051076271503280 1 0 0 0 0 0 0 0 1 0 0 0 1 1 0 1 0
0.135116539527349 0 1 1 0 0 0 1 0 1 1 0 1 1 0 0 1 1
0.097540961069457 1 0 0 1 0 0 0 0 1 0 1 0 0 1 0 1 0
0.095819636984315 0 0 0 1 0 0 0 0 1 0 1 0 1 1 0 1 1
0.175159432083064 0 0 0 1 0 0 0 0 1 0 1 1 1 1 0 0 1
0.267788552082958 0 1 1 1 0 1 0 1 1 1 0 1 0 1 0 0 1
0.117955028733554 0 1 0 0 0 0 0 1 0 1 1 1 1 1 1 0 1
0.101260904193642 1 0 1 0 0 0 1 1 1 1 1 1 0 1 0 1 1
0.181974747073358 0 1 0 1 0 0 0 0 0 0 0 0 0 1 0 1 1
0.147910317750942 0 0 0 1 1 0 0 1 0 0 1 0 1 1 1 0 0
0.183446547925125 1 0 0 0 1 1 0 1 1 0 0 1 0 1 1 0 1
0.157167090580618 1 0 0 1 0 0 0 1 0 0 1 1 1 1 1 1 1
0.069653272999926 1 0 0 0 0 0 0 1 0 1 0 1 1 0 1 1 1
0.056686956076896 1 0 0 0 0 0 0 0 0 0 1 0 1 0 1 0 1
0.105341890746300 0 0 1 0 0 0 0 0 1 0 1 0 0 1 0 1 0
0.106043531222722 1 0 0 0 0 0 0 1 1 0 1 0 0 1 0 1 0
0.111955437482525 1 0 1 0 0 0 0 1 1 0 1 0 1 1 1 1 0
0.109872592016549 1 0 1 0 0 0 1 0 0 0 1 1 1 1 0 1 0
0.093882234139063 0 0 0 1 0 0 0 0 0 1 1 0 0 1 1 1 1
0.096040248681616 0 0 1 0 0 0 1 0 0 1 1 1 0 1 0 1 1
0.143792184056116 0 0 0 1 0 0 0 0 0 0 1 0 1 1 1 1 0
0.075959289575249 1 0 0 0 0 0 0 1 0 0 1 0 1 1 1 0 1
0.072234402566822 1 0 0 0 0 0 0 0 0 0 1 1 0 1 0 1 0
0.151063620200420 0 1 1 0 0 0 1 1 0 0 1 1 1 1 0 1 1
0.084212055674277 1 0 0 0 0 0 0 0 1 1 1 1 0 1 1 1 1
0.101911142041014 0 0 0 1 1 0 0 0 0 1 1 0 1 1 0 1 1
0.085058208163746 1 0 0 0 1 0 1 0 0 1 1 1 1 0 0 1 1
0.066076218898610 1 0 0 0 1 0 0 0 0 0 1 0 1 1 0 1 0
0.129600288460863 1 0 1 0 0 0 0 0 0 0 0 0 1 1 0 1 0
0.221711717035609 0 0 0 0 0 0 0 0 0 0 1 0 0 1 0 1 1
0.095399436020680 1 0 1 0 0 0 1 0 1 1 1 1 0 1 0 1 0
0.117717968522853 1 0 0 0 0 0 0 0 1 0 1 1 1 0 0 1 0
0.112994559132390 1 0 0 0 1 0 1 1 0 1 1 1 1 0 1 1 1
0.107762787924693 0 0 1 0 0 0 0 0 1 1 0 1 1 1 1 1 1
0.084994866895409 1 0 0 1 0 0 0 0 0 0 1 0 0 1 1 0 0
0.083134704819849 1 0 1 0 0 0 0 1 0 1 1 1 0 1 0 1 0
0.075534089244511 1 0 0 1 0 0 0 0 0 1 0 1 0 1 0 1 0
0.131802880999173 0 0 1 0 0 1 0 0 1 1 1 1 1 0 0 1 1
0.112445707221869 1 0 0 0 0 0 0 0 1 0 1 0 1 1 1 0 0
0.124018736063184 0 1 1 0 0 1 0 0 1 1 1 1 0 1 1 0 1
0.068111433919252 1 0 0 0 0 1 0 0 0 0 1 0 0 1 1 0 1
0.119074953341196 1 0 0 0 0 0 0 0 0 0 0 0 1 1 1 0 1
0.065913616720214 1 0 0 0 0 1 0 0 0 0 0 1 1 0 1 1 0
0.166812257614582 1 0 0 1 1 0 0 0 0 1 1 0 1 1 1 1 0
0.125477582125537 1 0 0 1 0 0 0 0 1 0 0 1 1 1 1 1 0
0.102649234695532 1 0 0 1 0 0 0 0 1 1 1 0 0 0 1 0 1
0.117365396824189 1 0 0 0 0 0 0 0 0 1 0 1 1 1 0 1 0
0.196387930871113 1 0 0 0 1 0 0 0 0 0 0 0 0 1 0 0 0
0.114024689275501 1 0 0 1 0 0 0 1 1 1 0 1 0 1 1 0 0
0.078868114684138 1 0 0 0 1 0 0 0 1 0 1 0 1 1 1 0 1
0.089028320937245 1 0 0 0 1 0 0 0 0 1 1 0 0 0 1 0 1
0.046939169099102 1 0 0 0 0 0 0 0 0 0 0 1 0 0 1 1 0
0.052478910894628 1 0 0 0 0 0 0 0 0 0 0 0 0 0 1 1 0
0.054235265521936 1 0 0 0 0 0 1 0 0 0 1 0 1 0 0 1 1
0.076901501707271 0 0 1 0 0 0 0 1 0 0 0 1 0 1 1 1 0
0.106946405946815 0 0 1 1 0 0 0 0 0 1 0 1 0 1 0 1 0
0.069065600850764 1 0 0 0 0 0 1 0 0 0 0 1 0 0 0 1 1
0.135069209420125 1 0 0 1 0 1 0 1 0 0 0 1 1 1 1 0 0
0.049511881741499 1 0 0 0 0 0 0 0 0 0 1 0 0 0 0 1 1
0.176014609577227 1 1 0 0 1 0 0 1 0 0 1 1 0 0 1 0 0
0.089195201257337 0 0 1 0 1 0 0 0 0 1 1 0 1 1 1 0 1
0.113770541116740 0 0 0 1 0 0 0 1 0 0 0 1 0 1 0 1 0
0.143092542904168 0 1 1 0 0 1 0 1 0 0 1 1 1 1 1 0 0
0.114992185243838 0 0 1 0 1 0 0 0 0 1 1 1 0 1 0 1 0
0.096370924391457 1 0 0 0 0 1 0 0 0 0 0 0 1 1 1 1 0
0.131524936749884 1 1 0 0 0 1 0 0 1 0 0 1 1 0 1 0 0
0.155733241328178 1 0 0 0 1 1 0 0 0 0 1 0 1 0 1 0 0
0.064599736677121 1 0 0 0 0 1 0 0 1 0 0 1 1 0 1 0 1
0.152628247302018 0 0 1 0 0 0 0 1 1 0 0 1 1 1 1 0 0
0.083006899129925 1 0 0 0 0 1 0 1 0 1 1 1 0 0 1 1 1
0.067842647327346 1 0 0 1 0 0 0 0 0 1 1 0 1 1 0 0 1
0.075052332811835 1 0 0 0 0 0 0 0 0 0 0 1 1 0 1 0 1
0.083603636308682 1 0 0 0 1 0 0 0 0 1 1 1 0 1 1 1 0
0.098477427303427 0 0 1 0 0 1 0 0 0 1 0 1 0 0 1 1 1
0.056509509136464 1 0 0 0 0 0 0 0 1 0 0 0 0 1 1 1 0
0.073053483562218 1 0 0 0 0 0 1 0 1 1 0 1 0 0 1 1 1
0.077959603099394 1 0 0 0 0 1 0 0 0 0 0 1 0 1 1 1 0
0.113123151140316 0 1 0 1 0 0 0 1 1 1 0 1 1 0 1 0 1
0.114492030996109 0 0 0 1 0 0 0 0 0 1 1 1 0 0 0 1 1
0.094402563519922 0 0 1 0 1 0 0 0 0 1 1 0 0 1 1 1 0
0.107664310419507 1 0 0 1 0 1 0 0 0 1 1 0 1 1 1 0 0
0.051388943275104 1 0 0 0 0 0 0 0 0 1 1 0 1 0 0 1 1
0.209585251148752 0 1 1 0 1 1 0 1 0 1 1 1 1 0 0 0 1
0.111923825716536 0 1 1 0 0 0 0 0 0 1 1 1 0 1 1 1 0
0.177899129094300 1 0 0 1 0 1 0 0 0 0 1 1 0 0 0 1 0
0.088235353540486 1 1 0 0 0 0 0 1 0 0 1 1 1 0 0 0 1
0.083243840707677 1 0 1 0 0 0 0 0 1 1 1 0 0 1 1 0 1
0.058105405678096 1 0 0 0 0 0 0 1 1 0 0 1 1 0 0 1 1
0.151037373117090 1 0 1 0 1 0 0 0 0 1 1 0 0 1 1 0 0
0.076778280128266 0 1 0 0 1 0 0 0 0 1 1 1 1 0 1 0 1
0.107124066503403 0 1 0 0 1 0 0 0 1 1 1 1 1 1 1 1 0
0.145476568543975 0 1 0 1 1 0 0 0 1 1 1 1 1 1 1 0 1
0.102085771144059 0 1 1 0 0 0 0 0 1 0 1 1 1 1 0 1 0
0.097652393119697 1 0 0 1 0 0 0 0 0 1 1 0 0 1 0 1 1
0.138768665858021 0 0 1 0 1 0 0 1 1 1 1 1 0 1 1 1 1
0.078676273537835 1 0 0 0 0 0 0 0 0 0 1 1 1 0 0 1 1
0.171102876067805 1 0 0 0 1 1 0 1 0 1 0 1 1 0 1 1 1
0.089707448834420 1 0 0 0 1 0 1 0 0 1 1 1 1 1 1 0 1
0.143544050760222 0 1 0 1 1 0 0 0 0 1 1 1 0 1 0 1 0
0.071858100874492 1 0 0 0 0 0 0 1 0 0 0 1 0 0 1 1 1
0.089292505589029 1 1 0 0 0 0 0 1 1 1 0 1 1 0 1 1 0
0.059852253554668 1 0 0 0 0 0 1 0 0 0 1 0 0 1 1 1 0
0.128429544651231 0 0 1 1 0 0 0 0 1 1 1 0 0 1 0 1 1
0.072070638727315 0 0 1 0 0 0 0 0 1 0 0 1 0 0 1 1 0
0.164349772743742 0 0 0 1 1 0 0 0 0 1 0 0 0 1 0 1 0
0.122679747213695 0 0 1 0 0 0 0 0 0 0 1 1 0 1 1 1 0
0.136081970415079 0 1 1 0 0 0 0 1 1 0 0 1 0 1 0 1 0
0.121160889425392 0 0 1 0 0 0 0 1 1 1 0 1 0 0 1 1 1
0.095110109582956 0 1 0 1 0 0 0 0 0 1 0 1 1 0 0 1 1
0.101987447234652 0 0 1 0 1 0 0 0 1 0 0 1 0 1 1 1 0
0.088730718756807 1 0 0 1 0 0 0 1 0 1 1 1 0 1 0 1 0
0.087857511040431 0 1 0 0 1 0 0 0 1 1 1 1 1 0 0 1 1
0.107106211568201 1 0 0 0 0 1 0 1 0 0 0 1 1 0 1 0 0
0.149614723982780 1 0 1 0 0 0 0 0 1 0 0 1 0 0 0 1 0
0.077249554080918 0 1 0 0 0 1 0 0 0 1 1 1 1 0 1 1 1
0.087475715077002 0 1 0 0 0 0 0 0 0 0 0 1 1 0 1 1 0
0.109794620372644 1 1 0 0 0 1 0 1 0 1 1 1 1 0 1 0 1
0.208671900659782 1 1 1 0 0 0 0 1 0 1 1 1 1 1 0 1 0
0.111033655825334 0 0 1 0 0 0 1 0 0 1 0 1 0 0 1 1 0
0.066524624096404 0 1 0 0 0 1 0 0 0 0 0 1 1 0 1 0 1
0.082198771301510 0 1 1 0 0 0 0 0 1 1 1 1 1 0 1 0 1
0.135505026170324 0 1 0 0 1 1 0 0 0 0 1 1 1 1 1 0 1
0.051417573930919 1 0 0 0 0 0 0 0 1 1 1 0 0 0 1 1 1
0.168740469836774 1 1 0 0 0 0 0 0 0 0 0 1 0 0 1 1 0
0.072587152847960 0 1 0 0 0 0 0 1 1 0 0 1 1 0 1 1 1
0.093318233104232 1 0 0 0 0 1 0 0 1 1 0 1 0 0 1 1 0
0.096456375166627 1 0 0 0 0 0 1 1 1 0 0 1 1 0 1 1 0
0.068846391697538 1 0 0 0 0 0 1 0 0 1 1 1 0 0 0 1 1
0.086801637664196 0 1 0 0 1 0 0 0 1 0 0 1 1 0 1 0 1
0.063080692156827 0 0 1 0 0 0 0 0 1 0 0 0 1 0 1 1 0
0.075129603162784 0 0 1 0 0 1 0 0 0 0 0 1 1 0 1 0 1
0.046597753766783 1 0 0 0 0 0 0 0 1 0 0 0 1 0 0 1 1
0.059522326281965 0 0 1 0 0 0 0 0 1 0 0 0 0 1 1 1 0
0.133107627297800 1 0 1 0 0 1 0 0 1 0 1 0 1 1 0 0 1
0.089048761948808 1 0 0 0 0 1 1 0 0 1 1 1 0 1 0 1 1
0.081635789236418 1 1 0 0 0 0 0 1 1 1 0 1 1 0 1 0 1
0.120562941870737 0 1 0 0 1 0 0 1 1 1 0 1 1 0 1 1 0
0.055974830927436 0 0 1 0 0 0 0 0 1 0 0 0 1 0 1 0 1
0.085233551007731 0 1 1 0 0 0 0 0 1 1 1 0 1 1 0 0 1
0.091562985737596 0 0 1 0 0 0 0 0 0 0 0 0 0 0 1 1 1
0.048557153664538 0 0 0 1 0 0 0 0 0 0 0 0 1 0 0 1 1
0.073567236492786 0 0 0 1 0 0 0 0 1 0 0 0 0 0 1 1 0
0.083290137169728 0 0 0 1 0 0 1 0 0 0 0 1 1 0 0 1 1
0.079422395311889 0 0 0 1 0 0 0 0 0 0 0 1 0 0 1 1 1
0.108152751220373 0 0 0 1 0 0 0 0 1 1 0 0 1 0 0 1 1
0.136796470657970 1 0 0 1 0 0 0 1 0 0 1 0 1 0 0 0 1
0.083805455611371 0 0 0 1 0 0 0 0 0 0 0 1 1 0 0 1 0
0.122020835895086 0 0 0 0 1 0 0 0 0 0 0 1 1 0 1 1 1
0.123149003373559 0 1 0 1 0 0 0 1 1 0 0 1 1 1 0 1 1
0.054309494262667 0 0 1 0 0 0 0 0 1 0 0 0 1 0 0 1 1
0.082027363362111 0 1 0 0 0 1 0 0 1 0 0 1 1 0 1 1 0
0.056066697107931 0 0 1 0 0 0 0 0 0 0 1 0 1 0 0 0 1
0.090558176244070 0 1 0 0 1 0 0 1 0 0 1 1 1 0 1 0 1
0.037127255791891 1 0 0 0 0 0 0 0 0 0 1 0 0 0 1 0 1
0.097017872437102 1 0 0 0 1 0 0 1 1 0 0 1 1 1 1 1 0
0.070259384659982 0 0 1 0 0 0 1 0 0 0 0 1 1 0 0 1 1
0.132445951217318 0 1 1 0 0 0 0 0 1 0 1 0 1 0 0 0 1
0.150227397393809 0 1 1 0 0 1 0 0 1 1 0 1 1 1 1 0 1
0.068453417158907 0 0 1 0 0 0 0 0 0 1 0 0 1 0 0 0 1
0.090103116859884 0 0 1 0 0 0 0 0 0 1 1 0 1 0 1 0 1
0.188089815841284 0 0 1 1 0 0 0 0 0 0 0 0 1 0 0 0 1
0.143248855313709 0 1 1 0 1 0 0 0 1 1 1 1 1 1 0 0 0
0.091773319525533 1 0 1 0 0 0 1 0 1 1 1 0 1 1 0 0 1
0.110036778444882 1 0 0 0 0 1 0 0 0 0 0 0 1 0 0 0 1
0.064321346372286 0 0 1 0 0 0 0 0 1 0 0 0 1 1 0 0 1
0.035361203930038 0 1 0 0 0 0 0 0 0 0 0 1 1 0 0 0 1
0.117703617850738 0 1 0 0 0 0 0 0 1 0 1 1 1 0 0 0 1
0.058598866048858 0 1 0 0 0 0 0 1 0 0 0 1 1 0 1 0 1
0.076459782828711 0 1 0 0 0 0 0 0 1 1 0 1 1 0 0 1 1
0.047571497260192 0 0 1 0 0 0 0 0 0 0 0 1 1 0 0 0 1
0.100988278762061 0 1 0 1 0 0 0 1 1 1 1 1 0 1 1 1 0
0.156063308175831 0 1 0 1 0 0 0 0 0 0 0 1 1 0 0 0 0
0.060888639160687 0 1 0 0 0 0 1 0 0 0 0 1 1 0 0 1 1
0.161143016811174 1 1 0 0 1 0 0 1 1 1 1 1 1 1 1 1 0
0.095881729852829 0 1 0 0 1 0 0 0 0 0 0 1 1 0 0 0 1
0.034710550917402 0 0 1 0 0 0 0 0 0 0 0 0 1 0 0 1 0
0.085740244277197 0 0 1 0 1 0 0 0 0 0 1 0 1 1 0 1 0
0.036569501621112 1 0 0 0 0 0 0 0 0 0 1 0 0 0 1 1 0
0.088182274874814 0 0 0 1 0 1 0 0 0 0 0 1 1 1 0 1 1
0.135175006878730 0 1 0 1 0 1 0 0 0 1 1 1 1 1 0 1 1
0.060590310164322 0 0 0 1 0 0 0 0 1 0 0 0 0 1 0 1 1
0.122462098800854 1 0 0 1 1 0 0 0 0 1 1 1 1 1 0 0 0
0.102680123233605 1 0 0 0 1 0 1 0 1 1 1 0 1 1 0 1 1
0.135651331292085 0 0 0 1 1 0 0 0 1 0 1 0 0 1 1 0 1
0.133093462709504 1 0 0 1 0 1 0 0 1 1 0 1 0 1 1 0 1
0.171542679067251 0 1 1 0 1 0 0 0 1 1 1 0 1 1 1 1 0
0.091264313629003 0 1 0 0 0 1 0 0 0 0 1 1 1 0 0 1 0
0.130436149038401 1 0 1 1 0 0 0 1 1 1 1 1 0 1 1 0 0
0.050746657437653 0 0 1 0 0 0 0 0 0 0 0 1 0 1 0 1 0
0.039452279819540 0 1 0 0 0 0 0 0 0 0 0 1 0 0 1 0 1
0.163878111164604 0 1 1 0 0 0 0 0 0 1 0 1 0 0 0 0 1
0.058828391891890 0 1 0 0 0 0 1 0 0 0 0 1 1 0 1 0 1
0.161508667678860 0 1 0 0 1 1 0 0 1 1 1 1 0 0 1 1 1
0.172146594379055 0 1 1 0 0 1 0 1 1 1 1 1 1 1 1 1 1
0.063242971046622 0 1 0 0 0 0 0 0 1 0 0 1 0 1 1 0 1
0.078223759601174 1 0 0 0 1 0 0 0 0 0 1 1 0 1 1 0 1
0.107814822514075 0 0 0 0 0 1 0 0 0 0 0 1 1 0 0 1 1
0.187217003901443 0 0 1 0 1 0 0 0 1 0 0 0 1 0 0 1 0
0.083109119290845 1 1 0 0 0 0 0 0 0 1 1 1 0 1 0 0 1
0.098992987115178 0 0 0 1 0 0 0 0 1 0 0 0 1 1 0 1 0
0.091653514268982 0 0 1 0 0 0 0 0 0 0 0 0 1 1 0 1 1
0.082228211585752 0 1 0 0 1 0 0 0 0 0 1 1 1 0 0 1 0
0.060461111667182 1 0 0 0 0 0 0 0 0 1 1 0 0 0 1 1 1
0.088130480859657 1 0 1 0 0 0 0 1 1 1 1 1 1 1 1 0 1
0.062722520939103 0 0 0 1 0 0 0 0 1 0 0 0 0 1 1 0 1
0.109608182495672 0 1 0 0 1 0 1 0 0 1 1 1 1 0 0 1 1
0.077041861955832 0 1 0 0 0 0 0 0 0 1 0 1 1 0 1 0 1
0.047483531772209 1 0 0 0 0 0 0 0 1 0 0 0 0 0 1 0 1
0.103917204115743 0 0 1 0 1 0 0 1 0 0 1 1 1 1 1 0 1
0.078452480618192 1 0 0 0 1 0 0 0 0 1 1 1 1 1 0 0 1
0.070285305023629 1 0 0 0 1 0 0 0 1 1 0 1 1 0 1 0 1
0.070917125624155 1 0 0 0 1 0 0 0 1 1 1 1 0 0 1 1 1
0.093119388186287 1 0 0 1 0 0 1 0 0 1 1 0 1 1 0 1 0
0.060530460669718 0 0 1 0 0 0 0 0 0 0 0 1 1 0 0 1 0
0.045216508745698 1 0 0 0 0 0 0 0 1 0 0 0 1 0 0 1 0
0.069198866687759 1 0 0 0 0 0 0 0 1 0 0 1 0 0 1 1 1
0.083143834089120 1 0 1 0 0 0 0 1 1 1 1 0 1 0 1 0 1
0.105413845763221 0 0 0 1 1 0 0 0 0 0 1 1 1 1 0 1 0
0.060959465096361 0 0 1 0 0 0 0 0 0 0 0 0 0 0 0 1 0
0.070945953661071 0 0 1 0 0 0 0 0 1 0 0 1 0 1 1 0 1
0.053706628807610 0 0 0 1 0 0 0 0 0 0 0 1 0 1 0 0 1
0.103075556678933 0 0 0 1 1 0 0 0 0 1 0 1 0 1 1 0 1
0.117922363436720 0 1 0 1 0 0 0 0 0 0 0 1 0 1 0 0 1
0.163709978396183 0 1 0 1 1 0 0 1 1 0 1 1 1 0 1 1 0
0.090282890205308 0 1 1 0 0 0 0 1 1 1 1 1 0 1 1 0 1
0.163965796897878 0 0 1 1 1 0 0 1 0 1 1 1 1 1 0 0 1
0.104462231533329 1 0 0 0 0 1 0 0 1 0 0 0 0 1 1 0 0
0.072087945133545 1 1 0 0 0 0 0 0 1 1 1 1 0 0 1 0 1
0.049212853869744 0 1 0 0 0 0 0 0 1 0 0 1 0 0 1 0 1
0.071608217955580 1 0 0 0 0 1 0 0 1 1 0 1 1 0 1 1 1
0.072457830662607 0 0 0 1 0 0 0 0 0 0 0 1 0 1 0 1 1
0.062472782624642 0 0 0 1 0 0 0 0 0 0 0 0 0 0 0 0 1
0.112384567776015 1 0 0 1 0 0 0 0 0 0 0 0 1 1 0 0 0
0.085276033769671 0 0 0 1 0 1 0 0 0 0 0 1 0 1 1 0 1
0.080159431371495 0 1 0 0 1 0 0 0 0 0 1 1 0 1 1 0 1
0.058254542970486 1 0 0 0 0 1 0 0 0 0 1 1 0 0 1 0 1
0.101830098782061 0 0 1 0 0 0 0 1 0 0 0 0 1 0 0 0 1
0.079789879371612 1 0 0 0 0 1 0 1 0 0 1 1 1 1 1 0 1
0.102573905109634 0 1 0 0 1 0 0 0 1 0 0 1 0 1 1 0 0
0.081610880143900 1 0 1 0 0 0 0 0 1 1 1 0 1 1 0 1 0
0.070000418806342 1 0 0 0 0 1 0 0 0 1 0 1 0 0 1 0 1
0.075963002280145 0 1 0 0 0 0 0 0 0 0 1 1 1 0 0 1 1
0.126154932068264 0 1 0 1 0 0 0 1 1 1 1 0 0 1 1 0 1
0.079071744689020 0 0 0 1 0 0 1 0 0 0 0 1 0 1 1 0 1
0.059453132860532 0 0 0 0 1 0 0 0 0 0 0 1 0 0 1 0 1
0.175834316462945 0 0 0 0 0 0 0 0 0 0 0 1 0 0 1 0 1
0.146471817457848 0 0 1 0 1 1 0 0 0 1 1 1 0 1 1 0 1
0.118256223882843 0 0 1 0 1 0 0 0 0 0 0 1 0 0 1 0 1
0.074521176103919 0 0 0 0 1 0 0 0 0 0 0 1 0 0 1 1 0
0.185879003596226 0 0 0 1 1 0 0 0 0 0 0 1 0 0 1 0 0
0.144462994162810 0 0 1 1 0 0 0 1 1 1 0 1 0 1 1 0 1
0.108213169669255 0 0 0 0 1 1 0 0 0 0 0 1 1 1 1 1 0
0.108671484795934 0 0 0 0 1 0 0 0 0 0 1 0 0 1 1 1 0
0.123728647958775 0 1 0 0 1 0 0 0 1 1 0 1 0 0 1 0 1
0.089111817158423 0 0 1 0 1 0 0 0 0 0 1 0 1 1 1 0 0
0.107300009895315 0 1 0 0 1 0 0 1 0 0 1 1 1 1 1 0 0
0.151558250411737 0 0 0 1 1 0 0 1 0 1 1 1 0 1 0 1 1
0.064330837552853 0 1 0 0 0 0 0 0 1 0 0 0 1 0 0 1 0
0.090743470846588 0 1 0 0 1 0 0 0 1 0 1 0 1 1 0 1 0
0.084739057979759 0 1 0 0 1 0 0 0 1 0 0 1 1 1 0 1 0
0.104479915827645 0 0 0 1 0 1 0 0 0 0 1 0 1 0 0 1 1
0.080016434201190 1 0 0 1 0 0 0 0 0 1 1 1 0 1 1 0 1
0.097312875481995 1 1 0 0 0 0 0 1 0 0 1 1 0 1 1 0 0
0.056617252898975 0 0 0 1 0 0 0 0 0 0 0 0 0 0 0 1 0
0.127085891709609 0 0 0 0 1 0 0 0 1 0 0 1 0 1 1 1 0
0.124943520307158 0 0 0 0 1 0 0 0 0 0 1 0 1 0 0 1 0
0.035890639397949 0 1 0 0 0 0 0 0 0 0 0 0 1 0 0 0 1
0.058490884274442 0 1 0 0 0 0 0 0 0 1 1 0 1 0 0 1 1
0.048215320732124 0 1 0 0 0 0 0 0 1 0 0 0 1 0 0 1 1
0.036048384613594 0 1 0 0 0 0 0 0 0 0 1 0 0 0 1 0 1
0.120352363402370 0 1 0 0 1 0 0 0 0 0 1 0 0 0 1 0 1
0.058004939297004 0 1 0 0 0 0 0 0 1 0 1 0 0 0 1 1 1
0.053445470902602 0 1 0 0 0 0 0 0 1 0 0 0 0 0 1 0 1
0.074517421741695 0 1 0 0 0 1 0 0 0 0 1 1 0 0 1 0 1
0.034483138311091 0 1 0 0 0 0 0 0 0 0 1 0 0 1 0 0 1
0.068256596896588 0 1 0 0 0 1 0 0 0 0 1 0 1 1 0 0 1
0.070949777410781 0 1 0 0 0 1 0 0 0 0 1 0 1 1 0 1 0
0.062655096959921 0 1 0 0 0 0 1 0 0 0 1 0 0 1 1 0 1
0.042058753811745 0 1 0 0 0 0 0 0 0 0 0 0 1 1 0 0 1
0.050473833094733 0 1 0 0 0 0 0 0 0 0 1 0 0 1 1 0 0
0.111117874506577 0 1 0 0 0 1 0 0 0 0 0 0 1 1 0 0 0
0.072390438298687 0 1 0 0 0 0 0 0 1 0 1 0 0 1 1 1 0
0.148795135228081 1 1 0 1 0 0 0 1 1 1 1 1 1 1 0 1 0
0.059945604310198 0 1 0 0 0 0 0 0 0 0 1 0 1 1 0 0 1
0.066001172087249 0 1 0 0 0 0 0 0 0 1 1 0 0 1 1 0 1
0.050233588189013 0 1 0 0 0 0 0 0 0 0 1 0 0 0 0 1 0
0.113352430419557 0 1 0 0 0 1 0 0 0 0 1 0 0 0 0 1 1
0.096156655598918 0 1 0 0 1 0 0 0 1 0 1 1 0 0 1 1 0
0.073482727091116 1 0 0 0 1 0 0 1 0 0 1 1 1 0 1 0 1
0.071444621843728 1 0 0 0 0 1 0 0 1 0 1 0 1 0 1 0 1
0.156085654643560 0 0 0 1 1 1 0 0 0 1 1 1 1 1 0 0 1
0.127032316908367 0 1 0 1 0 0 0 0 1 0 1 0 0 0 1 1 0
0.060207784898670 1 0 0 0 0 1 0 0 0 0 1 0 1 1 0 1 0
0.087825101458056 1 0 1 0 0 0 0 0 0 1 1 0 1 0 0 0 1
0.105920490075179 0 0 0 0 1 1 0 0 0 0 1 1 0 0 1 1 1
0.078001119163202 1 0 0 0 1 0 0 0 1 0 1 1 0 0 1 0 1
0.162830272442342 1 1 0 0 0 0 0 0 0 0 1 0 0 1 0 0 0
0.087426301651486 0 1 0 0 0 1 0 0 0 0 1 0 0 1 1 0 0
0.057421119002281 0 1 0 0 0 0 0 1 0 0 1 0 0 1 1 0 1
0.109993861429791 0 0 0 1 0 1 0 0 0 1 0 1 0 0 1 1 1
0.046010322306857 0 0 0 1 0 0 0 0 0 0 1 0 0 0 0 1 1
0.111184105740147 1 1 0 0 0 1 0 0 1 1 1 1 0 1 1 0 1
0.058658029027430 0 1 0 0 0 0 0 1 0 0 0 0 1 0 0 1 1
0.100919995318730 0 1 1 0 0 0 0 0 0 0 1 0 1 1 1 0 0
0.086471114356139 1 0 0 1 0 0 0 1 1 1 0 1 1 1 0 0 1
0.094338358923578 0 0 1 0 0 1 0 0 1 0 1 0 1 1 1 0 1
0.067718549222000 1 1 0 0 0 0 0 1 1 1 1 1 1 0 0 1 1
0.174583734936333 0 1 1 0 1 0 0 1 0 1 1 1 1 1 1 0 1
0.069023642845592 0 1 0 0 0 1 0 0 0 0 1 0 1 0 1 1 0
0.041468594226879 0 1 0 0 0 0 0 0 0 0 0 0 0 0 1 1 0
0.124159130629387 0 1 0 0 0 0 0 0 0 0 0 0 1 0 1 1 1
0.067563287670512 0 1 0 0 0 0 0 1 0 0 1 0 0 0 1 1 0
0.031405439338888 0 1 0 0 0 0 0 0 0 0 0 0 0 1 0 1 0
0.103310905687070 0 1 0 0 1 0 0 0 0 1 1 0 0 1 0 1 0
0.060939385687900 0 1 0 0 0 0 0 1 0 0 0 1 0 1 0 0 1
0.099883457458560 0 0 1 0 1 0 0 0 0 1 1 1 1 1 0 0 1
0.105697028134066 1 1 0 0 1 0 0 0 1 1 1 1 1 0 0 0 1
0.179765580098894 1 0 1 1 1 0 0 1 1 1 1 1 1 1 0 0 0
0.081702206649968 0 0 1 0 0 1 0 0 0 0 0 0 1 0 1 1 0
0.040546305603505 0 1 0 0 0 0 0 0 0 0 0 0 0 1 0 0 1
0.164066818600063 0 1 1 1 0 0 0 1 1 1 1 1 1 1 1 0 0
0.112409451280933 0 1 0 1 0 0 0 1 0 1 1 1 0 0 1 1 1
0.027429320929304 0 1 0 0 0 0 0 0 0 0 0 0 0 1 1 0 0
0.091732489552129 0 0 1 1 0 0 0 0 0 1 1 1 1 1 0 0 1
0.103410874831709 1 0 0 0 1 1 0 0 1 1 1 1 1 1 0 1 0
0.088507927678919 1 0 0 0 1 0 0 0 1 1 1 0 1 1 0 1 0
0.103770244074479 0 1 1 0 0 0 0 0 0 1 0 0 1 1 0 1 0
0.116370795612067 0 1 0 0 1 1 0 0 0 0 1 1 1 1 0 1 0
0.059602647389458 0 1 0 0 0 0 0 0 0 0 0 0 0 0 1 0 0
0.056036846839525 0 1 0 0 0 0 0 1 0 0 0 0 1 1 0 1 0
0.094262954421760 0 1 0 0 1 0 0 0 0 0 0 1 0 1 1 1 0
0.116524114975932 0 0 1 0 1 0 0 0 1 0 1 0 0 1 1 0 1
0.120205238630300 0 1 0 1 0 0 0 1 0 0 0 1 0 1 1 0 0
0.079636929046258 0 0 1 0 0 1 0 0 0 0 0 1 0 1 1 1 0
0.065246661495171 0 1 0 0 0 0 1 0 0 0 0 0 0 1 1 1 0
0.152547119715180 1 0 1 1 0 0 0 0 1 1 1 1 1 1 0 1 0
0.098366790490596 0 0 1 1 0 0 0 0 0 0 1 1 0 1 0 0 1
0.118628207214410 1 1 0 0 0 1 0 0 1 1 1 1 1 1 0 1 0
0.031991387311395 0 0 1 0 0 0 0 0 0 0 0 0 0 1 1 0 0
0.067530522539174 0 0 1 0 0 0 0 0 0 0 0 0 1 1 1 0 0
0.161309473643236 0 1 1 0 0 0 0 0 0 0 0 0 0 1 1 0 0
0.064548467130106 0 0 0 1 0 0 0 0 0 0 0 0 0 1 1 1 0
0.076634696057247 0 0 1 0 0 0 0 0 0 1 0 1 0 1 0 0 1
0.062606868838612 0 1 0 0 0 0 0 0 0 1 0 0 0 1 1 1 0
0.073156846929860 0 1 0 0 0 0 0 1 1 0 0 0 0 1 1 1 0
0.045648813690072 1 0 0 0 0 0 0 0 1 0 1 0 1 0 0 1 1
0.053394854724548 0 1 0 0 0 0 0 0 0 0 0 1 0 1 1 0 0
0.095609235126357 1 0 0 1 0 1 0 0 0 1 1 1 1 1 0 0 1
0.074051072491282 0 0 1 0 0 0 1 0 0 0 0 0 0 1 1 0 1
0.044000858918501 0 1 0 0 0 0 0 0 0 0 1 0 0 0 0 1 1
0.070081325133827 0 0 0 1 0 0 0 0 0 0 1 0 0 1 1 0 1
0.103918472357269 1 0 0 0 1 0 0 0 1 1 0 1 0 0 0 1 1
0.098218027565587 1 0 0 0 0 0 1 0 1 0 1 0 0 0 1 0 1
0.069081561610407 0 1 0 0 0 0 1 0 0 0 0 1 0 1 0 0 1
0.127593357743555 0 0 1 0 1 0 1 0 0 0 1 1 0 1 1 1 0
0.093024323047329 1 0 0 1 0 0 1 0 0 1 0 1 1 1 0 0 1
0.108512115470241 1 0 1 0 0 0 1 0 0 1 1 1 0 1 0 1 1
0.122040244397568 0 0 0 1 0 0 1 0 0 0 0 0 0 1 0 0 1
0.123406190882587 0 1 0 0 0 1 1 0 1 0 1 1 1 0 1 1 1
0.104972438409669 1 0 1 0 0 0 1 1 0 1 1 1 0 1 1 1 0
0.062392152407357 1 0 0 0 0 0 1 0 0 0 1 0 1 1 0 1 0
0.150542041407212 0 1 0 1 1 0 0 0 0 1 1 0 1 1 0 1 0
0.085093410846654 1 0 0 0 0 0 1 1 0 1 0 1 1 0 0 1 1
0.085266499264931 1 0 0 1 0 0 1 0 1 1 1 1 1 1 0 1 1
0.098512945947332 0 1 1 0 0 0 0 0 0 1 1 0 1 0 0 1 0
0.122279541807431 0 0 1 1 0 0 1 0 0 1 1 1 1 1 0 1 1
0.130278250656863 0 1 0 0 0 0 1 1 0 0 0 1 0 0 1 0 1
0.103513342374428 1 1 0 0 0 0 1 0 1 1 1 1 1 1 0 1 1
0.090408439565236 0 1 0 0 0 0 0 1 1 0 0 0 1 1 0 0 1
0.060282338673275 0 1 0 0 0 0 1 0 0 0 0 0 1 1 0 0 1
0.087623737500741 0 0 1 0 0 0 1 0 0 0 1 0 1 1 0 0 1
0.085024454634550 1 0 0 0 0 1 1 0 0 1 1 1 1 0 1 1 1
0.097351455578199 1 0 0 1 0 0 1 0 0 1 1 1 0 1 1 1 0
0.068854949311339 0 0 1 0 0 0 1 0 0 0 0 0 0 1 1 1 0
0.092122084299739 1 0 0 1 0 0 0 1 1 1 1 0 0 1 1 1 0
0.111954893824930 0 0 1 0 0 1 0 0 0 0 0 0 0 1 1 0 0
0.059606875215166 0 0 1 0 0 0 0 0 0 0 0 0 0 0 1 0 0
0.080125927941051 1 0 0 0 1 0 0 0 0 1 0 1 0 0 1 0 1
0.144728095659155 0 0 1 0 0 1 0 1 1 0 0 1 1 0 1 1 1
0.142502151895932 0 0 1 1 0 1 0 0 0 1 1 1 1 1 1 0 1
0.090483324215664 0 0 0 1 1 0 0 0 0 0 0 1 1 1 0 0 1
0.077325553590712 0 0 1 0 0 0 0 0 1 1 0 0 0 1 1 0 1
0.065949655082386 1 0 0 0 0 0 1 0 1 0 0 1 1 1 0 1 1
0.067145814687030 1 0 0 0 0 1 0 0 1 1 1 0 1 1 0 1 1
0.077147025263193 0 1 0 0 0 1 0 0 0 0 0 1 0 1 1 1 0
0.125066277128045 0 1 1 0 0 0 1 0 0 1 1 1 1 1 1 0 1
0.111211190531131 0 0 1 0 0 1 0 0 0 1 1 0 1 1 0 0 1
0.106105850101428 1 0 1 0 0 0 0 1 0 0 0 1 0 1 1 0 0
0.070674331548646 1 0 0 0 0 0 0 1 0 0 0 1 0 1 1 1 0
0.146866250212905 0 0 1 0 1 0 0 1 0 0 0 1 0 1 1 0 0
0.100569212056907 1 0 0 0 1 0 1 0 1 0 0 1 1 1 0 1 0
0.073800868285587 1 1 0 0 0 0 0 1 1 1 1 1 0 1 0 1 1
0.133094108574763 0 1 0 1 0 1 0 1 0 1 1 1 1 0 1 1 0
0.090705028038724 1 0 0 1 0 0 0 1 1 1 0 1 1 1 0 1 0
0.079235746909924 1 0 0 0 1 0 0 1 1 0 1 1 1 1 0 1 1
0.067352315063139 0 1 0 0 0 0 0 1 0 0 0 1 1 1 0 0 1
0.035941458110665 0 1 0 0 0 0 0 0 0 0 0 1 0 0 0 1 0
0.048708452659191 0 1 0 0 0 0 0 0 1 0 0 1 0 0 0 1 1
0.076707337077690 0 1 0 0 0 1 0 0 0 1 1 0 1 1 1 0 1
0.050984987628110 0 1 0 0 0 0 0 0 0 0 1 1 0 0 0 0 1
0.038051523182899 1 0 0 0 0 0 0 0 0 0 0 1 0 0 0 0 1
0.077147855266922 1 0 0 1 0 0 0 0 0 1 0 1 1 0 0 0 1
0.100154631814774 1 0 0 1 0 0 0 0 1 0 0 1 0 1 0 0 1
0.029576219904272 1 0 0 0 0 0 0 0 0 0 0 1 0 0 0 1 0
0.091601074149191 1 0 0 0 1 0 0 0 0 0 1 1 0 0 0 1 0
0.050661866952763 0 0 0 0 1 0 0 0 0 0 0 1 0 0 0 1 1
0.091468667880365 1 1 0 0 0 0 0 1 1 0 1 1 0 0 1 0 1
0.140104125272527 0 0 0 1 1 0 0 0 0 0 0 1 0 0 0 1 1
0.073193385285524 1 0 0 0 0 1 0 0 1 0 0 1 1 1 0 1 0
0.173124717571520 0 0 1 0 1 0 1 0 0 1 0 1 0 1 1 1 1
0.046151167043994 0 0 1 0 0 0 0 0 0 0 0 1 0 0 0 0 1
0.141031180750465 0 0 1 0 1 1 0 0 1 1 1 1 1 1 1 1 0
0.081752100638633 1 0 1 0 0 0 0 1 1 1 0 1 1 0 1 0 1
0.052095445325680 1 0 0 0 0 0 0 0 1 1 0 1 0 0 0 1 1
0.126318387955693 1 0 0 1 1 0 0 1 1 1 1 1 1 1 1 0 1
0.102491482756060 0 1 0 0 1 0 0 1 0 0 1 0 1 1 0 1 0
0.098663218199567 0 0 0 1 0 1 0 0 0 1 0 1 1 1 1 0 1
0.093652116884457 0 1 0 0 0 1 0 1 0 0 1 0 1 1 1 1 0
0.043411635577238 0 0 1 0 0 0 0 0 0 0 0 1 0 0 0 1 1
0.099297338714707 0 0 1 0 0 0 1 0 1 0 0 1 0 1 0 1 1
0.108180780504333 1 0 1 0 1 0 0 1 1 1 1 1 1 1 0 0 1
0.061938829214634 0 0 1 0 0 0 0 0 0 0 1 0 0 1 1 0 1
0.128624695060403 0 0 1 0 0 0 1 0 0 0 1 0 1 0 0 1 0
0.092984434413515 1 0 0 0 0 1 1 0 0 0 1 0 1 1 1 0 1
0.107891232691624 0 1 0 0 1 0 1 0 0 0 0 1 1 1 1 0 0
0.133139832117765 0 0 0 1 0 1 1 0 0 0 0 1 1 1 1 1 0
0.065909366202087 0 0 1 0 0 0 0 0 0 1 0 0 0 1 1 1 0
0.072472470650728 0 0 1 0 0 0 0 0 0 1 0 1 1 0 0 1 1
0.104892868626396 1 0 1 0 0 0 0 0 1 1 0 0 1 0 1 0 0
0.066865420614310 0 0 0 0 1 0 0 0 0 0 0 1 0 0 0 0 1
0.074542071664168 1 1 0 0 0 0 0 0 1 1 1 1 0 0 0 1 1
0.067802789711402 1 0 0 0 1 0 0 0 1 0 0 1 1 1 0 0 1
0.046356920007734 1 0 0 0 0 0 0 0 1 0 0 0 1 0 0 0 1
0.101250189807858 0 1 1 0 0 0 0 1 1 1 0 1 1 0 1 1 0
0.066327759154178 1 0 0 0 0 0 0 1 0 1 0 1 0 0 1 1 0
0.117738816857129 0 0 1 1 0 0 0 0 0 1 1 0 0 1 1 0 0
0.131324137449350 0 0 0 1 1 0 1 0 0 1 1 1 1 1 1 0 1
0.071616021666641 0 0 0 1 0 0 0 0 1 0 0 0 0 0 0 1 1
0.081765834693444 1 0 0 1 0 0 0 0 0 1 1 0 1 0 0 1 0
0.101709369626741 0 0 0 0 1 1 0 0 0 0 0 1 1 0 0 1 1
0.125899624437612 0 0 0 1 0 1 0 0 1 0 1 0 0 1 1 1 1
0.085573814695123 0 1 1 0 0 0 0 0 1 1 1 1 0 1 0 1 1
0.067818694120862 0 0 0 1 0 0 0 1 0 0 0 0 0 1 1 0 1
0.094916624123374 0 0 0 1 0 0 0 1 0 0 1 0 1 0 0 1 1
0.138802580161337 0 1 0 1 0 0 1 1 1 1 0 1 1 1 1 1 0
0.036403909316422 0 0 0 1 0 0 0 0 0 0 0 0 0 0 1 0 1
0.099230276349889 0 0 1 0 0 1 0 0 0 0 1 1 0 1 0 0 1
0.029486573960152 0 1 0 0 0 0 0 0 0 0 0 0 1 0 0 1 0
0.112702391321969 0 1 0 0 0 1 1 0 0 1 0 1 1 0 1 1 0
0.063802211591120 0 0 0 1 0 0 0 0 0 1 0 0 0 1 1 0 1
0.035089616347780 0 0 0 0 1 0 0 0 0 0 0 0 0 0 1 0 1
0.060145820795492 0 0 0 0 1 0 0 0 0 0 0 0 0 1 1 0 1
0.067457690270730 0 0 0 0 1 0 0 0 1 0 0 0 0 0 1 1 1
0.037612999649432 0 0 0 0 1 0 0 0 0 0 0 0 0 0 1 1 0
0.039046298439295 0 0 0 0 1 0 0 0 0 0 0 0 0 0 0 1 1
0.077552520733704 0 0 0 0 1 0 0 1 0 0 0 0 0 0 1 1 1
0.065586201647515 0 0 0 0 1 0 0 0 0 1 0 0 0 0 1 1 1
0.095637475176847 0 0 0 0 1 0 1 0 0 0 0 0 0 0 1 1 1
0.133930648418788 0 0 0 0 1 1 0 0 0 0 0 0 0 0 1 1 0
0.054604202226680 0 0 0 0 1 0 0 0 0 0 1 0 0 0 0 1 1
0.132578732773649 0 0 0 1 1 0 0 0 0 0 1 0 0 0 1 1 1
0.092861016474779 1 0 0 0 1 0 0 0 0 0 1 0 1 0 0 0 1
0.113985527202049 1 0 0 0 1 1 0 0 0 1 1 1 0 1 0 1 1
0.288847987849559 1 1 1 1 1 1 0 1 1 1 1 1 1 1 0 0 0
0.100397808473243 0 1 0 1 0 0 1 0 0 1 1 1 1 0 1 0 1
0.086665587046335 0 1 0 0 1 0 0 0 1 0 1 1 0 1 0 1 1
0.034819599524762 0 1 0 0 0 0 0 0 0 0 0 1 0 1 0 0 1
0.073479026030172 1 0 0 0 0 1 0 0 1 0 1 0 1 1 0 0 1
0.154699488791932 0 0 1 0 1 1 0 0 0 0 1 1 1 1 0 1 1
0.112758609509406 0 0 1 1 0 0 0 0 1 0 0 1 0 1 1 1 0
0.056795818393164 1 0 0 0 0 0 1 0 0 0 0 1 1 0 0 0 1
0.076969337252174 1 0 0 1 0 0 0 0 1 1 1 0 1 1 0 1 1
0.109036730950553 1 0 1 0 0 1 0 0 1 1 1 1 0 0 1 0 1
0.079885682061628 0 1 0 0 0 0 0 1 0 0 0 1 1 0 0 1 0
0.121303603150677 1 1 0 0 0 1 0 1 1 0 1 0 1 1 1 0 0
0.103301321160514 0 1 0 1 0 0 0 1 0 1 1 0 1 0 1 1 0
0.078693759441070 1 0 0 0 1 0 0 0 1 0 1 0 0 1 1 1 0
0.114450764361482 0 1 0 0 0 1 0 0 1 1 1 0 1 0 1 0 1
0.081252477832571 1 0 0 0 0 1 0 0 1 0 1 0 1 1 1 1 0
0.083159311975743 1 0 0 1 0 0 1 0 0 1 1 1 1 0 1 0 1
0.085036121132389 1 0 0 1 0 0 0 1 0 1 0 1 1 0 1 1 0
0.094001299835133 1 0 0 1 0 0 0 0 0 1 0 1 0 0 1 0 1
0.080935297085938 1 0 1 0 0 0 1 0 1 1 1 1 1 0 1 0 1
0.076672439004049 1 0 0 0 0 0 1 0 1 1 0 1 1 0 0 1 1
0.056002681079513 1 0 0 0 0 0 0 0 1 1 1 0 0 1 0 1 1
0.151864642641951 1 1 0 0 1 0 1 0 0 0 1 1 1 1 0 0 0
0.076775175871606 0 1 0 0 1 0 0 0 0 0 0 0 1 1 1 0 0
0.062936014874930 0 1 0 0 0 0 1 0 0 0 0 0 1 1 1 0 0
0.072393972025340 1 0 1 0 0 0 0 0 1 1 1 1 0 1 0 0 1
0.110194361583070 0 0 0 1 0 1 0 0 0 0 0 1 0 1 0 1 0
0.058651406860005 0 1 0 0 0 0 1 0 0 0 0 0 1 1 0 1 0
0.094601355000603 1 0 0 0 0 1 0 1 1 1 0 1 1 1 1 1 1
0.091554381258894 1 0 0 0 1 0 1 0 1 0 1 1 1 1 0 0 1
0.028902572345666 1 0 0 0 0 0 0 0 0 0 0 0 1 0 0 1 0
0.087925937545359 0 1 1 0 0 0 0 1 1 1 1 1 1 0 0 1 1
0.052215116865027 0 0 0 0 1 0 0 0 0 0 0 0 1 0 0 1 1
0.046552638109150 1 0 0 0 0 0 0 1 0 0 0 0 1 0 1 1 0
0.049882626297304 1 0 0 0 0 0 0 1 0 0 1 0 0 0 1 1 0
0.087373585162136 0 0 0 1 0 0 0 1 0 0 0 0 0 0 1 1 0
0.086175057304958 1 0 0 0 1 0 0 1 0 0 1 0 1 0 1 1 0
0.061115403955637 1 0 0 0 0 0 0 1 1 0 0 0 1 0 1 0 1
0.064824215978518 1 0 0 0 0 1 0 0 1 0 1 1 0 1 0 1 1
0.076532804414129 0 1 0 0 0 1 0 0 0 0 1 1 0 1 0 0 1
0.091620485314236 1 0 0 1 0 0 0 1 0 1 1 0 1 1 1 0 0
0.091163412882799 1 0 0 0 0 0 1 1 1 0 1 0 1 1 1 1 1
0.089284189921922 0 0 0 0 1 1 0 0 0 0 0 0 1 1 1 0 1
0.127919746134101 0 1 1 0 0 1 0 0 0 1 1 1 1 0 1 1 0
0.098361032329691 0 0 0 0 1 1 0 0 0 0 1 0 1 1 0 1 1
0.057713216496181 0 0 0 0 1 0 0 0 0 0 0 0 1 0 1 0 1
0.093660904681267 0 1 0 0 0 1 0 0 0 1 1 1 0 0 1 1 0
0.086020773447386 1 1 0 0 0 0 1 0 0 1 1 1 1 0 0 0 1
0.066413312665863 0 1 0 0 0 0 0 1 0 0 0 0 1 1 1 0 0
0.129459347922575 1 0 0 0 1 1 0 0 1 1 1 1 1 1 1 1 1
0.094049804377804 0 1 0 0 1 0 0 0 0 0 1 1 0 0 0 1 1
0.079805551953286 0 1 0 0 1 0 0 0 0 1 1 0 1 1 0 0 1
0.067429985217664 0 0 0 0 1 0 0 0 0 0 0 0 1 1 0 0 1
0.081469312716286 0 1 0 0 1 0 0 0 0 1 0 0 1 1 0 1 0
0.056408543363907 1 0 0 0 0 1 0 0 0 0 0 1 1 1 0 0 1
0.057824084624333 1 0 0 0 0 1 0 0 0 0 1 1 1 0 0 1 1
0.059692756567045 1 0 0 0 0 1 0 0 0 1 1 1 0 1 0 1 1
0.051217165592508 1 0 0 0 0 0 1 0 0 0 0 1 0 1 0 1 0
0.057849162534010 1 0 0 0 0 0 1 0 0 0 0 1 1 0 0 1 0
0.060946006402467 1 0 0 0 0 0 0 0 1 1 0 1 0 0 1 0 1
0.052007634651805 1 0 0 0 0 0 0 0 1 0 0 1 0 1 0 1 0
0.055773445107876 1 0 0 0 0 0 1 0 0 0 0 1 0 1 1 0 0
0.093948680492807 0 0 1 0 0 0 1 0 0 0 0 1 0 1 1 0 0
0.060830539416482 1 0 0 0 0 0 0 0 0 0 0 0 0 0 1 0 0
0.102974219966006 1 1 0 0 0 0 1 0 1 1 1 1 0 1 1 1 0
0.042775805859011 0 0 0 1 0 0 0 0 0 0 0 0 0 1 1 0 0
0.100167002804907 1 0 0 1 0 0 0 1 1 1 0 1 1 0 1 1 1
0.071208280319875 0 1 0 0 0 0 0 0 0 1 0 0 0 0 0 1 0
0.128057479008730 1 0 1 0 1 0 0 1 1 1 1 1 0 1 1 1 0
0.087158552230623 1 0 0 0 0 1 1 0 0 0 0 1 1 1 1 0 0
0.161558499455434 1 1 1 0 0 0 0 1 1 1 1 1 1 0 1 0 1
0.091692605039217 1 1 0 0 0 0 0 1 0 1 1 0 1 0 0 1 0
0.156175464075040 1 0 1 0 0 1 0 0 0 0 1 0 1 0 1 0 0
0.112075285769746 1 1 0 0 0 0 1 1 1 0 0 1 1 1 1 0 0
0.140845952401188 1 0 1 0 1 0 0 0 1 1 1 1 1 1 1 0 0
0.092673275414373 0 0 1 0 0 1 0 0 0 1 0 1 1 0 1 1 0
0.107580375880906 0 0 1 1 0 0 0 1 0 0 1 1 1 1 0 1 0
0.054860597692591 0 1 0 0 0 0 0 0 1 0 0 1 0 0 1 1 0
0.109679578234071 1 1 0 0 1 0 0 1 1 1 1 1 1 1 0 0 1
0.057636745229318 1 0 0 0 0 0 1 0 0 1 0 0 1 0 1 1 0
0.098293062470956 1 0 0 0 1 0 1 0 0 1 1 0 1 1 1 1 0
0.063749907032427 0 0 0 1 0 0 0 0 0 1 0 0 0 0 1 1 0
0.095561783505272 0 0 0 1 0 0 1 0 0 1 0 0 1 0 1 1 1
0.075444805468407 1 0 0 0 0 0 1 0 1 1 0 0 0 1 1 1 0
0.073855656322171 1 0 1 0 0 0 0 0 1 0 1 1 1 0 0 0 1
0.080900851283349 0 0 1 0 0 0 0 0 1 0 1 0 0 0 1 0 1
0.077324321569415 1 0 1 0 0 0 0 0 1 1 0 1 1 1 0 0 1
0.096554269676718 1 0 1 0 0 0 1 1 1 0 1 1 1 1 0 0 1
0.097468657625483 0 1 1 0 0 0 0 1 0 1 1 0 1 1 0 0 1
0.090790583876903 0 0 0 1 0 1 0 0 0 0 0 0 1 0 1 1 0
0.094797098999088 1 0 1 0 0 1 0 0 1 1 1 1 1 1 0 0 1
0.068924122160854 1 0 0 0 0 0 0 1 1 1 1 0 1 0 1 1 1
0.052103723765804 0 0 1 0 0 0 0 0 0 0 0 0 1 0 1 1 0
0.108283297328428 0 0 1 0 0 0 1 0 1 1 0 0 1 1 1 0 1
0.064994961899915 0 0 0 0 1 0 0 0 0 0 1 0 0 0 1 0 1
0.039311064543113 0 0 1 0 0 0 0 0 0 0 0 1 0 0 1 0 1
0.088784886956865 0 1 0 0 0 1 0 0 1 1 0 0 1 1 1 1 0
0.090299875213273 1 0 0 0 0 1 0 0 0 0 1 1 0 0 0 1 0
0.074168846364368 1 0 0 0 0 1 0 1 0 0 1 1 1 1 0 1 1
0.106380223238389 1 0 0 0 1 0 0 1 1 0 0 0 1 1 1 0 0
0.160593323177531 0 0 1 1 0 1 0 0 1 1 0 1 1 1 1 1 0
0.071438104766951 1 0 0 0 0 0 1 1 0 0 0 1 0 1 1 0 1
0.066340379279471 1 0 0 0 1 0 0 0 1 1 1 1 0 1 0 1 1
0.125835484630192 1 0 1 1 0 0 0 1 1 1 1 1 1 1 0 0 1
0.081036240548392 0 1 0 0 0 0 1 0 0 1 1 0 1 0 0 1 1
0.086986825154638 0 0 1 0 0 0 0 1 0 0 0 0 0 1 1 0 0
0.101298330293422 0 0 1 1 0 0 0 0 0 0 0 1 0 1 1 0 0
0.057847838744178 0 0 0 1 0 0 0 0 0 0 1 0 0 0 1 1 0
0.093186156325317 0 0 0 1 0 0 1 0 0 0 1 0 0 0 1 1 1
0.097324116418285 0 0 0 0 0 1 0 0 0 0 0 0 1 0 1 1 0
0.064674712948523 1 0 0 0 0 0 1 0 0 1 1 0 1 0 1 0 1
0.077195853735412 1 0 1 0 0 0 0 1 1 1 1 1 1 1 0 1 1
0.122065987890361 0 1 0 0 1 0 0 1 1 1 0 0 1 1 1 0 1
0.100735631217181 1 1 0 0 0 1 0 1 1 1 1 1 1 0 1 1 0
0.048198842715834 1 0 0 0 0 0 0 0 0 1 1 0 0 0 1 1 0
0.098455056631268 0 1 0 0 0 1 1 0 0 0 1 1 1 1 1 0 1
0.126717509644222 1 0 0 1 1 0 0 0 1 0 1 1 1 1 0 1 0
0.087615596254041 0 0 1 0 0 0 0 1 1 0 0 1 1 1 0 1 1
0.093368701592742 1 1 0 0 0 1 0 0 1 1 1 1 1 0 0 0 1
0.086974797988670 0 0 0 0 1 0 0 0 1 0 0 0 1 1 0 1 1
0.091370391880725 0 1 0 1 0 0 0 0 0 1 1 1 1 0 1 1 0
0.040565190278122 0 1 0 0 0 0 0 0 0 0 0 1 0 0 0 0 1
0.035595273759895 1 0 0 0 0 0 0 0 0 0 0 1 0 1 0 0 1
0.053328191033068 1 0 0 0 0 0 0 1 0 1 0 1 0 1 0 1 1
0.058000915554942 1 0 0 0 0 0 1 0 0 1 0 1 0 1 1 0 1
0.056317009073268 1 0 0 0 0 0 0 1 1 0 0 1 0 1 0 1 1
0.071186239795545 1 0 0 0 0 0 1 0 0 0 0 0 1 0 1 0 0
0.138607175337212 1 1 0 0 1 1 0 0 1 1 1 1 1 0 0 1 0
0.035331818902542 0 0 1 0 0 0 0 0 0 0 0 0 0 1 0 0 1
0.043084278695658 0 0 1 0 0 0 0 0 0 0 0 0 0 0 1 0 1
0.134596000251801 0 0 1 0 1 0 0 1 0 0 1 0 1 1 0 0 1
0.099884331417360 0 1 0 1 0 0 0 0 0 1 1 0 0 1 0 1 0
0.111241313065241 0 0 0 0 1 1 0 0 0 1 0 0 1 1 1 1 0
0.047498812448800 0 0 0 1 0 0 0 0 0 0 0 0 1 0 1 0 1
0.090978700413415 1 0 0 1 0 0 0 0 1 1 0 1 1 1 1 0 1
0.168995441075618 0 0 1 1 1 0 0 0 1 1 1 1 1 1 1 1 0
0.068887833458910 0 0 1 0 0 0 0 0 0 0 0 0 0 1 0 0 0
0.040695279371407 0 0 1 0 0 0 0 0 0 0 0 1 0 1 0 0 1
0.048840573433360 0 1 0 0 0 0 0 0 0 0 0 1 0 0 0 1 1
0.105016676213641 1 1 0 0 0 0 1 1 0 0 1 1 1 0 0 1 0
0.080016092719994 0 1 0 0 1 0 0 0 0 1 1 0 1 0 1 1 0
0.077183255065240 0 1 0 0 0 1 0 0 0 1 0 0 1 0 1 1 0
0.102819823424512 1 0 1 0 0 0 1 1 1 1 0 1 1 1 0 1 0
0.066709323464976 1 0 0 0 0 1 0 0 0 0 0 1 0 1 0 0 1
0.072229095402772 1 0 0 0 1 0 0 0 1 1 0 1 0 1 1 0 1
0.138102420623369 0 0 1 1 0 0 1 1 0 1 1 1 1 1 1 0 1
0.117989886064922 1 0 0 1 0 0 1 0 0 0 0 1 1 0 1 0 0
0.044710529183169 0 0 1 0 0 0 0 0 0 0 1 0 0 1 0 0 1
0.080478338490962 1 1 0 0 0 0 0 1 1 1 0 1 1 1 0 0 1
0.038890188567126 1 0 0 0 0 0 0 0 0 0 1 0 0 0 0 1 0
0.100156573503785 1 0 0 0 1 1 0 0 1 0 1 1 1 1 0 0 1
0.098308766436249 0 0 0 0 1 1 0 0 0 0 0 1 0 1 0 1 1
0.124729366087998 0 1 1 0 0 1 0 0 1 1 1 0 1 1 1 0 0
0.123326372400390 0 1 1 0 0 1 0 0 0 1 1 1 1 0 0 0 1
0.057454320520401 1 0 0 0 0 0 0 1 0 0 0 0 1 0 0 1 0
0.087664801608405 1 0 0 0 0 1 0 1 0 0 1 0 1 1 1 0 0
0.114598323873548 1 0 1 0 0 1 0 1 1 1 1 1 0 1 0 1 0
0.062581682781336 1 0 0 0 0 0 1 0 0 0 1 1 0 1 1 0 1
0.091274766488350 1 1 0 0 0 0 1 1 0 1 1 1 1 1 0 0 1
0.083692202070786 0 1 0 1 0 0 0 0 0 1 1 1 0 1 1 0 1
0.095438929416792 0 1 1 0 0 0 0 1 1 0 1 1 1 0 1 0 1
0.102661440528131 1 0 0 1 0 1 0 0 1 1 1 1 1 1 0 1 0
0.073942433097246 0 1 0 0 0 0 0 1 0 1 0 0 1 0 1 1 0
0.160112116017023 0 0 0 1 1 0 0 1 1 1 0 1 1 1 1 1 1
0.058737145196283 0 1 0 0 0 0 0 0 1 0 1 0 0 1 1 0 1
0.092784135074619 0 0 0 1 0 1 0 0 0 0 1 1 1 0 1 1 1
0.080784486983233 0 0 0 1 0 0 0 0 0 0 0 1 1 0 1 0 1
0.073017144897258 1 0 0 1 0 0 0 0 0 1 1 0 1 0 1 0 1
0.056394275170689 1 0 0 0 0 0 0 0 1 1 0 1 0 1 0 1 1
0.103528857142352 1 0 1 0 0 0 0 1 0 1 0 1 0 1 0 0 1
0.079267939362129 1 0 0 0 1 0 0 1 0 0 0 1 1 1 0 0 1
0.078942079308379 1 1 0 0 0 0 0 1 1 1 1 1 0 0 1 1 0
0.109772147518406 0 1 0 1 0 0 1 0 0 1 1 1 1 1 0 1 1
0.086702635995344 0 1 0 1 0 0 0 0 0 1 0 0 1 1 1 0 0
0.084716056245061 0 1 0 1 0 0 0 0 0 1 1 0 1 0 1 0 1
0.094531363643207 0 1 0 0 1 0 0 0 0 1 1 0 1 1 1 0 0
0.125258998353016 0 0 0 1 1 0 0 0 0 1 0 0 1 0 1 0 1
0.109290239639848 0 0 1 1 0 0 0 1 1 1 1 1 1 1 0 1 1
0.073662828456724 0 1 0 0 1 0 0 0 0 0 1 1 1 1 0 0 1
0.066200534281428 0 1 0 0 0 1 0 0 0 0 0 0 1 1 1 0 0
0.114827292053093 0 0 1 0 1 0 0 0 1 1 1 1 1 0 1 0 1
0.105468289240934 0 1 0 1 0 0 0 1 0 1 0 1 1 1 1 0 1
0.087060254714998 0 1 0 1 0 0 0 0 1 1 1 1 1 0 1 1 1
0.056865318283945 0 0 0 1 0 0 0 0 0 0 0 0 1 0 1 0 0
0.082061816768144 0 0 0 1 0 0 1 0 0 0 0 0 1 0 1 1 0
0.061745254386384 1 0 0 0 0 1 0 0 0 1 1 0 1 0 1 0 1
0.085711959445189 1 1 0 0 0 0 0 0 1 0 1 1 0 1 0 0 1
0.050317126868522 0 1 0 0 0 0 0 0 0 0 1 1 0 0 1 0 1
0.058519636423550 1 0 0 0 0 0 0 1 1 0 0 0 1 1 0 1 1
0.036809356022022 1 0 0 0 0 0 0 0 0 0 0 0 0 1 0 1 0
0.045836816921972 0 0 0 0 1 0 0 0 0 0 0 0 0 1 0 1 0
0.030625190610840 0 0 1 0 0 0 0 0 0 0 0 0 0 1 0 1 0
0.079120662187908 0 0 1 0 0 1 0 0 0 0 0 0 1 1 0 1 0
0.086851820281814 0 0 0 0 1 0 0 0 0 0 0 0 1 1 0 1 0
0.073702016851955 0 0 0 0 1 0 0 0 0 0 0 1 0 1 0 0 1
0.054205488986755 0 0 0 0 1 0 0 0 0 0 0 0 0 0 0 1 0
0.125870464110367 0 0 0 1 0 1 0 1 0 1 1 1 1 1 1 1 1
0.093704644206223 1 0 1 0 0 0 0 0 1 1 0 1 0 0 1 0 1
0.094302817126023 0 0 1 1 0 0 0 0 0 1 0 1 1 0 1 1 0
0.106385880176881 0 0 1 1 0 0 0 0 0 1 1 1 0 0 1 1 1
0.070230484012419 1 0 0 0 0 1 0 0 1 1 1 1 0 0 1 1 1
0.119744443740541 0 0 1 0 0 1 0 1 0 0 1 1 0 1 0 1 1
0.125264507934862 0 1 0 1 0 1 0 0 1 1 1 1 0 1 1 1 0
0.080690109793141 1 0 1 0 0 0 1 0 1 1 1 1 1 0 0 1 1
0.052171678970199 0 0 1 0 0 0 0 0 0 0 1 1 0 0 0 1 1
0.097557140522593 0 1 1 0 0 0 0 0 1 1 1 1 0 0 1 1 1
0.169593889922835 1 1 1 0 0 1 0 1 1 1 1 1 0 1 1 0 0
0.056237135005792 1 0 0 0 0 0 1 0 0 0 1 0 1 0 1 1 0
0.092958087067653 1 1 0 0 0 0 1 0 1 1 1 0 1 0 1 1 0
0.093649307540522 0 0 0 0 1 0 0 1 0 0 0 0 1 0 1 0 1
0.108542427087039 0 0 1 0 1 0 0 0 0 0 0 0 0 1 1 1 0
0.059810519417772 0 0 0 0 1 0 0 0 0 0 0 0 0 1 1 0 0
0.085214871221526 1 0 0 1 0 0 0 0 1 1 0 0 1 0 1 1 0
0.107911374566129 0 0 1 0 1 0 0 0 0 0 1 1 0 0 0 1 1
0.047554136081520 0 0 0 0 0 0 0 0 0 0 0 0 0 0 0 1 0
0.113976824225678 1 0 0 1 0 1 0 0 1 1 0 1 1 0 1 1 0
0.118827072571942 1 1 0 0 1 0 0 1 0 1 1 1 1 0 0 1 0
0.150545507325944 0 1 1 1 0 0 0 0 1 1 1 1 0 1 0 1 0
0.111276143546324 0 1 1 0 0 0 0 1 0 0 1 1 0 1 0 0 1
0.063681086084567 0 0 1 0 0 0 0 0 0 1 1 0 0 0 0 1 1
0.099277726373437 0 1 0 1 0 0 0 0 0 0 1 0 0 1 1 0 0
0.070217920846072 0 0 1 0 0 0 1 0 0 0 0 1 1 0 1 0 1
0.076057544953112 1 1 0 0 0 0 0 1 1 1 1 0 1 0 1 0 1
0.109506114744161 0 1 0 0 0 0 0 1 1 1 1 0 0 0 1 1 1
0.114867578909261 1 1 0 0 1 0 0 0 1 1 1 1 0 1 0 1 0
0.098927410578675 1 1 0 0 0 0 0 1 1 0 1 0 1 0 1 1 0
0.051993722886798 1 0 0 0 0 0 0 0 1 1 0 0 1 0 1 0 1
0.135923681893467 0 1 1 0 1 0 0 0 0 1 1 1 1 0 0 1 0
0.094671973783606 1 0 0 1 0 0 1 0 1 1 1 0 1 1 1 0 1
0.080965121118808 1 1 0 0 0 0 0 0 1 1 1 0 1 0 0 0 1
0.053078616785518 0 0 1 0 0 0 0 0 0 0 0 0 1 1 0 1 0
0.094999643778808 0 0 1 1 0 0 0 0 0 0 1 1 1 0 0 1 0
0.053235931611592 0 0 1 0 0 0 0 0 0 0 1 0 1 0 0 1 1
0.097725308157412 0 1 1 0 0 0 0 1 1 1 0 1 1 1 0 0 1
0.088932198105695 0 1 0 1 0 0 0 0 1 1 1 0 1 1 0 1 1
0.074637218710581 0 1 0 0 0 1 0 0 0 0 1 0 0 1 1 0 1
0.125092087142521 1 1 0 1 0 0 0 0 1 1 1 1 1 0 0 0 1
0.081239731913857 1 1 0 0 0 0 0 0 1 1 0 1 1 0 0 1 0
0.186860575411758 1 1 0 1 1 0 0 0 1 1 1 1 1 0 1 0 0
0.071977520352118 0 0 0 1 0 0 0 1 0 0 0 0 1 1 0 1 1
0.084077337300641 0 0 0 0 1 0 0 1 0 0 0 0 0 1 1 1 0
0.034511273836303 0 0 0 1 0 0 0 0 0 0 0 0 0 1 0 0 1
0.063831187074028 1 0 0 0 0 0 1 0 0 1 0 1 0 0 1 1 0
0.089111833094465 1 0 1 0 0 0 1 0 0 1 1 1 1 0 0 0 1
0.094607767892242 0 0 0 1 0 1 0 0 0 0 0 0 1 1 1 0 0
0.132217715956683 1 0 1 0 1 0 0 1 1 0 1 1 1 1 0 1 0
0.067685227796348 0 1 0 0 0 0 0 0 0 1 0 0 1 1 0 1 0
0.054875837680897 0 0 0 1 0 0 0 0 0 0 0 0 0 1 1 0 1
0.141867144830524 1 0 1 1 0 0 0 0 1 1 1 1 1 0 1 0 1
0.086307726184253 1 0 0 0 0 0 1 1 1 1 0 1 1 1 1 1 1
0.074473861574996 0 0 0 1 0 0 0 0 1 0 1 0 0 0 1 1 1
0.083266376316925 1 0 0 1 0 0 0 1 0 1 1 1 1 1 0 1 1
0.082730457769315 0 1 0 1 0 0 0 0 1 1 1 1 0 1 0 1 1
0.131455558324451 0 1 1 0 0 1 0 0 0 1 1 0 1 1 0 1 0
0.093834225443474 0 1 0 0 0 0 1 0 0 0 0 0 1 0 0 1 0
0.106347154505174 0 1 0 0 0 1 1 0 0 1 1 0 1 1 1 1 0
0.085568730434054 0 0 0 0 1 0 1 0 0 0 0 0 0 1 1 1 0
0.082261706381588 0 1 0 0 0 0 1 1 0 0 0 1 1 1 1 0 1
0.123585304270158 1 0 1 0 0 0 1 0 1 0 0 0 1 1 1 0 0
0.077102113114303 0 0 1 0 0 0 1 0 0 0 1 1 0 0 1 1 1
0.133845274292136 0 1 0 0 1 0 1 0 1 1 0 0 1 1 1 1 0
0.155944192962208 0 0 1 1 0 0 1 0 1 0 1 1 1 0 1 1 1
0.159813343596439 0 0 0 0 1 1 1 0 0 0 0 1 1 1 0 1 1
0.093278919910755 1 0 0 0 1 0 1 0 0 0 0 1 1 1 1 0 0
0.106707697263568 1 0 0 0 1 0 1 0 1 1 1 1 0 1 1 1 1
0.053006126684272 1 0 0 0 0 0 1 0 0 0 0 1 0 1 0 0 1
0.058555579360270 1 0 0 0 0 0 0 1 0 0 0 1 1 1 0 0 1
0.112065122065710 1 1 0 0 0 1 0 0 1 1 1 0 1 0 1 0 1
0.077813097108639 1 1 0 0 0 0 0 1 1 1 1 1 0 1 1 0 1
0.047805065581926 1 0 0 0 0 0 0 0 1 0 0 0 1 0 1 1 0
0.057994040186351 0 0 0 1 0 0 0 0 0 0 0 0 1 0 1 1 0
0.085265794054489 0 0 0 1 0 0 1 0 0 0 0 0 1 0 1 0 1
0.098248682138752 1 0 0 1 0 0 1 0 1 1 0 1 1 0 1 1 0
0.104778385051726 0 0 1 0 1 0 0 0 1 1 1 0 1 1 0 1 1
0.117781095183499 0 1 0 1 0 1 0 0 0 1 1 1 1 0 1 0 1
0.057230187374323 1 0 0 0 0 0 1 0 0 0 0 1 0 0 1 0 1
0.041938078066113 0 1 0 0 0 0 0 0 0 0 0 1 0 1 0 1 0
0.103727759954559 1 1 0 0 0 0 1 1 0 1 1 0 1 1 1 0 0
0.110386238425331 0 1 0 1 0 0 1 0 0 1 1 1 0 1 1 1 0
0.087902078572527 0 0 1 0 0 1 0 0 0 0 1 1 0 0 1 1 1
0.117951320627257 1 0 0 1 1 0 0 0 0 1 1 1 1 0 0 0 1
0.061575448202444 1 0 0 0 0 0 1 0 0 1 1 0 1 1 0 1 1
0.108579685003065 1 0 1 0 1 0 0 0 1 1 1 1 1 0 0 0 1
0.087798843875199 1 1 0 0 0 0 0 1 1 1 0 1 0 1 0 1 0
0.078343098265813 1 0 0 0 1 0 0 1 0 1 1 0 1 1 1 0 1
0.035388396976262 1 0 0 0 0 0 0 0 0 0 1 0 1 0 0 1 0
0.028534339455824 1 0 0 0 0 0 0 0 0 0 0 0 0 1 1 0 0
0.038522276038598 1 0 0 0 0 0 0 0 0 1 0 0 0 1 1 0 0
0.050153688550630 1 0 0 0 0 0 0 1 0 1 0 0 0 1 1 0 1
0.032458041302926 1 0 0 0 0 0 0 0 0 1 0 0 0 1 0 0 1
0.062770654613191 1 0 0 0 0 0 0 0 0 1 1 0 0 1 1 0 1
0.042441223078808 1 0 0 0 0 0 0 0 1 0 0 0 0 1 0 0 1
0.061548777317485 1 0 0 0 0 0 1 0 0 0 0 0 0 1 1 0 0
0.048181349783096 1 0 0 0 0 0 0 0 1 1 0 0 0 1 1 0 1
0.064752819217841 1 0 0 0 0 0 0 0 0 1 0 0 0 0 0 0 1
0.082160524033326 1 0 0 1 0 0 0 0 1 1 0 0 1 1 1 0 0
0.088943138026785 0 1 0 0 1 0 0 0 0 1 1 1 0 1 0 0 1
0.084189254925611 1 0 1 0 0 0 0 1 1 1 1 1 0 0 1 1 1
0.083675036234123 1 1 0 0 0 0 1 0 1 1 1 1 1 0 1 0 1
0.069387848956271 1 0 0 0 0 1 0 0 0 1 0 1 0 1 0 1 0
0.055353399346983 1 0 0 0 0 0 0 1 0 1 0 0 0 1 1 1 0
0.113820744065213 1 0 1 0 0 1 0 1 1 1 0 1 1 1 0 1 0
0.099183433340781 0 0 0 1 0 0 0 1 0 1 0 0 0 1 0 1 1
0.103088698779504 1 0 0 1 0 0 1 1 0 0 1 1 1 1 0 1 0
0.048648661836047 1 0 0 0 0 0 0 1 0 0 0 0 0 1 1 0 0
0.083770477668943 0 0 0 0 1 0 0 0 0 1 0 0 0 0 1 1 0
0.074224789413321 0 1 0 0 0 0 1 0 1 0 0 1 1 1 0 1 1
0.077400231990361 1 0 0 0 1 0 0 0 1 1 1 0 1 0 1 1 1
0.072187820910847 0 1 0 0 0 1 0 0 0 1 0 1 0 1 1 0 1
0.084104055560004 0 1 0 0 0 0 1 0 1 1 1 1 0 1 1 1 1
0.069567715171200 0 1 0 0 0 0 1 0 0 1 0 0 1 1 0 1 1
0.113897720595344 0 0 0 0 1 1 0 0 0 1 0 1 1 1 1 0 1
0.062352858199460 1 0 0 0 0 1 0 0 0 1 0 0 1 1 0 0 1
0.151008293365283 0 0 0 1 1 1 0 0 0 0 1 1 1 1 0 1 0
0.062234957891822 0 0 0 0 0 1 0 0 0 0 0 0 0 1 0 1 0
0.080625998502398 0 1 0 0 0 1 0 0 0 1 0 0 1 1 0 0 1
0.110545082423587 0 0 0 1 0 0 1 0 0 1 0 1 0 1 1 1 0
0.094535765367576 1 0 1 0 0 0 0 1 0 1 0 1 1 0 1 1 0
0.049764248508003 0 0 0 1 0 0 0 0 0 0 1 0 0 0 1 0 1
0.082635200374797 0 1 0 0 1 0 0 0 0 1 1 0 1 1 0 1 1
0.084308926851863 1 0 0 0 1 0 0 1 1 1 0 1 1 1 0 1 1
0.069952646150254 0 1 0 0 0 1 0 0 0 0 0 1 1 1 0 1 0
0.048065556970982 1 0 0 0 0 0 0 1 0 0 1 1 0 0 0 1 1
0.070243909399449 1 0 0 0 0 0 1 1 0 0 1 1 0 1 0 1 1
0.116729679982820 1 0 1 0 0 1 0 1 0 1 1 1 1 0 0 1 1
0.087709629910862 1 1 0 0 0 0 0 0 1 1 0 1 0 1 1 0 0
0.044561362247653 1 0 0 0 0 0 0 1 0 0 0 1 0 0 1 0 1
0.073178911604205 1 0 1 0 0 0 0 0 1 1 1 1 0 0 0 1 1
0.108736075708037 0 1 1 0 0 0 1 0 1 1 1 1 0 1 1 1 0
0.062743819681318 1 0 0 0 0 1 0 0 0 1 0 1 0 1 1 0 1
0.068918259794753 0 1 0 0 0 0 1 0 0 1 0 1 0 1 1 0 1
0.063690203985298 1 0 0 0 0 0 0 0 1 1 0 0 1 1 0 0 1
0.032582218757975 1 0 0 0 0 0 0 0 0 1 0 0 0 1 0 1 0
0.056914625819090 1 0 0 0 0 0 0 0 0 1 0 0 1 0 1 1 0
0.091017136685804 0 1 0 1 0 0 0 0 0 0 1 1 1 0 0 1 1
0.130144788847598 1 1 0 0 0 1 0 1 0 1 0 1 1 1 1 0 0
0.105245876483985 0 0 0 1 0 1 0 0 0 1 0 0 0 1 1 1 0
0.045797438880253 0 1 0 0 0 0 0 0 1 0 0 0 1 0 1 0 1
0.065193461254079 0 1 0 0 0 0 0 1 0 0 1 1 0 0 0 1 1
0.126567622658790 1 0 1 0 0 1 0 0 1 1 1 1 1 0 1 1 1
0.082199870412287 0 1 0 0 0 0 1 0 1 1 0 1 1 0 1 1 1
0.111248070897717 1 0 1 0 0 0 1 1 0 1 1 0 1 0 1 1 0
0.059437798757986 1 0 0 0 0 0 0 1 0 0 0 0 0 1 0 0 1
0.111127556086144 1 0 0 1 0 1 0 0 1 0 1 1 1 0 1 0 1
0.071734744935917 0 0 0 1 0 0 0 0 1 0 0 0 1 0 1 0 1
0.085069876560838 1 0 0 1 0 0 0 1 1 0 1 1 0 1 1 0 1
0.048670670522081 0 0 0 0 0 1 0 0 0 0 0 0 0 1 0 0 1
0.091833501868776 0 0 0 0 0 1 0 0 0 0 0 0 1 1 0 0 1
0.038046900033816 0 0 0 0 0 1 0 0 0 0 0 0 0 0 0 1 1
0.086870351030889 0 0 0 0 0 1 0 1 0 0 0 0 0 1 0 1 1
0.086332058418953 0 0 0 0 0 1 0 0 0 1 0 0 0 1 0 1 1
0.040055202495237 0 0 0 0 0 1 0 0 0 0 0 0 0 0 1 0 1
0.074584117219635 0 0 0 0 0 1 0 0 0 0 0 0 0 0 1 1 1
0.134690531820825 0 0 0 1 0 1 0 0 0 0 1 0 0 0 1 0 1
0.052936127992520 0 0 0 0 0 0 0 0 0 0 0 0 0 0 0 0 1
0.088801593799302 0 0 0 0 0 1 0 0 1 0 0 0 0 0 0 1 1
0.159891402837738 1 1 0 1 0 1 0 0 1 1 1 1 1 0 1 0 0
0.172049932112944 1 1 1 0 0 1 1 1 1 1 1 1 1 1 0 0 0
0.114484787583853 0 1 0 0 1 1 0 0 0 1 1 1 1 0 1 1 0
0.099580088314874 0 0 0 1 1 0 0 0 0 1 1 1 1 0 1 1 1
0.063130853956943 0 0 1 0 0 0 0 1 0 0 0 0 1 0 1 1 0
0.106312252310839 0 0 1 0 0 1 0 1 0 0 0 1 1 1 1 1 0
0.104499299832062 0 1 1 0 0 0 0 1 1 1 1 0 1 1 1 1 0
0.080038051878019 1 0 0 0 0 1 1 0 0 0 1 1 1 1 0 0 1
0.135960268506501 1 0 1 1 0 0 0 1 0 1 1 1 1 0 0 1 0
0.068419263603982 0 0 0 0 0 1 0 0 0 0 1 0 0 0 0 1 1
0.090712898019329 0 0 1 0 0 1 0 0 0 0 1 0 1 0 0 1 1
0.096080957984130 0 1 0 0 0 1 1 0 0 1 1 1 1 1 0 1 1
0.088147155342460 0 1 0 0 0 0 1 1 0 0 1 0 1 1 0 1 1
0.064463181038402 0 0 0 0 0 1 0 0 0 0 0 1 0 0 0 1 1
0.044127660622779 0 0 1 0 0 0 0 0 0 0 1 0 0 0 1 1 0
0.097958936517092 0 0 1 0 1 0 0 0 1 0 0 1 1 1 1 0 1
0.084771596346800 1 0 1 0 0 0 0 1 0 0 1 1 1 0 0 1 0
0.091331983301425 0 0 1 0 1 0 0 0 0 0 1 1 0 0 1 1 0
0.103144337266789 0 0 1 0 0 0 1 0 0 0 1 0 0 0 1 0 1
0.134808817198473 0 0 1 1 0 1 0 0 0 1 1 1 1 0 1 1 0
0.045299810536640 0 0 1 0 0 0 0 0 0 0 0 1 0 0 1 1 0
0.145497523638800 0 0 1 0 0 1 1 0 0 0 0 1 0 1 1 0 1
0.120182589707451 0 0 0 0 1 1 0 0 0 1 1 0 1 0 1 1 1
0.115078872292231 1 0 0 0 1 1 0 1 0 0 1 1 1 1 0 1 0
0.102132647111674 0 0 1 0 0 1 0 0 0 0 0 1 1 0 0 1 0
0.075195457547768 1 0 1 0 0 0 0 0 1 1 1 1 0 0 1 1 0
0.086251918435429 1 0 1 0 0 0 0 0 1 0 1 1 0 0 1 0 1
0.046547028120186 1 0 0 0 0 0 0 1 0 0 1 0 1 0 0 1 1
0.090534548032368 0 1 0 0 0 1 0 1 0 0 1 1 0 1 1 0 1
0.102834359792666 1 1 0 0 0 0 1 0 0 1 0 1 1 1 0 0 0
0.117051312563246 0 0 0 1 1 0 0 0 0 0 1 1 0 1 0 0 1
0.092268211876420 0 0 1 1 0 0 0 0 0 0 0 1 1 1 0 1 0
0.088901069319446 1 0 0 0 1 0 1 0 0 0 1 1 1 0 1 1 0
0.081177478250520 1 0 0 0 0 1 0 1 0 1 0 0 1 1 1 0 1
0.029063500969290 1 0 0 0 0 0 0 0 0 0 1 0 1 0 0 0 1
0.058142737779570 1 0 0 0 0 0 1 0 0 0 1 1 0 0 1 1 0
0.084807466904760 1 0 0 0 1 0 0 1 1 0 1 1 0 1 1 0 1
0.048266572577432 0 0 0 0 0 1 0 0 0 0 0 0 0 0 0 0 1
0.064752347042290 1 0 0 0 0 1 0 0 0 0 1 1 1 0 0 0 1
0.118193535239373 1 1 0 0 0 1 1 0 0 1 1 1 1 0 0 1 0
0.061493022288601 0 1 0 0 0 0 0 1 0 0 1 0 1 0 1 0 1
0.030127496236335 1 0 0 0 0 0 0 0 0 0 1 0 0 1 0 0 1
0.084107624590249 1 0 0 0 1 0 0 1 0 1 0 1 1 1 1 0 1
0.158975571312742 1 0 0 1 1 1 0 0 1 1 1 1 1 1 1 0 0
0.104389755824028 1 1 0 0 0 0 1 0 1 1 0 0 1 1 1 0 0
0.075212775601472 1 0 0 0 0 0 1 1 0 0 1 1 1 0 1 0 1
0.099714414164611 0 0 1 1 0 0 0 0 0 0 1 0 1 0 1 1 0
0.090964531989938 0 1 0 0 0 1 0 0 0 1 0 1 0 1 0 1 0
0.099304291602315 1 1 0 0 0 0 1 1 1 1 1 0 1 1 0 1 1
0.084984581267351 0 1 0 0 0 1 0 0 1 1 1 1 0 1 1 1 1
0.046866205866714 1 0 0 0 0 0 0 0 0 0 1 0 0 0 0 0 1
0.029633885632623 0 1 0 0 0 0 0 0 0 0 0 0 1 0 1 0 0
0.094371678280756 0 0 1 0 0 1 0 0 0 1 1 0 0 1 1 1 0
0.098591298527570 0 1 0 0 0 1 0 1 0 1 1 0 1 1 0 1 1
0.040459835569085 0 0 1 0 0 0 0 0 0 0 0 0 1 0 1 0 0
0.100833694338314 0 1 1 0 0 0 0 0 1 0 0 1 1 0 1 0 0
0.081823044841693 0 1 0 0 0 0 0 1 1 0 0 0 1 0 1 1 0
0.036623861677585 0 1 0 0 0 0 0 0 0 0 0 0 1 1 0 0 0
0.090457221044093 0 1 0 0 1 0 0 0 1 1 1 1 0 1 1 1 1
0.111009283116761 0 0 1 0 0 0 1 1 0 1 0 1 1 1 1 1 1
0.128290923248542 0 0 0 0 1 1 0 0 0 1 0 0 0 1 1 0 1
0.093645662364488 0 1 0 0 1 0 0 1 0 1 1 1 1 0 1 1 1
0.049099583867384 0 0 0 0 0 1 0 0 0 0 0 0 0 0 1 1 0
0.051728137603536 0 1 0 0 0 0 0 0 0 1 0 0 0 1 1 0 0
0.049151500439746 0 1 0 0 0 0 0 0 0 1 0 0 1 0 0 0 1
0.085636987003125 0 1 0 0 0 0 1 0 0 1 0 1 1 1 0 0 1
0.034608270083213 1 0 0 0 0 0 0 0 0 1 0 0 1 0 0 0 1
0.051607905542952 1 0 0 0 0 0 0 1 0 1 0 0 1 0 0 1 1
0.090545159722527 1 0 0 1 0 0 0 1 0 0 1 1 0 0 1 1 0
0.121816381763187 0 0 1 1 0 0 0 1 0 0 0 1 1 0 1 1 0
0.076042269390565 1 0 0 1 0 0 0 0 1 1 1 1 0 0 1 1 1
0.110199277155812 0 0 1 0 0 0 0 1 1 1 0 0 1 1 0 1 1
0.129421540208549 0 0 1 0 0 1 0 1 0 0 1 0 1 0 1 1 0
0.089122474330671 1 0 0 0 0 1 0 1 0 1 0 1 0 1 0 1 1
0.129586825802143 1 1 0 1 0 0 0 1 1 1 1 1 0 0 1 1 0
0.089757947571597 1 0 0 0 0 1 1 0 0 1 1 0 1 1 1 1 0
0.196864056048102 1 1 0 1 1 1 0 1 1 1 1 1 1 0 0 1 0
0.075315188451910 0 1 0 0 0 0 0 0 1 0 0 0 1 1 1 0 0
0.092694101861429 0 1 1 0 0 0 0 0 0 0 0 1 1 1 0 0 0
0.156128285787109 1 0 1 0 1 1 0 0 1 1 1 1 0 1 0 1 0
0.051942198925384 1 0 0 0 0 0 0 1 0 1 0 0 1 0 1 0 1
0.059112686616423 1 0 0 0 0 1 0 0 0 1 0 1 1 0 1 0 1
0.094539956170262 1 0 1 0 0 0 0 1 0 1 0 0 1 1 1 0 0
0.076380030860808 0 1 0 0 1 0 0 0 0 0 1 1 0 1 0 1 0
0.078034004986292 0 0 0 0 1 0 0 0 0 1 0 0 1 0 0 1 1
0.172838129623526 1 0 1 1 0 1 0 1 1 1 1 0 1 1 1 0 0
0.100241767099571 0 1 0 0 0 1 0 1 0 1 0 1 0 1 1 1 0
0.081817537045620 0 1 0 0 0 1 0 0 1 0 1 0 1 1 0 1 1
0.037159082600523 0 1 0 0 0 0 0 0 0 0 1 0 0 0 1 1 0
0.069828475523868 1 0 0 0 1 0 0 0 0 0 0 1 1 0 0 1 0
0.117943832728680 1 0 1 0 1 0 0 0 0 1 1 1 1 0 0 1 0
0.090040115507311 0 0 1 0 0 1 0 0 0 1 0 1 0 1 0 1 1
0.086588920550774 1 0 1 0 0 0 1 0 1 1 1 1 0 1 1 0 1
0.054114815437595 1 0 0 0 0 0 0 0 1 1 0 0 0 0 1 1 0
0.121051140615054 1 0 0 1 0 0 1 0 1 0 1 1 1 0 1 1 1
0.108249391849090 1 1 0 0 0 0 1 0 1 1 0 1 0 1 0 0 1
0.082637589965093 0 1 0 0 0 1 0 0 1 0 0 1 0 1 1 0 1
0.098895242251711 0 0 1 1 0 0 0 0 1 1 1 1 1 1 1 0 1
0.116393600892957 1 0 1 0 0 1 1 0 1 1 1 1 1 1 0 1 0
0.066938014372997 0 1 0 0 0 0 1 0 0 0 0 1 0 1 0 1 0
0.038555512073216 1 0 0 0 0 0 0 0 0 1 0 1 0 0 0 1 1
0.120883536825761 1 1 0 1 0 0 0 1 1 1 1 1 0 1 0 0 1
0.081791589582780 0 0 1 0 1 0 0 0 0 0 0 1 1 1 0 1 0
0.101202231090996 0 0 1 0 0 1 0 0 0 1 0 0 1 0 1 0 1
0.114260239618843 0 0 1 0 0 0 1 0 1 1 1 0 0 1 1 1 1
0.091319689399980 0 0 1 0 1 0 0 0 0 1 1 1 1 0 1 1 1
0.038939393584190 1 0 0 0 0 0 0 0 0 0 0 0 1 0 0 0 1
0.073735647271912 1 0 0 1 0 0 0 1 0 1 1 1 1 0 1 0 1
0.104972622083883 0 0 0 0 1 0 0 0 1 0 0 0 0 1 0 0 1
0.042612511557422 0 0 1 0 0 0 0 0 0 0 1 0 0 0 0 1 1
