0.190600663423538 1 1 0 1 1 0 0 1 1 1 0 1 1 0 1 0 0
0.255165129899979 1 1 1 1 0 1 1 1 1 1 0 1 0 1 0 0 0
0.218017667531967 0 1 1 0 1 0 0 0 1 1 0 0 0 1 1 1 0
0.175628319382668 1 1 0 0 0 1 0 1 0 1 0 1 1 1 1 1 0
0.191063344478607 0 0 1 0 1 0 1 0 0 0 1 0 0 1 1 1 1
0.279925793409348 0 1 1 0 1 0 0 1 1 1 0 1 0 0 0 0 1
0.266833096742630 0 1 0 1 0 1 1 1 0 0 0 1 0 1 1 1 0
0.436270117759705 0 0 1 0 1 1 1 0 0 0 1 0 1 0 0 0 0
0.593523263931274 1 1 1 0 1 1 0 1 0 0 0 0 0 0 0 0 1
0.118945308029652 1 0 0 0 1 0 0 1 0 0 0 0 0 1 1 1 0
0.286695599555969 0 0 1 0 0 0 1 1 1 0 1 0 1 0 1 0 0
0.320210874080658 1 1 0 1 1 0 0 0 0 1 1 1 1 1 0 1 1
0.629928708076477 0 1 1 1 1 1 0 0 0 0 1 0 0 0 0 0 0
0.198534980416298 1 0 0 1 1 0 0 0 0 1 0 1 1 0 0 0 0
0.173330307006836 0 1 0 0 1 0 1 1 0 1 0 0 1 1 1 0 0
0.266071945428848 1 1 0 0 1 0 1 1 1 0 0 0 1 0 1 0 1
0.434785991907120 0 1 1 1 1 0 1 0 0 1 1 0 1 1 1 1 1
0.166689708828926 1 0 0 1 0 0 0 1 1 1 0 0 1 0 0 1 0
0.407978594303131 1 1 1 0 1 1 1 1 1 0 0 1 0 0 0 0 1
0.471736431121826 1 0 0 1 0 1 1 0 0 0 1 0 0 0 0 0 0
0.246165171265602 1 1 0 1 0 0 1 1 0 1 0 1 1 1 1 1 0
0.258376568555832 0 1 0 0 1 1 1 0 0 0 1 0 1 1 0 0 0
0.108770221471786 0 0 1 0 0 1 0 0 1 0 1 1 1 0 1 0 1
0.302790045738220 1 1 0 1 0 0 0 0 0 0 0 1 0 1 1 1 0
0.424602299928665 0 0 1 1 0 1 1 1 1 0 0 1 1 0 0 0 0
0.129554802541642 0 0 0 0 1 0 1 0 1 0 0 1 1 1 1 0 1
0.240078442455546 0 0 0 0 1 0 1 0 1 1 1 1 1 0 1 0 1 x
0.376871768645230 0 0 0 0 1 0 1 1 0 1 1 0 1 1 0 0 0 x
0.171819456394405 1 0 0 0 1 1 1 1 1 0 1 1 1 1 1 1 0 x
0.104946194056587 0 0 0 0 1 0 1 0 0 0 1 1 1 0 1 1 1 x
0.107798174156459 1 0 0 0 0 1 0 0 1 1 0 0 0 0 1 1 1 x
0.293343349682186 0 0 0 0 0 0 0 0 1 0 1 0 1 1 1 0 1 x
0.122548240477301 1 0 0 0 0 1 1 0 1 0 0 0 1 1 1 0 0 x
0.159378641169454 0 0 1 0 0 1 1 1 0 0 0 1 1 1 1 1 0 x
0.396965402550781 0 0 0 0 1 1 1 1 1 1 0 0 0 1 0 1 1 x
0.146848096826819 1 0 0 0 0 1 1 0 0 0 0 1 0 0 1 1 1 x
0.216718056026687 1 1 0 0 0 1 1 1 0 1 0 0 1 0 1 0 0 x
0.165151908646404 1 0 0 1 0 1 0 0 0 1 1 0 1 0 1 1 1 x
0.204722327610769 1 1 0 0 1 0 1 0 1 0 0 0 1 1 1 0 0 x
0.257055468514632 0 0 0 0 0 0 1 1 0 1 0 1 0 0 1 1 0 x
0.259903029369933 1 0 0 0 1 0 1 1 0 0 0 1 0 1 0 0 0 x
0.324135764144579 1 1 0 0 1 1 0 0 0 0 1 1 0 0 1 1 1 x
0.123606908420555 0 0 0 0 1 0 0 1 1 0 0 1 1 0 1 1 1 x
0.146694438920820 1 0 1 0 0 1 0 0 1 1 0 0 1 0 1 1 0 x
0.149147091818894 0 1 0 0 1 0 0 1 1 1 0 0 1 1 0 1 0 x
0.293535200371391 0 1 0 0 0 0 1 1 1 1 0 0 1 1 0 0 0 x
0.195568084469365 1 0 0 1 1 1 0 1 0 1 0 1 1 1 1 0 0 x
0.341934050906768 0 0 1 0 1 1 1 1 1 0 1 0 1 0 1 0 1 x
0.079238628022852 0 0 1 0 0 0 0 1 0 1 0 1 0 0 1 1 1 x
0.168588276173520 0 0 0 0 1 0 0 1 0 1 0 0 0 0 1 1 0 x
0.100132985138086 0 0 1 0 0 0 0 0 1 1 0 1 0 0 0 1 1 x
0.203577732697504 0 0 1 0 0 0 0 1 1 1 0 1 0 1 0 1 0 x
0.162703551051513 1 0 1 0 0 0 0 0 1 0 0 1 1 0 1 1 1 x
0.216129633193540 1 0 0 0 1 1 0 0 0 0 0 1 1 1 1 1 1 x
0.262244852542135 0 0 0 0 0 1 0 1 1 1 0 1 1 0 0 1 1 x
0.141321817814929 0 1 0 0 0 1 1 0 1 1 0 1 1 1 1 0 0 x
0.154580903348641 1 1 0 0 1 0 0 1 0 1 0 1 1 1 1 0 0 x
0.187074669035989 1 1 0 0 1 1 1 0 1 1 0 1 1 1 1 0 0 x
0.136248204157535 0 0 1 0 0 1 0 0 1 1 1 1 1 0 1 0 1 x
0.098136179975747 1 0 1 0 0 0 1 0 1 1 0 1 1 0 1 1 0 x
0.132024194276264 0 1 0 0 1 0 1 0 1 0 0 1 1 0 1 1 0 x
0.097931153739526 0 0 1 0 0 0 1 0 1 0 0 1 0 1 1 1 1 x
0.155040019243647 1 0 1 0 0 0 1 0 0 1 0 0 0 1 1 1 0 x
0.088932065056513 0 1 0 0 1 0 0 0 0 1 0 1 0 0 1 1 0 x
0.259117873996674 1 0 1 1 1 0 0 1 1 1 0 1 0 0 1 1 0 x
0.078541872017124 0 1 0 0 1 0 0 0 0 0 1 0 1 0 1 1 0 x
0.123087875460186 1 0 0 0 0 0 0 0 1 1 1 0 1 1 1 1 0 x
0.109812995859564 1 0 1 0 0 0 0 0 0 1 0 1 1 0 0 1 1 x
0.117017386883186 0 0 1 0 0 0 0 0 0 0 1 1 1 0 1 1 1 x
0.174828301277617 0 1 1 0 0 0 1 0 1 1 0 1 0 0 1 1 1 x
0.135177546410733 1 0 1 0 0 0 1 0 0 0 1 1 0 0 1 0 0 x
0.167790005874216 1 0 1 0 0 1 1 0 1 1 1 1 0 0 1 1 1 x
0.162418655466817 0 0 0 0 1 0 1 0 1 0 0 0 1 0 1 1 0 x
0.127299853768162 1 0 0 1 0 1 0 0 1 1 0 1 0 1 1 1 0 x
0.093704644206223 1 0 1 0 0 0 0 0 1 1 0 1 0 0 1 0 1 x
0.081324213931817 1 0 0 0 1 0 0 0 1 1 0 0 1 0 1 1 0 x
0.087734863926666 1 0 0 0 0 1 0 0 0 1 0 0 0 0 1 1 0 x
0.116599438849566 0 0 1 1 0 0 0 0 1 1 0 1 1 0 1 1 1 x
0.126063442706024 0 1 0 0 0 1 0 0 1 0 0 1 1 0 1 0 0 x
0.119981980172024 1 0 0 1 0 0 0 0 1 1 0 0 1 0 1 1 1 x
0.154831356627292 0 1 0 0 1 1 0 0 1 1 0 0 1 1 1 1 0 x
0.176725125463946 0 1 1 0 0 1 1 0 1 0 0 1 1 1 1 0 0 x
0.170696228094677 1 0 0 1 1 0 0 0 1 1 0 0 1 1 1 1 0 x
0.134436101387986 1 0 0 0 0 1 0 0 1 1 0 1 1 0 1 0 0 x
0.158721635079923 0 1 0 1 0 1 0 0 1 1 0 1 1 0 1 0 0 x
0.179389053826180 0 0 1 0 1 0 1 0 1 0 0 1 1 0 1 1 1 x
0.335114104380838 1 1 1 0 0 0 1 0 1 1 0 1 1 1 1 1 1 x
0.132553916193472 0 1 0 0 1 0 0 0 1 1 1 0 0 0 1 1 0 x
0.088418414297352 1 0 0 0 0 0 0 0 1 0 0 0 1 0 1 1 1 x
0.233340716061249 1 0 1 1 0 0 0 0 1 1 0 1 0 0 0 0 1 x
0.141558662305992 0 1 0 0 1 0 0 1 0 1 1 1 1 0 0 1 0 x
0.066051691559668 0 0 1 0 0 0 0 0 0 0 0 1 0 1 1 0 0 x
0.120950631815876 0 0 1 0 0 0 0 0 1 1 0 1 0 0 1 1 0 x
0.080859404904631 0 1 0 0 1 0 0 0 0 0 1 1 0 1 1 0 0 x
0.069581079476059 0 0 1 0 0 0 0 0 0 0 0 1 1 0 1 0 1 x
0.108290946803333 1 1 0 0 0 0 0 0 1 1 0 1 0 0 0 1 0 x
0.102785324219709 1 0 1 0 0 0 0 1 1 0 0 1 0 1 1 0 0 x
0.182569709563413 1 0 1 0 0 1 0 0 0 1 0 1 0 0 1 0 0 x
0.083921426381768 1 0 0 0 0 0 0 0 1 0 0 1 1 0 1 0 0 x
0.065829021061499 1 0 0 0 0 0 1 0 1 0 0 0 1 0 1 1 0 x
0.120641013523394 0 0 0 0 1 0 0 0 0 0 0 1 0 1 1 1 0 x
0.098317349736091 0 0 1 0 0 0 1 0 0 0 1 1 1 1 1 0 1 x
0.081545309281252 1 0 1 0 0 0 0 0 1 1 0 1 1 0 0 1 0 x
0.225490521988710 1 1 0 0 1 0 0 0 0 1 0 0 1 0 0 1 0 x
0.062095976987248 1 0 0 0 0 0 0 0 1 1 0 1 1 0 0 1 1 x
0.078829494832054 0 0 1 0 0 1 0 0 0 0 0 1 0 1 1 0 1 x
0.074898633579540 0 1 0 0 0 0 0 0 0 1 0 1 0 1 1 0 1 x
0.125340527309699 1 1 0 0 0 0 1 1 1 0 0 1 0 1 1 0 0 x
0.076121182751727 1 0 0 0 0 0 0 0 1 1 0 1 1 0 1 1 1 x
0.099634025501000 1 1 0 0 0 0 0 0 1 1 0 1 1 1 0 0 0 x
0.176062821357489 0 1 0 0 1 0 0 0 0 0 0 0 0 1 1 1 1 x
0.095064169187126 1 0 0 1 0 0 0 1 1 1 0 1 1 0 0 1 1 x
0.092608236099270 1 0 0 1 0 0 0 0 1 1 0 1 0 0 1 0 1 x
0.175834316462945 0 0 0 0 0 0 0 0 0 0 0 1 0 0 1 0 1 x
0.092267430092364 0 1 1 0 0 0 0 0 0 1 0 1 0 1 1 0 0 x
0.105544685457745 0 0 1 0 0 0 0 0 1 0 0 1 1 1 1 0 1 x
0.087709629910862 1 1 0 0 0 0 0 0 1 1 0 1 0 1 1 0 0 x
0.082656644927972 0 1 0 0 1 0 0 0 0 0 0 1 1 1 1 0 0 x
0.098795639650691 1 0 0 0 0 0 0 0 0 1 0 0 1 0 1 1 1 x
0.063016318677260 1 0 0 0 0 0 0 0 1 0 0 1 0 1 1 0 1 x
0.103607280225609 1 0 0 0 1 0 0 0 1 1 0 1 1 0 0 1 0 x
0.079175221404742 1 1 0 0 0 0 0 0 1 1 0 1 1 0 0 0 1 x
0.077041861955832 0 1 0 0 0 0 0 0 0 1 0 1 1 0 1 0 1 x
0.093602879654185 0 0 1 0 1 0 0 0 0 0 0 1 0 1 1 0 0 x
0.077944453215497 1 0 0 1 0 0 0 0 1 1 0 1 1 0 1 1 0 x
0.119878408206267 0 0 1 1 0 0 0 0 0 0 0 1 0 1 1 0 1 x
0.072328909989449 1 0 0 0 1 0 0 0 1 0 0 1 1 0 1 0 1 x
0.210112925003199 1 0 0 0 1 0 0 0 1 0 0 0 0 0 1 0 0 x
0.093813149116938 1 1 0 0 0 0 0 0 1 1 0 1 1 0 1 0 1 x
0.081700056484062 0 1 0 0 1 0 0 0 0 0 0 1 1 0 1 0 1 x
0.099695680400826 1 0 0 0 0 0 1 1 1 0 0 1 1 0 1 0 1 x
0.092063216186020 1 0 0 0 1 0 0 0 0 0 0 0 1 0 1 1 0 x
0.108894390141426 1 0 1 0 0 0 1 0 1 0 0 1 1 1 1 0 0 x
0.122493935473389 0 1 1 0 0 0 0 0 0 1 0 1 0 0 1 0 1 x
0.058455719740969 0 1 0 0 0 0 0 0 0 1 0 0 1 0 1 1 0 x
0.100150335800285 0 1 0 0 0 0 0 0 0 1 0 1 1 0 1 1 1 x
0.097521013018029 0 1 1 0 0 0 0 0 0 1 0 1 0 1 0 1 0 x
0.106188105930511 0 0 1 0 0 0 0 0 0 1 0 1 0 1 1 1 1 x
0.062606868838612 0 1 0 0 0 0 0 0 0 1 0 0 0 1 1 1 0 x
0.056509509136464 1 0 0 0 0 0 0 0 1 0 0 0 0 1 1 1 0 x
0.122985765600647 0 1 0 0 0 0 0 0 0 0 0 0 1 1 1 1 0 x
0.097366371983280 0 1 0 0 0 0 0 0 0 1 0 1 0 1 1 1 0 x
0.108596591081009 0 1 0 0 0 1 0 0 0 1 0 0 0 0 1 1 0 x
0.129430866505852 1 1 0 0 0 1 0 0 1 1 0 1 0 1 0 0 1 x
0.099467802625584 0 1 1 0 0 0 0 0 1 1 0 1 1 0 0 1 0 x
0.144734053315328 1 0 0 1 0 1 0 0 1 0 0 1 0 1 1 0 0 x
0.089033827023423 0 1 0 0 1 0 0 0 0 1 0 1 0 1 1 0 0 x
0.074325279344436 1 0 0 0 0 1 0 0 1 0 0 0 1 0 1 1 0 x
0.086203569497111 0 1 0 0 1 0 0 0 0 1 0 0 1 0 1 1 0 x
0.072441294595637 1 0 0 0 0 0 0 0 1 1 0 1 0 0 1 1 0 x
0.206680940906676 1 0 0 1 1 0 0 0 1 1 0 1 0 0 1 1 1 x
0.090517351203945 0 1 0 0 1 0 0 0 0 0 1 1 1 0 1 0 0 x
0.081545680324556 1 0 0 0 1 0 0 0 0 0 0 1 1 1 1 0 0 x
0.135912890828285 0 0 1 0 0 0 1 0 1 0 0 1 0 0 1 0 1 x
0.127318585811988 1 0 0 0 0 1 1 0 0 0 0 0 0 1 1 1 0 x
0.080288787340853 1 0 0 0 0 0 0 1 1 0 0 0 0 0 1 1 0 x
0.092558000381439 0 1 0 0 0 1 0 0 0 0 1 1 1 1 1 0 1 x
0.087929758080487 1 0 0 0 1 0 0 0 1 0 1 1 1 1 1 0 1 x
0.054114815437595 1 0 0 0 0 0 0 0 1 1 0 0 0 0 1 1 0 x
0.112015591186188 0 0 0 0 1 1 0 0 0 0 1 1 1 1 1 0 1 x
0.139381273696497 1 1 0 0 0 1 0 0 1 0 1 1 1 1 1 0 0 x
0.078919955923023 1 0 0 1 0 0 0 0 0 1 0 1 1 0 1 0 1 x
0.062807125723312 0 1 0 0 0 0 0 0 0 1 0 1 1 0 0 1 1 x
0.073662828456724 0 1 0 0 1 0 0 0 0 0 1 1 1 1 0 0 1 x
0.074392544914572 0 1 0 0 1 0 0 0 0 1 0 1 1 1 0 0 1 x
0.090076863557109 0 1 0 0 1 0 0 0 1 0 1 1 1 1 1 0 1 x
0.043411635577238 0 0 1 0 0 0 0 0 0 0 0 1 0 0 0 1 1 x
0.094049804377804 0 1 0 0 1 0 0 0 0 0 1 1 0 0 0 1 1 x
0.134090778449181 1 0 1 0 0 0 0 0 1 1 1 1 1 1 1 0 0 x
0.167777147085523 1 1 0 1 0 0 0 0 1 1 0 1 1 1 0 0 1 x
0.034563586971659 0 0 1 0 0 0 0 0 0 0 0 0 0 0 1 1 0 x
0.060232991800028 0 0 1 0 0 0 0 1 0 0 0 0 0 1 1 1 0 x
0.091562985737596 0 0 1 0 0 0 0 0 0 0 0 0 0 0 1 1 1 x
0.045299810536640 0 0 1 0 0 0 0 0 0 0 0 1 0 0 1 1 0 x
0.157715491765160 0 1 1 0 0 0 0 0 0 1 0 0 0 0 1 1 0 x
0.148263157123012 0 0 1 1 0 0 0 1 0 0 1 1 0 0 1 1 1 x
0.069617078530239 1 0 0 0 0 0 0 0 1 0 1 1 1 0 0 1 1 x
0.083634621375541 0 0 0 0 1 0 0 0 0 0 0 1 1 0 0 1 1 x
0.055408843973958 0 1 0 0 0 0 0 0 1 0 0 1 1 0 0 1 1 x
0.052265187466068 0 1 0 0 0 0 0 1 0 0 0 0 1 0 1 1 0 x
0.035941458110665 0 1 0 0 0 0 0 0 0 0 0 1 0 0 0 1 0 x
0.090233051873373 1 0 0 0 0 0 0 1 1 1 0 0 1 0 1 1 0 x
0.112854049536439 0 1 0 1 0 0 0 0 1 1 0 1 1 0 0 1 0 x
0.087651107694299 0 0 1 0 0 0 0 1 0 0 1 1 0 1 1 0 1 x
0.152309435766664 0 1 1 0 0 0 0 1 0 0 0 1 0 0 1 1 0 x
0.045410728556788 0 1 0 0 0 0 0 0 0 0 0 1 1 0 0 1 0 x
0.055615289697200 0 1 0 0 0 0 0 1 0 0 0 0 0 1 1 1 0 x
0.112524874376946 1 1 0 0 0 0 0 1 1 1 0 0 0 1 1 1 0 x
0.160518779547638 1 0 1 1 0 0 0 1 1 1 0 1 1 0 1 0 1 x
0.113968321859266 1 0 0 1 0 0 1 0 1 1 0 1 1 0 0 1 1 x
0.041468594226879 0 1 0 0 0 0 0 0 0 0 0 0 0 0 1 1 0 x
0.031405439338888 0 1 0 0 0 0 0 0 0 0 0 0 0 1 0 1 0 x
0.029486573960152 0 1 0 0 0 0 0 0 0 0 0 0 1 0 0 1 0 x
0.030625190610840 0 0 1 0 0 0 0 0 0 0 0 0 0 1 0 1 0 x
0.060959465096361 0 0 1 0 0 0 0 0 0 0 0 0 0 0 0 1 0 x
0.087013956516957 0 0 1 0 0 0 1 0 0 0 0 1 0 1 0 1 0 x
0.056086109371853 1 0 0 0 0 0 0 1 0 1 0 1 0 0 1 1 1 x
0.133960548517692 1 0 1 0 0 0 1 1 0 1 0 1 0 1 1 0 1 x
0.085309603293292 0 0 1 0 0 1 0 0 0 0 0 0 0 1 1 1 0 x
0.127314911836020 0 1 1 0 0 0 0 0 1 0 0 1 0 1 0 0 1 x
0.038325774336743 1 0 0 0 0 0 0 0 1 0 0 0 0 1 0 1 0 x
0.098246348968639 1 0 1 0 0 0 0 0 1 0 0 1 0 1 0 1 0 x
0.130911603130749 0 0 0 0 0 0 0 0 0 0 0 0 0 1 0 1 0 x
0.159078931611013 0 1 0 0 1 1 0 1 0 1 0 1 1 1 1 0 1 x
0.116529122663161 0 0 0 1 1 0 0 0 0 0 0 1 1 0 1 1 1 x
0.150599204680637 1 0 1 0 0 0 0 0 1 0 0 0 0 1 0 1 0 x
0.056317009073268 1 0 0 0 0 0 0 1 1 0 0 1 0 1 0 1 1 x
0.058963602906673 1 0 0 0 0 0 0 0 0 0 0 1 0 0 0 1 1 x
0.127052974426259 0 1 0 0 0 0 0 1 0 0 0 0 0 0 0 1 0 x
0.059978488486326 1 0 0 0 0 0 0 0 0 1 0 1 0 1 0 1 0 x
0.034710550917402 0 0 1 0 0 0 0 0 0 0 0 0 1 0 0 1 0 x
0.109765723688534 0 0 1 1 0 0 0 0 0 0 0 1 1 0 0 1 0 x
0.075834224640248 1 0 0 0 0 0 0 0 0 0 0 1 1 1 0 0 1 x
0.152989476182781 1 0 1 0 0 0 1 1 0 0 0 1 1 0 0 1 0 x
0.068854949311339 0 0 1 0 0 0 1 0 0 0 0 0 0 1 1 1 0 x
0.091537993696304 0 0 1 0 1 0 0 0 0 0 0 0 1 1 0 1 0 x
0.101142163051380 1 0 0 1 0 0 1 0 1 1 0 1 1 1 1 0 1 x
0.051455241470655 0 1 0 0 0 0 0 0 1 0 0 0 0 1 0 1 0 x
0.123616234683699 0 0 1 1 0 0 0 0 0 0 0 0 1 0 1 1 0 x
0.098229801141983 1 1 0 0 0 0 0 1 1 1 0 1 0 0 1 0 1 x
0.119230258800686 1 0 0 0 0 1 0 1 1 1 0 0 0 1 1 1 0 x
0.058748525910051 1 0 0 0 0 0 0 0 1 0 0 1 0 1 0 1 1 x
0.087798843875199 1 1 0 0 0 0 0 1 1 1 0 1 0 1 0 1 0 x
0.063130853956943 0 0 1 0 0 0 0 1 0 0 0 0 1 0 1 1 0 x
0.076544183035194 0 0 1 0 0 0 0 0 0 1 0 0 1 0 0 1 0 x
0.085611787189294 0 1 0 0 1 0 0 0 0 0 0 1 0 1 0 1 0 x
0.035361203930038 0 1 0 0 0 0 0 0 0 0 0 1 1 0 0 0 1 x
0.082322627828155 1 0 0 1 0 0 0 0 1 1 0 1 1 1 0 1 0 x
0.028902572345666 1 0 0 0 0 0 0 0 0 0 0 0 1 0 0 1 0 x
0.070674331548646 1 0 0 0 0 0 0 1 0 0 0 1 0 1 1 1 0 x
0.054717032254887 1 0 0 0 0 0 0 0 0 0 0 0 1 1 0 1 0 x
0.102689248622215 0 1 0 0 0 0 0 0 0 0 1 1 0 1 0 0 0 x
0.048840573433360 0 1 0 0 0 0 0 0 0 0 0 1 0 0 0 1 1 x
0.098818731107971 0 1 1 0 0 0 0 0 0 1 0 1 1 0 0 0 1 x
0.038635457159930 1 0 0 0 0 0 0 0 0 0 0 1 1 0 0 1 0 x
0.061515699704762 1 0 0 0 0 0 0 1 1 0 0 1 0 0 1 1 1 x
0.052398275337767 1 0 0 0 0 0 1 0 0 0 0 1 1 0 1 0 1 x
0.164097089575966 1 1 1 0 0 0 0 1 1 1 0 1 0 1 1 0 0 x
0.130174068607007 1 1 0 0 0 0 0 1 0 0 0 1 1 0 0 0 1 x
0.033499213741299 1 0 0 0 0 0 0 0 0 0 1 0 0 1 0 1 0 x
0.072267362379626 0 0 1 0 0 0 0 0 0 0 0 1 0 1 0 1 1 x
0.094773055158407 1 0 0 0 0 0 0 0 0 0 1 1 1 0 1 0 1 x
0.066698969949938 1 0 0 0 0 0 1 0 0 0 0 1 1 1 0 1 0 x
0.077643463729965 0 1 0 0 0 0 1 0 0 0 0 1 1 0 0 0 1 x
0.082552080193401 0 1 0 0 0 0 1 0 0 0 1 0 0 1 0 1 0 x
0.081404917644485 0 0 1 0 0 1 0 0 0 0 0 1 1 0 0 1 1 x
0.078415080966174 0 1 0 0 0 0 0 0 0 1 1 0 0 1 0 1 0 x
0.094851947780368 1 0 0 0 0 0 0 0 1 0 1 1 0 1 0 1 0 x
0.103009348902993 1 0 0 0 0 0 0 0 0 0 0 0 0 1 0 1 1 x
0.073492520259634 1 0 0 0 0 0 0 0 1 0 1 0 1 0 0 1 0 x
0.087436338115731 0 1 0 0 0 1 0 0 1 0 0 1 1 0 0 1 1 x
0.052478910894628 1 0 0 0 0 0 0 0 0 0 0 0 0 0 1 1 0 x
0.110556725604796 0 1 0 0 1 0 0 1 0 0 1 0 0 1 1 1 0 x
0.050463296260505 1 0 0 0 0 0 0 1 0 0 0 0 0 1 0 1 0 x
0.097389291881566 1 0 0 0 0 0 1 1 1 1 0 1 0 1 1 1 1 x
0.110135045198188 1 0 0 0 0 0 1 0 0 1 0 1 1 1 1 0 0 x
0.052903874202083 0 0 1 0 0 0 0 0 0 0 1 0 0 1 0 1 0 x
0.146334795845827 1 0 0 1 0 1 0 0 1 0 0 1 1 0 1 0 1 x
0.092092442666954 1 0 0 1 0 0 0 1 1 1 0 1 0 1 1 0 1 x
0.032582218757975 1 0 0 0 0 0 0 0 0 1 0 0 0 1 0 1 0 x
0.060530460669718 0 0 1 0 0 0 0 0 0 0 0 1 1 0 0 1 0 x
0.081702206649968 0 0 1 0 0 1 0 0 0 0 0 0 1 0 1 1 0 x
0.027429320929304 0 1 0 0 0 0 0 0 0 0 0 0 0 1 1 0 0 x
0.082637589965093 0 1 0 0 0 1 0 0 1 0 0 1 0 1 1 0 1 x
0.154047938727669 1 1 0 0 0 1 0 0 1 1 0 0 0 1 1 0 0 x
0.029633885632623 0 1 0 0 0 0 0 0 0 0 0 0 1 0 1 0 0 x
0.164425038119800 0 0 1 1 0 1 0 0 0 1 0 1 1 1 1 0 1 x
0.103505463996528 0 1 0 1 0 0 0 0 0 0 0 1 1 0 1 0 1 x
0.103569295007726 0 0 1 0 0 1 0 0 0 0 0 1 0 0 1 1 1 x
0.055334839740652 1 0 0 0 0 0 1 0 0 0 0 1 1 0 0 1 1 x
0.039277107694448 0 1 0 0 0 0 0 0 0 0 0 1 0 0 1 0 0 x
0.096614203395428 1 0 0 0 0 1 1 0 1 0 0 1 1 1 1 0 1 x
0.072103375018583 0 1 0 0 0 0 1 0 0 0 0 1 0 1 1 0 0 x
0.096997749882678 0 1 0 0 1 0 0 0 1 0 0 1 1 0 0 1 1 x
0.112211631025095 0 0 1 0 1 0 0 1 0 0 0 1 1 1 1 0 1 x
0.050317126868522 0 1 0 0 0 0 0 0 0 0 1 1 0 0 1 0 1 x
0.059602647389458 0 1 0 0 0 0 0 0 0 0 0 0 0 0 1 0 0 x
0.066021956527846 0 1 0 0 0 0 0 0 0 0 1 1 0 0 1 1 0 x
0.073193385285524 1 0 0 0 0 1 0 0 1 0 0 1 1 1 0 1 0 x
0.024393312035890 1 0 0 0 0 0 0 0 0 0 0 0 1 0 1 0 0 x
0.028534339455824 1 0 0 0 0 0 0 0 0 0 0 0 0 1 1 0 0 x
0.098298594469958 1 0 0 1 0 0 0 0 0 1 0 0 0 1 1 0 0 x
0.069656170481393 1 0 0 0 1 0 0 0 0 1 0 0 1 1 1 0 0 x
0.063052212463834 1 0 0 0 0 0 0 0 0 0 0 0 1 1 1 0 0 x
0.080617906599972 1 0 0 0 0 0 0 0 0 1 1 0 0 1 1 0 0 x
0.031991387311395 0 0 1 0 0 0 0 0 0 0 0 0 0 1 1 0 0 x
0.111569145853973 0 1 1 0 0 0 0 0 0 0 1 0 0 1 1 0 0 x
0.109285785286212 0 1 1 0 0 1 0 0 1 1 1 1 1 1 0 0 1 x
0.094044428954495 0 1 0 0 0 1 0 0 1 1 1 1 0 0 1 1 1 x
0.071780849817733 1 0 0 0 1 0 0 0 0 1 1 0 1 1 0 1 0 x
0.116393600892957 1 0 1 0 0 1 1 0 1 1 1 1 1 1 0 1 0 x
0.144936066442663 1 0 1 0 0 0 0 0 0 0 0 0 1 0 1 0 0 x
0.084960887907994 0 0 1 0 1 0 0 0 0 0 1 1 0 1 1 0 1 x
0.095524950455229 1 0 0 0 1 0 0 1 1 0 0 1 1 1 0 1 1 x
0.091828416690515 0 1 0 0 0 1 0 0 1 0 1 0 1 0 1 1 1 x
0.100666384030766 1 1 0 0 0 1 0 0 1 1 1 1 1 0 0 1 0 x
0.110852493546149 0 1 0 0 0 1 1 0 1 1 1 1 1 1 0 1 1 x
0.047616841688226 0 1 0 0 0 0 0 0 0 0 1 0 1 0 0 1 0 x
0.041253698106709 1 0 0 0 0 0 0 0 1 0 0 0 1 0 1 0 1 x
0.050672006803068 0 1 0 0 0 0 0 0 0 0 0 0 1 0 1 0 1 x
0.064381285757676 0 0 1 0 0 0 0 0 0 0 0 0 0 1 1 1 0 x
0.058456088457830 1 0 0 0 0 0 1 0 0 0 0 0 1 0 1 0 1 x
0.047765081751399 1 0 0 0 0 0 0 0 0 1 0 0 1 0 1 0 0 x
0.052054544616573 0 1 0 0 0 0 0 0 1 0 0 0 1 0 1 1 0 x
0.079120662187908 0 0 1 0 0 1 0 0 0 0 0 0 1 1 0 1 0 x
0.065924974315527 0 1 0 0 0 0 0 1 0 0 0 0 0 1 1 0 0 x
0.059729238884127 0 1 0 0 0 0 1 0 0 0 0 0 1 0 1 1 0 x
0.081078731366878 1 0 0 0 1 0 0 1 0 1 0 1 1 0 1 1 0 x
0.091343946899583 0 0 1 0 0 1 0 0 1 0 1 1 1 1 0 1 1 x
0.102693377850317 1 0 0 1 0 0 0 1 0 1 0 1 0 0 1 1 0 x
0.073747475060491 0 0 1 0 0 0 0 1 0 0 0 0 0 0 1 1 0 x
0.074040436820691 1 0 0 0 1 0 0 0 1 1 0 1 1 1 0 0 1 x
0.138807145817913 0 1 1 0 0 0 0 1 0 0 0 0 1 1 0 1 0 x
0.048648661836047 1 0 0 0 0 0 0 1 0 0 0 0 0 1 1 0 0 x
0.146978229136537 0 0 1 0 1 1 0 0 1 0 1 1 1 1 1 0 1 x
0.115621200612709 0 0 1 0 0 1 0 1 0 0 0 0 1 1 1 0 1 x
0.076516859760786 1 0 0 0 0 1 0 1 1 0 1 1 1 1 0 1 1 x
0.077208822517274 1 0 0 0 0 1 0 0 0 1 1 0 1 1 0 1 0 x
0.088806547807969 0 1 0 0 0 1 0 0 0 0 1 0 0 1 0 1 0 x
0.111375177477759 0 0 1 0 0 1 0 0 0 0 1 0 0 1 1 0 0 x
0.100473274486865 1 0 1 0 0 0 0 0 0 1 0 1 0 0 1 1 0 x
0.045712511696639 1 0 0 0 0 0 0 1 0 0 0 0 1 0 1 0 1 x
0.080841130568708 1 0 0 0 1 0 0 1 0 1 0 1 1 0 1 0 1 x
0.049174706721239 1 0 0 0 0 0 0 1 0 0 0 1 1 0 0 1 1 x
0.079484681900166 1 0 0 0 0 0 0 0 1 1 0 0 0 1 1 0 0 x
0.038939393584190 1 0 0 0 0 0 0 0 0 0 0 0 1 0 0 0 1 x
0.053528633190087 0 0 1 0 0 0 0 0 0 0 0 0 1 1 0 0 0 x
0.025940393041031 1 0 0 0 0 0 0 0 0 0 0 0 1 1 0 0 0 x
0.098106337797917 1 0 0 0 1 0 0 0 0 0 0 0 1 1 0 0 0 x
0.085855183933162 1 0 0 0 1 0 0 1 0 1 1 0 1 0 1 1 0 x
0.036623861677585 0 1 0 0 0 0 0 0 0 0 0 0 1 1 0 0 0 x
0.264761081114517 1 1 0 0 0 0 0 0 0 0 0 0 0 1 0 0 0 x
0.128587250209116 1 1 0 0 0 1 0 1 1 1 0 1 1 0 0 1 1 x
0.107927065341902 1 1 0 0 0 1 0 1 1 1 1 1 0 1 1 1 0 x
0.050978614644296 1 0 0 0 0 0 0 0 1 0 0 1 1 0 0 0 1 x
0.146682741989174 0 0 1 0 1 0 0 1 0 0 0 0 1 0 1 1 0 x
0.100655612733094 0 0 1 0 1 0 0 0 0 1 0 1 0 1 0 1 1 x
0.099145145011373 1 0 0 0 1 0 1 0 0 1 0 1 1 1 1 0 1 x
0.083209134111689 0 1 0 0 0 1 0 0 1 0 0 1 1 1 0 0 1 x
0.044561362247653 1 0 0 0 0 0 0 1 0 0 0 1 0 0 1 0 1 x
0.107850809802024 1 0 1 0 0 1 0 0 1 1 0 1 1 1 0 0 1 x
0.042499498902455 0 0 1 0 0 0 0 0 0 0 0 0 1 1 0 0 1 x
0.070259384659982 0 0 1 0 0 0 1 0 0 0 0 1 1 0 0 1 1 x
0.045466720298480 0 0 1 0 0 0 0 0 0 0 0 0 1 0 1 0 1 x
0.057713216496181 0 0 0 0 1 0 0 0 0 0 0 0 1 0 1 0 1 x
0.111171169141429 0 0 0 0 1 0 0 0 0 0 0 0 1 1 1 0 0 x
0.080307732821433 0 0 0 0 1 0 0 1 0 0 0 0 1 0 1 1 1 x
0.131863588871121 1 0 1 0 1 0 0 0 1 1 0 1 1 1 0 1 0 x
0.081454358715400 1 0 0 0 1 0 0 0 0 1 0 0 1 0 1 0 1 x
0.097390133683756 1 0 0 0 1 0 0 1 0 1 1 1 1 1 0 1 0 x
0.080351473236226 0 0 1 0 1 0 0 0 0 0 0 1 1 1 0 0 1 x
0.065422513175365 0 0 1 0 0 0 0 1 0 0 0 1 1 0 0 1 1 x
0.036367456055437 0 0 1 0 0 0 0 0 0 0 0 0 1 0 0 0 1 x
0.054309494262667 0 0 1 0 0 0 0 0 1 0 0 0 1 0 0 1 1 x
0.035890639397949 0 1 0 0 0 0 0 0 0 0 0 0 1 0 0 0 1 x
0.068424559600922 1 0 0 0 0 0 1 0 0 0 0 0 0 1 0 1 0 x
0.073904023925294 1 0 1 0 0 0 0 1 1 1 1 1 0 1 0 1 1 x
0.158232558562175 1 0 1 1 0 0 0 1 1 1 1 1 1 1 0 1 1 x
0.097996165168311 1 1 0 0 0 0 1 0 1 1 1 1 1 0 1 1 0 x
0.053235931611592 0 0 1 0 0 0 0 0 0 0 1 0 1 0 0 1 1 x
0.055611691156239 0 1 0 0 0 0 0 0 1 0 1 0 1 0 0 1 1 x
0.048065556970982 1 0 0 0 0 0 0 1 0 0 1 1 0 0 0 1 1 x
0.077823835344367 1 0 0 0 1 0 0 1 0 0 1 1 1 0 0 1 1 x
0.077235729842569 1 0 0 0 0 1 0 1 0 0 1 1 0 1 0 1 1 x
0.073101329619436 0 1 0 0 0 0 0 1 0 1 1 1 0 0 1 1 1 x
0.126498747519689 1 1 0 0 0 1 1 0 1 1 0 1 1 1 0 1 0 x
0.073800868285587 1 1 0 0 0 0 0 1 1 1 1 1 0 1 0 1 1 x
0.068829545268440 0 1 0 0 0 0 0 1 0 0 1 1 1 0 0 1 1 x
0.147595066861239 0 1 1 0 0 1 0 1 1 1 1 1 0 1 0 1 1 x
0.144093410576030 0 0 0 1 1 0 0 1 0 0 0 1 1 0 1 0 1 x
0.079932216267918 0 1 0 0 1 0 0 0 1 1 1 1 1 1 0 1 1 x
0.087739462391194 1 0 0 0 1 0 0 1 1 1 1 1 0 1 1 1 1 x
0.119718536737475 1 1 0 0 1 0 0 1 1 1 1 1 1 0 1 1 0 x
0.046547028120186 1 0 0 0 0 0 0 1 0 0 1 0 1 0 0 1 1 x
0.074125669998778 0 0 1 0 0 0 0 1 0 0 1 0 1 1 0 1 1 x
0.069997356749389 0 1 0 0 0 0 0 1 0 1 1 0 1 0 1 1 1 x
0.059943039135110 1 0 0 0 0 0 0 1 0 0 1 0 0 1 1 1 0 x
0.096792485938878 0 1 0 1 0 0 0 1 1 1 1 1 1 0 1 1 1 x
0.067251939781706 1 0 0 0 0 0 0 1 0 1 1 1 0 1 0 1 1 x
0.069023876176457 1 0 0 0 0 0 1 0 1 0 0 1 1 1 0 0 1 x
0.059945604310198 0 1 0 0 0 0 0 0 0 0 1 0 1 1 0 0 1 x
0.104455773915521 0 0 1 0 1 0 0 0 0 1 0 0 1 1 0 0 1 x
0.082062828218524 0 1 0 1 0 0 0 0 1 1 1 1 0 1 1 0 1 x
0.120796944588513 0 1 0 1 0 0 0 0 1 1 0 1 0 0 1 1 1 x
0.086296696055113 0 1 0 1 0 0 0 0 0 1 1 1 1 0 0 0 1 x
0.146831132416896 1 1 0 1 0 0 0 1 1 1 1 1 0 1 1 0 1 x
0.130888936882340 0 1 0 1 0 0 0 0 0 0 0 0 1 1 0 0 0 x
0.128862560663071 0 0 0 1 1 0 0 1 0 1 1 1 1 1 1 1 1 x
0.086859301540251 0 1 0 0 0 0 0 1 1 1 1 1 0 1 1 1 1 x
0.063145422961928 0 1 0 0 0 0 0 0 1 0 1 1 0 0 0 1 1 x
0.067429985217664 0 0 0 0 1 0 0 0 0 0 0 0 1 1 0 0 1 x
0.079447584743458 0 0 0 0 1 0 0 0 0 0 1 0 1 0 0 1 1 x
0.082222110040068 0 1 0 0 1 0 0 0 0 1 1 0 1 1 1 0 1 x
0.145476568543975 0 1 0 1 1 0 0 0 1 1 1 1 1 1 1 0 1 x
0.081035523369816 0 1 0 0 0 0 1 0 1 0 0 0 0 1 1 1 0 x
0.094916404036861 0 1 0 0 1 0 0 0 0 0 0 0 1 1 0 0 1 x
0.086517838789080 1 0 0 0 0 1 0 0 0 0 0 0 1 1 0 0 0 x
0.077154430656679 1 0 0 0 0 0 0 0 0 1 1 0 1 0 0 1 0 x
0.111537742688435 1 1 0 0 0 1 0 0 1 1 1 0 1 0 1 1 0 x
0.065024473953380 0 0 1 0 0 0 0 1 0 0 0 0 1 0 0 1 1 x
0.109245695999318 1 0 1 0 0 0 1 0 1 0 1 1 0 1 1 0 1 x
0.086932188921082 1 0 0 1 0 0 0 1 0 0 1 1 1 0 0 1 1 x
0.086296630143213 0 1 0 0 0 1 0 0 0 0 1 1 1 0 0 0 1 x
0.111451380009964 1 1 0 0 0 0 1 0 1 0 0 1 1 0 1 0 0 x
0.103751357486885 0 0 1 0 1 0 0 1 0 1 1 1 1 1 0 1 1 x
0.055773445107876 1 0 0 0 0 0 1 0 0 0 0 1 0 1 1 0 0 x
0.066475756021048 1 0 0 0 0 0 0 1 0 0 1 0 1 0 0 0 1 x
0.063056491716682 0 1 0 0 0 0 1 0 0 0 1 0 1 0 1 0 1 x
0.079764939208421 1 0 0 0 1 0 0 1 0 0 1 1 0 1 1 0 1 x
0.071990458780055 0 1 0 0 0 0 1 0 0 1 1 1 0 0 1 1 1 x
0.100917378705401 0 1 0 0 1 0 1 0 0 1 1 1 1 1 1 0 1 x
0.134157330551686 1 1 1 0 0 0 0 1 1 1 1 1 1 0 0 0 1 x
0.066444644221663 0 0 1 0 0 0 0 0 1 0 0 1 1 0 0 1 1 x
0.100727062418607 0 0 1 0 0 1 0 0 0 1 1 0 0 1 0 1 1 x
0.061493022288601 0 1 0 0 0 0 0 1 0 0 1 0 1 0 1 0 1 x
0.070567663331758 1 0 0 0 0 1 0 0 1 1 1 1 0 1 0 1 1 x
0.117703617850738 0 1 0 0 0 0 0 0 1 0 1 1 1 0 0 0 1 x
0.087327057202705 0 1 0 1 0 0 0 0 0 1 0 1 0 1 1 0 0 x
0.066820696815067 0 1 0 0 0 0 0 0 1 1 0 1 0 1 0 1 1 x
0.062050193928424 1 0 0 0 0 0 0 1 1 0 1 0 0 1 0 1 1 x
0.089700496534754 0 0 0 0 1 0 0 0 0 1 0 0 1 0 1 1 1 x
0.040439947529100 1 0 0 0 0 0 0 0 1 0 0 0 1 1 0 0 1 x
0.115362158819390 1 0 0 1 0 0 1 1 0 1 1 1 1 0 1 1 1 x
0.088342339759869 1 0 1 0 0 0 0 1 0 0 1 1 0 1 0 1 0 x
0.122997283033087 0 1 0 1 0 1 0 0 1 1 1 1 1 1 0 1 1 x
0.123714869244763 0 0 1 0 0 1 0 0 1 0 0 0 1 1 0 0 1 x
0.083603636308682 1 0 0 0 1 0 0 0 0 1 1 1 0 1 1 1 0 x
0.048557153664538 0 0 0 1 0 0 0 0 0 0 0 0 1 0 0 1 1 x
0.076246800305335 0 0 0 1 0 0 0 1 0 0 0 0 1 0 1 1 1 x
0.084716056245061 0 1 0 1 0 0 0 0 0 1 1 0 1 0 1 0 1 x
0.094916624123374 0 0 0 1 0 0 0 1 0 0 1 0 1 0 0 1 1 x
0.040894389893913 0 0 0 1 0 0 0 0 0 0 0 0 1 0 0 0 1 x
0.085265794054489 0 0 0 1 0 0 1 0 0 0 0 0 1 0 1 0 1 x
0.090483324215664 0 0 0 1 1 0 0 0 0 0 0 1 1 1 0 0 1 x
0.125258998353016 0 0 0 1 1 0 0 0 0 1 0 0 1 0 1 0 1 x
0.050818727543363 0 0 0 1 0 0 0 0 0 0 0 0 1 1 0 0 1 x
0.123864836744582 0 0 1 1 0 0 0 0 0 0 0 0 1 1 0 0 1 x
0.068352675966392 0 0 0 1 0 0 0 0 0 0 0 1 1 0 0 1 1 x
0.073057276721053 1 0 0 1 0 0 0 0 0 0 0 1 1 1 0 0 0 x
0.088994428241484 1 0 0 1 0 0 0 1 1 0 0 1 1 1 0 0 1 x
0.057994040186351 0 0 0 1 0 0 0 0 0 0 0 0 1 0 1 1 0 x
0.072756766953510 0 1 0 0 0 1 0 0 0 0 0 1 0 1 1 0 0 x
0.192448524590568 1 1 1 0 0 1 0 1 1 1 1 1 1 1 0 1 0 x
0.098590195364585 1 0 0 1 0 0 0 1 0 0 0 1 1 0 1 0 0 x
0.047498812448800 0 0 0 1 0 0 0 0 0 0 0 0 1 0 1 0 1 x
0.065011107735903 0 0 0 1 0 0 0 0 1 0 0 0 1 0 0 1 1 x
0.141209515141176 0 0 0 1 0 1 0 0 1 1 0 0 1 0 1 1 1 x
0.046356920007734 1 0 0 0 0 0 0 0 1 0 0 0 1 0 0 0 1 x
0.063831187074028 1 0 0 0 0 0 1 0 0 1 0 1 0 0 1 1 0 x
0.177335791167561 0 1 1 1 0 0 0 0 1 1 0 1 0 1 1 0 0 x
0.131006259426839 0 1 0 1 0 1 0 0 0 1 1 1 0 1 1 0 1 x
0.093211755442832 1 0 0 1 0 0 0 1 1 0 1 1 0 1 0 1 1 x
0.040459835569085 0 0 1 0 0 0 0 0 0 0 0 0 1 0 1 0 0 x
0.097306898561162 1 0 0 0 1 1 0 0 1 1 1 1 1 1 0 1 1 x
0.054860597692591 0 1 0 0 0 0 0 0 1 0 0 1 0 0 1 1 0 x
0.085546870473460 0 1 0 1 0 0 0 0 1 1 0 1 1 1 0 0 1 x
0.051626684589950 0 1 0 0 0 0 0 0 0 0 1 0 1 0 0 1 1 x
0.032946902629742 0 0 0 1 0 0 0 0 0 0 0 0 0 0 1 1 0 x
0.035278346719586 0 0 0 1 0 0 0 0 0 0 0 0 0 1 0 1 0 x
0.042775805859011 0 0 0 1 0 0 0 0 0 0 0 0 0 1 1 0 0 x
0.108527474710393 0 0 0 1 1 0 0 0 0 0 0 0 0 1 1 1 0 x
0.034511273836303 0 0 0 1 0 0 0 0 0 0 0 0 0 1 0 0 1 x
0.148794502834629 0 0 1 1 0 0 0 0 0 1 0 0 0 1 0 1 0 x
0.053706628807610 0 0 0 1 0 0 0 0 0 0 0 1 0 1 0 0 1 x
0.062224426787353 0 0 0 1 0 0 0 0 0 0 1 0 0 1 0 1 1 x
0.107523553400739 0 0 0 1 0 0 1 0 1 0 0 1 0 1 1 1 1 x
0.092644840732176 0 0 0 1 1 0 0 0 0 0 1 1 0 1 1 0 1 x
0.055862873622036 0 0 0 1 0 0 0 0 0 0 0 1 0 0 1 1 0 x
0.043749341922809 0 0 0 1 0 0 0 0 0 0 0 1 0 0 0 1 1 x
0.074298808348223 0 0 0 1 0 0 0 1 0 0 0 1 0 1 0 1 1 x
0.093294530589929 1 0 0 1 0 0 0 0 0 0 0 1 0 1 0 1 0 x
0.074587945706543 0 0 0 1 0 0 0 0 0 1 0 1 0 0 1 1 1 x
0.060590310164322 0 0 0 1 0 0 0 0 1 0 0 0 0 1 0 1 1 x
0.132864959468996 0 0 0 1 1 0 0 0 1 0 0 1 0 1 0 1 1 x
0.158350271003955 0 0 1 0 0 1 1 0 1 1 0 1 1 1 1 1 1 x
0.054875837680897 0 0 0 1 0 0 0 0 0 0 0 0 0 1 1 0 1 x
0.069729005784799 0 0 0 1 0 0 0 1 0 0 0 0 0 1 1 1 0 x
0.119744443740541 0 0 1 0 0 1 0 1 0 0 1 1 0 1 0 1 1 x
0.116252597287569 0 1 0 1 0 0 0 1 1 0 1 1 0 1 0 1 1 x
0.080625998502398 0 1 0 0 0 1 0 0 0 1 0 0 1 1 0 0 1 x
0.092460752533490 0 0 0 1 0 1 0 0 0 0 0 1 0 1 0 1 1 x
0.080647073836145 1 0 1 0 0 0 0 1 1 0 1 1 1 1 0 0 1 x
0.084616610202744 0 1 0 0 0 0 1 1 0 0 1 1 1 0 1 1 1 x
0.057969779301701 0 0 0 1 0 0 0 0 0 1 0 0 0 1 0 1 1 x
0.080035682718348 0 0 0 1 0 0 1 0 0 0 0 1 0 1 0 1 1 x
0.073567236492786 0 0 0 1 0 0 0 0 1 0 0 0 0 0 1 1 0 x
0.072835193123145 1 0 0 0 0 1 0 1 0 0 1 1 1 0 0 1 1 x
0.077806133692870 0 1 1 0 0 0 0 0 1 1 1 1 1 0 0 1 1 x
0.090979706514127 0 0 1 0 0 0 1 0 0 1 1 1 0 0 1 1 1 x
0.061160969269647 0 0 0 1 0 0 0 0 0 0 0 0 0 0 1 0 0 x
0.088367131121319 1 1 0 0 0 0 0 1 1 0 1 1 1 0 0 1 1 x
0.101183344641661 1 0 0 0 1 0 1 0 1 1 0 1 1 1 1 1 0 x
0.068744177029623 0 0 1 0 0 0 1 0 0 0 0 1 0 1 1 0 1 x
0.100653231972162 0 1 0 1 0 0 0 0 1 0 0 1 0 1 1 0 0 x
0.132958865744936 1 0 1 0 1 0 0 1 1 1 1 1 1 1 1 0 1 x
0.108030514337483 1 0 0 1 0 1 0 0 1 1 0 1 1 1 0 0 1 x
0.091898669572196 1 0 1 0 0 0 1 0 1 1 1 1 1 1 0 1 1 x
0.138897247952603 0 0 1 1 0 0 0 1 1 0 0 1 1 1 0 1 1 x
0.078343098265813 1 0 0 0 1 0 0 1 0 1 1 0 1 1 1 0 1 x
0.109679578234071 1 1 0 0 1 0 0 1 1 1 1 1 1 1 0 0 1 x
0.066200534281428 0 1 0 0 0 1 0 0 0 0 0 0 1 1 1 0 0 x
0.058510002292805 1 0 0 0 0 0 0 0 0 0 0 0 0 1 0 0 0 x
0.114398156188289 1 1 0 0 0 1 0 1 1 1 1 1 1 1 1 0 1 x
0.187306390688675 0 1 0 1 0 0 0 0 0 0 0 1 0 0 0 0 1 x
0.097059660738953 0 1 0 1 0 0 0 1 0 1 1 1 1 1 1 0 1 x
0.100397808473243 0 1 0 1 0 0 1 0 0 1 1 1 1 0 1 0 1 x
0.274529516913996 1 1 1 1 1 0 0 1 1 1 1 1 1 1 0 0 0 x
0.075316159271707 0 1 0 0 0 0 0 1 1 0 0 1 0 0 1 1 1 x
0.069003322300873 1 0 1 0 0 0 0 1 1 1 1 1 1 0 0 1 1 x
0.071496981931779 1 0 0 0 0 0 1 1 0 0 1 1 1 0 0 1 1 x
0.095098678608805 0 1 0 0 1 0 0 1 0 0 1 1 0 1 1 0 1 x
0.084587919565392 0 1 0 1 0 0 0 0 0 0 1 1 1 0 1 0 0 x
0.120924697120744 0 1 1 0 0 0 0 0 0 0 1 1 0 0 0 1 0 x
0.142421547574823 1 1 0 1 0 0 0 0 1 1 1 1 1 0 1 0 0 x
0.071565323690266 0 0 0 1 0 0 0 0 0 1 0 0 0 1 0 0 1 x
0.097390369178032 1 0 1 0 0 1 0 0 1 1 1 1 1 0 0 1 1 x
0.117989886064922 1 0 0 1 0 0 1 0 0 0 0 1 1 0 1 0 0 x
0.066491952532606 1 0 0 0 0 0 1 0 0 1 1 0 0 1 1 1 0 x
0.046445888807069 0 0 0 1 0 0 0 0 0 0 0 0 0 0 0 1 1 x
0.093013403826052 0 1 0 1 0 0 0 0 1 1 1 0 0 1 1 1 0 x
0.090439872006966 1 1 0 0 0 0 1 0 1 1 1 1 0 1 1 0 1 x
0.059606875215166 0 0 1 0 0 0 0 0 0 0 0 0 0 0 1 0 0 x
0.083125212943853 1 0 0 1 0 0 0 0 1 1 1 1 1 1 0 0 1 x
0.092042787241244 1 0 0 1 0 0 0 1 0 0 1 1 0 1 1 0 1 x
0.079865292500545 1 1 0 0 0 0 1 0 1 1 1 1 1 0 0 1 1 x
0.081990113757769 1 1 0 0 0 0 0 1 0 1 1 1 0 0 1 0 1 x
0.083227472497912 1 1 0 0 0 0 0 1 1 1 1 1 0 0 1 1 1 x
0.128319681719104 0 1 0 0 1 0 0 1 1 1 1 0 1 0 1 1 1 x
0.093818537924435 0 1 0 1 0 0 0 0 1 0 1 0 1 0 1 1 0 x
0.164935075371230 0 1 1 1 0 0 0 0 1 1 1 1 1 0 0 1 1 x
0.088464353556683 0 1 1 0 0 0 0 1 1 1 1 1 1 1 0 1 1 x
0.108218872254579 1 1 0 0 0 1 1 0 1 1 1 1 1 0 1 0 1 x
0.094628980604547 0 0 1 1 0 0 0 0 1 0 1 1 1 0 1 0 1 x
0.091732489552129 0 0 1 1 0 0 0 0 0 1 1 1 1 1 0 0 1 x
0.046934331764750 1 0 0 0 0 0 0 0 0 0 0 1 1 0 0 0 0 x
0.080047734500048 1 0 1 0 0 0 0 0 1 1 1 1 1 0 0 0 1 x
0.095755900091802 0 1 1 0 0 0 0 1 0 1 1 1 0 1 1 0 1 x
0.028060848665510 1 0 0 0 0 0 0 0 0 0 0 1 0 0 1 0 0 x
0.039259102932406 1 0 0 0 0 0 0 0 0 1 0 1 0 0 1 0 1 x
0.056002681079513 1 0 0 0 0 0 0 0 1 1 1 0 0 1 0 1 1 x
0.082676657369637 0 0 0 0 1 0 0 0 0 0 0 1 0 0 1 1 1 x
0.074105620108534 1 0 0 1 0 0 0 0 0 1 0 1 0 1 1 0 0 x
0.076873696020689 1 0 0 0 0 1 0 0 1 0 1 0 1 0 0 1 1 x
0.072997634449961 1 0 0 0 0 0 1 0 1 1 1 1 0 0 1 1 1 x
0.128245979097661 0 0 0 1 1 0 0 0 0 1 0 1 0 0 1 1 0 x
0.090683579917749 0 1 1 0 0 0 0 0 1 1 1 0 1 1 0 1 0 x
0.054232743120044 0 0 1 0 0 0 0 0 0 1 0 0 0 1 1 0 1 x
0.035331818902542 0 0 1 0 0 0 0 0 0 0 0 0 0 1 0 0 1 x
0.070839174070986 1 0 1 0 0 0 0 0 0 1 1 1 0 1 0 0 1 x
0.076634696057247 0 0 1 0 0 0 0 0 0 1 0 1 0 1 0 0 1 x
0.044710529183169 0 0 1 0 0 0 0 0 0 0 1 0 0 1 0 0 1 x
0.076626894127521 0 1 0 0 0 1 0 0 0 1 1 0 0 1 1 0 1 x
0.083961640371583 1 0 1 0 0 0 0 0 0 1 0 1 1 1 0 0 0 x
0.095866173348794 1 0 0 0 1 0 1 0 0 1 1 1 1 0 1 1 1 x
0.081144173108355 0 1 1 0 0 0 0 0 0 1 1 1 0 1 0 0 1 x
0.063080692156827 0 0 1 0 0 0 0 0 1 0 0 0 1 0 1 1 0 x
0.081919911388713 1 0 1 0 0 0 0 1 0 1 1 1 0 0 1 0 1 x
0.054972915537557 1 0 0 0 0 0 0 1 0 1 1 0 0 0 1 1 1 x
0.065407596399319 1 0 0 0 1 0 0 0 0 1 1 1 0 0 1 0 1 x
0.053204938991337 1 0 0 0 0 0 1 0 0 0 1 1 0 0 1 0 1 x
0.066719764931639 0 0 1 0 0 0 0 1 0 0 0 0 1 1 0 0 1 x
0.062655096959921 0 1 0 0 0 0 1 0 0 0 1 0 0 1 1 0 1 x
0.085195760235683 1 0 0 0 0 1 0 1 0 1 1 0 1 0 1 1 1 x
0.102587164152745 0 0 1 1 0 0 0 0 0 0 0 1 1 0 1 0 0 x
0.130531655423288 0 0 1 1 0 0 1 0 1 0 1 1 1 1 1 0 1 x
0.079595670306991 1 0 0 1 0 0 0 0 0 1 1 1 0 1 0 1 1 x
0.081678594527163 0 1 0 0 0 0 1 0 1 0 1 1 0 1 1 1 1 x
0.139678292416449 1 1 0 0 1 0 0 0 1 1 1 1 1 1 0 1 0 x
0.105080971222590 0 0 0 1 0 0 1 0 0 0 0 0 0 0 1 1 0 x
0.078443339927064 0 0 1 0 0 0 1 0 0 0 1 0 0 1 0 1 1 x
0.101583076702868 0 0 0 0 1 1 0 0 0 0 0 0 1 0 1 1 0 x
0.037127255791891 1 0 0 0 0 0 0 0 0 0 1 0 0 0 1 0 1 x
0.049764248508003 0 0 0 1 0 0 0 0 0 0 1 0 0 0 1 0 1 x
0.057847838744178 0 0 0 1 0 0 0 0 0 0 1 0 0 0 1 1 0 x
0.058254542970486 1 0 0 0 0 1 0 0 0 0 1 1 0 0 1 0 1 x
0.061440046879125 1 0 0 0 0 1 0 0 0 1 1 0 0 1 1 0 1 x
0.103020888379495 1 0 0 0 1 1 0 0 0 1 1 1 0 1 1 0 1 x
0.067694018125701 1 0 0 1 0 0 0 0 0 1 1 1 0 0 1 0 1 x
0.071546600098127 1 0 0 0 0 1 0 0 1 0 1 0 0 1 1 0 1 x
0.100834354155257 0 0 0 1 0 1 0 0 0 0 1 0 1 0 1 0 1 x
0.040120355688968 0 0 1 0 0 0 0 0 0 0 1 0 0 0 1 0 1 x
0.074120196029937 0 0 1 0 0 0 1 0 0 0 1 0 0 1 1 0 1 x
0.080237845902254 0 0 1 0 0 0 0 1 0 0 1 0 1 0 1 0 1 x
0.069479656053906 0 1 0 0 0 0 0 0 0 0 0 1 1 0 0 0 0 x
0.090918047689514 0 1 0 0 0 0 1 0 1 1 1 0 0 1 1 1 1 x
0.106286975558676 0 1 0 0 0 1 1 0 0 0 1 1 0 1 1 0 1 x
0.109843532516767 0 1 1 0 0 0 1 0 0 1 1 1 1 1 0 1 0 x
0.072643972259148 0 0 1 0 0 0 1 0 0 0 0 0 1 1 0 1 0 x
0.098528716415594 0 0 1 1 0 0 0 0 0 1 1 0 1 0 1 0 1 x
0.049993563348863 1 0 0 0 0 0 0 1 0 0 1 0 0 1 1 0 1 x
0.093730899139421 1 0 0 1 0 0 0 0 1 1 1 1 0 1 1 1 1 x
0.063690203985298 1 0 0 0 0 0 0 0 1 1 0 0 1 1 0 0 1 x
0.034819599524762 0 1 0 0 0 0 0 0 0 0 0 1 0 1 0 0 1 x
0.080295017978323 0 1 0 0 0 0 1 0 1 0 0 1 0 1 0 1 1 x
0.067352315063139 0 1 0 0 0 0 0 1 0 0 0 1 1 1 0 0 1 x
0.087166407854616 0 0 0 0 1 0 0 0 0 0 1 0 0 1 1 0 1 x
0.105266126329564 0 0 0 1 1 0 0 0 0 0 1 0 1 0 1 0 1 x
0.057849162534010 1 0 0 0 0 0 1 0 0 0 0 1 1 0 0 1 0 x
0.062236849131150 1 0 0 0 0 0 1 0 1 0 1 0 1 1 0 1 1 x
0.057776240642633 1 0 0 0 0 0 1 0 0 0 1 1 0 1 0 1 1 x
0.095078607499597 1 0 0 0 1 0 1 0 1 0 1 1 1 1 0 1 1 x
0.060282338673275 0 1 0 0 0 0 1 0 0 0 0 0 1 1 0 0 1 x
0.070639992494004 1 0 0 0 0 0 0 1 1 0 0 0 1 1 0 1 0 x
0.073518495704160 0 0 1 0 0 0 0 0 0 0 1 1 0 0 0 0 1 x
0.062936014874930 0 1 0 0 0 0 1 0 0 0 0 0 1 1 1 0 0 x
0.100113383781165 0 1 1 0 0 0 0 0 0 1 1 1 1 0 1 0 0 x
0.088647720245943 0 0 0 1 0 0 0 1 0 0 1 0 0 1 1 0 1 x
0.066007037651898 1 0 0 0 1 0 0 0 0 1 1 1 0 1 0 1 1 x
0.070235948067145 1 0 0 0 1 0 0 0 0 1 1 0 0 1 1 0 1 x
0.105004565730208 0 0 0 1 1 0 0 0 0 1 1 1 0 1 0 1 1 x
0.086632090544114 1 0 0 0 0 1 0 1 0 0 1 0 1 0 1 0 1 x
0.038878481075905 1 0 0 0 0 0 0 0 0 1 1 0 0 0 1 0 1 x
0.091370391880725 0 1 0 1 0 0 0 0 0 1 1 1 1 0 1 1 0 x
0.073366550515703 0 0 0 1 0 0 0 0 0 1 1 0 0 0 1 1 1 x
0.056466017303402 0 1 0 0 0 0 0 1 0 0 0 1 0 0 1 1 0 x
0.136178505862974 0 1 1 0 1 0 0 0 1 1 1 1 1 1 0 1 0 x
0.065529986005149 0 1 0 0 0 0 1 0 0 0 1 0 1 0 0 1 1 x
0.103749318896125 0 1 0 0 0 1 0 1 0 0 1 0 1 0 1 1 0 x
0.085607641015393 0 1 1 0 0 0 0 0 1 1 1 1 0 1 1 0 1 x
0.123726592172832 1 1 0 0 1 0 0 0 1 1 1 1 1 0 1 0 1 x
0.073672185305594 1 0 0 0 0 0 0 0 0 1 1 1 0 0 1 1 1 x
0.087862411661585 1 0 0 0 0 1 1 0 1 0 1 1 1 1 0 1 1 x
0.091136050460643 1 0 1 0 0 0 1 0 0 1 1 1 0 1 0 1 0 x
0.107158131734161 1 0 1 0 0 1 0 1 1 1 1 1 0 1 1 0 1 x
0.103668718485450 0 1 0 1 0 0 1 0 1 1 1 1 1 1 0 1 1 x
0.059861978993846 0 0 1 0 0 0 0 1 0 0 0 0 0 1 1 0 1 x
0.131887346368433 0 0 0 1 0 1 0 0 0 0 0 0 0 1 0 1 0 x
0.105920490075179 0 0 0 0 1 1 0 0 0 0 1 1 0 0 1 1 1 x
0.080388371652714 0 1 0 0 0 1 0 0 0 1 1 0 1 0 1 0 1 x
0.086162633728034 1 0 0 1 0 0 0 1 0 1 1 0 1 0 1 0 1 x
0.130366143591466 1 0 1 0 0 1 0 0 0 0 1 1 1 1 0 1 0 x
0.126318387955693 1 0 0 1 1 0 0 1 1 1 1 1 1 1 1 0 1 x
0.069165470862345 0 1 0 0 0 0 0 1 1 0 0 0 1 1 0 1 1 x
0.107622400016212 0 1 0 0 0 0 1 1 0 0 1 0 0 1 1 1 1 x
0.085480254467464 0 0 0 0 1 0 1 0 0 0 0 0 1 1 1 0 1 x
0.071003220135208 1 0 0 0 0 0 1 0 1 0 0 0 0 1 1 0 1 x
0.051851230281560 1 0 0 0 0 0 0 1 0 0 1 0 0 0 1 0 1 x
0.083299962601930 1 0 1 0 0 0 0 1 0 1 1 1 1 1 0 0 1 x
0.052713979595559 1 0 0 0 0 0 1 0 0 0 1 0 1 1 0 0 1 x
0.058036140724211 1 0 0 0 0 0 1 0 0 1 1 0 0 1 0 1 1 x
0.083568213909689 1 0 0 1 0 0 1 0 0 1 1 1 1 1 0 0 1 x
0.034278956299711 1 0 0 0 0 0 0 0 0 0 1 1 0 0 0 0 1 x
0.062832843702033 1 0 0 0 1 0 0 0 0 0 1 1 1 0 0 0 1 x
0.058159175189400 1 0 0 0 0 1 0 0 0 0 1 1 0 1 0 0 1 x
0.119551348024202 1 0 1 0 0 0 0 0 0 0 1 1 0 0 0 0 1 x
0.030127496236335 1 0 0 0 0 0 0 0 0 0 1 0 0 1 0 0 1 x
0.078452480618192 1 0 0 0 1 0 0 0 0 1 1 1 1 1 0 0 1 x
0.078243442988746 1 0 0 0 1 0 0 0 1 0 1 1 0 1 0 0 1 x
0.094301752822283 1 0 0 0 1 0 1 0 1 1 1 0 1 1 1 0 1 x
0.101504038857861 0 0 1 1 0 0 0 0 0 1 1 1 0 0 1 0 1 x
0.151556511043132 1 0 1 0 1 0 0 1 0 1 1 1 0 1 1 1 0 x
0.055353399346983 1 0 0 0 0 0 0 1 0 1 0 0 0 1 1 1 0 x
0.086855067167686 1 0 0 1 0 0 0 1 0 1 1 1 0 1 0 0 1 x
0.040546305603505 0 1 0 0 0 0 0 0 0 0 0 0 0 1 0 0 1 x
0.103738935736955 0 1 0 1 0 0 0 0 1 1 0 1 1 1 1 0 0 x
0.088943138026785 0 1 0 0 1 0 0 0 0 1 1 1 0 1 0 0 1 x
0.049402064298830 0 1 0 0 0 0 0 0 1 0 0 0 0 1 1 0 1 x
0.063469119940907 0 1 0 0 0 0 1 0 0 0 0 1 0 0 1 1 0 x
0.088484157754271 0 1 1 0 0 0 0 0 1 1 1 0 1 0 1 0 1 x
0.082380058558037 1 0 1 0 0 0 0 1 1 1 1 0 1 1 1 0 1 x
0.092763728490294 0 0 1 0 0 0 0 1 1 0 1 0 1 0 1 1 1 x
0.072119867758449 1 0 1 0 0 0 0 0 1 1 1 0 1 1 0 0 1 x
0.053305812258652 0 0 1 0 0 0 0 0 1 0 0 0 0 1 1 0 1 x
0.115270759554385 0 1 1 0 0 0 1 0 0 1 1 0 1 1 0 0 1 x
0.068089730608741 1 0 0 0 0 0 1 0 1 1 1 0 1 0 1 1 1 x
0.097078659217097 0 1 1 0 0 0 0 1 1 1 1 0 1 1 1 0 1 x
0.107911374566129 0 0 1 0 1 0 0 0 0 0 1 1 0 0 0 1 1 x
0.076802530767386 1 0 0 1 0 0 0 0 1 1 1 0 0 1 1 0 1 x
0.120131048726571 1 1 0 0 0 1 0 0 0 1 0 1 1 0 1 0 0 x
0.091467204022166 1 0 1 0 0 0 0 1 0 1 0 1 1 1 0 1 0 x
0.122821736439439 0 0 1 1 0 0 0 0 1 0 1 0 0 1 1 0 1 x
0.063749907032427 0 0 0 1 0 0 0 0 0 1 0 0 0 0 1 1 0 x
0.056865318283945 0 0 0 1 0 0 0 0 0 0 0 0 1 0 1 0 0 x
0.038051523182899 1 0 0 0 0 0 0 0 0 0 0 1 0 0 0 0 1 x
0.125017829835530 0 1 1 0 0 1 0 0 0 1 1 1 1 1 0 1 0 x
0.062392152407357 1 0 0 0 0 0 1 0 0 0 1 0 1 1 0 1 0 x
0.067842647327346 1 0 0 1 0 0 0 0 0 1 1 0 1 1 0 0 1 x
0.073223758922669 1 0 0 1 0 0 0 0 0 0 1 1 0 1 0 0 1 x
0.051983874341515 0 1 0 0 0 0 0 0 0 1 0 0 1 1 0 0 1 x
0.117400884545663 0 1 1 0 0 0 0 0 0 1 0 0 1 1 0 0 0 x
0.106500252257937 1 1 0 0 0 0 1 0 1 1 1 0 1 1 1 0 1 x
0.059032823739932 1 0 0 0 0 0 0 1 0 0 0 1 1 0 0 1 0 x
0.067089562119614 0 1 0 0 0 0 0 1 0 0 0 0 1 1 1 0 1 x
0.128151179188249 0 0 0 1 0 1 0 0 1 0 1 1 0 0 1 1 1 x
0.062277058008584 0 1 0 0 0 0 0 0 0 0 1 0 0 1 1 0 1 x
0.093652339402993 0 1 0 0 1 0 0 0 1 0 0 1 0 1 1 0 1 x
0.049077043668008 0 1 0 0 0 0 0 0 1 0 0 0 1 1 0 0 1 x
0.111789292255822 0 1 0 1 0 0 0 1 1 1 0 1 0 1 1 1 0 x
0.112758142514821 1 0 1 0 0 0 1 1 1 0 1 1 0 1 1 1 0 x
0.086245254224606 1 1 0 0 0 0 0 1 0 1 1 1 1 0 0 1 1 x
0.117206699161071 1 0 0 0 1 0 1 0 0 0 0 1 1 0 1 0 0 x
0.082360669800243 0 0 1 0 0 0 1 0 0 0 1 0 1 0 1 1 0 x
0.107355434331736 0 1 0 0 0 1 0 1 1 0 1 1 1 1 1 1 1 x
0.071831914067361 1 0 0 0 1 0 0 0 1 0 1 0 1 1 0 0 1 x
0.077622045938232 1 0 0 0 0 1 0 0 0 1 0 1 1 0 0 0 1 x
0.061252994479588 1 0 0 0 0 1 0 0 0 0 0 1 1 0 0 1 0 x
0.066926496827404 1 0 0 0 0 1 0 0 0 1 1 1 0 0 0 1 1 x
0.073685709671833 1 0 1 0 0 0 0 0 1 1 1 0 1 0 1 0 1 x
0.091093472456265 0 0 1 0 1 0 0 0 0 1 1 1 1 0 1 0 1 x
0.096920954547957 1 0 0 0 1 1 0 0 0 1 1 1 1 0 1 1 0 x
0.089742031854561 0 0 1 0 1 0 0 0 0 1 0 1 1 0 1 1 0 x
0.125466016674764 0 1 0 0 1 0 1 0 0 1 1 0 0 1 1 1 0 x
0.085625077331490 0 1 0 1 0 0 0 0 0 1 1 1 0 1 0 1 1 x
0.057636745229318 1 0 0 0 0 0 1 0 0 1 0 0 1 0 1 1 0 x
0.086020773447386 1 1 0 0 0 0 1 0 0 1 1 1 1 0 0 0 1 x
0.063283491119544 1 0 0 0 1 0 0 0 0 0 1 1 0 1 0 1 0 x
0.143150251977061 1 0 0 1 1 0 0 1 0 1 1 1 0 1 1 1 0 x
0.112703514017812 0 0 1 0 1 0 0 0 0 1 1 1 1 1 0 1 0 x
0.072410367492931 0 1 0 0 0 1 0 0 0 1 1 1 0 1 0 1 1 x
0.058558940757038 1 0 0 0 0 0 1 0 0 1 1 0 0 1 1 0 1 x
0.122788234950234 0 1 1 0 0 0 1 0 0 0 1 1 1 0 1 0 1 x
0.029576219904272 1 0 0 0 0 0 0 0 0 0 0 1 0 0 0 1 0 x
0.080854127305336 1 0 1 0 0 0 0 1 1 1 1 1 1 0 1 1 1 x
0.044913531439223 0 0 0 1 0 0 0 0 0 0 0 0 1 0 0 1 0 x
0.073430537167702 1 0 0 1 0 0 0 0 0 1 0 1 1 0 0 1 0 x
0.074690704099414 1 0 0 0 0 0 1 1 0 1 0 1 1 0 1 1 1 x
0.071767626907071 0 0 1 0 0 0 0 1 0 0 0 0 1 1 0 1 0 x
0.087007470147776 0 1 0 0 1 0 0 1 0 1 1 1 1 1 0 1 1 x
0.069661169156787 1 0 0 0 1 0 0 0 0 1 0 1 0 1 0 1 0 x
0.279362950128816 1 1 1 1 0 1 1 1 1 1 1 1 1 1 1 0 0 x
0.090665461132080 1 0 0 1 0 0 0 1 0 1 1 0 1 1 0 1 1 x
0.083537245920679 1 0 1 0 0 0 0 1 1 1 1 0 1 1 0 1 1 x
0.055798794298096 0 1 0 0 0 0 0 0 1 0 0 0 0 1 0 1 1 x
0.058806994427614 0 1 0 0 0 0 0 1 0 0 0 1 0 1 0 1 1 x
0.142685517444310 0 0 0 1 1 0 1 0 0 1 0 1 1 1 1 0 1 x
0.048181349783096 1 0 0 0 0 0 0 0 1 1 0 0 0 1 1 0 1 x
0.060626620694729 1 0 0 0 0 0 0 1 1 0 1 0 1 0 1 1 1 x
0.138367064808212 1 1 1 0 0 0 1 1 1 1 1 1 0 1 0 0 1 x
0.060818278708909 0 0 0 1 0 0 0 0 0 0 1 0 0 1 0 0 1 x
0.142324340188880 0 0 1 1 0 0 0 1 0 0 0 1 0 1 1 0 0 x
0.106579744014267 0 1 0 0 0 1 0 0 0 1 1 0 1 1 1 0 0 x
0.079950094522453 1 0 1 0 0 0 0 1 1 1 0 1 1 1 0 0 1 x
0.076057544953112 1 1 0 0 0 0 0 1 1 1 1 0 1 0 1 0 1 x
0.138225198314730 0 1 0 1 0 0 0 1 1 1 1 0 0 1 1 1 1 x
0.065575692234361 1 0 0 0 1 0 0 0 0 0 1 1 0 0 1 1 0 x
0.085648940758576 1 0 0 0 1 0 0 0 1 0 1 1 0 0 0 1 1 x
0.044654794267117 1 0 0 0 0 0 0 1 0 0 0 1 0 0 1 1 0 x
0.108245106299686 0 0 0 0 1 1 0 0 0 0 0 0 1 0 1 0 1 x
0.056795818393164 1 0 0 0 0 0 1 0 0 0 0 1 1 0 0 0 1 x
0.101409621446673 0 0 1 0 1 0 0 0 1 1 1 0 1 1 1 0 1 x
0.115521783126492 0 0 0 1 0 1 0 1 0 0 0 1 1 1 1 0 1 x
0.143737687529177 0 0 0 0 1 1 0 1 0 1 1 1 1 1 1 1 1 x
0.100415048766092 0 0 0 1 1 0 0 0 0 0 1 0 1 1 0 1 0 x
0.076414865060173 1 0 0 1 0 0 0 0 1 0 1 0 1 1 0 1 0 x
0.074206123876293 0 1 0 0 1 0 0 0 0 0 1 0 1 1 0 1 0 x
0.105363022078897 1 0 0 1 0 0 1 0 1 0 1 1 1 1 0 1 1 x
0.074762882174894 1 0 0 1 0 0 0 0 0 1 1 0 1 1 0 1 0 x
0.069828475523868 1 0 0 0 1 0 0 0 0 0 0 1 1 0 0 1 0 x
0.063995310847055 0 1 0 0 0 0 1 0 0 0 1 1 0 1 0 1 1 x
0.150878443818523 1 0 1 0 0 1 0 1 0 1 0 1 0 1 0 1 0 x
0.083243840707677 1 0 1 0 0 0 0 0 1 1 1 0 0 1 1 0 1 x
0.068155363641019 0 0 1 0 0 0 0 0 0 1 0 0 1 0 1 1 0 x
0.123255567429174 1 0 0 0 1 1 0 0 0 1 1 0 0 1 1 1 0 x
0.097887938697788 0 1 0 0 0 1 0 1 0 0 1 0 1 1 0 1 1 x
0.125221979836915 1 1 0 1 0 0 0 1 1 1 1 1 0 1 0 1 0 x
0.037612999649432 0 0 0 0 1 0 0 0 0 0 0 0 0 0 1 1 0 x
0.045836816921972 0 0 0 0 1 0 0 0 0 0 0 0 0 1 0 1 0 x
0.039046298439295 0 0 0 0 1 0 0 0 0 0 0 0 0 0 0 1 1 x
0.059180021119691 0 0 0 0 1 0 0 0 0 0 0 0 0 1 0 1 1 x
0.060045149955268 0 0 0 0 1 0 0 0 0 0 0 0 1 0 0 1 0 x
0.038828187520990 0 0 0 0 1 0 0 0 0 0 0 0 0 1 0 0 1 x
0.066865420614310 0 0 0 0 1 0 0 0 0 0 0 1 0 0 0 0 1 x
0.078881636611343 0 0 0 0 1 0 0 0 0 0 0 1 0 0 0 1 0 x
0.035089616347780 0 0 0 0 1 0 0 0 0 0 0 0 0 0 1 0 1 x
0.118256223882843 0 0 1 0 1 0 0 0 0 0 0 1 0 0 1 0 1 x
0.114917957908359 0 1 0 0 1 0 0 0 0 0 0 0 0 1 1 0 0 x
0.095637475176847 0 0 0 0 1 0 1 0 0 0 0 0 0 0 1 1 1 x
0.158415855085355 0 1 1 0 1 0 0 0 1 1 1 1 1 1 1 0 1 x
0.054162514197427 0 0 0 0 1 0 0 0 0 0 0 0 0 0 0 0 1 x
0.077400231990361 1 0 0 0 1 0 0 0 1 1 1 0 1 0 1 1 1 x
0.078816337655226 0 0 1 0 0 0 1 0 0 0 0 1 0 0 1 1 0 x
0.150048614118621 0 0 0 1 0 1 1 0 0 1 1 1 1 0 1 1 1 x
0.097617933665907 1 1 0 0 0 0 1 1 0 1 1 1 0 0 1 1 0 x
0.101969613909516 1 1 0 0 0 1 0 0 1 1 1 0 1 1 0 0 1 x
0.097391611583101 0 0 0 1 1 0 0 0 0 0 1 1 1 0 1 1 0 x
0.116679613038127 0 0 1 0 1 0 0 0 0 0 1 0 0 1 0 1 0 x
0.114958506870084 0 0 1 0 1 0 1 0 0 1 1 1 1 1 1 0 1 x
0.083943746543908 0 0 1 0 0 0 0 0 1 0 1 0 1 0 1 0 1 x
0.085846388404884 0 0 1 0 0 0 0 0 0 1 1 1 0 0 0 1 1 x
0.089362383456648 0 0 1 0 0 1 0 0 0 0 1 1 1 1 0 0 1 x
0.159615678621705 0 0 1 1 1 0 0 0 1 1 1 1 1 1 1 0 1 x
0.067457690270730 0 0 0 0 1 0 0 0 1 0 0 0 0 0 1 1 1 x
0.071127170681749 0 0 0 0 1 0 0 0 0 0 1 0 0 0 1 1 1 x
0.147131674171007 0 0 0 1 1 1 0 0 0 1 1 1 1 1 1 0 1 x
0.095735540922593 1 0 0 0 1 0 0 1 1 1 0 0 1 1 1 0 1 x
0.058044644662181 1 0 0 0 0 1 0 0 0 0 0 1 0 1 1 0 0 x
0.150016221247062 0 1 1 0 0 1 0 0 1 1 1 0 1 1 0 1 1 x
0.089702878016280 1 0 1 0 0 0 1 0 0 1 1 1 1 0 1 0 1 x
0.089122009464663 1 1 0 0 0 0 0 1 1 0 1 1 0 0 1 1 0 x
0.085408784369454 1 1 0 0 0 0 0 1 1 1 1 0 1 1 0 1 0 x
0.063304747483083 1 0 0 0 0 0 1 0 0 1 0 0 1 1 0 1 0 x
0.076437111302185 0 0 1 0 0 0 1 0 0 0 0 1 1 1 0 0 1 x
0.134003519079587 0 0 0 0 1 1 0 0 0 0 0 1 0 1 0 0 1 x
0.080656822240119 0 0 0 0 1 0 0 0 0 1 0 0 0 1 1 0 1 x
0.067000083393719 0 0 0 1 0 0 0 0 0 0 1 1 0 0 0 1 1 x
0.085965439168532 0 1 0 0 0 1 0 0 1 1 0 0 1 1 1 0 1 x
0.102735490073923 0 1 1 0 0 0 0 0 1 0 1 0 1 0 1 1 0 x
0.088276978804851 1 0 0 1 0 0 0 1 0 0 1 1 1 1 0 1 0 x
0.029063500969290 1 0 0 0 0 0 0 0 0 0 1 0 1 0 0 0 1 x
0.065799323986524 1 0 0 0 0 0 0 0 1 0 1 0 1 1 0 0 1 x
0.062722520939103 0 0 0 1 0 0 0 0 1 0 0 0 0 1 1 0 1 x
0.079093404201231 1 0 0 0 1 0 0 1 0 0 1 1 1 0 1 1 0 x
0.069988507862432 1 0 0 1 0 0 0 0 0 1 1 1 1 0 0 0 1 x
0.099243161673732 1 0 0 0 0 1 0 1 1 0 0 1 1 0 1 1 1 x
0.116370795612067 0 1 0 0 1 1 0 0 0 0 1 1 1 1 0 1 0 x
0.086397517481705 1 1 0 0 0 0 1 1 1 1 1 1 1 1 0 1 1 x
0.085200684543546 0 1 0 0 1 0 0 0 0 1 1 1 0 0 1 0 1 x
0.082737999434510 1 0 0 1 0 0 0 0 0 0 1 0 1 0 1 0 0 x
0.097532805908128 0 1 0 0 1 0 0 1 1 0 1 1 1 1 0 1 1 x
0.051728137603536 0 1 0 0 0 0 0 0 0 1 0 0 0 1 1 0 0 x
0.105175349399647 0 1 0 1 0 0 0 1 0 0 1 1 0 1 1 1 0 x
0.062522544091732 1 0 0 0 0 1 0 0 0 0 1 1 0 1 0 1 0 x
0.142078386321730 0 0 0 1 0 0 1 1 0 1 1 1 0 1 1 1 1 x
0.056918660109242 0 1 0 0 0 0 0 0 1 0 0 0 0 1 1 0 0 x
0.098035280990731 1 1 0 0 0 0 1 0 1 0 1 1 0 1 0 1 0 x
0.090849877659960 0 0 1 0 0 1 0 0 0 0 0 1 0 1 0 1 0 x
0.101441704860504 1 0 1 0 0 0 1 0 0 0 1 1 1 1 0 0 0 x
0.102053097814336 1 1 0 0 0 1 0 1 1 1 1 1 1 0 0 0 1 x
0.117589577141960 0 0 1 0 0 1 0 0 0 0 1 0 0 0 1 0 1 x
0.107203392515822 1 0 0 0 1 1 0 0 1 0 1 1 1 0 1 0 1 x
0.070497000567352 1 0 0 0 0 1 0 0 1 0 1 0 0 1 1 1 0 x
0.105355852802277 0 0 1 0 0 0 0 1 1 1 0 0 0 1 1 1 1 x
0.149650595612045 0 0 1 1 0 1 0 0 1 0 1 1 1 0 1 1 0 x
0.044127660622779 0 0 1 0 0 0 0 0 0 0 1 0 0 0 1 1 0 x
0.066379221020213 1 0 0 0 0 1 0 0 0 1 1 0 0 1 0 1 1 x
0.082316715158085 1 0 0 0 1 0 0 0 1 1 1 0 0 1 0 1 1 x
0.092325495353373 0 1 0 1 0 0 0 1 0 1 1 1 1 1 0 1 1 x
0.142812145383481 1 1 1 0 0 0 1 1 1 1 1 1 0 1 0 1 0 x
0.077799567378569 0 0 1 0 0 0 0 0 0 1 1 0 0 1 1 0 1 x
0.087353150185289 0 0 1 0 1 0 0 0 0 0 1 1 1 0 1 1 0 x
0.123082124883177 1 0 0 1 0 1 0 1 0 1 1 1 1 1 0 1 1 x
0.103167583892784 0 0 1 0 1 0 0 0 1 0 1 1 1 1 0 0 1 x
0.122094549204840 1 1 0 0 1 0 0 1 1 1 1 0 1 1 1 0 0 x
0.077650686405922 0 0 0 0 1 0 0 0 1 0 0 0 0 1 1 0 1 x
0.062647768708304 1 0 0 0 1 0 0 0 0 0 1 1 0 1 0 0 1 x
0.062743819681318 1 0 0 0 0 1 0 0 0 1 0 1 0 1 1 0 1 x
0.137976276878566 1 1 0 0 1 0 1 1 1 1 1 1 0 1 1 1 0 x
0.050153688550630 1 0 0 0 0 0 0 1 0 1 0 0 0 1 1 0 1 x
0.065710140582926 0 1 0 0 0 0 0 0 1 1 1 0 0 0 1 1 1 x
0.064811194874703 0 1 0 0 0 0 0 1 0 0 0 1 0 1 0 1 0 x
0.061664406861192 1 0 0 0 0 0 1 0 1 0 0 1 1 0 0 1 1 x
0.104513442572739 1 1 0 0 0 0 1 0 1 1 1 0 0 1 1 1 0 x
0.098036104805716 0 0 1 1 0 0 0 0 0 0 1 1 1 0 0 0 1 x
0.152576384950161 1 0 1 1 0 0 0 0 1 1 1 1 1 0 1 1 0 x
0.070786097810269 1 0 0 0 0 0 1 1 0 0 1 0 1 1 0 1 1 x
0.097761165078879 0 1 0 0 0 1 0 1 0 0 0 1 1 0 1 0 1 x
0.058290207340108 1 0 0 0 0 0 0 1 1 0 0 0 0 1 1 0 1 x
0.095969365631886 1 0 1 0 0 0 1 0 0 1 1 0 1 1 0 0 1 x
0.086561963040716 0 1 0 0 1 0 0 0 0 1 1 0 1 0 0 1 1 x
0.072532800167782 0 1 0 0 0 0 0 1 0 1 1 0 0 1 0 1 1 x
0.061546599137971 0 1 0 0 0 0 0 0 1 1 0 0 1 0 0 1 1 x
0.085024454634550 1 0 0 0 0 1 1 0 0 1 1 1 1 0 1 1 1 x
0.080930693650983 1 1 0 0 0 0 0 1 1 1 1 0 1 0 0 1 1 x
0.050436404335187 0 0 1 0 0 0 0 0 0 1 0 0 1 0 0 1 1 x
0.061170979288139 0 0 0 1 0 0 0 0 0 1 0 0 1 0 0 1 1 x
0.112218668223687 1 0 1 0 0 1 0 0 1 1 1 1 0 1 1 1 0 x
0.076086181346879 0 0 0 1 0 0 0 1 0 0 0 0 1 0 1 0 1 x
0.089292505589029 1 1 0 0 0 0 0 1 1 1 0 1 1 0 1 1 0 x
0.053394854724548 0 1 0 0 0 0 0 0 0 0 0 1 0 1 1 0 0 x
0.087275475413995 0 1 0 0 1 0 0 0 1 0 1 1 0 1 1 1 0 x
0.071275683314970 0 1 0 0 0 0 1 0 0 1 0 0 0 1 1 0 1 x
0.119320774263941 0 1 1 0 0 0 0 1 0 1 1 0 1 0 0 1 1 x
0.124090870684524 1 0 1 0 1 0 0 0 1 1 1 1 1 0 1 1 0 x
0.113472802706903 0 0 0 1 1 0 0 0 0 0 0 1 0 1 0 1 0 x
0.078453597364402 1 0 0 1 0 0 0 0 1 1 1 0 0 1 1 1 0 x
0.095722289994285 0 0 1 0 0 0 1 0 0 1 0 0 1 0 1 0 1 x
0.072229095402772 1 0 0 0 1 0 0 0 1 1 0 1 0 1 1 0 1 x
0.040565190278122 0 1 0 0 0 0 0 0 0 0 0 1 0 0 0 0 1 x
0.069100088820862 0 1 0 0 0 1 0 0 0 0 0 1 1 0 1 1 0 x
0.129387064684839 0 0 0 1 0 1 0 0 0 0 0 1 1 0 0 0 1 x
0.086757703751664 0 1 0 0 0 1 0 0 0 1 0 1 1 1 0 1 0 x
0.110168042029727 0 1 1 0 0 0 1 0 0 1 1 1 0 1 1 0 0 x
0.044703215418209 1 0 0 0 0 0 0 1 0 0 0 1 0 1 0 0 1 x
0.054235265521936 1 0 0 0 0 0 1 0 0 0 1 0 1 0 0 1 1 x
0.044463813042104 1 0 0 0 0 0 0 0 0 1 0 1 0 1 0 0 1 x
0.058483292175472 1 0 0 0 0 1 0 0 0 0 1 1 0 0 1 1 0 x
0.076473606099208 1 0 0 1 0 0 0 0 1 0 1 1 0 0 1 1 0 x
0.090945621215405 1 0 1 0 0 0 0 1 1 0 1 1 0 0 1 1 0 x
0.058142737779570 1 0 0 0 0 0 1 0 0 0 1 1 0 0 1 1 0 x
0.064674712948523 1 0 0 0 0 0 1 0 0 1 1 0 1 0 1 0 1 x
0.095119651075185 1 0 0 1 0 0 0 1 0 0 1 0 1 0 1 1 0 x
0.060147975036186 1 0 0 0 0 1 0 0 0 0 1 0 1 0 1 1 0 x
0.094606926480517 0 0 1 0 1 0 0 0 0 1 0 1 1 0 0 1 1 x
0.093277896261875 0 1 0 0 0 1 0 0 0 1 0 1 0 1 0 0 1 x
0.075422815709246 0 1 0 0 0 1 0 0 0 1 1 1 1 0 0 1 1 x
0.046509885003417 1 0 0 0 0 0 0 0 1 0 1 0 0 0 1 1 0 x
0.090625604248347 1 0 0 0 1 0 0 1 1 0 1 0 1 1 1 1 0 x
0.083694799231611 1 0 0 1 0 0 0 0 1 0 1 0 1 0 1 0 1 x
0.036733732464441 1 0 0 0 0 0 0 0 0 1 1 0 0 0 0 1 1 x
0.038890188567126 1 0 0 0 0 0 0 0 0 0 1 0 0 0 0 1 0 x
0.043874887643580 1 0 0 0 0 0 0 0 1 0 1 0 0 0 0 1 1 x
0.093046612313015 0 1 0 0 0 1 0 0 1 0 0 0 0 1 1 1 0 x
0.057393624187922 1 0 0 0 0 0 0 1 0 1 0 1 0 0 0 1 1 x
0.143488905504719 0 0 0 1 0 1 0 1 1 0 1 1 1 1 1 1 1 x
0.098293062470956 1 0 0 0 1 0 1 0 0 1 1 0 1 1 1 1 0 x
0.100700929875366 0 1 0 0 0 1 1 0 0 0 1 1 1 0 1 1 0 x
0.059373126957298 0 1 0 0 0 0 0 0 1 0 0 0 1 1 0 1 0 x
0.079561729806831 0 0 0 0 1 0 0 1 0 0 0 0 0 1 1 0 1 x
0.087413743767667 0 0 0 0 1 0 1 0 0 0 0 0 0 1 1 0 1 x
0.115078872292231 1 0 0 0 1 1 0 1 0 0 1 1 1 1 0 1 0 x
0.158268503337611 0 0 0 1 1 0 0 0 0 0 1 0 0 0 0 1 1 x
0.107950879519699 0 0 1 1 0 0 0 0 1 0 1 1 0 1 0 1 1 x
0.068948546246104 0 0 1 0 0 0 0 0 1 0 0 0 0 1 0 1 0 x
0.064135827130092 0 0 0 0 1 0 0 0 0 1 0 0 0 0 0 1 1 x
0.091615863235234 1 0 0 1 0 0 1 0 0 1 1 1 0 1 1 0 1 x
0.062972466853021 0 1 0 0 0 0 0 1 0 1 0 0 0 1 1 0 1 x
0.106698561228335 1 1 0 0 0 1 0 1 0 1 1 1 1 1 0 0 1 x
0.093273703795822 0 1 0 1 0 0 0 0 1 0 1 1 0 0 1 1 0 x
0.074484417853998 0 0 1 0 0 0 0 0 1 0 1 1 0 0 1 1 1 x
0.133737125780655 0 0 1 1 0 0 0 0 1 0 0 1 0 0 1 1 0 x
0.082199870412287 0 1 0 0 0 0 1 0 1 1 0 1 1 0 1 1 1 x
0.145186624552019 0 0 0 0 0 0 0 0 0 0 0 0 0 0 0 1 1 x
0.144774405952194 0 1 0 1 1 0 0 0 0 1 1 1 1 1 1 0 0 x
0.093467100343157 0 0 1 0 1 0 0 0 0 0 1 0 1 0 1 0 1 x
0.097453056763546 0 1 0 1 0 0 0 0 1 0 1 1 1 1 0 1 1 x
0.122279541807431 0 0 1 1 0 0 1 0 0 1 1 1 1 1 0 1 1 x
0.130436149038401 1 0 1 1 0 0 0 1 1 1 1 1 0 1 1 0 0 x
0.132922096999461 1 0 0 1 1 0 0 0 1 0 1 1 1 1 1 0 0 x
0.093610096365451 1 0 0 0 1 0 0 1 0 0 1 0 1 0 1 0 1 x
0.140326440031998 1 0 1 1 0 0 0 0 1 1 0 1 1 1 0 0 0 x
0.102594573114138 1 0 0 0 1 0 0 1 0 1 1 0 0 1 0 1 1 x
0.076150954320553 0 0 0 1 0 0 0 0 0 0 0 0 1 1 0 0 0 x
0.139276099296591 0 0 0 1 1 0 1 0 0 0 1 1 1 1 0 1 1 x
0.085854528276200 0 1 0 0 1 0 0 0 0 0 0 1 1 0 0 1 0 x
0.109262772598176 0 0 1 0 1 0 0 0 0 0 1 1 1 1 1 0 0 x
0.092979955959554 0 1 0 0 1 0 0 0 1 1 1 0 1 1 1 1 0 x
0.085786847286133 0 1 0 0 0 0 0 1 0 0 1 1 0 1 0 0 1 x
0.092262704726333 0 1 0 0 0 1 0 1 0 1 0 1 1 1 0 1 1 x
0.128912333480771 1 0 0 1 1 0 0 0 0 1 1 1 1 0 1 1 0 x
0.124669770291046 0 0 1 1 0 0 0 0 1 1 1 0 1 0 0 1 1 x
0.107791417300268 1 1 0 0 0 0 1 1 0 1 1 1 0 1 0 1 1 x
0.082879421745075 1 0 0 0 1 0 0 0 1 0 0 1 0 1 1 1 0 x
0.070182349221413 0 0 0 1 0 0 0 0 0 1 0 1 0 0 0 1 1 x
0.086469765075876 1 0 0 1 0 0 0 0 1 0 0 1 1 0 0 1 0 x
0.074721392530205 0 0 0 1 0 0 0 0 0 0 1 0 1 0 1 0 1 x
0.090451626959082 1 1 0 0 0 0 1 1 0 1 1 1 1 0 1 0 1 x
0.112548370063466 0 0 0 1 0 0 0 1 1 0 0 1 0 0 1 1 1 x
0.082160524033326 1 0 0 1 0 0 0 0 1 1 0 0 1 1 1 0 0 x
0.103563675747046 0 0 1 0 0 0 1 1 0 0 0 0 1 1 1 0 1 x
0.104778385051726 0 0 1 0 1 0 0 0 1 1 1 0 1 1 0 1 1 x
0.100132750758273 0 1 0 1 0 0 0 0 1 1 1 0 1 0 0 1 1 x
0.081940167195711 0 1 0 0 0 1 0 0 1 0 1 1 0 1 0 1 1 x
0.091447488582563 0 0 0 1 0 1 0 0 0 0 1 1 0 1 1 0 1 x
0.068650268287850 1 0 0 0 1 0 0 0 0 1 1 1 0 0 0 1 1 x
0.059449983158960 1 0 0 0 0 0 0 1 0 0 0 1 0 1 1 0 0 x
0.084508980737671 0 1 0 0 0 0 0 1 0 0 1 0 1 1 0 1 0 x
0.088506221871632 0 1 1 0 0 0 0 1 1 1 1 1 1 0 1 0 1 x
0.080875002553007 0 1 0 1 0 0 0 0 0 0 1 1 0 1 0 1 0 x
0.041661696309233 1 0 0 0 0 0 0 1 0 0 0 0 1 1 0 0 1 x
0.078902333265185 1 0 0 1 0 0 0 1 0 1 0 1 1 1 0 0 1 x
0.056790193259996 1 0 0 0 0 0 1 0 0 1 0 1 0 1 0 1 1 x
0.042683934635445 1 0 0 0 0 0 0 0 1 0 1 0 0 0 1 0 1 x
0.110681452918586 1 0 1 0 0 0 0 1 0 1 1 0 0 1 0 0 1 x
0.073956978740843 1 0 0 1 0 0 0 0 0 0 1 1 0 1 1 0 0 x
0.080170125692959 1 0 0 0 1 0 0 0 0 1 0 1 1 0 1 0 0 x
0.051710669899036 0 1 0 0 0 0 0 1 0 0 0 0 1 1 0 0 1 x
0.099767365282820 0 1 0 1 0 0 0 1 0 1 0 1 1 0 1 1 0 x
0.144075143534018 0 1 1 1 0 0 0 1 1 1 1 1 1 1 0 0 1 x
0.073595189993618 1 0 0 0 0 1 0 1 0 0 0 1 1 1 0 0 1 x
0.091068167150864 0 0 1 0 0 1 0 0 0 0 1 1 0 0 1 1 0 x
0.032458041302926 1 0 0 0 0 0 0 0 0 1 0 0 0 1 0 0 1 x
0.130608103122054 0 1 1 0 0 0 1 0 1 0 1 1 1 1 0 1 1 x
0.053425708991815 0 0 1 0 0 0 0 0 0 1 0 0 0 1 0 1 1 x
0.038510166195753 1 0 0 0 0 0 0 0 1 0 0 1 0 0 1 0 1 x
0.074106708053324 1 0 0 0 1 0 0 1 0 0 1 1 1 1 0 0 1 x
0.042441223078808 1 0 0 0 0 0 0 0 1 0 0 0 0 1 0 0 1 x
0.036403909316422 0 0 0 1 0 0 0 0 0 0 0 0 0 0 1 0 1 x
0.081222425797111 1 0 0 0 0 0 1 1 0 0 0 0 1 1 1 0 0 x
0.076028065754913 1 1 0 0 0 0 0 1 1 1 1 0 1 1 0 0 1 x
0.076557798240957 1 0 0 0 0 1 0 0 1 1 0 0 1 1 1 1 0 x
0.045841093037371 0 0 0 1 0 0 0 0 0 0 0 1 0 0 1 0 1 x
0.123478330046812 0 1 1 0 0 1 0 0 0 1 1 1 1 0 1 0 1 x
0.096427147672011 0 1 1 0 0 0 0 1 1 1 1 1 0 1 1 1 0 x
0.073178911604205 1 0 1 0 0 0 0 0 1 1 1 1 0 0 0 1 1 x
0.123872154020966 0 1 1 0 0 1 0 0 1 1 1 1 0 1 1 0 0 x
0.075444805468407 1 0 0 0 0 0 1 0 1 1 0 0 0 1 1 1 0 x
0.127796238875671 0 1 0 0 1 0 1 0 1 0 1 0 1 1 1 0 1 x
0.123308904372691 0 0 1 0 1 0 0 1 1 1 1 1 1 1 1 1 1 x
0.046552638109150 1 0 0 0 0 0 0 1 0 0 0 0 1 0 1 1 0 x
0.081139439100146 0 1 0 0 1 0 0 0 1 1 1 1 1 0 1 1 1 x
0.065875120797883 0 0 1 0 0 0 0 0 0 1 0 0 1 1 0 0 1 x
0.113245480906023 1 1 0 0 0 0 1 0 1 0 1 1 0 0 1 0 1 x
0.082918005136231 0 1 0 1 0 0 0 0 1 1 1 1 1 0 1 0 1 x
0.138168174896554 0 0 0 0 1 1 0 0 1 0 1 0 1 0 1 1 1 x
0.064752347042290 1 0 0 0 0 1 0 0 0 0 1 1 1 0 0 0 1 x
0.128205488443474 0 1 0 0 1 1 0 0 0 0 1 1 1 0 1 0 1 x
0.039311064543113 0 0 1 0 0 0 0 0 0 0 0 1 0 0 1 0 1 x
0.101598856474866 0 0 1 0 1 0 0 0 0 1 1 0 1 0 1 1 1 x
0.113806352991951 1 0 1 0 0 1 0 1 1 0 1 1 1 1 0 1 0 x
0.087066095553411 1 0 1 0 0 0 0 1 0 1 1 0 1 0 1 1 0 x
0.081610880143900 1 0 1 0 0 0 0 0 1 1 1 0 1 1 0 1 0 x
0.071977520352118 0 0 0 1 0 0 0 1 0 0 0 0 1 1 0 1 1 x
0.082826513020086 1 0 0 0 1 0 0 0 1 1 0 1 1 0 1 1 1 x
0.077671571452984 1 0 0 1 0 0 0 0 1 1 1 1 0 0 0 1 1 x
0.105210916435777 0 0 0 1 1 0 0 0 0 0 0 0 1 0 1 1 0 x
0.078760771655253 1 0 0 0 1 0 0 0 1 0 0 0 1 1 0 1 0 x
0.069808887024143 0 1 0 0 0 0 0 1 0 1 0 0 1 0 1 0 1 x
0.051417573930919 1 0 0 0 0 0 0 0 1 1 1 0 0 0 1 1 1 x
0.092660778997317 1 1 0 0 0 0 0 1 1 1 0 0 1 1 1 0 0 x
0.113869218552328 1 0 1 0 1 0 0 0 1 1 1 1 0 1 0 0 1 x
0.116423868756490 1 0 1 0 1 0 0 1 1 1 1 1 1 0 0 1 1 x
0.047843075453009 0 0 1 0 0 0 0 0 0 1 0 0 0 0 1 0 1 x
0.094449412375906 0 1 1 0 0 0 0 0 0 0 1 1 1 1 0 0 0 x
0.091620485314236 1 0 0 1 0 0 0 1 0 1 1 0 1 1 1 0 0 x
0.067301958153331 1 0 0 0 0 1 0 0 1 1 0 1 1 1 0 1 1 x
0.078200132924657 1 0 1 0 0 0 0 0 0 0 1 1 1 0 0 1 0 x
0.047422437864856 1 0 0 0 0 0 0 0 0 0 1 0 1 0 1 0 0 x
0.080847058706519 1 0 0 0 0 0 1 1 0 0 1 0 1 0 1 1 1 x
0.144812457604170 0 1 0 1 1 0 0 0 1 1 1 1 0 1 1 1 0 x
0.059089799939846 0 0 1 0 0 0 0 0 0 1 0 0 0 1 0 1 0 x
0.071186239795545 1 0 0 0 0 0 1 0 0 0 0 0 1 0 1 0 0 x
0.071438104766951 1 0 0 0 0 0 1 1 0 0 0 1 0 1 1 0 1 x
0.100017451887739 1 0 0 1 0 0 1 0 1 1 1 0 1 1 1 1 0 x
0.068846391697538 1 0 0 0 0 0 1 0 0 1 1 1 0 0 0 1 1 x
0.110846449431035 0 1 0 1 0 0 1 0 1 1 1 1 0 1 1 1 0 x
0.116906824915236 1 1 0 0 0 0 1 0 1 1 0 1 0 1 1 1 0 x
0.129804757173581 1 1 0 0 0 0 1 1 1 0 1 0 1 1 1 1 0 x
0.174034081885624 1 1 1 0 0 0 1 0 1 1 1 1 1 1 0 0 0 x
0.084333378571655 1 1 0 0 0 0 0 1 1 1 1 0 0 1 1 0 1 x
0.090457221044093 0 1 0 0 1 0 0 0 1 1 1 1 0 1 1 1 1 x
0.095795939081585 1 1 0 0 0 0 0 1 0 1 1 0 1 0 1 1 0 x
0.053006126684272 1 0 0 0 0 0 1 0 0 0 0 1 0 1 0 0 1 x
0.097773830057433 1 1 0 0 0 0 0 0 1 0 1 0 1 0 0 1 0 x
0.052784158433221 0 1 0 0 0 0 0 0 0 1 1 0 0 0 1 0 1 x
0.047558073468602 0 1 0 0 0 0 0 0 0 1 1 0 0 0 0 1 1 x
