0.129085123538971 1 0 0 0 0 1 0 1 0 1 0 0 0 1 1 0 1 0 1
0.268691539764404 1 1 0 0 0 0 0 1 1 0 0 0 0 0 0 1 1 1 0
0.538710474967957 0 1 1 1 1 0 1 0 0 0 1 0 0 1 1 1 1 0 1
0.539591848850250 1 1 0 1 1 0 1 0 1 0 0 0 0 0 1 1 1 0 1
0.291254550218582 1 1 0 0 1 0 0 1 1 1 1 0 0 1 0 1 1 1 1
0.352622240781784 1 1 0 0 1 1 0 1 0 1 1 0 0 0 0 0 1 0 1
0.377369374036789 1 1 0 1 0 1 0 0 0 1 0 0 1 0 1 0 1 0 1
0.492650538682938 1 1 1 0 1 1 1 0 0 0 0 1 1 0 1 0 1 1 0
0.592686235904694 1 0 1 1 1 1 1 1 0 0 0 0 0 1 1 0 0 1 1
0.381333321332932 1 1 1 0 1 0 0 1 1 0 1 1 1 1 1 1 0 1 1
0.084190726280212 0 1 0 1 0 0 0 0 0 1 1 1 0 1 1 1 0 0 1
0.274360775947571 1 0 0 1 0 1 0 0 1 1 1 0 0 0 0 0 1 0 0
0.189711794257164 1 1 0 0 0 0 1 1 1 0 0 0 1 0 1 1 0 1 0
0.382744640111923 0 1 1 1 1 0 1 0 1 1 1 0 1 1 0 1 1 1 0
0.296387881040573 1 0 1 0 0 1 1 0 1 1 1 0 0 1 0 0 1 1 1
0.119551420211792 1 0 0 0 0 1 1 0 1 0 1 0 1 0 1 1 0 1 0
0.264958828687668 0 1 0 1 0 1 1 1 0 1 1 0 0 1 1 0 0 0 0
0.204256892204285 0 0 0 0 0 1 0 1 0 0 0 1 1 1 1 1 0 0 0
0.349761933088303 0 1 1 1 1 0 1 1 0 1 1 1 1 0 0 1 0 1 1
0.243832692503929 1 0 0 0 0 1 1 1 0 0 1 0 1 1 0 1 1 1 1
0.419847369194031 1 1 1 1 0 0 1 1 0 1 1 1 0 1 1 1 1 0 1
0.462840795516968 0 0 1 1 1 0 1 0 1 1 1 0 0 0 1 1 1 1 1
0.298030346632004 0 1 0 0 1 1 1 0 1 1 0 0 0 1 0 1 1 0 0
0.318105369806290 1 1 1 1 0 0 1 1 1 0 1 0 0 0 1 0 0 0 0
0.494061470031738 1 1 0 0 1 1 1 1 0 1 0 0 0 0 0 0 0 1 0
0.163823772451916 0 0 0 0 0 1 0 0 1 1 0 1 0 1 1 1 0 0 1
0.133644021578018 0 0 0 1 0 0 0 0 1 1 1 1 0 1 0 1 0 1 1
0.082739096145001 0 1 0 0 0 0 0 0 1 1 1 0 1 0 1 1 0 1 0
0.088747613432187 0 1 0 0 0 1 0 0 0 0 1 0 1 1 0 1 0 0 0
0.147232195958420 0 0 0 0 0 0 1 1 0 1 0 0 1 1 1 0 1 1 0
0.229573316005849 1 1 0 1 0 0 1 0 1 1 1 1 1 1 1 1 0 1 0
0.076258354557563 0 1 0 0 0 0 0 1 0 1 1 1 0 1 1 1 1 1 0
0.357362799122839 0 1 0 0 0 0 1 1 1 1 1 0 1 0 0 0 0 0 1
0.096476543689428 0 0 1 0 0 1 0 0 0 1 1 0 0 1 1 1 1 0 0
0.144109568802450 1 1 0 0 0 1 0 0 0 1 1 0 0 1 1 0 1 0 0
0.077159172969166 0 1 0 0 0 1 0 0 0 0 1 0 1 0 1 1 0 1 0
0.168108860562155 0 1 0 0 0 0 0 1 0 0 1 0 0 0 0 1 0 0 0
0.146552820114560 0 1 0 1 0 0 0 0 1 0 1 0 1 0 0 1 0 0 0
0.207454927863219 0 0 0 0 0 1 0 1 0 0 0 1 0 1 0 0 1 0 0
0.365183267232239 0 1 1 1 0 1 0 1 0 1 0 0 1 0 1 1 0 1 0
0.147356987381134 0 0 0 1 0 1 0 1 0 0 1 0 0 1 1 1 0 1 0
0.178905967357946 0 0 0 0 0 1 0 0 0 1 1 1 0 1 1 1 0 0 1
0.188353621754713 0 0 0 0 0 1 0 0 1 0 1 0 0 1 1 0 1 0 0
0.126117346251875 0 1 0 0 0 1 1 0 0 1 0 1 1 1 0 1 1 0 1
0.247715334338607 0 0 0 0 0 0 0 0 1 1 1 1 1 0 1 1 1 1 0
0.188530401603895 0 1 0 0 0 1 0 0 0 0 0 0 1 1 1 1 1 1 0
0.089307377829776 0 1 0 1 0 0 0 0 1 0 1 1 0 1 0 1 0 1 0
0.165998317427075 0 1 1 0 0 1 0 0 0 1 1 1 0 1 1 1 0 1 0
0.408235389484458 0 0 0 0 0 0 0 0 1 1 1 0 1 1 1 1 0 0 0
0.180320726738067 1 1 0 0 0 1 1 0 1 1 0 1 0 1 1 1 0 0 1
0.188222562562466 0 1 0 1 0 0 0 0 0 1 1 0 1 0 0 1 1 1 1
0.093929766411743 0 1 0 0 0 0 0 0 0 1 0 1 0 1 1 1 0 1 0
0.087234747685535 0 1 0 0 0 0 1 0 0 0 1 1 0 1 1 0 1 1 1
0.273638278030715 0 1 1 0 0 1 0 0 1 0 0 0 0 0 1 1 0 0 0
0.398384163675102 1 0 0 1 0 1 1 1 0 1 0 1 0 1 1 1 1 1 1
0.104245958713191 1 0 0 0 0 1 0 0 1 0 0 0 0 1 1 1 1 0 0
0.140602065356043 0 1 0 0 0 1 0 1 0 1 1 0 0 1 1 1 1 0 1
0.133152602097522 0 0 0 0 0 1 1 0 0 1 0 1 0 0 1 1 1 1 0
0.085745489215574 0 1 0 0 0 0 0 0 0 1 1 0 1 1 0 1 0 1 0
0.156966849280217 1 0 1 0 0 1 1 0 1 1 0 0 1 1 1 0 0 0 0
0.302233425519246 0 0 0 0 0 1 0 0 1 1 1 0 0 0 1 0 0 1 0
0.213753002029843 1 1 0 0 0 0 1 0 0 0 1 0 0 0 1 1 0 1 0
0.326872108666426 0 0 1 0 1 1 0 1 0 1 0 1 1 1 1 1 1 1 1
0.166364685996003 0 1 0 0 0 0 1 0 1 1 0 1 0 0 1 1 1 1 1
0.236087053033762 0 0 0 0 0 1 0 0 1 1 1 0 1 1 0 1 0 1 0
0.220887610680301 0 0 1 1 0 0 0 1 0 1 0 1 1 1 1 1 1 1 1
0.133925661956481 0 1 0 0 0 0 1 1 0 1 0 0 1 1 1 1 1 1 0
0.065075868836001 1 0 0 0 0 1 0 0 0 1 0 1 0 1 1 1 0 0 1
0.125883752397608 0 1 0 0 0 1 1 0 1 1 1 1 1 1 1 1 0 1 1
0.102239128233625 1 0 0 0 0 1 1 0 0 1 0 1 0 1 1 1 0 0 1
0.253199307544288 0 1 0 1 0 0 0 1 1 1 0 0 0 0 1 0 0 1 0
0.136945004544770 1 1 0 0 0 1 0 0 1 0 1 1 1 0 1 1 0 0 1
0.288608256066286 0 1 1 0 0 1 1 0 0 0 1 1 1 0 1 1 1 1 0
0.143988068211287 1 0 1 0 0 1 0 0 0 1 0 1 0 1 1 1 0 0 0
0.222122942868976 0 0 1 1 0 1 0 0 0 1 1 1 1 1 0 1 1 1 1
0.121728550765619 1 0 0 1 0 1 0 0 0 1 0 1 1 1 0 1 0 0 1
0.059426110753603 0 1 0 0 0 0 0 0 0 1 1 1 1 1 1 0 1 1 1
0.055298100871192 0 1 0 0 0 1 0 0 0 1 1 1 1 1 1 0 0 1 1
0.305658192440655 1 0 1 0 0 1 0 0 0 0 1 1 1 1 1 1 1 1 1
0.214003418216668 0 0 1 0 0 1 1 0 1 1 0 0 1 1 1 1 1 0 1
0.073812287176602 0 1 0 0 1 0 0 0 1 1 1 1 1 1 1 1 0 1 1
0.100179687390203 1 0 0 0 0 1 1 0 1 1 0 1 1 1 1 0 1 0 0
0.109854360621629 0 1 0 0 0 1 0 1 1 0 1 1 1 1 1 1 0 1 1
0.107969057280443 1 0 0 0 0 0 1 0 1 1 0 1 1 0 1 0 0 1 0
0.144502113152577 0 1 0 1 0 1 0 0 1 1 1 1 1 1 1 1 0 0 0
0.221536023398701 1 0 0 0 0 1 1 0 1 1 1 1 1 0 1 0 0 0 0
0.153971452790209 1 0 0 0 0 1 1 0 0 0 0 1 1 1 1 1 0 1 1
0.090520556495822 0 0 0 1 0 0 0 0 0 0 1 1 1 1 1 0 0 1 1
0.094811428852501 1 0 0 0 0 0 0 0 1 0 0 1 1 1 1 1 0 1 1
0.089357753091169 0 0 0 1 0 1 0 0 0 1 0 1 1 1 1 1 0 0 1
0.210656078622467 0 0 0 0 0 1 0 0 0 1 0 1 1 1 1 1 1 0 0
0.136146475049758 0 0 0 0 0 1 1 0 1 0 0 1 1 1 1 1 0 1 0
0.076195400825608 0 1 0 0 0 0 0 0 0 1 1 1 1 1 1 1 0 1 1
0.156055587087452 0 1 0 0 0 1 1 0 1 1 1 1 0 1 0 1 1 1 0
0.080102258474993 0 0 0 1 0 0 0 0 0 0 0 1 0 1 1 1 0 0 1
0.185828053026910 0 0 1 1 0 1 0 0 0 0 1 1 0 1 1 1 0 0 1
0.093285676425161 1 0 0 0 0 1 1 0 1 0 0 1 1 1 1 0 0 0 1
0.077578664631621 0 0 0 1 0 0 0 0 1 0 0 1 1 1 1 1 0 1 1
0.193943187453811 0 1 0 0 1 0 0 0 0 0 1 1 0 1 1 1 1 1 1
0.053334210149048 0 1 0 0 0 0 0 0 0 1 1 1 0 1 1 0 1 1 1
0.166297843704736 0 0 1 0 0 1 1 0 0 0 0 1 0 1 1 0 1 1 0
0.090206237402019 0 0 0 0 0 1 0 0 0 1 0 1 0 1 0 1 0 1 1
0.121936408144512 1 1 0 0 0 1 0 0 1 1 1 0 0 1 1 1 0 0 0
0.096436855166049 0 1 0 0 1 0 0 0 1 1 1 1 0 1 0 1 0 1 0
0.056993147928501 1 0 0 0 0 0 1 0 0 0 0 0 0 1 1 0 1 0 0
0.251018656237346 1 0 1 0 0 1 1 0 0 1 0 0 0 1 0 1 1 0 0
0.117176043232446 0 1 1 0 0 0 0 0 0 1 1 1 0 1 1 0 1 1 0
0.121253326213637 0 0 0 1 0 0 1 0 0 1 0 1 0 1 0 1 0 1 1
0.078810521669788 1 0 0 0 0 1 0 0 1 0 0 1 0 1 1 1 0 0 0
0.305257717178517 0 1 0 1 1 1 0 0 1 1 1 1 0 1 1 1 0 1 1
0.100354080334054 1 0 0 1 0 0 0 0 0 0 0 1 1 1 1 0 0 0 0
0.097978852630245 0 1 0 1 0 0 0 0 0 0 1 1 1 1 1 0 0 1 1
0.089661277153902 0 1 0 0 1 0 0 0 1 0 1 1 1 1 1 0 0 1 0
0.062055655579362 1 0 0 0 0 0 0 0 0 1 1 1 0 1 1 0 1 0 1
0.102188238294310 0 1 0 0 1 0 0 0 1 1 0 1 1 1 1 1 0 1 1
0.072523111636693 0 1 0 0 0 1 0 0 0 1 0 1 0 1 1 1 0 0 1
0.133070458985874 0 1 0 0 0 0 0 0 0 1 1 1 0 1 1 1 1 0 0
0.123445433526849 1 0 0 0 0 0 0 0 0 0 0 1 1 1 1 0 0 1 0
0.100983210759964 1 0 0 1 0 0 0 0 1 1 1 0 1 1 1 1 0 1 1
0.075469415962736 1 0 0 0 0 0 1 0 1 1 0 1 0 1 1 1 1 0 1
0.077328786313064 0 1 0 0 1 0 0 0 0 1 1 1 1 0 1 1 0 1 1
0.071864717137051 1 0 0 0 0 0 0 0 0 0 0 1 0 0 1 0 1 0 1
0.039922361353038 1 0 0 0 0 0 0 0 0 1 0 0 1 1 0 0 1 0 1
0.186980717491189 1 1 0 0 0 0 0 0 0 1 0 1 1 1 1 1 0 0 1
0.129436056160173 1 1 0 0 0 1 0 0 1 1 1 1 1 0 1 1 0 1 1
0.124058217363004 1 0 0 1 0 0 0 0 0 0 1 0 0 1 0 1 0 0 1
0.072465629121149 0 0 0 1 0 0 0 0 0 1 0 1 0 1 1 1 0 1 1
0.153856420641490 1 1 0 0 0 0 0 0 1 0 1 0 1 1 1 0 1 0 1
0.154593825836569 0 0 0 0 0 1 1 0 0 1 1 1 0 1 1 1 1 1 1
0.119308598355623 1 0 0 0 0 0 1 0 1 0 0 0 1 1 1 0 1 1 1
0.141655137373707 0 1 0 0 0 1 1 0 0 1 0 1 1 1 1 1 0 1 1
0.131172084948484 0 1 0 0 1 1 0 0 0 1 1 1 0 1 1 1 0 0 1
0.099562181368133 0 1 0 0 0 1 0 0 0 0 1 1 0 1 1 1 0 1 1
0.067039377242686 0 0 0 1 0 0 0 0 0 1 0 1 1 0 1 1 0 1 1
0.045023505598469 1 0 0 0 0 0 0 0 1 1 0 1 0 1 1 0 1 0 1
0.133521786678702 1 0 0 1 0 0 0 0 0 0 1 1 1 0 1 1 0 1 1
0.131916412951982 0 0 1 0 0 1 0 0 0 1 1 1 1 0 1 0 0 0 1
0.092122752828157 0 0 1 1 0 0 0 0 0 1 1 1 1 0 1 1 0 1 0
0.150775238954769 1 0 1 1 0 0 0 0 0 1 1 1 1 0 1 0 0 0 0
0.087812151450405 0 0 1 0 0 0 0 1 0 1 1 1 0 0 1 1 1 1 0
0.097869046284619 1 0 1 0 0 0 0 0 1 1 0 1 1 0 1 1 0 1 0
0.083747300891025 0 0 1 0 0 0 0 0 0 0 1 1 0 0 1 0 1 0 0
0.054690548732239 0 1 0 0 0 0 0 0 0 0 1 1 0 0 1 0 1 1 0
0.054359695815368 0 0 1 0 0 0 0 0 0 1 0 1 0 0 1 0 1 1 0
0.063337319353416 1 0 0 0 0 0 1 0 0 1 0 1 0 0 1 0 1 1 0
0.061988847251439 0 0 1 0 0 0 0 0 0 1 0 1 1 0 1 1 0 1 1
0.071497379979701 1 0 1 0 0 0 0 0 1 1 0 1 1 0 1 0 0 0 1
0.062595375466641 0 0 1 0 0 0 0 0 0 1 1 1 0 0 1 0 1 1 1
0.138563021739141 0 1 1 0 1 0 0 0 0 1 1 1 1 0 1 0 0 1 0
0.092277291154586 0 1 0 0 0 1 0 0 1 0 1 1 0 1 1 0 0 1 0
0.099411574113670 1 0 1 0 0 0 0 0 0 1 1 1 1 0 1 0 1 0 0
0.151252693574253 0 1 0 0 0 1 1 0 0 0 1 1 0 0 1 0 1 0 0
0.133350048117171 1 0 0 1 0 0 1 0 1 0 0 1 1 0 1 1 0 1 0
0.067648303062578 1 0 0 0 0 0 1 0 0 1 0 1 0 0 1 0 1 0 1
0.166736268184013 1 0 0 0 0 0 0 0 1 0 1 1 1 1 1 0 1 0 0
0.136876121333341 1 0 1 0 0 0 0 0 0 1 0 0 0 1 1 0 0 0 1
0.038805074191907 1 0 0 0 0 0 0 0 0 1 1 0 0 1 0 0 1 1 0
0.090375343961012 1 0 0 0 0 0 0 0 0 1 1 0 0 0 0 0 1 0 0
0.064032673541520 0 0 1 0 0 0 0 0 0 1 1 0 0 1 0 0 1 1 0
0.053907297640532 0 0 1 0 0 0 0 0 0 1 0 1 0 1 0 0 1 0 1
0.098809168194129 1 0 1 0 0 0 0 0 1 1 0 1 0 1 0 0 1 0 1
0.124798949503844 0 0 1 0 0 0 0 0 0 1 0 1 1 1 0 0 0 1 0
0.082138289194817 1 0 0 0 0 1 0 0 1 1 0 0 1 0 1 1 0 0 1
0.105251659940162 0 0 0 1 0 0 0 0 0 1 1 1 0 1 1 0 1 1 0
0.129758017837830 1 0 0 0 0 0 1 0 1 1 0 0 0 1 0 0 1 0 1
0.109005205415292 1 0 0 0 0 0 0 0 0 1 0 0 1 1 1 0 1 1 0
0.162619124709947 1 0 1 0 0 0 0 0 0 1 0 0 1 1 1 0 1 0 1
0.036059042644194 1 0 0 0 0 0 0 0 0 1 1 1 0 1 0 0 1 1 1
0.104261323278697 0 0 0 1 0 0 0 0 0 0 0 1 1 1 0 1 0 1 0
0.086437613464476 0 0 1 0 0 0 1 0 0 1 1 1 0 1 1 0 1 1 0
0.089531602757377 1 0 0 1 0 0 0 0 1 1 0 1 1 1 1 1 0 0 1
0.141987208013467 1 0 1 0 0 0 1 0 1 0 0 1 0 0 1 1 0 0 0
0.033262116596331 1 0 0 0 0 0 0 0 0 1 0 1 0 1 0 0 1 0 1
0.124964815145266 0 1 0 1 0 0 0 0 0 1 1 1 1 1 1 1 0 1 0
0.057447353198701 0 1 0 0 0 0 0 0 0 0 1 1 1 1 0 0 1 1 1
0.117237513922534 0 0 1 1 0 0 0 0 1 1 0 1 1 1 0 1 0 1 1
0.134548332727855 0 1 0 0 1 1 0 0 0 1 1 1 1 1 0 1 0 1 1
0.153270058978004 0 0 0 0 0 0 0 0 0 0 1 0 0 1 0 0 1 1 1
0.089074047664437 1 0 1 0 0 0 0 0 0 1 0 1 1 0 0 1 0 0 1
0.094982232264817 0 1 0 0 0 1 0 0 0 1 0 1 1 1 0 0 0 0 1
0.061609166655151 0 0 1 0 0 0 0 0 0 1 0 1 0 0 0 1 0 1 1
0.064807829820938 0 1 0 0 0 0 0 1 0 1 1 1 1 0 1 0 1 1 1
0.041478138363736 1 0 0 0 0 0 0 0 0 1 0 1 1 0 0 1 0 1 1
0.163330416390645 0 0 1 1 0 0 0 0 0 1 0 1 1 0 0 0 0 0 1
0.132403309175276 0 1 0 1 0 1 0 0 0 0 1 1 1 1 0 1 0 0 1
0.059185855069200 1 0 0 0 0 0 0 0 0 1 1 1 0 0 0 1 1 1 1
0.099008606226297 1 0 0 0 0 1 0 0 1 1 0 1 0 1 0 1 0 1 1
0.128990624889040 0 0 1 0 0 0 0 0 1 1 0 1 0 1 1 0 1 0 0
0.073182729751534 0 0 1 0 0 0 0 0 0 1 0 1 1 0 0 1 1 1 1
0.046270726735335 0 1 0 0 0 0 0 0 0 0 1 1 1 0 1 0 0 1 1
0.072759477021263 1 0 0 0 0 0 1 0 0 0 0 1 1 0 1 1 0 0 0
0.063347041534370 0 1 0 0 0 0 1 0 0 0 1 1 1 0 1 0 1 1 0
0.063212337304101 1 0 0 0 1 0 0 0 0 1 0 1 1 0 1 0 0 0 1
0.086326456204137 1 0 0 0 0 1 0 0 0 0 1 0 0 1 1 0 0 0 0
0.037148932538893 1 0 0 0 0 0 0 0 0 0 0 0 1 0 1 0 0 0 1
0.055592917795862 0 1 0 0 0 0 0 0 1 0 1 0 1 0 1 0 1 1 0
0.094788786494525 0 0 0 0 0 0 1 0 0 0 0 1 1 0 1 0 1 1 1
0.073847802166170 1 0 0 0 1 0 0 0 0 1 1 1 0 1 1 0 1 1 0
0.079886060400946 1 0 0 0 1 0 0 0 1 1 0 1 1 0 1 0 0 1 1
0.146190478462555 1 0 0 0 1 0 1 0 0 0 0 0 1 0 1 0 1 0 0
0.067005579942828 1 0 0 0 0 0 1 0 0 0 1 1 0 1 1 0 1 1 0
0.143584620853455 1 0 0 1 0 1 0 0 1 0 0 0 1 1 1 0 0 0 0
0.051159411804268 1 0 0 0 0 0 0 0 0 1 0 1 1 0 1 0 1 0 1
0.151729944961156 1 0 1 0 1 0 0 0 0 1 1 1 0 0 1 0 0 0 0
0.073766541480940 1 0 1 0 0 0 0 0 0 1 1 1 0 0 1 0 0 1 0
0.066833078682739 1 0 0 0 1 0 0 0 0 1 1 0 1 1 1 0 0 1 1
0.033456756358912 1 0 0 0 0 0 0 0 0 1 1 0 1 0 1 0 0 1 1
0.079078324946103 1 0 0 0 0 0 0 0 0 1 1 1 0 0 1 0 0 1 0
0.064781939219617 1 0 0 0 0 0 1 0 0 1 1 0 1 1 1 0 1 1 0
0.059377251746229 1 0 0 0 0 0 0 1 0 1 0 0 1 1 1 1 0 0 1
0.101950071402770 1 0 0 0 1 0 0 0 1 1 0 1 1 1 1 1 1 0 1
0.116431647857929 0 1 0 0 0 0 0 0 1 0 1 1 1 0 1 0 0 1 0
0.084302015844565 0 1 0 0 0 1 0 0 1 0 1 0 1 1 1 0 0 1 1
0.074666729928405 0 1 0 0 0 0 0 1 0 0 1 0 1 1 1 0 1 1 0
0.094347601819220 1 0 0 0 0 0 1 0 0 1 0 0 1 0 1 1 0 1 1
0.047678503910713 1 0 0 0 0 0 0 0 0 1 0 1 0 1 1 0 0 0 1
0.059077513323667 1 0 0 0 1 0 0 0 0 1 1 1 1 0 0 1 0 1 1
0.109434793326203 1 0 0 0 1 0 1 0 1 1 0 1 1 1 1 1 0 1 0
0.095205064748629 0 1 0 0 1 0 0 0 1 0 1 0 1 0 1 1 0 1 0
0.234195590704070 1 0 1 1 0 0 0 0 1 0 1 0 1 0 0 0 0 1 0
0.079023082041669 0 0 0 0 1 0 0 0 0 1 0 1 1 0 1 1 0 1 1
0.086836967292043 0 1 0 0 0 1 0 0 1 0 1 0 1 1 1 0 1 1 0
0.102500580180625 1 0 0 0 0 1 1 0 0 0 0 0 1 1 1 1 0 0 0
0.095840925134772 0 1 0 1 0 0 0 0 0 0 1 1 0 1 1 0 0 0 0
0.106291849738123 0 1 0 0 0 0 1 0 1 0 1 0 1 1 1 1 1 1 0
0.081555105561633 1 0 0 1 0 0 0 0 0 1 1 0 1 1 1 0 0 1 0
0.095258525523299 0 1 0 0 0 0 0 0 0 0 1 0 1 0 1 0 1 1 1
0.074267566471331 1 0 0 0 0 0 0 0 0 1 1 0 0 1 1 1 0 1 1
0.103326263358020 0 1 0 1 0 0 0 0 1 0 1 1 0 1 0 0 1 0 1
0.044192405464170 0 1 0 0 0 0 0 0 0 0 0 1 0 1 0 0 1 0 1
0.069330555111897 0 1 0 0 0 0 1 0 0 0 0 1 0 1 0 0 1 1 0
0.180719429488346 1 0 0 0 1 0 0 1 0 1 1 1 0 0 0 0 0 1 1
0.072740881057729 1 0 0 0 1 0 0 0 0 1 1 0 1 0 1 1 0 1 0
0.095262608004353 0 1 0 0 0 1 0 0 1 0 0 1 0 1 1 0 1 0 1
0.082854053694041 1 0 0 1 0 0 0 0 0 1 0 0 1 1 1 0 0 0 1
0.051147100658177 1 0 0 0 0 0 0 0 0 1 0 0 1 0 1 1 0 0 1
0.046387251163265 0 0 1 0 0 0 0 0 0 0 0 0 0 1 1 0 1 0 0
0.086908020955320 0 0 1 0 0 0 0 1 0 0 1 0 0 1 1 0 1 0 0
0.097950101967185 1 0 0 0 1 0 1 0 0 1 1 1 1 0 0 0 1 1 0
0.060338666629649 1 0 0 0 0 1 0 0 0 1 1 0 1 1 1 0 0 0 1
0.127719446466476 0 1 0 1 0 0 0 1 1 0 1 0 1 1 1 1 0 1 0
0.121834584164479 0 1 0 1 0 0 0 0 1 0 0 1 0 1 1 1 0 0 1
0.087562175017296 0 1 0 0 1 0 0 0 1 1 1 0 1 1 1 0 1 1 0
0.081979929199478 1 0 0 0 0 1 0 0 1 1 0 1 1 1 1 1 1 0 1
0.091127612470419 0 0 0 1 0 1 0 0 0 0 0 0 1 1 1 1 0 0 1
0.075394621477634 1 0 0 0 0 0 1 0 0 0 0 1 1 1 1 0 1 0 1
0.080167382962518 1 0 0 0 0 0 1 0 0 1 1 1 0 1 1 1 1 1 0
0.085094335129216 0 1 0 0 0 0 0 0 0 1 1 1 1 0 0 0 1 1 0
0.107221255991280 0 0 1 1 0 0 0 0 0 0 1 0 0 1 1 0 1 0 0
0.139329085345578 0 0 1 0 0 1 0 0 0 0 1 0 0 1 0 0 1 0 0
0.097069747802582 1 0 1 0 0 0 0 1 1 1 0 1 0 1 1 1 0 0 1
0.104691645064596 0 1 0 0 0 0 0 1 1 1 1 1 0 1 1 0 1 1 1
0.066778256243300 0 0 0 1 0 0 0 0 1 0 0 1 0 1 1 0 1 0 1
0.073551348580666 0 1 0 0 1 0 0 0 0 1 1 1 0 1 1 0 0 1 1
0.087049856575683 1 0 1 0 0 0 0 0 0 1 1 0 1 0 0 1 0 1 0
0.074408181657744 1 0 0 0 0 0 0 0 0 1 0 1 1 1 0 1 0 0 1
0.135962023276724 1 0 0 0 0 1 0 0 0 1 1 0 0 0 0 1 0 1 1
0.050335186460149 0 0 0 1 0 0 0 0 0 0 0 0 0 1 1 0 1 0 0
0.054716458414670 0 0 1 0 0 0 0 0 0 1 0 0 0 0 1 1 1 0 0
0.108745333256760 0 0 0 1 0 0 1 0 1 0 0 1 0 1 1 1 1 0 0
0.099500208033452 1 0 0 1 0 0 0 1 0 0 1 0 1 1 1 0 0 0 0
0.074632288261222 1 0 1 0 0 0 0 0 1 1 1 1 1 0 1 1 0 1 1
0.096523300189878 0 1 0 0 1 0 0 1 0 1 1 1 1 1 1 0 0 1 0
0.097265980883343 0 0 1 0 0 0 1 0 0 0 0 1 0 0 1 0 1 0 0
0.126613360262552 1 0 1 0 0 0 0 1 0 1 1 0 1 0 1 0 0 0 0
0.058196539746906 0 1 0 0 0 0 0 1 0 1 0 1 0 1 1 0 1 0 1
0.129849784994439 1 0 1 0 0 1 0 0 1 1 0 1 1 0 1 1 0 0 1
0.078095095932565 1 0 0 0 0 0 0 0 0 0 1 0 1 0 1 0 1 1 0
0.025440571909464 1 0 0 0 0 0 0 0 0 0 0 0 0 1 1 0 0 0 0
0.164901204052930 0 0 0 1 1 0 0 0 0 0 0 0 0 1 1 0 0 0 0
0.052332448553961 1 0 0 0 0 0 0 1 0 0 0 0 0 1 1 1 0 0 0
0.125764851525441 1 0 1 0 0 0 1 0 1 1 0 1 1 0 1 0 0 1 1
0.103967518249581 1 0 0 0 0 0 1 1 1 0 0 1 0 1 1 0 1 0 0
0.059072775705523 0 1 0 0 0 0 0 1 0 0 0 1 0 1 1 0 0 1 1
0.068207379360589 0 0 1 0 0 0 0 1 0 0 0 0 0 1 1 1 0 0 0
0.051295533827693 0 0 0 1 0 0 0 0 0 0 0 0 0 0 1 1 0 1 0
0.107693937338042 0 0 0 1 0 0 0 0 1 0 0 0 0 1 1 1 1 1 0
0.061329482039167 0 0 1 0 0 0 0 0 0 0 0 0 0 0 1 1 0 1 0
0.043462198287082 1 0 0 0 0 0 0 0 1 1 1 0 1 1 1 0 1 1 1
0.140529100214720 1 1 0 0 1 0 0 0 1 1 1 0 1 1 1 0 0 1 0
0.118396402259260 1 0 0 1 0 0 0 0 0 0 0 0 0 1 1 1 0 0 0
0.105268019993995 0 0 0 1 0 0 1 0 0 0 0 0 1 0 1 0 0 1 0
0.106201102843270 1 0 0 0 0 0 1 0 1 1 0 1 1 0 1 1 1 1 1
0.056220989479839 1 0 0 0 0 0 0 1 1 0 0 0 1 1 1 0 0 0 1
0.120027051380727 1 0 0 1 1 0 0 0 0 1 1 1 1 1 1 0 0 0 1
0.090030252863347 0 0 0 0 0 0 0 1 0 0 0 0 0 0 1 1 0 1 0
0.048732134144015 0 0 0 1 0 0 0 0 0 0 0 1 0 0 1 0 0 1 0
0.096390618732576 0 1 1 0 0 0 0 0 1 1 1 0 1 0 1 1 0 1 0
0.110512399533873 0 0 0 0 1 0 1 0 0 0 0 1 0 1 1 0 0 1 0
0.083935212899186 0 0 1 0 0 0 0 0 0 1 1 0 1 0 1 1 1 1 0
0.033834078993556 0 1 0 0 0 0 0 0 0 0 0 0 1 0 1 0 0 1 0
0.044565551355760 0 1 0 0 0 0 0 0 1 0 0 0 0 1 1 0 0 1 0
0.050234638203111 0 1 0 0 0 0 0 0 0 0 0 0 0 1 1 0 1 0 0
0.097271339077232 0 0 1 0 0 0 0 1 0 1 0 0 0 1 1 0 1 0 0
0.046772584431055 0 1 0 0 0 0 0 0 0 0 1 0 0 1 1 0 0 1 0
0.036650708138799 1 0 0 0 0 0 0 0 1 0 0 0 0 1 1 0 0 0 1
0.090465696398490 0 0 1 1 0 0 0 0 0 0 1 1 0 1 1 0 0 1 0
0.076580653924435 0 1 0 0 0 0 0 0 0 0 0 0 0 0 1 1 0 1 0
0.077772366434971 0 0 1 0 0 0 0 0 0 1 1 1 0 1 1 1 1 0 1
0.038548634121354 1 0 0 0 0 0 0 0 1 0 0 0 0 1 1 0 0 1 0
0.040053002352796 0 0 0 1 0 0 0 0 0 0 0 0 0 1 1 0 0 1 0
0.104235981959625 1 0 0 0 0 0 1 1 0 0 0 0 1 1 1 0 0 0 0
0.056322527925578 1 0 0 0 0 0 0 0 1 0 0 0 0 1 1 1 0 0 0
0.066583814529576 1 0 0 0 0 1 0 0 1 0 0 0 1 1 1 0 0 0 1
0.043111722806415 1 0 0 0 0 0 0 0 1 1 0 0 1 1 0 0 0 1 1
0.137565482248955 1 0 0 1 0 0 1 0 1 0 0 1 0 1 1 0 0 0 0
0.057393404880077 1 0 0 1 0 0 0 0 0 1 1 1 1 1 0 0 1 0 1
0.083868414322704 0 1 1 0 0 0 0 0 0 1 1 1 1 0 0 0 0 1 1
0.034700223593328 1 0 0 0 0 0 0 0 0 1 1 0 1 1 0 0 0 1 1
0.080244564751942 0 1 0 0 0 0 1 1 0 0 0 1 1 1 1 0 1 0 1
0.060862395188825 1 0 0 0 0 0 0 0 0 0 0 0 0 0 1 0 0 1 0
0.052739025962464 0 1 0 0 0 0 0 0 0 0 0 0 1 1 1 0 0 0 1
0.072732415164682 0 0 1 0 0 0 0 0 0 1 0 0 0 1 1 1 0 1 0
0.045719816674084 1 0 0 0 0 0 0 0 0 1 1 0 1 0 0 0 1 1 1
0.136212200296285 0 0 0 0 0 0 1 0 0 0 0 1 0 1 1 0 1 1 0
0.068204049277992 0 0 0 1 0 0 0 1 0 0 0 0 1 1 1 0 1 0 1
0.107011794128607 1 0 0 0 1 0 0 0 0 0 0 0 0 1 1 0 0 0 0
0.056218734900488 0 1 0 0 0 0 0 0 1 0 0 0 1 1 1 0 0 1 1
0.087262338756842 0 0 0 1 0 0 0 1 0 0 0 0 0 1 1 0 0 0 1
0.061164519330540 0 0 0 1 0 0 0 0 0 0 0 1 1 0 1 0 1 0 1
0.086555459376733 0 0 1 0 0 0 0 0 0 0 0 0 0 0 1 0 0 0 0
0.087615050038818 0 0 1 0 0 0 0 1 1 0 0 0 0 1 1 1 0 1 0
0.099154024912273 0 0 1 0 0 0 0 0 0 0 0 1 0 0 1 1 1 0 1
0.071650357471181 0 0 0 1 0 0 0 0 0 1 0 0 1 1 1 0 1 0 1
0.135962733141709 0 1 0 0 1 0 1 0 0 0 0 1 1 0 1 0 0 1 0
0.180812306045419 0 0 0 1 0 1 1 0 1 0 0 1 1 1 1 0 1 0 1
0.066855931266924 0 0 0 1 0 0 0 0 0 1 0 1 0 0 1 1 1 0 1
0.076740438677480 0 1 0 0 0 0 0 1 1 0 0 0 1 1 1 1 0 1 0
0.134415049299748 0 0 1 1 0 0 0 0 1 0 0 1 0 1 1 1 0 1 0
0.119563866977356 0 1 1 0 0 0 0 0 0 0 1 0 1 1 1 0 0 1 0
0.111380907592170 1 0 0 1 0 0 0 0 0 0 1 0 1 1 1 0 1 0 0
0.124593621970143 0 0 1 0 0 0 1 1 0 0 0 0 1 0 1 1 0 1 0
0.091721055364848 0 0 1 0 1 0 0 0 0 1 1 1 0 1 1 1 0 1 0
0.083480456519315 1 0 1 0 0 0 0 0 1 1 1 0 1 1 1 0 0 1 0
0.060372794748941 1 0 0 0 0 0 0 0 1 0 1 0 0 1 1 0 1 1 0
0.116553475183868 0 0 1 1 0 0 0 0 0 1 1 0 0 1 1 1 0 1 0
0.144929403767687 1 1 0 0 0 1 0 0 1 0 1 0 1 1 1 0 0 1 0
0.073098075497593 0 0 0 1 0 0 0 0 0 1 0 1 0 1 0 0 1 0 1
0.045565154107838 0 0 1 0 0 0 0 0 0 0 0 1 0 1 0 0 0 1 1
0.084400760688592 0 0 1 0 0 0 0 0 0 1 1 1 0 1 0 0 0 1 1
0.122754140370077 0 0 1 0 1 0 0 0 0 0 0 0 0 1 1 0 0 1 0
0.039915294062567 0 1 0 0 0 0 0 0 0 0 0 1 1 0 0 0 0 1 1
0.056035376323637 0 0 1 0 0 0 0 0 1 0 0 0 1 1 1 0 0 1 1
0.100368547101380 0 0 1 1 0 0 0 0 0 1 1 1 0 0 1 1 1 0 0
0.103549218712113 0 0 1 0 1 0 0 0 1 0 0 1 1 1 1 0 0 1 1
0.041238607085995 0 0 1 0 0 0 0 0 0 0 0 1 1 0 0 0 0 1 1
0.045762058770573 0 0 0 1 0 0 0 0 0 0 0 0 1 1 0 0 0 1 1
0.071245658838774 0 0 0 0 1 0 0 0 0 0 0 0 1 1 1 0 0 1 1
0.081034410508883 0 0 0 0 0 1 0 0 0 0 0 0 1 1 1 0 0 1 1
0.072027922822551 0 0 1 0 0 0 0 0 1 0 0 1 1 1 1 0 1 1 1
0.112713671543329 0 1 0 0 0 1 0 0 0 0 0 0 0 1 1 0 0 0 0
0.081927919312858 0 1 0 0 0 0 0 0 1 0 0 0 1 1 1 0 1 0 0
0.173694191692736 0 0 0 0 0 0 0 0 0 0 0 0 1 0 1 0 0 1 1
0.076085840810607 0 0 0 1 0 0 0 1 0 0 0 1 0 0 1 1 0 1 0
0.088446154485698 0 0 0 0 1 1 0 0 0 0 0 1 1 1 1 0 0 1 1
0.107895622123725 0 0 0 1 0 0 1 0 0 0 0 1 0 0 1 1 1 1 0
0.091734755823558 0 0 1 0 0 1 0 0 1 0 0 1 1 1 1 0 0 1 1
0.076761722491472 0 0 0 0 1 0 0 1 0 0 0 0 0 1 1 1 0 1 0
0.094892883305783 0 0 0 1 1 0 0 0 0 1 0 1 1 1 1 0 0 1 1
0.108191401341656 0 0 0 0 1 0 1 0 0 1 0 1 1 1 1 0 1 1 1
0.090114446689889 1 1 0 0 0 0 0 0 1 1 1 0 1 0 1 0 0 1 1
0.086684416109481 0 0 0 1 0 1 0 0 0 0 0 1 1 0 1 1 0 1 0
0.068753552304059 1 0 0 0 0 0 0 1 1 1 0 0 1 0 1 1 0 1 0
0.052087240014546 1 0 0 0 0 0 0 1 0 1 1 0 1 1 1 0 1 1 1
0.078889755939388 0 1 0 0 1 0 0 0 0 0 1 0 1 1 1 0 0 1 0
0.064244560771737 1 0 0 0 0 1 0 0 0 1 0 1 1 0 1 0 0 0 1
0.100394591324629 0 0 0 1 1 0 0 0 0 0 0 1 1 0 1 1 0 1 0
0.060040516394214 0 1 0 0 0 0 0 1 0 0 0 1 1 0 1 0 1 1 0
0.050715712597570 1 0 0 0 0 0 0 0 0 0 0 0 0 1 1 0 0 0 1
0.050220157788659 1 0 0 0 0 0 0 1 0 1 0 1 0 0 1 1 0 0 1
0.062976563726232 1 0 0 1 0 0 0 0 0 1 1 1 1 0 1 0 0 0 1
0.084044996308331 0 0 0 0 1 0 0 1 0 0 0 1 1 1 1 0 0 1 1
0.075006280763595 1 0 0 0 0 0 0 1 1 1 1 0 1 0 1 1 0 1 1
0.136367898089100 0 1 1 0 0 0 0 0 1 0 0 1 1 1 1 0 0 1 1
0.084867864154056 1 0 0 0 1 0 0 0 0 1 0 1 0 0 1 1 0 1 0
0.141915040093053 1 0 0 0 0 0 0 1 0 0 0 0 0 0 1 0 0 0 0
0.068293711163401 1 0 0 0 0 0 0 1 1 1 0 1 0 1 0 1 1 0 1
0.060035281526493 1 0 0 0 0 0 0 1 0 1 1 0 0 1 1 1 0 1 0
0.063193593631274 0 1 0 0 0 0 0 0 0 0 0 1 1 0 1 0 1 0 1
0.060117740876612 0 1 0 0 0 0 0 1 0 1 0 1 1 0 1 1 0 1 1
0.050830551229165 1 0 0 0 0 0 0 0 1 1 0 1 0 0 1 1 0 1 1
0.064479112070834 1 0 0 0 0 0 0 1 1 1 0 1 0 1 1 1 0 1 1
0.090910195477952 0 0 0 1 0 0 0 1 0 0 1 0 0 1 1 1 1 0 0
0.095153389253938 1 0 1 0 0 0 0 1 1 1 1 0 0 1 1 1 0 0 0
0.084488588968964 1 0 0 1 0 0 0 1 0 1 1 1 1 1 1 1 0 0 1
0.161937866746237 1 1 1 0 0 0 0 0 1 1 1 0 1 0 1 0 0 0 0
0.073910437646508 0 0 1 0 0 0 0 1 0 0 0 0 1 1 0 0 0 1 1
0.044929887049277 1 0 0 0 0 0 0 0 1 0 1 0 1 1 1 0 0 1 1
0.027612796011417 1 0 0 0 0 0 0 0 0 0 0 1 1 0 0 0 0 0 1
0.087269061362583 1 0 0 0 1 0 0 0 1 0 0 1 1 0 0 1 0 0 1
0.078517747562094 0 0 0 1 0 0 0 1 0 0 0 0 1 1 0 1 0 1 1
0.071234128294321 0 0 1 0 0 0 1 0 0 0 0 1 1 1 0 0 0 1 1
0.055514007420763 0 1 0 0 0 0 0 0 1 0 0 0 0 1 0 0 1 1 0
0.068190014404759 0 1 0 0 0 1 0 0 0 1 1 1 1 0 1 1 0 0 1
0.104544174902750 0 1 1 0 0 0 0 1 0 1 1 1 0 0 1 1 0 1 0
0.030677791384690 0 1 0 0 0 0 0 0 0 0 0 0 1 1 0 0 0 1 0
0.073633649266728 1 0 0 0 0 0 1 0 0 0 0 1 0 0 0 1 0 1 0
0.047891118192303 0 0 1 0 0 0 0 0 0 0 0 0 1 1 0 0 1 0 1
0.040495715515357 1 0 0 0 0 0 0 0 1 0 0 0 1 1 0 0 0 0 1
0.099759810365081 1 0 0 1 0 0 0 1 0 1 0 1 1 0 0 1 0 0 1
0.062551226809826 1 0 0 0 0 0 1 0 0 1 1 1 1 0 0 0 1 1 1
0.159280832968211 0 0 0 0 1 0 1 1 0 0 0 1 1 1 0 1 0 1 1
0.104151048759016 0 0 1 0 1 0 0 0 0 1 1 1 0 0 1 0 1 1 0
0.095437866530979 1 0 0 0 1 0 0 0 1 1 1 1 0 1 0 0 1 1 1
0.095339245331196 0 1 0 0 0 0 1 0 0 0 0 0 1 0 0 0 1 1 0
0.147910602690365 0 1 0 1 0 0 0 0 0 0 1 0 0 1 0 0 0 1 0
0.101959870163968 0 1 0 1 0 0 0 1 0 1 1 1 1 0 1 1 1 0 0
0.080087526923622 0 1 0 1 0 0 0 1 0 1 1 1 1 1 0 1 0 0 1
0.108021483815158 1 0 0 1 0 0 0 0 0 1 1 1 1 0 0 1 0 0 0
0.123110022155162 0 1 0 1 0 0 0 1 1 0 1 1 0 1 1 1 1 0 0
0.077414392413987 1 0 0 0 0 1 0 1 1 1 0 1 1 1 1 1 0 0 1
0.051355201916383 1 0 0 1 0 0 0 0 1 1 1 1 1 1 0 0 0 1 1
0.067800928137548 0 0 0 1 0 0 0 0 1 0 0 1 1 1 0 0 1 1 1
0.075991978368271 0 0 0 1 0 0 0 1 0 0 0 0 1 0 1 1 1 0 0
0.072713736023336 1 0 0 1 0 0 0 0 0 1 1 1 0 1 0 0 0 1 1
0.041573404245125 0 1 0 0 0 0 0 0 0 1 0 1 0 1 0 0 0 1 1
0.102341579519995 1 0 0 1 0 0 0 1 0 1 1 0 1 1 0 0 0 0 1
0.080492469616174 0 0 0 1 0 0 0 1 0 0 0 0 1 1 1 0 0 1 0
0.045800320969663 1 0 0 0 0 0 0 1 0 1 0 1 1 0 0 1 1 0 1
0.112450782630730 0 0 0 0 1 0 0 1 0 1 0 1 0 0 1 1 1 1 0
0.078430845724377 0 1 0 0 0 0 0 1 0 0 1 1 1 0 1 1 0 1 0
0.059940949930928 0 1 0 0 0 0 0 1 0 1 0 1 1 1 0 0 1 1 1
0.103815101675905 0 0 1 0 0 0 0 0 1 0 0 0 0 1 0 0 1 1 1
0.085993310927495 0 1 0 0 0 0 0 0 0 0 0 1 1 1 1 0 0 1 1
0.097795713576278 0 1 0 0 0 0 0 1 0 0 0 0 0 1 0 0 0 1 0
0.096428301932860 0 1 0 1 0 0 0 1 0 0 1 1 1 0 1 1 0 0 1
0.075590069210628 1 0 0 0 0 0 0 1 0 1 1 0 0 1 1 1 1 0 0
0.052533440680141 0 1 0 0 0 0 0 1 0 0 0 1 0 1 0 1 0 0 1
0.092540964816149 0 1 0 0 0 1 0 1 0 1 1 1 0 1 1 1 0 0 1
0.057845787537174 0 1 0 0 0 0 0 1 0 0 0 1 1 0 0 1 1 0 1
0.052392832794573 1 0 0 0 0 0 0 1 1 0 0 1 1 0 1 1 0 0 1
0.154011238347813 0 0 0 0 0 0 0 1 0 0 0 0 0 1 1 1 1 0 1
0.045764327845516 0 0 0 1 0 0 0 0 0 0 0 1 0 0 0 1 1 0 0
0.131528421490646 0 0 0 1 0 0 0 0 0 1 0 1 0 0 1 1 0 0 0
0.108603551696614 0 0 0 1 0 1 0 0 0 1 0 0 1 1 1 0 0 1 1
0.062651487038215 0 0 0 1 0 0 0 0 0 0 0 1 0 0 0 0 0 1 1
0.055284042279017 0 1 0 0 0 0 0 0 0 1 1 0 1 1 0 0 1 0 1
0.053945385884892 1 0 0 0 0 0 0 0 1 0 0 1 0 1 0 0 0 0 1
0.111396649786061 0 1 0 1 0 0 0 0 0 0 0 1 1 0 0 0 1 0 0
0.028522737462239 1 0 0 0 0 0 0 0 0 0 0 0 1 0 0 1 0 0 0
0.036936422947221 0 0 1 0 0 0 0 0 0 0 0 1 0 0 0 1 0 1 0
0.038188118069168 0 1 0 0 0 0 0 0 0 0 0 0 1 0 0 0 1 0 0
0.047898017127142 0 1 0 0 0 0 0 0 1 0 0 0 1 0 0 1 0 1 0
0.085845850406814 0 1 1 0 0 0 0 0 0 1 1 0 1 1 1 0 0 0 1
0.060637821111101 0 0 0 0 1 0 0 0 0 0 0 1 1 0 0 0 1 1 1
0.070715426731283 0 0 0 0 1 0 0 0 0 0 0 0 1 1 0 0 0 1 0
0.070882257545044 0 0 0 1 0 0 0 0 1 0 0 1 0 0 0 1 1 1 0
0.036258098443888 0 0 1 0 0 0 0 0 0 0 0 0 0 1 0 1 0 0 0
0.040132999027949 0 0 1 0 0 0 0 0 0 0 0 0 1 0 0 1 1 0 0
0.058625469569692 0 0 1 0 0 0 0 0 0 0 1 0 0 1 0 1 1 0 0
0.144894560417801 0 1 1 0 0 0 0 0 0 1 0 0 1 0 0 1 0 0 0
0.043740008190207 0 0 0 1 0 0 0 0 0 0 0 0 1 0 0 1 1 0 0
0.081653033509377 1 0 0 0 0 0 0 0 0 0 0 0 0 1 0 0 0 0 0
0.056807102518069 0 0 1 0 0 0 0 0 1 0 0 1 1 1 0 1 0 1 1
0.047469929652379 1 0 0 0 0 0 0 0 1 0 0 1 1 0 0 1 1 0 1
0.039197769620164 1 0 0 0 0 0 0 0 0 0 0 1 0 0 0 1 1 0 0
0.149575915514726 0 1 0 0 1 0 0 0 1 0 0 0 1 1 0 0 0 1 1
0.072099401022842 0 0 0 0 1 0 0 0 0 0 0 0 1 0 0 1 1 1 0
0.084325871870525 0 0 0 0 1 0 0 0 0 0 0 1 1 0 0 1 0 1 0
0.086678360527155 1 0 0 0 1 0 0 0 0 1 0 1 1 0 0 1 1 0 1
0.062001700342902 1 0 0 0 0 0 0 0 1 0 0 0 1 0 1 1 0 1 0
0.076457329359046 0 1 0 0 0 0 0 1 0 0 0 1 0 0 0 1 1 1 0
0.058638376176602 0 1 0 0 0 0 0 0 1 0 0 1 0 1 0 1 0 1 1
0.063743311534096 1 0 0 0 0 1 0 0 0 0 0 1 1 0 0 1 0 0 1
0.072427718933788 1 0 0 0 0 1 0 0 0 1 1 0 0 1 1 0 1 1 0
0.064751758525865 0 0 1 0 0 0 0 0 0 0 0 0 1 1 0 1 0 1 0
0.060015215925143 0 0 0 1 0 0 0 0 0 0 0 1 1 0 0 1 1 0 1
0.041750985714084 0 0 1 0 0 0 0 0 0 0 0 0 0 0 0 1 1 0 0
0.075266879765485 1 0 0 1 0 0 0 0 1 0 0 1 1 1 0 0 0 0 1
0.029665244937055 1 0 0 0 0 0 0 0 0 0 1 0 1 0 0 1 0 0 1
0.102450425652180 1 0 1 0 0 0 0 0 0 0 1 0 1 0 1 1 0 0 0
0.052339376082328 1 0 0 0 0 0 0 0 0 0 0 0 1 0 0 1 0 0 1
0.048326228335619 1 0 0 0 0 0 0 0 0 0 1 0 1 1 0 0 1 0 1
0.038278897636756 1 0 0 0 0 0 0 0 0 0 1 0 1 0 0 1 0 1 0
0.080647018076778 1 0 0 0 0 0 0 0 0 1 1 1 1 0 0 1 0 0 1
0.064034805977490 0 0 1 0 0 0 0 0 1 0 0 1 1 1 0 0 1 0 1
0.051229767279251 1 0 0 0 0 0 0 0 0 0 1 0 1 0 0 1 1 0 0
0.040225664029077 1 0 0 0 0 0 0 0 1 0 0 1 1 0 0 0 0 1 1
0.068340979862298 0 0 1 0 0 0 0 0 0 1 0 1 0 0 0 1 1 0 0
0.062564493062130 0 1 0 0 0 0 0 0 0 0 1 0 1 0 1 0 1 0 0
0.065047292552790 0 0 0 0 0 1 0 0 0 0 0 1 1 0 0 0 1 1 1
0.050938063170666 1 0 0 0 0 0 0 1 0 1 0 1 1 1 0 0 1 0 1
0.083624504119821 0 1 0 1 0 0 0 1 0 1 1 1 1 1 1 0 1 0 1
0.043839620145105 0 0 1 0 0 0 0 0 0 0 0 1 1 0 0 0 1 1 0
0.065894562117803 1 0 1 0 0 0 0 0 1 1 1 1 0 1 0 0 1 1 0
0.068848181454817 1 0 0 0 0 0 1 0 0 1 1 0 0 1 1 0 0 1 0
0.074713093065684 1 0 0 0 0 0 1 0 0 0 0 1 1 0 0 0 1 0 0
0.069897821620688 1 0 1 0 0 0 0 0 1 1 1 0 1 1 1 0 0 0 1
0.098683315247619 0 0 0 0 1 1 0 0 0 0 0 0 1 0 1 1 0 1 0
0.076364835562540 0 1 0 0 0 1 0 0 0 0 1 1 1 0 0 0 1 0 1
0.060180534365374 1 0 0 0 0 0 0 0 1 1 0 0 1 1 1 0 0 0 1
0.055375715661961 1 0 0 0 1 0 0 0 0 0 1 1 1 0 1 0 0 0 1
0.048995508402141 1 0 0 0 0 0 0 0 1 1 0 1 0 0 0 1 1 1 0
0.084707102419136 1 0 0 0 0 0 0 0 0 1 1 0 0 0 1 1 1 1 0
0.037780779040658 1 0 0 0 0 0 0 0 1 1 0 1 1 1 0 0 1 1 1
0.085362146733497 1 0 0 0 1 0 0 0 0 0 1 0 1 0 1 1 0 0 1
0.071469763919816 1 1 0 0 0 0 0 0 1 1 1 1 0 1 0 0 1 1 0
0.042261202869745 1 0 0 0 0 0 0 0 1 1 1 0 1 1 0 0 1 1 1
0.049792370541478 0 0 1 0 0 0 0 0 0 0 1 1 1 0 0 0 1 1 1
0.083137222557091 1 0 1 0 0 0 0 0 0 0 1 1 1 0 0 0 0 0 1
0.055365219010906 0 1 0 0 0 0 0 0 0 0 1 0 1 1 0 1 0 0 1
0.070110526531278 1 0 0 0 0 0 0 0 0 0 1 0 1 1 1 0 0 0 1
0.169977729106343 1 1 0 0 0 0 0 0 0 0 1 0 1 0 0 0 0 0 1
0.055978088393544 0 1 0 0 0 0 0 0 0 0 0 0 1 1 0 0 1 0 1
0.067596175544999 0 0 0 1 0 0 0 0 0 0 1 1 0 0 0 0 1 1 0
0.094614858073568 1 0 0 0 1 1 0 0 0 1 1 1 1 0 1 1 0 0 1
0.079770412960433 0 1 1 0 0 0 0 0 0 1 1 1 0 1 0 1 0 0 1
0.102968478065275 1 0 0 0 1 0 0 0 0 0 1 1 1 0 0 0 1 1 1
0.055489590621666 1 0 0 0 0 1 0 0 0 1 1 0 1 1 0 0 1 0 1
0.051934439559126 0 1 0 0 0 0 0 0 0 0 0 0 1 1 0 1 0 0 0
0.080656927379210 1 1 0 0 0 0 0 1 1 1 1 1 0 1 1 0 1 1 0
0.048144626195653 0 1 0 0 0 0 0 0 1 0 0 1 0 1 0 0 1 1 0
0.073256413951159 0 0 1 0 0 0 0 0 0 1 1 0 1 1 0 0 1 0 1
0.059155564568865 0 0 0 0 0 1 0 0 0 0 0 0 1 0 0 1 0 1 0
0.059808908213077 0 1 0 0 0 0 0 0 0 0 0 1 0 0 0 0 0 1 0
0.070305613088823 1 0 0 0 0 1 0 0 0 1 0 0 1 0 1 1 0 0 0
0.052190788520501 1 0 0 0 0 0 0 1 0 1 0 1 1 0 0 1 1 1 0
0.034515871007399 1 0 0 0 0 0 0 0 0 1 0 1 0 0 0 1 0 1 0
0.070258058481452 0 1 0 1 0 0 0 0 0 1 1 1 1 0 1 0 0 1 1
0.063002937478864 0 1 0 0 1 0 0 0 0 1 1 1 1 1 0 0 1 0 1
0.076425244071167 0 1 0 0 1 0 0 0 0 0 1 1 1 0 0 0 1 1 0
0.060506248513343 1 0 0 0 1 0 0 0 0 1 1 0 1 1 0 0 1 0 1
0.114456885480183 0 0 0 0 1 0 0 0 0 0 1 1 1 0 0 0 1 0 1
0.040278361010877 0 1 0 0 0 0 0 0 0 0 1 0 1 0 0 1 0 1 0
0.049616945523360 1 0 0 0 0 0 0 1 0 1 0 1 1 0 1 1 0 1 1
0.067926805817683 1 0 0 1 0 0 0 0 0 1 1 1 0 1 0 0 1 1 0
0.038127291459036 0 0 0 1 0 0 0 0 0 0 0 0 1 0 0 1 0 1 0
0.093450598362633 1 1 0 0 0 0 0 1 1 1 0 1 0 1 0 1 1 0 0
0.081691730744437 0 0 1 0 0 0 0 1 0 0 0 1 1 0 0 0 1 0 1
0.139414311780905 1 1 0 0 1 0 1 0 1 1 1 1 0 1 1 0 1 0 0
0.067460656373051 0 0 0 1 0 0 0 0 0 1 0 1 1 0 0 0 1 1 1
0.076652562416199 1 0 0 0 1 0 0 1 1 1 1 1 1 1 0 1 1 1 0
0.054007271399976 1 0 0 0 0 0 0 1 0 1 1 1 0 1 0 1 1 1 0
0.072129268529215 1 0 0 0 1 0 0 0 0 1 1 1 0 1 0 1 1 0 0
0.054662443895159 0 0 1 0 0 0 0 0 1 0 0 1 0 1 1 0 0 1 1
0.052729132957143 0 1 0 0 0 0 0 0 0 1 1 0 1 1 1 0 0 1 1
0.054336408614141 1 0 0 0 0 0 1 0 0 1 1 0 1 0 1 0 1 0 1
0.057997486276118 0 1 0 0 0 0 0 0 0 1 0 1 0 1 0 1 1 0 1
0.044680317712978 0 0 1 0 0 0 0 0 0 0 1 0 0 0 0 1 0 1 0
0.111522275085462 0 0 1 0 1 0 0 0 0 0 1 0 1 0 0 1 0 1 0
0.084047280646009 1 0 0 0 1 0 0 1 0 1 0 1 1 1 1 1 0 0 1
0.053461020827932 0 0 1 0 0 0 0 0 0 0 1 0 0 1 1 0 0 1 0
0.087827531774767 0 1 1 0 0 0 0 0 0 1 1 1 1 0 1 1 0 0 1
0.073712427802302 1 0 0 0 0 0 0 0 0 1 0 1 0 1 0 1 1 0 0
0.169198044776960 1 1 0 0 1 1 0 1 1 1 1 1 1 1 0 1 1 0 0
0.089172482142442 0 1 0 0 0 0 1 1 0 0 1 1 0 1 1 0 1 1 0
0.042361249236040 0 1 0 0 0 0 0 0 0 0 0 1 1 0 0 0 1 1 0
0.049226885810823 1 0 1 0 0 0 0 0 1 1 1 1 1 1 0 0 0 1 1
0.096380770978657 1 0 1 0 0 0 1 1 1 1 1 1 1 1 1 0 1 1 0
0.045658381577674 1 0 0 0 1 0 0 0 0 1 1 1 1 1 0 0 0 1 1
0.126020646524720 1 0 1 0 1 0 0 0 1 1 1 1 1 1 0 1 0 1 0
0.080467990005829 1 0 1 0 0 0 0 1 1 1 1 0 1 1 1 0 0 1 1
0.110855454074722 0 0 0 0 0 0 0 1 0 0 0 0 1 0 0 1 1 1 0
0.099968411670279 0 0 0 0 0 1 0 0 0 0 0 0 0 1 1 1 0 1 0
0.052284405852971 1 0 0 0 0 0 0 1 0 1 0 1 0 0 1 1 0 1 0
0.048182857295488 0 0 1 0 0 0 0 0 0 0 0 0 1 1 0 1 0 0 1
0.091870817887479 1 0 0 1 0 0 0 0 0 1 0 1 1 0 0 0 0 1 0
0.101231875303967 0 1 1 0 0 0 0 0 1 0 1 0 1 1 0 1 0 0 1
0.077797420779779 0 1 0 0 0 1 0 0 0 1 1 1 1 0 1 0 1 1 1
0.182108316810760 0 0 0 1 0 1 0 0 0 0 0 0 1 0 0 1 0 0 0
0.143060316321586 1 0 0 1 1 0 0 1 0 1 1 1 1 1 0 1 1 0 0
0.073826781520798 1 0 0 0 0 1 0 0 1 0 0 1 1 0 0 1 0 1 0
0.068581656009641 0 0 0 0 0 1 0 0 0 0 0 1 1 0 0 1 0 1 1
0.070533508360819 0 1 0 0 0 1 0 0 0 1 1 0 1 1 1 1 0 0 1
0.088159328118300 1 0 0 1 0 0 0 1 0 1 1 0 1 0 1 1 0 0 1
0.079720748848764 1 0 0 0 0 1 0 0 0 1 1 0 1 0 1 1 1 0 1
0.047223248625622 1 0 0 0 1 0 0 0 1 1 1 1 1 1 1 0 0 1 1
0.094649549585234 0 0 1 0 0 0 0 0 1 0 0 0 0 1 0 0 0 1 0
0.074724951022569 0 1 0 0 0 0 1 0 0 0 1 1 1 0 0 0 1 0 1
0.078291036944191 0 1 0 0 1 0 0 0 0 1 1 1 0 1 0 0 1 1 0
0.127876692225559 0 0 1 1 0 0 0 0 0 0 1 1 0 0 0 1 0 1 0
0.078187319829402 0 0 1 1 0 0 0 0 1 1 1 1 1 1 1 0 0 1 1
0.115656920291300 0 1 0 0 1 0 0 1 0 1 0 1 1 0 1 0 1 0 1
0.073350275687278 1 0 0 1 0 0 0 0 1 0 1 1 0 1 1 0 0 1 0
0.069973352802785 0 0 1 0 1 0 0 0 0 1 1 1 1 1 1 0 0 1 1
0.066366626992761 0 0 0 1 0 0 0 0 0 0 0 0 1 0 1 0 1 1 0
0.081726149207376 1 0 0 0 1 0 0 1 1 1 1 1 0 1 1 1 0 1 0
0.054644968662706 0 0 1 0 0 0 0 0 0 1 0 1 1 1 0 0 1 1 1
0.090189904725830 0 1 1 0 0 0 0 1 0 0 1 1 1 1 0 0 0 0 1
0.073799227223190 1 0 1 0 0 0 0 1 1 0 1 1 1 1 0 1 0 0 1
0.077535928614227 1 0 1 0 0 0 0 1 1 1 1 1 1 0 0 1 0 1 0
0.092418495002601 0 0 1 0 0 0 0 1 1 0 1 1 1 1 1 0 0 1 1
0.046844597573430 1 0 0 0 0 0 0 1 0 1 1 0 1 1 0 1 1 0 1
0.061071316082111 0 0 0 1 0 0 0 0 1 0 0 0 1 1 1 0 0 1 1
0.074113258394714 1 0 0 0 1 0 1 0 0 1 1 1 1 1 0 0 1 0 1
0.079710884010982 1 0 1 0 0 0 0 0 1 0 0 1 1 1 0 0 0 0 1
0.042140389003197 1 0 0 0 0 0 0 1 0 0 1 1 1 0 0 1 1 0 1
0.083730502940072 1 0 0 1 0 0 0 1 0 0 1 1 1 0 0 1 1 0 0
0.041581871702227 1 0 0 0 0 0 0 1 0 0 0 1 1 0 0 1 0 0 1
0.060048258806361 0 0 1 0 0 0 0 0 0 1 0 1 1 0 1 0 1 0 1
0.064872478622704 0 1 0 0 0 0 0 1 0 0 1 1 1 1 0 0 1 0 1
0.052701107113895 0 0 1 0 0 0 0 0 0 1 0 0 1 0 0 1 0 1 0
0.074358861834875 1 0 1 0 0 0 0 1 0 1 1 1 1 0 1 1 0 0 1
0.083553556086279 0 0 0 1 0 0 0 0 0 0 0 0 0 1 0 1 1 0 1
0.101709140725458 1 0 1 0 0 0 1 0 0 1 1 1 0 1 1 0 1 0 0
0.066339077097618 1 0 0 0 1 0 0 1 0 1 1 1 1 1 0 1 1 0 1
0.157460657103416 0 1 1 1 0 0 0 0 1 1 1 1 1 1 1 0 0 0 1
0.073488740729074 1 0 0 0 0 0 1 1 0 1 1 1 1 0 1 1 1 1 0
0.092290579193386 0 1 1 0 0 0 0 1 0 1 1 1 1 1 0 1 0 1 1
0.032036225201873 1 0 0 0 0 0 0 0 0 0 1 1 0 0 0 0 1 1 0
0.036287663486788 1 0 0 0 0 0 0 0 0 1 0 1 0 0 0 0 1 1 0
0.059560551126396 1 0 0 0 0 1 0 0 0 1 1 1 0 1 0 0 1 1 0
0.045180347026744 1 0 0 0 0 0 0 0 1 0 1 0 1 0 0 0 1 0 1
0.035295985650537 1 0 0 0 0 0 0 0 0 0 1 1 1 0 0 0 1 0 1
0.068776432509568 1 0 1 0 0 0 0 1 1 1 1 1 1 0 0 1 1 0 1
0.128627128112892 1 0 1 0 0 0 0 1 1 0 1 0 1 0 0 1 0 0 1
0.092284504574282 1 0 0 1 0 0 0 0 1 0 1 0 1 0 1 0 0 0 1
0.089565584647736 1 0 1 0 0 0 0 1 0 1 1 1 0 0 0 1 1 0 0
0.137522307942651 1 1 0 0 0 0 0 0 1 0 0 0 0 1 1 0 0 0 0
0.070736116953762 1 1 0 0 0 0 0 1 1 1 1 1 1 1 0 1 1 0 1
0.070040220887557 1 1 0 0 0 0 0 1 1 1 1 1 1 0 0 1 1 1 0
0.070424363289737 1 1 0 0 0 0 0 1 1 1 1 1 0 1 0 1 0 1 0
0.096505052221584 1 1 0 0 0 0 1 1 1 1 1 1 1 1 0 1 1 1 0
0.110145372750125 1 1 0 0 0 0 0 1 1 1 1 0 1 1 1 1 0 1 0
0.050007527392636 0 1 0 0 0 0 0 0 0 0 1 1 0 0 0 1 0 1 1
0.033616285268939 1 0 0 0 0 0 0 0 0 0 1 1 0 0 0 1 0 1 0
0.066417081706062 1 0 0 1 0 0 0 1 1 1 1 1 1 1 0 1 1 0 1
0.063118936210580 1 0 0 0 0 0 1 0 0 1 1 1 0 1 0 0 1 1 0
0.050096495522035 0 0 0 0 1 0 0 0 0 0 0 1 0 1 0 0 0 1 1
0.092684083485790 0 0 1 0 1 0 0 0 0 0 0 1 1 1 0 0 0 0 1
0.110418736839319 0 0 0 0 1 0 0 0 0 1 0 1 1 1 0 0 0 1 1
0.067912874246398 1 0 0 0 1 0 0 0 0 0 1 1 0 1 0 1 0 1 0
0.037923377562583 0 0 0 0 1 0 0 0 0 0 0 0 0 0 0 1 0 1 0
0.047424668851687 0 0 0 0 1 0 0 0 0 0 0 1 0 0 0 0 1 1 0
0.049996188728580 0 0 0 0 1 0 0 0 0 0 0 1 0 0 1 0 0 1 1
0.077780044183239 0 0 0 0 1 0 0 0 1 0 0 1 0 1 1 1 0 1 1
0.072298414613078 0 1 0 0 1 0 0 0 0 0 1 1 1 0 0 1 0 0 1
0.076959768757328 0 1 0 0 0 1 0 0 0 0 1 1 1 0 0 1 0 1 1
0.062573846099174 1 0 0 0 0 1 0 0 1 1 1 0 1 1 1 0 0 1 1
0.066071767229162 0 0 0 0 0 1 0 0 0 0 0 1 0 0 0 1 1 1 0
0.065403567291530 0 1 0 0 0 1 0 0 0 1 1 1 0 1 1 0 1 0 1
0.058308600772096 0 1 0 0 0 0 0 0 0 1 0 0 1 0 1 0 1 1 0
0.062920529738013 1 0 0 0 1 0 0 0 0 0 1 1 0 1 0 1 0 0 1
0.062624227939102 1 0 0 1 0 0 0 0 1 1 1 1 1 0 1 0 1 1 0
0.094311675842777 1 0 0 1 0 0 0 1 1 1 0 1 1 0 1 1 1 0 0
0.062114339522890 1 0 1 0 0 0 0 0 1 1 1 1 1 0 0 0 1 1 0
0.056756772219782 1 0 0 0 0 1 0 0 0 1 1 1 1 0 0 1 1 1 0
0.065680190955881 1 0 0 1 0 0 0 0 1 1 1 1 1 0 0 1 1 1 0
0.089515066012582 0 0 1 0 0 1 0 0 0 1 1 1 1 0 1 1 0 1 0
0.125148886887566 1 1 0 0 0 0 0 1 0 1 1 1 0 1 0 1 1 1 0
0.090247927925140 1 0 0 0 0 1 0 1 1 1 1 1 1 1 1 1 1 1 0
0.084222108575278 0 0 1 0 0 1 0 0 0 1 1 0 1 1 1 0 0 1 1
0.034010096774526 0 0 0 0 1 0 0 0 0 0 0 0 0 0 0 1 1 0 0
0.052985505927295 0 0 0 0 1 0 0 0 0 0 0 1 0 0 0 1 1 0 1
0.052425871622150 0 0 0 0 1 0 0 0 0 0 0 0 0 1 0 0 1 0 0
0.074222441576942 0 0 0 0 1 0 0 0 0 0 0 1 0 1 1 0 1 0 1
0.072234027370573 0 0 0 0 1 0 0 0 0 0 0 0 1 0 0 0 1 0 0
0.108631798948544 0 0 0 0 0 0 0 0 0 0 0 0 0 0 0 1 1 0 0
0.105646114663618 0 0 1 0 1 0 0 0 0 1 1 0 0 1 0 1 1 0 0
0.138796076695151 0 0 0 1 1 0 0 0 0 0 0 1 0 0 0 1 1 0 0
0.080199160268107 0 1 0 0 1 0 0 0 0 0 1 0 1 1 0 0 1 0 0
0.096014675546950 1 0 0 0 1 0 0 0 0 0 1 0 1 0 0 1 0 0 0
0.116725562213731 0 0 1 0 1 0 0 0 0 1 0 1 0 0 1 1 0 0 1
0.073470088599451 1 0 0 0 1 0 1 0 0 1 1 1 1 1 1 0 0 1 1
0.119888493366531 1 0 0 1 1 0 0 0 1 1 1 1 1 1 1 0 0 1 0
0.183933963577828 0 1 0 0 1 0 0 0 0 0 0 1 0 0 0 0 1 0 0
0.061805898123150 0 0 0 0 1 0 0 0 0 0 1 0 0 1 0 0 1 1 0
0.038493293495241 0 0 0 0 1 0 0 0 0 0 0 0 0 1 0 1 0 0 1
0.063186912418982 0 0 0 0 1 0 0 0 0 1 0 0 0 1 0 1 1 0 1
0.102235802069823 0 0 0 0 1 1 0 0 0 0 0 0 1 1 0 1 0 0 1
0.072032851603447 0 1 0 0 1 0 0 0 0 1 1 0 1 1 0 1 0 0 1
0.100416254627613 0 0 0 0 1 0 0 0 0 0 1 1 0 0 1 1 0 1 0
0.042102586222414 0 0 0 0 1 0 0 0 0 0 0 0 0 1 0 0 1 0 1
0.035703276745785 0 1 0 0 0 0 0 0 0 0 1 1 0 1 0 0 0 1 1
0.111776585320135 0 0 0 1 1 0 0 0 0 0 0 0 1 1 0 1 0 0 1
0.134227464184720 1 1 0 0 0 1 0 1 1 1 1 1 0 1 1 1 1 0 0
0.094768399060509 1 0 0 0 1 1 0 0 0 1 1 1 1 1 0 1 0 1 0
0.121412450288954 1 1 0 0 1 0 0 0 1 1 1 1 1 1 0 1 0 0 1
0.085552201911204 0 1 0 0 1 0 0 1 0 1 1 1 1 1 0 1 1 0 1
0.052310303592950 0 0 0 1 0 0 0 0 0 0 0 1 1 0 0 0 1 1 0
0.093534643643116 0 1 0 0 1 0 1 0 0 1 1 1 1 1 1 0 0 0 1
0.069390399869472 1 0 0 1 0 0 0 1 1 1 1 1 1 1 0 0 1 1 0
0.057753265630556 1 0 0 0 0 0 0 1 1 0 1 1 1 0 0 1 1 1 0
0.125802017354355 0 0 1 0 1 0 0 0 0 0 1 0 0 1 0 1 0 0 1
0.049706619559256 0 0 1 0 0 0 0 0 0 0 0 0 1 0 0 1 0 0 0
0.040798042762173 0 0 1 0 0 0 0 0 0 0 0 1 0 1 0 1 0 0 1
0.075142798055961 1 0 0 0 0 0 0 1 1 1 1 1 1 1 0 0 1 1 1
0.092147336667721 1 0 1 0 0 0 0 1 1 1 1 1 1 1 0 1 1 0 0
0.095319804908709 0 0 0 0 1 0 1 0 0 0 0 0 0 1 0 1 1 0 0
0.073222320227040 1 0 0 1 0 0 0 1 1 1 1 1 1 0 1 1 0 1 0
0.059204494136521 0 1 0 0 0 0 0 0 1 0 1 0 1 1 0 0 1 1 0
0.057355112647206 0 0 1 0 0 0 0 0 0 0 1 1 0 0 0 1 1 1 0
0.034486261138647 1 0 0 0 0 0 0 0 0 0 0 0 0 0 1 1 0 0 0
0.093861186274655 0 0 1 0 0 0 1 0 0 1 1 1 1 0 1 0 1 1 1
0.068922401839297 1 0 0 0 0 0 1 1 0 1 1 0 1 1 1 0 1 0 1
0.090527391106547 0 1 0 1 0 0 0 0 1 0 1 1 1 0 1 0 1 1 0
0.060755669248134 1 0 0 0 1 0 0 0 0 1 1 1 0 0 1 1 0 0 1
0.037097944582034 0 1 0 0 0 0 0 0 0 1 0 0 0 1 1 0 0 0 1
0.057816933388742 0 1 0 0 0 0 0 1 0 1 0 0 1 1 1 0 1 0 1
0.051914426956194 1 0 0 0 0 0 0 1 1 0 0 1 1 1 0 1 1 0 1
0.076931752691558 0 1 0 0 0 0 1 0 0 1 0 0 0 1 1 0 1 0 0
0.070801651166050 0 1 0 0 0 0 0 0 1 0 1 1 0 1 0 1 0 0 1
0.044607610304339 1 0 0 0 0 0 0 0 1 1 1 0 0 1 1 0 0 1 1
0.083805938876119 1 1 0 0 0 0 0 1 1 1 0 1 1 0 1 1 0 0 1
0.052075106211372 0 0 0 0 1 0 0 0 0 0 0 0 0 0 1 0 1 1 0
0.040890835899624 0 0 0 0 1 0 0 0 0 0 0 0 0 1 1 0 0 0 1
0.078542859281509 0 1 0 0 1 0 0 0 0 1 1 0 1 1 1 0 1 0 1
0.071620282117458 0 0 1 0 0 0 1 0 0 0 0 0 0 1 1 1 0 0 0
0.044788164519935 0 0 1 0 0 0 0 0 0 0 0 1 0 1 1 0 0 0 1
0.058795249331641 0 1 0 0 0 0 1 0 0 0 0 1 0 1 1 0 0 0 1
0.072182606306095 0 1 0 1 0 0 0 0 1 1 1 1 1 1 0 1 1 0 1
0.045943266135666 0 1 0 0 0 0 0 0 0 1 0 1 0 0 1 0 0 1 1
0.113433117099510 0 0 1 0 0 1 0 0 0 0 0 0 1 0 0 1 0 1 0
0.082756571431021 1 0 0 1 0 0 0 0 1 1 0 1 1 0 1 0 0 1 1
0.099290872856744 1 0 1 0 0 0 0 0 1 1 1 0 0 0 1 0 1 0 0
0.125618005735642 1 1 0 0 1 0 0 1 1 1 1 1 1 0 1 1 0 1 0
0.077253564221339 0 1 0 0 0 0 0 1 1 1 0 1 1 1 0 1 1 1 0
0.101812094568597 0 0 0 1 1 0 0 0 0 0 1 1 1 0 1 0 0 1 1
0.149961405627468 1 0 0 0 1 1 1 0 1 1 1 1 1 1 1 0 1 1 0
0.081371941263249 1 0 0 0 1 0 0 0 0 1 1 1 0 0 0 1 1 1 0
0.056902336095161 0 0 1 0 0 0 0 0 0 1 1 0 0 1 1 0 1 0 1
0.067100561416856 0 1 0 0 0 0 0 0 0 0 1 1 0 1 0 1 0 1 0
0.052351882482114 1 0 0 0 0 1 0 0 0 1 0 1 1 1 0 0 0 1 1
0.027406533112068 1 0 0 0 0 0 0 0 0 0 1 1 1 0 0 0 0 1 1
0.094419786349746 0 0 0 0 1 0 1 0 0 0 0 1 1 0 1 0 1 0 1
0.125129688829391 0 1 1 0 0 0 0 0 1 1 1 0 0 1 1 0 0 1 1
0.044171902396110 0 0 1 0 0 0 0 0 0 0 1 0 1 0 0 0 1 1 0
0.047409914892653 1 0 0 0 0 0 1 0 0 0 0 1 1 0 1 0 0 0 1
0.081851785761139 1 0 0 0 0 1 0 1 0 0 1 1 1 0 0 1 0 1 0
0.117930913898544 0 1 0 1 0 0 1 0 1 0 1 1 1 1 0 1 1 0 0
0.107616345660801 0 0 0 1 0 1 0 0 0 0 0 1 0 1 1 0 0 1 1
0.123431874419388 0 0 0 1 0 0 0 0 0 0 0 1 1 0 1 1 1 0 0
0.111468740829205 1 0 0 1 0 1 0 0 0 1 1 1 1 1 1 0 0 1 0
0.058155263357007 0 0 0 1 0 0 0 0 0 0 0 0 0 0 0 0 1 1 0
0.070220948518485 0 1 0 1 0 0 0 0 0 1 1 1 1 0 1 0 1 0 1
0.050497479555741 1 0 0 0 0 1 0 0 0 1 0 1 1 1 0 0 1 0 1
0.081851842313321 1 0 0 1 0 0 0 1 1 1 1 0 1 1 1 0 1 0 1
0.067218088132650 0 0 0 0 1 0 0 0 1 0 0 0 0 1 1 0 1 0 1
0.075066102766475 0 0 1 0 0 1 0 0 0 1 1 1 1 1 1 1 0 1 1
0.054274901061616 1 0 0 0 0 1 0 0 0 0 1 1 1 0 0 0 1 1 0
0.098439586872763 1 0 0 1 0 0 0 0 0 1 1 0 1 0 0 0 1 0 1
0.168572432911439 1 1 0 1 0 0 0 1 1 1 1 1 1 1 0 1 1 0 0
0.073184731289347 1 1 0 0 0 0 0 0 1 1 1 1 0 1 1 0 0 1 1
0.063072101255673 0 0 0 1 0 0 0 0 0 1 0 1 0 0 0 1 1 1 0
0.058943628568044 1 0 0 0 0 0 0 0 0 0 0 1 0 1 0 0 0 1 1
0.146781901623633 1 0 1 1 0 0 0 1 1 1 1 1 1 1 1 0 0 1 0
0.079110707085004 1 0 0 0 1 0 0 0 1 0 0 1 0 1 1 0 0 0 1
0.079506158325057 0 0 0 1 0 0 0 1 0 0 0 0 1 1 0 1 1 0 0
0.155646374417933 1 1 1 0 0 0 0 1 1 1 1 1 0 1 0 1 0 1 0
0.088698356942761 0 0 1 0 0 0 0 0 0 1 1 1 0 0 1 1 0 1 0
0.093244933972900 0 0 1 1 0 0 0 0 1 1 1 1 1 0 1 0 1 1 0
0.086020039979199 0 0 1 0 0 1 0 0 0 1 1 1 1 0 1 0 1 1 0
0.107457048601479 0 1 0 0 1 0 1 0 0 1 1 1 1 1 1 0 1 1 0
0.090351668617800 0 0 1 0 0 0 0 1 0 0 0 1 0 0 0 1 0 1 0
0.100850648705521 0 0 0 1 0 0 0 1 0 1 1 0 1 0 1 1 1 1 0
0.085764965122980 0 1 1 0 0 0 0 1 0 1 1 1 1 0 1 0 1 0 1
0.073365783248561 0 0 0 0 1 0 0 1 0 0 0 0 0 1 1 1 0 0 1
0.154636245403871 0 0 0 0 1 1 0 0 0 0 0 1 0 0 0 1 0 1 0
0.047076931199132 0 0 0 0 1 0 0 0 0 0 0 0 0 0 1 1 0 0 0
0.063887359623914 0 0 0 0 1 0 0 0 0 1 0 0 0 0 1 1 0 1 0
0.133326573023571 0 0 0 0 0 1 0 1 0 1 0 1 1 0 1 1 1 1 1
0.073448095473644 0 1 0 0 1 0 0 0 0 0 1 1 1 1 0 0 0 0 1
0.055913729849150 0 0 1 0 0 0 0 0 1 0 0 0 0 1 1 1 0 0 1
0.051290151618382 1 0 0 0 0 1 0 0 0 0 1 1 1 0 1 0 0 1 1
0.110127806491662 1 0 1 0 0 1 0 0 1 1 1 1 1 1 1 0 0 1 0
0.073793813790136 1 1 0 0 0 0 0 1 1 1 0 1 1 1 0 0 1 0 1
0.043521306891598 0 0 1 0 0 0 0 0 0 0 0 1 0 0 0 0 1 1 0
0.028143387614483 1 0 0 0 0 0 0 0 0 0 1 1 0 0 0 1 0 0 1
0.040078323039645 1 0 0 0 0 0 0 0 1 0 1 1 0 0 0 1 1 0 1
0.065014527440040 1 0 0 0 0 1 0 0 0 0 1 1 0 0 0 1 1 0 0
0.070861250397670 1 0 0 0 0 1 0 0 1 0 1 1 0 1 0 1 1 0 1
0.073870156584586 1 0 1 0 0 0 0 0 1 0 1 1 0 1 1 0 0 0 1
0.038353586930972 1 0 0 0 0 0 0 0 1 0 1 1 0 1 0 1 0 1 1
0.039323777347642 1 0 0 0 0 0 0 0 1 0 1 1 0 0 1 0 0 1 1
0.131474092270160 1 0 0 1 0 0 1 1 1 1 1 0 1 1 1 1 1 0 0
0.066093711690190 0 0 0 1 0 0 0 0 1 0 0 0 1 1 0 0 1 0 1
0.049878115224576 0 0 0 1 0 0 0 0 0 0 0 1 0 0 0 0 1 0 1
0.070552415693296 0 1 0 0 0 1 0 0 1 0 1 1 1 1 0 1 1 0 1
0.034560963897548 0 1 0 0 0 0 0 0 0 0 0 1 1 0 0 1 0 0 1
0.076205978157528 0 1 0 0 0 0 0 1 0 1 0 1 1 1 0 1 0 0 1
0.033637021775158 0 1 0 0 0 0 0 0 0 0 0 1 0 0 1 0 0 0 1
0.119904458261015 0 1 1 0 0 0 0 0 0 0 1 1 0 0 1 0 0 0 1
0.042895747378214 0 1 0 0 0 0 0 0 0 1 0 1 0 0 1 1 0 0 1
0.042222942625504 0 0 0 0 1 0 0 0 0 0 0 0 0 0 1 1 0 0 1
0.065566179974845 1 0 1 0 0 0 0 1 1 1 1 1 1 1 1 0 1 0 1
0.035804799284953 1 0 0 0 0 0 0 0 1 0 1 1 1 0 0 1 0 1 1
0.055722296023159 1 0 0 0 1 0 0 0 1 0 1 1 1 1 0 0 0 1 1
0.070274270036965 1 0 0 0 0 0 1 0 1 0 1 1 0 0 1 0 1 1 0
0.063806824869690 0 1 0 0 0 0 0 0 0 1 1 0 0 1 1 0 1 1 0
0.062730737367552 0 0 0 0 1 0 0 0 0 1 0 0 0 0 1 0 1 0 1
0.136829309663914 0 0 0 0 1 1 0 0 0 1 0 0 0 1 1 0 1 0 1
0.104202036649165 0 0 0 1 0 1 0 0 1 0 1 1 1 1 1 1 0 1 1
0.089233099059608 0 1 0 0 1 0 0 0 0 1 0 0 1 0 1 1 0 0 0
0.043047697430767 0 0 1 0 0 0 0 0 0 0 1 0 1 1 0 0 0 1 1
0.075207322057127 0 0 1 0 0 1 0 0 0 0 1 1 1 1 0 0 0 1 1
0.113486947555252 0 1 1 0 0 0 0 1 1 1 1 1 1 0 1 1 1 1 0
0.135119912688711 0 1 0 1 1 0 0 0 0 1 1 1 1 1 0 1 0 0 1
0.063492661413003 1 0 0 0 0 0 0 0 0 0 0 1 0 0 1 1 0 0 1
0.047990036044711 0 1 0 0 0 0 0 0 0 1 0 0 1 0 1 1 0 0 1
0.064453582871534 0 1 0 0 0 0 1 0 0 0 0 0 1 0 1 1 0 0 0
0.064044851979912 1 0 0 0 0 1 0 1 0 0 1 1 1 1 0 1 0 0 1
0.043924447351585 1 0 0 0 0 1 0 0 0 1 1 1 1 1 0 1 0 1 1
0.088972012012762 1 1 0 0 0 0 0 1 1 1 0 1 1 1 0 1 0 1 0
0.053247260646211 1 0 0 0 0 0 1 0 0 0 0 0 1 0 1 1 0 0 0
0.122031904749847 1 0 0 0 1 0 1 0 0 1 1 0 0 1 1 1 1 0 0
0.071313943272259 0 1 0 0 0 1 0 0 0 0 1 1 0 1 0 0 1 1 0
0.078605799156880 1 0 0 0 1 0 0 0 1 1 1 0 1 0 1 0 1 0 1
0.043302057897347 0 1 0 0 0 0 0 0 0 0 0 0 1 0 0 1 1 0 0
0.067544228345479 0 1 0 0 0 1 0 0 0 0 1 1 0 1 0 1 0 0 1
0.051674688201082 1 0 0 0 0 0 0 1 0 1 1 0 1 0 1 0 1 0 1
0.052054614727755 0 1 0 0 0 0 0 0 1 1 0 1 1 1 0 0 1 1 1
0.064111839845788 0 1 0 0 0 0 1 0 0 1 0 1 1 0 1 0 1 0 1
0.080871186420090 0 0 0 1 0 0 1 0 0 0 0 1 1 1 0 0 1 0 1
0.061728853513180 1 0 0 0 0 1 0 0 1 0 1 1 1 1 0 1 0 0 1
0.072370016759770 1 0 1 0 0 0 0 1 0 1 1 1 1 0 0 0 1 1 0
0.080092746452030 0 0 1 0 1 0 0 0 0 0 1 1 1 1 0 0 1 1 0
0.087955894272437 0 1 0 0 1 0 0 1 0 0 1 1 1 1 0 0 1 1 0
0.115177569442205 0 0 1 0 1 0 1 0 0 0 1 1 1 1 1 0 0 1 0
0.078792437662622 0 1 0 0 1 0 0 0 1 1 1 1 1 1 0 1 1 1 0
0.118356672298644 0 0 1 0 1 0 0 0 0 0 1 1 0 1 0 0 0 1 0
0.072671962150751 1 0 0 0 1 0 0 1 0 1 1 1 1 0 1 1 0 1 0
0.055050631932870 1 0 0 0 0 0 1 0 1 0 0 1 1 1 0 0 1 0 1
0.041150444537869 1 0 0 0 0 0 0 0 1 1 1 1 1 0 1 0 1 1 1
0.115442083355802 0 1 0 1 0 0 1 0 0 0 1 1 1 0 1 0 0 0 1
0.099818128634074 0 1 0 0 1 0 0 0 0 1 1 0 1 0 1 0 0 0 1
0.104085095017065 0 0 1 0 1 0 0 1 0 1 1 1 1 1 1 0 1 1 0
0.053936473984111 0 1 0 0 0 0 0 0 0 1 0 1 0 0 0 0 1 0 1
0.054760632641655 0 1 0 0 0 0 0 0 1 1 0 0 0 1 1 0 1 0 1
0.072728067739209 1 0 0 0 1 0 0 0 1 0 1 1 1 0 1 1 0 1 0
0.048765259772134 1 0 0 0 0 0 0 1 0 0 1 1 0 1 0 1 0 0 1
0.068193196795576 1 0 0 0 0 0 0 1 1 0 1 1 0 1 1 1 0 1 0
0.043401245884636 0 0 0 0 1 0 0 0 0 0 0 0 0 1 0 0 1 1 0
0.074879091778659 0 1 1 0 0 0 0 0 0 1 1 1 1 1 0 0 1 0 1
0.116308534736129 1 0 1 0 1 0 0 0 1 1 1 1 1 1 1 0 0 0 1
0.073841572538612 1 0 0 1 0 0 0 1 0 1 1 1 1 0 1 0 1 1 0
0.041173513133292 0 0 0 1 0 0 0 0 0 0 0 0 0 1 0 1 0 1 0
0.050483602473359 0 0 0 1 0 0 0 0 0 0 0 0 1 1 0 1 0 0 1
0.072737158973840 1 1 0 0 0 0 0 0 1 1 1 1 0 0 1 0 1 0 1
0.077120068835912 0 1 0 0 0 0 1 0 1 0 0 0 1 1 1 0 0 1 0
0.072771819096207 0 0 1 0 0 0 0 0 1 1 1 1 1 1 1 0 1 1 1
0.157429375498507 0 0 1 1 1 0 0 0 0 1 1 1 1 1 1 0 0 1 0
0.070296796499677 1 0 0 0 0 1 0 1 0 1 1 0 1 1 1 1 0 0 1
0.101929016803285 0 0 1 1 0 0 0 0 0 0 1 1 1 0 1 0 0 1 1
0.041924831832574 0 1 0 0 0 0 0 0 0 0 0 0 1 0 0 1 0 1 0
0.140646608173649 0 0 0 0 0 1 1 0 0 0 0 1 1 0 0 0 1 1 0
0.095777555049788 0 0 1 0 0 0 1 1 0 0 0 1 1 1 1 0 1 0 1
0.075736700759487 1 0 0 0 0 1 0 0 1 0 1 1 0 0 1 0 1 1 0
0.087322850847965 1 1 0 0 0 1 0 0 1 1 1 1 1 1 0 0 1 0 1
0.085191604732936 0 0 0 0 1 0 1 0 0 0 0 0 0 1 1 1 0 0 1
0.083544765499830 0 1 0 0 1 0 0 0 0 1 1 1 1 1 1 1 0 0 1
0.055853657408723 0 1 0 0 0 0 1 0 0 0 1 1 1 1 0 0 0 1 1
0.043618903245911 1 0 0 0 0 1 0 0 0 0 1 1 1 1 0 0 0 1 1
0.036555906971785 1 0 0 0 0 0 0 0 0 1 1 0 0 0 1 0 1 0 1
0.076142851429387 1 0 0 0 0 0 1 1 0 1 0 1 0 1 1 1 0 1 0
0.046872438222911 1 0 0 0 0 1 0 0 0 1 1 1 1 1 0 0 1 1 1
0.097741354225499 0 1 0 0 1 0 1 0 0 0 1 1 1 1 0 1 0 0 1
0.062550717260415 0 1 0 0 0 0 0 1 0 0 0 1 1 0 1 0 0 0 1
0.041844982390851 1 0 0 0 0 0 1 0 0 0 1 1 1 0 1 0 0 1 1
0.041532185653192 1 0 0 0 0 0 0 0 1 1 0 0 1 0 1 0 1 0 1
0.051424536503673 0 1 0 0 0 0 0 0 1 0 0 1 1 0 0 0 1 0 1
0.086846628381058 1 1 0 0 0 0 0 0 1 1 0 1 1 0 0 0 1 0 1
0.047518552886966 0 1 0 0 0 0 0 0 1 0 0 0 1 0 1 1 0 0 1
0.058300200905949 0 1 0 0 0 0 0 0 1 1 1 0 1 0 1 1 1 0 1
0.061786375361408 0 1 0 0 0 0 1 0 0 1 1 0 1 1 1 0 1 0 1
0.045892607807740 1 0 0 0 0 0 1 0 0 1 0 1 1 1 1 0 0 1 1
0.206272211425839 0 0 0 1 1 0 0 1 0 1 0 0 1 0 1 1 1 0 1
0.156287329305663 1 0 0 1 1 0 0 0 0 1 1 1 1 1 0 1 0 1 1
0.061411080170880 1 0 0 1 0 0 0 0 1 1 1 1 0 1 1 0 1 0 1
0.076281633963122 1 0 0 0 1 0 0 1 1 0 1 1 1 1 1 1 0 0 1
0.115219124312422 0 0 0 1 1 0 0 0 1 0 0 1 1 1 1 0 0 1 1
0.100254432656780 1 0 0 0 1 1 0 0 0 0 1 1 1 1 0 0 0 0 1
0.058795488241086 1 0 0 0 0 0 1 0 1 0 1 1 0 1 1 0 0 1 1
0.072081812617829 0 0 0 1 0 0 1 0 0 0 0 1 1 1 1 0 0 1 1
0.066487023105928 1 0 0 0 0 1 0 0 0 0 1 0 1 0 0 1 0 1 0
0.050151373748366 1 0 0 0 0 1 0 0 0 1 1 1 0 1 1 0 0 1 1
0.103522502637476 1 0 1 0 0 1 0 1 0 1 1 1 1 1 1 0 0 0 1
0.049656112107773 1 0 0 0 1 0 0 0 0 1 1 1 1 0 1 0 0 1 1
0.084328085735356 0 1 0 0 0 1 0 0 1 0 1 1 1 0 0 1 1 1 0
0.065737848811964 0 0 0 1 0 0 0 0 1 0 0 0 1 1 0 1 0 1 1
0.075120163233034 0 0 1 0 0 0 0 1 0 0 1 0 1 1 0 1 0 0 1
0.111923508729692 0 0 1 1 0 0 0 0 1 0 1 0 1 1 1 1 0 0 1
0.120078189377005 0 0 0 1 0 0 1 1 0 0 0 0 1 1 1 1 0 0 1
0.062690680391189 1 0 0 0 1 0 0 0 0 1 1 1 1 1 0 0 1 1 0
0.106435080736838 1 0 0 0 0 1 1 0 1 0 1 1 0 1 1 1 1 0 0
0.071312011955764 1 0 0 0 0 1 0 0 1 0 0 1 1 0 0 1 1 0 0
0.082247077122165 1 0 0 1 0 0 1 0 0 1 1 1 1 1 1 0 0 1 1
0.083775861620245 0 0 1 0 0 1 0 0 0 1 1 1 0 1 1 0 1 0 1
0.064773005609683 1 0 0 1 0 0 0 0 1 1 0 1 1 1 0 0 1 0 1
0.080639217251128 0 0 1 0 0 0 0 1 0 1 1 0 1 1 1 0 1 1 1
0.068129247266717 1 0 0 0 0 1 1 0 0 1 1 1 1 1 1 0 0 1 1
0.055432934888338 1 0 0 0 1 0 0 0 1 0 1 1 1 1 0 0 1 0 1
0.070630975154862 0 1 0 0 0 0 0 1 0 1 0 0 1 0 1 1 1 0 0
0.062125013796433 1 0 1 0 0 0 0 0 1 1 1 1 0 1 0 1 0 0 1
0.041721687476458 1 0 0 0 0 0 0 0 0 1 0 1 0 0 1 0 0 1 1
0.110607132192714 1 1 0 0 1 0 0 1 1 1 1 1 1 1 0 0 1 1 0
0.086403208919763 1 0 0 1 0 0 0 1 1 1 1 1 0 1 0 1 1 0 0
0.050331492705158 0 1 0 0 0 0 0 0 1 0 1 1 1 0 0 1 0 1 1
0.068557742788544 0 1 0 0 0 0 1 0 0 0 0 0 1 1 0 0 1 0 0
0.071902473384156 0 0 0 0 1 0 0 0 1 0 0 0 0 0 1 1 1 0 0
0.030541095877940 1 0 0 0 0 0 0 0 0 0 0 0 1 0 1 0 0 0 0
0.039735727886256 1 0 0 0 0 0 0 1 0 0 1 1 1 0 0 1 0 1 1
0.080954312444225 1 0 0 1 0 0 0 1 0 1 1 0 1 1 0 1 0 1 0
0.056519746478808 1 0 0 0 0 1 0 0 1 0 1 1 1 0 1 0 1 0 1
0.115854601656612 1 0 1 0 0 1 0 1 1 1 1 1 1 0 1 1 1 0 0
0.076892133593170 0 0 1 0 0 0 1 0 0 1 0 1 0 1 1 1 0 0 1
0.098900545470457 0 1 1 0 0 0 1 0 0 1 1 1 1 1 1 0 0 0 1
0.072984427265992 0 0 1 0 0 0 1 0 0 0 1 1 0 1 1 0 0 1 1
0.098779212760260 1 0 0 1 0 1 0 0 1 1 1 1 1 1 1 0 1 0 1
0.087717657110627 0 0 1 0 1 0 0 0 0 0 1 1 1 0 1 0 1 1 0
0.035990555372243 1 0 0 0 0 0 0 0 1 0 0 1 1 0 0 0 1 0 1
0.077656213189624 1 0 0 1 0 0 0 0 0 0 1 1 0 0 1 0 1 0 0
0.094795634310092 0 1 0 0 0 1 0 0 1 1 0 1 1 0 1 1 1 0 1
0.059340052513166 0 1 0 0 0 0 0 0 1 0 0 0 1 1 0 0 0 0 1
0.055198395907272 1 0 0 0 0 0 0 1 1 0 1 0 1 1 0 1 0 1 1
0.111857736507069 0 0 1 0 1 0 0 0 0 1 0 1 1 0 0 0 1 1 0
0.093064577423140 1 1 0 0 0 0 1 0 1 1 1 1 1 1 1 0 1 0 1
0.071508882726967 1 0 0 0 0 1 0 0 1 0 1 1 0 0 1 1 0 0 1
0.074566985130332 1 0 0 1 0 0 0 1 1 0 1 1 1 1 1 0 0 1 1
0.066708088702254 1 0 0 0 1 0 0 1 0 0 1 1 1 1 0 0 1 0 1
0.124290068963774 1 0 0 0 1 0 1 1 1 0 1 1 1 1 1 0 1 1 0
0.061170973434238 0 0 1 0 0 0 0 0 1 0 0 0 1 0 0 1 0 1 0
0.048338555852804 0 1 0 0 0 0 0 0 0 0 0 0 1 0 1 1 0 0 0
0.064376680695464 1 0 1 0 0 0 0 0 1 1 1 1 0 1 1 0 0 1 1
0.046541985530930 0 0 1 0 0 0 0 0 0 1 0 0 0 1 0 1 0 0 1
0.075965496535890 0 0 1 0 0 0 0 1 0 1 0 1 0 1 1 1 0 0 1
0.083720568081162 0 0 1 0 0 0 1 0 1 0 0 1 1 1 1 0 0 1 1
0.055120586606222 0 0 0 1 0 0 0 0 0 0 0 1 0 0 1 0 1 1 0
0.042207097673542 0 0 0 1 0 0 0 0 0 0 0 1 0 0 0 1 0 1 0
0.083817817229681 0 1 1 0 0 0 0 1 0 1 1 1 1 1 1 0 0 1 1
0.070865668581438 0 0 0 0 1 0 0 0 0 1 0 0 0 1 1 1 0 0 1
0.111789041016082 0 1 0 1 0 0 0 1 0 0 1 1 1 0 0 0 1 1 0
0.040168825782755 1 0 0 0 0 0 1 0 0 0 1 1 1 1 0 0 0 1 1
0.053676488797847 1 0 0 0 0 0 1 0 0 0 1 1 1 0 0 1 0 0 1
0.133931594916345 1 1 0 0 0 1 1 0 1 1 1 0 1 1 1 0 1 0 0
0.047915224292611 1 0 0 0 0 0 1 0 0 1 0 1 1 1 0 0 1 0 1
0.060439892900852 1 0 0 0 0 0 1 1 0 0 1 1 1 1 0 1 0 1 1
0.062531575086221 1 0 0 0 0 1 0 0 1 1 1 1 0 1 1 0 1 0 1
0.042095181397156 0 0 0 0 1 0 0 0 0 0 0 0 1 0 0 1 0 0 1
0.089758520462444 0 0 0 0 1 0 0 1 0 0 0 0 1 1 0 0 1 0 1
0.058727166686013 0 0 1 0 0 0 0 0 1 0 1 0 1 1 0 1 0 1 1
0.095359236824795 0 0 0 0 0 1 0 1 0 0 0 0 1 0 1 1 0 1 0
0.170401470554879 1 0 1 0 1 0 1 1 0 1 1 1 1 1 1 0 1 0 0
0.047629564317433 0 0 0 0 1 0 0 0 0 0 0 0 0 0 0 1 0 0 1
0.080920192426720 0 0 1 0 0 0 0 1 1 0 0 0 1 1 1 0 1 0 1
0.056044066148071 0 1 0 0 0 0 0 0 0 1 0 1 0 1 1 0 0 0 1
0.058557007934031 0 1 0 0 0 0 0 1 0 0 1 1 0 0 1 1 0 0 1
0.058074432920120 0 1 0 0 0 0 0 0 0 1 0 0 0 0 1 0 1 0 1
0.131214305970982 0 0 1 1 0 0 1 0 0 1 1 1 1 1 1 0 1 1 0
0.070091574808207 1 0 0 1 0 0 0 0 1 1 1 1 1 1 1 0 1 1 1
0.051541388217998 1 0 0 0 0 0 0 0 0 1 0 0 0 1 1 0 1 0 0
0.066268321555449 1 0 0 0 1 0 0 1 0 0 1 1 1 1 0 1 0 0 1
0.068498758981564 0 1 0 1 0 0 0 0 1 1 1 1 1 1 0 1 0 1 1
0.077288078811169 0 0 0 0 1 0 0 0 1 0 0 0 1 0 1 1 0 0 1
0.104878258988026 0 1 1 0 0 0 0 1 0 1 0 1 1 1 0 0 1 0 1
0.052639670195024 1 0 0 0 0 1 0 0 0 1 1 1 1 0 1 1 0 1 1
0.075329292727046 1 0 0 1 0 0 0 0 0 0 1 1 1 0 0 0 0 1 0
0.033536052341090 1 0 0 0 0 0 0 0 0 1 1 0 0 1 0 0 1 0 1
0.069774323670798 1 0 0 0 1 0 0 0 1 0 1 1 0 1 1 0 0 1 0
0.045327606820485 1 0 0 0 0 0 1 0 0 1 1 0 1 1 1 0 0 1 1
0.040269740930098 0 0 1 0 0 0 0 0 0 0 1 0 0 1 0 1 0 0 1
0.087207694105936 0 1 0 0 0 0 0 1 1 0 0 1 0 0 1 1 0 0 1
0.086021684544998 1 1 0 0 0 0 0 1 0 1 1 1 0 0 1 1 0 0 1
0.091108505624957 0 1 0 1 0 0 0 0 0 1 0 0 1 1 1 0 0 0 1
0.057167652636158 1 0 0 0 0 1 0 1 0 1 1 1 1 1 1 0 0 1 1
0.117123444169633 1 0 0 1 0 1 0 1 0 0 1 1 1 1 1 0 0 0 1
0.062875784865457 0 1 0 0 0 0 1 0 0 0 1 1 0 0 1 1 0 0 1
0.090353507609124 1 0 1 0 0 0 0 1 1 0 1 1 1 0 1 0 1 1 0
0.045606957930419 1 0 0 0 0 0 0 0 1 0 1 0 0 1 1 0 1 0 1
0.035619310320543 0 1 0 0 0 0 0 0 0 0 1 0 0 1 1 0 0 0 1
0.077084851550688 0 1 0 0 0 1 0 0 1 0 0 1 1 1 0 1 0 1 0
0.130182702272777 1 1 0 0 1 0 0 1 1 1 1 1 1 1 1 0 1 0 1
0.102917827447167 1 1 0 0 0 0 0 0 1 1 1 0 0 0 1 1 0 0 1
0.047466895357280 0 1 0 0 0 0 0 0 0 0 1 1 0 0 0 1 1 0 1
0.092923232349938 0 0 0 0 0 1 0 0 1 0 0 1 1 1 1 0 1 1 1
0.072469328434490 0 1 0 0 0 0 0 1 0 1 0 1 0 1 0 0 1 1 0
0.098855540258234 0 0 1 0 0 1 0 1 0 0 1 1 1 1 1 0 0 1 1
0.107980824716894 0 0 1 0 1 0 0 0 0 1 0 0 1 0 1 1 1 0 0
0.058153498441404 1 0 0 0 0 0 1 0 0 0 1 1 0 1 0 1 1 0 1
0.093208536838211 0 1 0 1 0 0 0 0 0 1 0 1 1 0 0 1 0 0 1
0.052389544894166 1 0 0 0 0 0 1 0 0 1 1 1 0 1 0 1 0 1 1
0.116728216470658 1 1 0 0 0 0 1 1 1 1 0 1 1 0 1 1 1 0 0
0.047371729996824 1 0 0 0 0 0 0 0 1 0 0 1 1 0 1 0 0 0 1
0.076754124118920 0 0 0 0 1 0 0 0 1 0 0 0 0 1 1 1 0 1 0
0.073946269527919 1 0 0 0 1 0 0 0 1 1 1 1 0 1 1 1 0 1 1
0.086166614733524 0 0 0 0 1 0 1 0 0 0 0 0 1 0 1 1 0 1 0
0.067537403985426 0 0 1 0 0 0 0 0 0 1 0 0 0 0 0 1 1 1 0
0.056204352843697 0 0 1 0 0 0 0 0 0 0 0 0 0 1 0 0 0 0 1
0.065440637477929 0 1 0 0 0 0 0 1 0 1 1 0 0 1 1 1 0 0 1
0.175462023094470 1 1 0 0 1 1 0 0 1 1 1 1 1 1 1 0 0 1 0
0.052312618682214 0 1 0 0 0 0 0 0 0 1 1 1 0 0 1 0 1 0 1
0.034322544548769 1 0 0 0 0 0 0 0 1 0 0 1 1 1 0 0 0 1 1
0.055671916186583 1 0 0 0 0 1 0 0 0 0 1 1 1 0 0 0 1 0 1
0.062998949039482 1 1 0 0 0 0 0 0 1 1 1 1 0 1 0 0 1 0 1
0.106288037289702 0 0 1 0 0 1 0 0 0 1 0 1 0 1 0 1 0 0 1
0.074255991903795 0 0 1 0 0 0 0 0 1 1 0 1 1 0 1 0 1 1 1
0.077668910195563 0 1 0 0 1 0 0 0 0 1 1 0 1 1 0 0 1 1 0
0.060903782486723 1 0 0 0 1 0 0 0 0 1 1 1 0 1 0 0 1 0 1
0.103185672471235 0 0 0 1 0 0 0 1 1 0 0 0 0 1 1 1 0 1 0
0.065460939888001 0 0 1 0 0 0 0 0 1 0 1 0 0 1 1 0 1 1 0
0.082174848363051 1 0 0 1 0 0 0 1 1 0 1 1 1 0 1 0 1 0 1
0.081068903927026 0 0 0 1 0 0 0 1 0 0 0 1 1 1 0 0 1 0 1
0.066570995944424 0 0 0 1 0 0 0 0 0 0 1 0 1 0 0 1 1 1 0
0.074683521223657 0 0 1 0 0 0 0 1 0 0 1 0 0 1 1 0 0 1 1
0.100554906407100 0 0 0 0 1 1 0 0 0 0 1 0 1 1 1 0 0 1 1
0.039003611041821 1 0 0 0 0 0 0 0 1 1 0 1 0 1 1 0 0 1 1
0.059426867016982 0 0 0 0 1 0 0 0 0 0 0 0 1 0 0 1 1 0 1
0.058336951023749 0 0 0 1 0 0 0 0 0 0 0 0 1 1 0 0 1 1 0
0.094724296452921 1 0 1 0 0 0 1 0 0 1 1 1 0 1 0 1 0 1 0
0.047893119222850 1 0 0 0 0 0 1 0 1 0 1 1 1 1 0 1 0 1 1
0.133863576419419 1 0 1 0 0 0 1 0 1 0 1 0 0 1 1 0 0 1 0
0.061103779188681 1 0 0 1 0 0 0 0 1 0 1 1 1 1 0 0 1 0 1
0.034724875065738 1 0 0 0 0 0 0 0 0 1 0 0 1 0 0 1 0 1 0
0.040639910962077 1 0 0 0 0 0 0 0 0 1 1 0 1 0 0 0 1 1 0
0.075272990588133 0 0 1 0 0 1 0 0 0 0 1 0 1 1 1 0 0 0 1
0.080632208760290 1 0 0 0 1 0 1 0 0 1 1 1 1 1 0 1 0 1 0
0.129479773593398 1 1 1 0 0 0 0 1 1 1 1 1 1 0 0 0 1 0 1
0.073947175237535 1 0 1 0 0 0 1 0 1 1 1 1 1 1 0 1 0 0 1
0.067765981979150 1 0 1 0 0 0 0 0 1 1 1 0 1 1 0 0 1 0 1
0.092908676076997 1 0 0 0 1 0 1 0 1 0 1 1 1 0 1 1 0 0 1
0.063627259553035 1 1 0 0 0 0 1 0 1 1 1 1 1 1 0 0 0 1 1
0.052491435009758 1 1 0 0 0 0 0 1 1 1 1 1 1 1 0 0 0 1 1
0.071716733581646 1 1 0 0 0 0 0 0 1 1 1 1 1 1 0 0 1 1 1
0.094577422873746 1 1 0 0 0 0 1 1 0 1 1 1 1 1 1 0 0 1 1
0.089037934526220 1 1 0 0 0 0 1 1 1 0 1 1 1 1 0 1 0 0 1
0.097343375207885 1 1 0 0 0 1 0 1 1 1 1 1 1 1 0 1 0 1 0
0.142163744023137 1 1 1 0 0 0 1 1 1 1 1 1 1 0 1 0 0 1 0
0.070883250385776 1 1 0 0 0 0 0 1 1 0 1 1 1 1 0 0 0 1 1
0.049719258716392 0 1 0 0 0 0 0 0 1 0 1 0 0 1 1 0 1 0 1
0.085206000793536 0 1 0 1 0 0 0 0 1 1 1 0 1 1 1 0 1 0 1
0.062331892077821 0 1 0 0 1 0 0 0 0 1 1 1 1 1 0 0 0 1 1
0.062311041159282 1 1 0 0 0 0 0 1 1 1 1 1 1 0 0 1 0 1 1
0.044661581929647 0 1 0 0 0 0 0 0 0 0 1 0 0 0 1 1 0 0 1
0.069197806458108 0 0 1 0 0 0 0 1 0 0 1 0 1 0 1 0 1 1 0
0.057239830695543 0 1 0 0 0 0 0 0 1 0 0 0 0 1 1 1 0 0 1
0.063918486463527 0 0 1 0 0 0 0 0 1 0 1 0 1 0 1 0 1 0 1
