0.633639991283417 0 1 1 1 1 1 1 1 0 0 0 0 1 0 0 1 0 1 1
0.401433914899826 1 1 0 0 1 1 1 1 1 1 0 0 0 1 1 1 1 0 1
0.359959870576859 1 0 1 1 0 1 1 0 0 0 1 1 0 1 1 1 1 0 0
0.161530852317810 1 0 0 0 1 0 1 0 1 1 0 1 0 1 1 0 0 0 0
0.415798246860504 0 1 1 1 1 0 1 0 1 0 1 0 1 1 1 1 1 0 0
0.382971882820129 1 1 1 0 1 1 0 1 1 0 1 1 0 1 1 1 1 0 0
0.456571906805038 1 1 0 0 0 0 0 1 0 0 0 0 0 0 0 0 0 0 0
0.177559614181519 0 1 0 1 0 0 0 0 0 0 0 0 0 0 1 1 1 0 0
0.084410198032856 0 1 0 0 0 0 0 1 0 1 1 0 1 1 1 1 0 1 0
0.216236934065819 0 1 1 0 0 1 1 1 1 0 1 0 1 0 1 1 0 0 0
0.174117401242256 0 0 1 0 1 0 0 0 0 1 1 1 1 0 0 0 0 0 1
0.336093455553055 1 1 0 0 1 1 1 1 1 1 0 1 0 0 0 0 1 0 1
0.255213409662247 0 0 1 0 1 1 0 0 1 1 1 0 0 1 1 1 1 1 0
0.516489505767822 1 0 0 1 0 1 1 0 0 0 1 0 0 0 0 0 0 0 0
0.275677472352982 1 0 1 1 0 0 1 0 0 1 0 1 1 1 1 0 1 0 1
0.183637693524361 1 1 0 0 0 1 1 1 1 0 1 1 0 1 0 0 1 0 1
0.580858111381531 1 1 1 1 1 0 0 1 0 0 0 1 1 1 0 0 1 1 1
0.404819071292877 0 0 1 1 1 0 1 0 1 0 0 0 1 1 0 0 0 1 1
0.143341407179832 0 0 0 1 1 0 0 1 0 0 1 0 1 1 1 0 1 1 0
0.210164427757263 1 0 0 0 1 1 0 1 0 1 1 0 1 0 1 0 0 1 1
0.183723017573357 0 0 1 0 1 1 1 0 0 1 1 1 1 1 0 1 0 0 0
0.559774816036224 1 1 1 1 1 1 1 0 0 0 1 1 1 1 0 1 1 0 1
0.056419134140015 0 0 0 0 1 0 0 0 0 0 1 0 0 0 1 0 1 1 0
0.211723878979683 1 1 0 1 1 0 0 1 1 1 0 1 1 1 1 0 0 0 0
0.198966518044472 0 0 1 1 0 0 0 0 0 0 1 0 1 0 0 0 0 0 1
0.328240381013185 0 0 0 0 0 0 0 0 1 0 1 1 1 0 1 0 0 0 1
0.488937453002101 0 1 1 1 0 1 1 1 1 0 1 0 1 1 0 1 1 1 1 x
0.472231216146281 0 0 0 0 0 0 1 0 1 1 0 1 0 1 0 0 0 0 0 x
0.329273829571647 0 0 1 0 0 1 1 0 1 1 1 0 0 0 1 0 0 1 1 x
0.146502870778650 0 1 0 0 0 1 0 0 0 0 0 0 0 0 1 0 1 1 0 x
0.104668987913003 1 0 0 0 0 1 1 0 0 1 1 1 0 1 0 1 1 0 1 x
0.104620116174869 1 1 0 0 0 0 1 0 0 1 1 1 1 0 1 1 0 0 1 x
0.103292119112283 0 0 1 0 0 0 0 0 0 1 1 1 0 0 0 0 1 0 1 x
0.104800436700629 0 1 0 0 0 0 1 0 1 1 1 1 1 0 1 1 1 0 0 x
0.103016753122853 0 0 0 0 0 0 0 1 0 1 0 0 0 0 1 0 1 1 0 x
0.124219799581855 0 0 0 0 1 0 0 0 0 1 1 1 1 0 0 0 1 1 1 x
0.072878981290556 0 0 0 0 1 0 0 0 0 0 0 1 1 0 1 0 1 0 1 x
0.112163721124099 0 0 1 0 1 0 0 1 0 1 1 1 1 1 1 0 0 1 0 x
0.192717102171216 0 1 1 0 1 0 0 0 0 1 1 0 0 1 1 0 0 1 0 x
0.128986972312686 0 1 1 0 0 0 0 1 0 1 1 0 1 1 1 0 1 1 0 x
0.146837099360845 1 0 1 0 0 0 1 1 0 1 1 0 0 1 0 1 0 1 0 x
0.185258035805098 0 0 0 0 0 0 0 0 0 0 1 0 1 0 0 0 1 0 0 x
0.104158586035424 1 0 0 0 1 0 1 0 0 1 1 1 1 1 1 0 1 0 0 x
0.204841061665064 0 0 1 0 0 1 0 0 0 1 1 1 1 0 0 0 0 0 1 x
0.103463539518469 0 1 0 1 0 0 0 1 0 1 1 1 0 1 1 0 1 1 0 x
0.112450782630730 0 0 0 0 1 0 0 1 0 1 0 1 0 0 1 1 1 1 0 x
0.258605658579276 0 0 0 0 1 0 0 1 1 0 1 1 0 0 0 1 1 0 0 x
0.120424431792476 0 1 0 0 0 0 0 0 0 0 1 0 0 0 1 0 1 1 1 x
0.085208752956674 0 1 0 0 0 0 1 0 0 1 1 0 0 1 0 1 1 0 0 x
0.074113010064720 0 0 0 1 0 0 0 0 0 1 1 1 0 0 1 1 0 1 1 x
0.185540406389818 0 0 0 0 0 0 1 0 0 0 1 1 0 0 1 1 1 0 0 x
0.219226089280933 0 1 1 1 0 0 0 1 0 1 1 0 0 1 1 0 0 1 0 x
0.156370974215608 0 0 0 0 1 0 0 0 0 1 0 1 0 1 1 0 1 0 0 x
0.102107976571398 0 1 0 0 0 0 1 0 0 1 1 1 0 1 1 0 0 0 1 x
0.114549079159770 0 0 1 1 0 0 0 0 0 1 1 1 1 0 1 0 1 1 1 x
0.408322696145296 1 0 1 0 1 0 1 1 0 0 1 1 0 1 1 1 1 1 1 x
0.213564300200532 1 1 1 0 0 0 0 0 1 1 1 1 1 0 1 0 1 1 0 x
0.081417304284623 0 1 0 0 0 0 0 1 0 1 1 1 1 0 1 0 1 1 0 x
0.141390219983343 1 0 0 0 1 0 1 0 0 1 1 0 0 0 1 1 0 1 0 x
0.070741232678980 0 1 0 0 0 0 0 0 0 1 1 1 1 0 1 1 1 0 1 x
0.123430043598902 0 1 0 0 0 1 0 1 0 0 1 1 0 1 1 1 0 1 1 x
0.136997623401740 1 0 1 0 1 0 0 1 1 1 1 1 0 0 1 0 0 1 0 x
0.299387235484424 0 0 0 0 0 0 0 1 0 1 1 1 1 1 1 1 0 0 1 x
0.157786412681384 1 0 0 1 0 0 0 1 0 1 1 0 1 0 1 0 1 1 1 x
0.070258058481452 0 1 0 1 0 0 0 0 0 1 1 1 1 0 1 0 0 1 1 x
0.211447806931292 0 0 0 1 1 0 1 0 0 1 1 1 0 0 1 1 1 0 1 x
0.100484824982772 0 0 1 0 0 0 0 0 0 1 1 1 1 1 0 1 1 1 0 x
0.183418020544385 0 0 0 1 1 0 1 0 0 0 1 1 0 0 1 1 0 1 0 x
0.362067450725156 0 0 1 1 1 0 0 1 0 1 0 1 0 0 1 1 0 1 1 x
0.066031871000852 0 1 0 0 0 0 1 0 0 1 1 1 0 1 1 1 0 1 1 x
0.247566248606433 1 1 0 0 0 0 0 0 0 1 1 0 0 1 1 1 1 1 0 x
0.137240705334437 0 0 0 1 0 0 1 0 0 0 0 1 0 0 1 0 1 1 1 x
0.095074040617556 0 0 1 0 0 0 0 0 0 1 0 0 0 0 1 1 1 1 0 x
0.041150444537869 1 0 0 0 0 0 0 0 1 1 1 1 1 0 1 0 1 1 1 x
0.175487126166649 1 1 0 1 0 0 1 0 1 1 1 1 0 0 1 1 0 1 0 x
0.203301557730319 0 0 1 0 1 0 0 1 0 0 0 1 0 0 1 0 0 1 0 x
0.122340464767723 0 0 0 1 0 0 1 0 0 1 0 0 0 1 1 1 1 1 0 x
0.256961889510633 1 0 0 0 0 0 0 1 1 1 1 1 1 1 1 0 0 0 0 x
0.089772334455170 1 0 0 0 0 1 0 0 0 1 1 1 1 0 1 1 1 1 1 x
0.123454583175861 1 1 0 0 0 0 1 0 1 1 1 1 0 0 1 1 1 0 1 x
0.251815324423386 1 1 1 0 0 0 0 0 0 1 1 1 1 1 1 0 0 0 0 x
0.088774501438767 0 1 1 0 0 0 0 0 0 1 1 1 0 0 1 0 1 0 0 x
0.069451275809873 1 0 0 0 1 0 0 0 1 1 1 1 1 1 1 0 1 1 0 x
0.174155395817925 1 1 0 1 0 0 0 0 1 1 1 1 0 0 1 0 0 1 1 x
0.122307606885933 0 1 0 0 0 1 1 0 0 0 1 1 0 1 1 0 1 0 1 x
0.119422647789590 1 0 1 0 0 0 1 0 0 1 1 1 0 0 1 0 1 1 0 x
0.159849451685439 1 0 0 1 1 0 1 0 1 1 1 1 1 0 1 0 1 1 0 x
0.188796700032980 0 1 0 1 0 0 1 0 0 1 1 0 0 0 1 1 0 0 1 x
0.146961756534173 1 1 0 0 1 0 1 0 1 1 1 1 1 1 1 0 0 1 0 x
0.050169008725555 1 0 0 0 0 0 1 0 0 1 1 1 1 1 1 1 0 1 1 x
0.105571998653469 0 1 0 0 1 0 0 0 0 1 1 1 1 1 1 1 0 1 0 x
0.068263531135194 1 0 0 0 1 0 0 0 1 1 1 1 1 1 1 1 0 0 1 x
0.069183892395215 1 0 0 0 0 0 1 0 1 1 1 1 1 1 1 1 1 1 0 x
0.067946289710094 1 0 0 0 1 0 0 0 1 1 1 1 1 0 1 1 0 1 0 x
0.083174263549351 1 0 0 0 1 0 0 0 0 1 0 1 1 1 1 0 1 0 1 x
0.122080656287532 0 0 1 0 0 0 0 0 0 1 1 0 1 0 1 0 1 0 0 x
0.200661086315242 0 0 0 0 0 0 0 0 0 1 1 0 1 1 1 1 1 1 1 x
0.057110661265038 1 0 0 0 0 0 1 0 1 0 1 1 1 0 1 0 1 0 1 x
0.121668182563188 0 1 0 0 1 0 1 0 0 1 1 1 1 1 1 1 0 1 1 x
0.198248003589154 1 0 0 0 0 0 0 0 0 0 0 1 1 0 1 1 1 1 1 x
0.091984275435785 0 0 0 0 1 0 1 0 0 0 0 0 1 0 1 0 1 1 0 x
0.073790951526326 1 0 0 1 0 0 1 0 1 1 1 1 1 1 1 0 0 1 1 x
0.071791628462862 1 0 1 0 0 0 0 0 1 1 1 1 1 0 1 0 0 0 1 x
0.111554502710837 1 0 0 0 0 0 0 0 1 1 1 1 0 0 0 0 0 1 1 x
0.073864731754795 0 0 0 1 0 0 0 0 0 1 1 0 0 0 1 0 1 1 0 x
0.083088149022721 1 0 1 0 0 0 1 0 1 1 1 1 1 1 1 0 1 0 1 x
0.054583405968621 0 1 0 0 0 0 0 0 1 0 1 0 0 0 1 0 1 1 0 x
0.076798191475260 1 0 1 0 0 0 1 0 0 1 1 1 1 1 0 0 0 1 1 x
0.124733370810767 0 1 1 0 0 0 0 0 0 1 1 1 1 1 1 1 0 0 1 x
0.151192991107775 0 0 1 1 0 0 1 0 0 1 1 1 0 0 1 1 0 1 0 x
0.081472261694305 1 0 0 0 1 0 0 0 0 1 0 1 1 1 1 0 0 1 0 x
0.080636524905939 1 1 0 0 0 0 0 0 1 1 1 1 1 1 1 0 0 1 1 x
0.051417396946451 0 1 0 0 0 0 0 0 0 0 1 1 0 0 1 0 0 1 0 x
0.152744363933437 1 0 1 0 1 0 0 0 0 1 0 1 1 1 1 0 0 0 0 x
0.051902461932947 0 0 1 0 0 0 0 0 0 0 1 0 0 0 1 0 1 1 0 x
0.080807113834102 0 1 0 1 0 0 0 0 1 1 1 1 1 0 1 1 0 1 0 x
0.064552324269954 1 0 0 0 1 0 0 0 0 1 0 1 1 1 1 0 0 0 1 x
0.180965655437172 0 0 0 0 1 0 0 0 0 1 1 0 1 1 1 0 0 1 0 x
0.062060921584899 1 0 0 0 0 0 0 1 0 1 1 1 1 0 1 0 1 0 1 x
0.102012808710910 0 1 0 0 1 0 0 0 0 0 0 1 1 0 1 0 1 0 1 x
0.114752147420650 1 0 1 0 0 0 1 0 1 1 1 1 1 1 1 1 0 1 0 x
0.128399216537534 0 1 0 1 0 0 1 0 0 0 1 1 1 0 1 1 0 1 0 x
0.106786796578576 1 0 0 0 0 1 1 0 1 1 1 1 1 0 1 0 1 0 1 x
0.081163879955811 0 0 0 1 0 0 0 0 0 1 1 1 0 1 0 0 1 1 1 x
0.055375715661961 1 0 0 0 1 0 0 0 0 0 1 1 1 0 1 0 0 0 1 x
0.098954847197788 0 1 1 0 0 0 0 0 0 1 1 1 0 0 1 1 0 1 0 x
0.100265481566800 0 1 0 0 0 0 0 1 1 1 1 1 0 1 1 1 0 1 0 x
0.087717657110627 0 0 1 0 1 0 0 0 0 0 1 1 1 0 1 0 1 1 0 x
0.111295230859508 1 0 0 1 0 0 0 0 1 1 1 1 1 1 1 1 1 1 1 x
0.185375350511380 1 0 1 1 0 0 0 0 0 1 1 1 1 0 1 0 0 1 1 x
0.123744122248848 1 0 0 1 1 0 0 0 1 1 0 1 1 1 1 0 0 0 1 x
0.079491872644769 1 0 0 0 0 0 1 1 0 1 1 1 1 1 0 0 1 1 1 x
0.059105259835743 0 1 0 0 0 0 0 0 0 0 0 1 0 0 1 0 1 0 1 x
0.094378960021978 1 0 1 0 0 1 0 0 0 1 1 1 1 0 1 0 0 0 1 x
0.121959391875866 0 0 0 0 1 1 0 0 0 0 1 1 0 0 1 0 1 1 0 x
0.037624036410773 0 1 0 0 0 0 0 0 0 0 1 1 1 0 0 0 0 1 1 x
0.051424536503673 0 1 0 0 0 0 0 0 1 0 0 1 1 0 0 0 1 0 1 x
0.155218215319141 0 1 0 0 0 1 0 0 0 1 1 1 1 0 0 0 0 1 0 x
0.142647290387892 1 0 0 1 1 0 0 0 0 1 1 1 1 1 1 0 0 1 1 x
0.137227963966711 0 1 0 1 0 0 0 0 1 0 1 1 0 0 1 0 0 1 1 x
0.051882201844709 0 1 0 0 0 0 0 0 1 0 0 1 0 0 1 0 1 1 0 x
0.151708123530339 0 0 0 1 0 0 0 1 0 1 1 1 1 0 1 0 0 1 1 x
0.081461857173537 0 1 0 0 0 0 0 0 0 0 1 1 1 0 1 1 0 0 1 x
0.059273106323054 0 1 0 0 0 0 0 0 0 0 1 1 0 0 0 1 1 1 0 x
0.106691338671157 0 1 0 0 0 0 0 0 0 0 1 1 1 1 1 0 1 0 1 x
0.045070335146602 0 1 0 0 0 0 0 0 0 1 0 1 1 0 0 0 0 1 1 x
0.057147547615438 0 1 0 0 0 0 0 0 1 1 0 1 1 0 1 0 1 1 1 x
0.075884792962726 0 1 0 0 0 0 0 0 1 1 0 0 1 0 0 0 1 1 0 x
0.045950873920526 1 0 0 0 0 0 0 0 0 1 1 0 1 1 0 0 1 0 1 x
0.168167388254210 0 0 1 0 0 0 0 1 0 1 1 0 0 0 0 0 1 1 0 x
0.082711530589615 0 1 0 0 0 1 0 0 0 1 0 1 1 0 0 1 1 0 1 x
0.092393530168964 0 1 0 0 0 0 0 1 0 1 0 1 1 0 0 0 1 0 1 x
0.053114661026374 1 0 0 0 0 0 1 0 0 1 1 1 1 0 1 0 1 0 1 x
0.127780192335522 1 0 1 0 0 0 0 0 0 1 1 0 1 1 1 1 0 0 1 x
0.059529439328800 1 0 0 0 0 0 0 0 1 1 1 1 1 0 0 1 1 0 1 x
0.083239888475316 1 0 0 0 1 0 0 1 0 0 1 1 1 1 1 0 0 1 0 x
0.101704323025384 0 1 0 0 0 0 0 0 0 1 0 1 0 0 0 1 1 1 1 x
0.082029779105075 1 0 0 0 1 0 0 0 0 1 1 1 1 1 0 0 0 0 1 x
0.101559748079024 0 0 0 1 0 0 0 0 0 1 1 1 1 0 1 1 1 1 0 x
0.102098344994483 0 1 1 0 0 0 0 0 1 0 0 1 1 0 1 0 1 0 0 x
0.098834607857061 1 0 0 0 1 0 0 1 1 1 0 1 1 0 1 0 1 1 0 x
0.093735449780667 1 0 1 0 0 0 0 0 0 0 1 1 1 0 0 0 1 0 1 x
0.130950102640995 0 0 1 0 0 0 0 0 0 0 0 1 1 1 1 0 1 1 0 x
0.076954087810099 0 1 0 0 0 0 0 0 0 1 1 0 0 0 1 1 1 1 0 x
0.052321696529586 1 0 0 1 0 0 0 0 1 1 1 1 1 1 0 1 0 1 1 x
0.076012228237474 0 1 1 0 0 0 0 0 0 1 1 1 1 0 0 0 1 0 1 x
0.130513304953476 1 0 0 0 1 1 0 1 0 1 1 1 1 1 1 1 0 1 0 x
0.049183797230263 0 1 0 0 0 0 0 0 0 1 1 1 1 0 0 1 0 1 1 x
0.170993029443496 0 1 0 1 1 0 0 0 0 1 0 1 1 0 1 0 0 1 0 x
0.058031685390018 1 0 0 0 1 0 0 0 1 1 1 1 1 0 1 0 1 0 1 x
0.079061922559084 1 0 0 1 0 0 0 0 1 1 1 1 1 1 1 1 0 0 1 x
0.043462198287082 1 0 0 0 0 0 0 0 1 1 1 0 1 1 1 0 1 1 1 x
0.087844992459861 1 0 0 0 0 0 0 1 0 1 1 0 1 1 1 1 1 1 0 x
0.123416671614128 0 1 1 0 0 0 0 0 0 0 1 0 1 0 0 1 1 0 0 x
0.085384194624317 0 1 0 1 0 0 0 0 1 1 0 1 1 1 0 0 1 1 0 x
0.092065163533802 0 1 0 0 0 0 0 0 0 0 1 1 1 1 0 0 1 1 0 x
0.080852406957842 1 0 0 0 1 0 0 0 1 0 1 0 1 1 1 0 1 0 1 x
0.117106900612761 0 1 1 0 0 0 0 0 0 0 1 1 1 0 1 0 0 1 1 x
0.087156135618396 0 1 0 0 0 0 0 0 0 1 0 1 1 0 1 1 0 1 0 x
0.108630290604310 0 1 0 0 0 0 0 0 1 1 0 1 0 0 0 0 1 0 1 x
0.080406421157204 1 0 0 0 0 0 1 0 0 1 1 0 0 0 1 1 1 0 1 x
0.076721028578989 0 0 1 0 0 0 0 0 0 0 0 0 0 0 1 0 1 0 1 x
0.061044761063937 0 0 1 0 0 0 0 0 0 0 1 0 0 0 1 1 1 0 0 x
0.044003902178253 0 1 0 0 0 0 0 0 1 0 0 1 1 0 1 0 0 1 1 x
0.062844194315618 0 1 0 0 0 0 0 0 0 0 0 0 1 0 0 0 0 0 1 x
0.152127475903428 0 1 0 1 0 0 1 0 0 1 0 1 1 0 0 1 0 0 1 x
0.055625630238861 0 1 0 0 0 0 0 0 1 0 0 0 0 0 1 1 1 0 0 x
0.049923892988897 0 0 0 0 1 0 0 0 0 0 0 0 0 0 1 0 1 0 1 x
0.082474605974825 0 0 0 0 1 0 0 0 0 0 0 1 0 0 1 0 1 1 1 x
0.040117667161148 0 1 0 0 0 0 0 0 0 0 1 0 0 0 0 1 0 1 0 x
0.065139251460229 1 0 0 0 1 0 0 0 1 0 0 1 1 1 1 0 0 0 1 x
0.114482699510952 1 1 0 0 0 0 0 0 1 0 1 1 1 0 0 1 0 1 1 x
0.245352806698104 0 0 0 0 0 0 0 0 0 0 1 0 0 0 1 1 1 1 0 x
0.083082347761534 1 0 0 0 1 0 0 0 1 0 1 1 1 0 1 0 1 0 0 x
0.236043863411998 0 1 0 0 1 0 0 1 0 0 1 1 0 0 0 0 0 1 0 x
0.181571289594809 0 0 1 0 1 0 0 0 0 0 1 1 0 0 0 0 1 0 0 x
0.151024852512532 0 1 1 0 1 0 0 0 1 1 1 1 1 0 1 0 1 1 0 x
0.136115032757555 0 0 1 0 0 1 0 0 1 1 1 1 0 0 1 1 1 0 1 x
0.108116365191883 0 1 1 0 0 0 0 0 1 0 1 1 0 0 0 1 1 0 0 x
0.048264063518530 0 0 1 0 0 0 0 0 0 0 1 0 0 0 1 0 1 0 0 x
0.103791015205090 0 0 1 0 1 0 0 0 0 1 1 1 1 0 1 1 1 1 0 x
0.084468569229607 1 0 1 0 0 0 0 0 0 1 1 1 0 0 0 1 0 0 1 x
0.077430222497981 0 1 0 0 0 0 0 0 1 1 1 0 1 0 1 0 0 1 1 x
0.093429831698792 1 0 0 1 0 0 0 0 1 1 1 1 0 0 1 1 0 1 1 x
0.089341520955168 0 1 0 0 1 0 0 0 0 1 1 0 1 0 1 0 1 0 0 x
0.094294106490140 0 0 0 0 1 0 0 0 0 1 1 0 0 0 1 0 1 1 0 x
0.081126298587755 0 1 0 0 0 0 0 0 1 0 1 1 0 0 0 1 0 1 0 x
0.095311974645100 0 0 1 0 1 0 0 0 0 0 1 0 1 0 1 0 1 0 0 x
0.077763919801286 1 0 0 0 1 0 1 0 1 1 1 1 1 1 1 0 0 1 1 x
0.046789535696143 0 0 1 0 0 0 0 0 0 0 1 1 0 0 1 0 1 0 1 x
0.072612063507106 0 1 0 0 0 0 0 0 0 0 1 0 0 0 0 0 1 0 0 x
0.103986750719736 0 0 1 0 0 0 0 0 0 1 1 1 0 0 1 1 1 0 0 x
0.085959333201773 0 1 0 0 1 0 0 0 0 0 1 0 1 0 1 0 0 1 0 x
0.089656217887597 0 1 0 0 0 0 1 1 0 1 0 1 1 1 1 0 0 1 1 x
0.109494796903581 1 1 0 0 0 0 1 0 1 0 1 1 1 0 1 0 1 0 1 x
0.081400462948686 1 0 0 0 1 0 0 0 1 0 1 1 1 0 1 1 0 1 1 x
0.127863350924062 1 0 1 0 0 1 0 1 0 1 1 1 1 0 0 0 1 0 0 x
0.133380750353491 1 0 1 0 0 1 0 0 1 0 1 1 1 0 0 0 1 0 1 x
0.110165972708260 0 1 0 0 0 1 0 1 0 1 1 1 0 0 1 1 1 0 0 x
0.103573267137689 1 0 1 0 0 0 0 1 0 1 1 1 1 1 1 1 0 0 1 x
0.163234758678744 0 0 0 1 0 0 0 1 0 1 1 0 0 1 1 0 1 0 0 x
0.036630951195475 0 1 0 0 0 0 0 0 0 0 1 0 0 0 1 0 0 1 0 x
0.089233099059608 0 1 0 0 1 0 0 0 0 1 0 0 1 0 1 1 0 0 0 x
0.041532185653192 1 0 0 0 0 0 0 0 1 1 0 0 1 0 1 0 1 0 1 x
0.170651266993169 0 0 1 1 0 0 0 0 0 0 1 0 0 0 1 0 1 1 0 x
0.049754892558453 0 0 1 0 0 0 0 0 0 0 1 0 1 0 1 0 1 0 1 x
0.144358987717680 0 1 0 0 1 0 0 0 1 0 0 0 1 0 1 0 1 0 1 x
0.095172414818234 0 0 0 1 0 0 0 0 0 1 0 0 0 0 1 0 1 1 1 x
0.168060594694717 0 1 1 0 0 1 0 1 1 1 1 1 1 0 1 1 1 0 1 x
0.101418483828807 0 1 1 0 0 0 0 0 1 1 1 0 1 0 1 0 1 1 0 x
0.174023500784658 0 1 1 0 0 0 0 0 0 0 1 0 0 0 1 0 0 1 0 x
0.134319355396283 1 0 1 0 0 0 0 0 1 1 1 0 1 0 1 1 1 1 0 x
0.067736312725560 0 0 1 0 0 0 0 0 0 1 1 1 1 0 1 1 1 1 1 x
0.094413469179172 1 0 0 0 1 0 0 0 1 0 1 1 1 0 1 0 1 1 1 x
0.082768462795090 0 1 0 0 0 0 0 1 1 0 0 1 1 0 1 1 1 1 0 x
0.086537811375385 0 1 0 1 0 0 0 0 1 1 1 0 1 1 1 0 0 1 0 x
0.149660505055745 1 1 0 0 0 1 0 0 1 1 1 1 1 1 1 1 0 1 1 x
0.058577535417003 0 0 1 0 0 0 0 0 0 0 1 1 1 0 0 1 1 0 1 x
0.102809140984215 0 0 1 0 1 0 0 0 0 0 1 0 1 0 1 0 0 1 0 x
0.093353066745193 1 0 0 0 1 0 0 0 1 1 0 0 1 0 1 0 1 0 0 x
0.129599791822164 0 1 1 0 0 0 0 0 0 1 0 1 1 0 1 0 1 1 0 x
0.081524241151640 0 1 0 0 0 0 0 0 0 0 0 1 0 0 1 1 1 0 0 x
0.111538670523603 0 0 1 0 0 1 0 0 0 0 1 1 0 0 1 1 1 1 0 x
0.078086173234428 0 1 0 0 0 0 0 0 1 0 1 0 1 0 1 0 0 1 0 x
0.222020237845160 0 1 0 0 0 0 1 1 1 1 1 0 0 0 1 0 1 1 0 x
0.128491204682343 0 1 1 0 0 0 0 1 0 1 1 1 1 1 1 1 0 1 0 x
0.126981849981220 0 1 0 1 0 0 0 1 0 1 0 1 1 1 1 1 0 1 0 x
0.148381953710993 1 0 0 1 1 0 0 1 1 1 1 1 1 1 1 1 0 1 0 x
0.061334414084643 1 0 0 0 0 0 0 1 1 0 1 1 1 0 1 0 1 0 1 x
0.109194595914608 1 0 0 0 1 0 0 1 0 0 0 1 1 0 1 0 1 0 1 x
0.095837379543856 1 0 1 0 0 0 1 0 0 0 1 1 1 0 1 0 0 0 1 x
0.104101726455645 0 0 0 0 1 0 0 1 0 0 1 0 1 0 1 0 1 1 0 x
0.200389355202875 0 0 0 1 0 1 0 1 0 1 1 1 0 0 1 0 1 1 0 x
0.051488772909895 1 0 0 0 0 0 0 1 0 1 0 0 1 1 1 0 1 0 1 x
0.119112150465758 1 0 0 0 1 0 0 1 0 1 0 1 1 0 1 1 0 1 1 x
0.065351108709061 1 0 0 0 0 1 0 1 0 0 1 1 1 1 1 0 1 0 1 x
0.104943852257153 1 0 0 0 0 1 0 1 0 1 0 1 1 1 1 0 1 1 1 x
0.112661584992226 0 1 0 0 0 1 0 1 0 0 0 1 1 0 1 0 1 0 1 x
0.165987605878433 1 1 0 0 1 0 0 0 1 1 0 1 1 0 1 1 0 0 1 x
0.048339549140973 0 1 0 0 0 0 0 0 0 1 0 0 1 0 1 0 0 1 1 x
0.067667251218945 0 1 0 0 0 0 0 0 0 0 0 1 0 0 1 0 0 1 1 x
0.083719625412598 0 1 0 0 0 0 0 0 0 1 0 0 1 0 1 1 1 0 0 x
0.043759430805193 1 0 0 0 0 0 0 1 0 0 1 1 0 0 1 0 1 0 1 x
0.057095604669502 1 0 0 0 0 0 0 1 0 1 1 1 0 0 1 1 1 1 0 x
0.093914449903052 0 1 0 1 0 0 0 0 0 1 1 1 0 0 1 0 0 1 0 x
0.205153767525781 1 1 0 1 0 0 0 1 1 1 1 1 1 0 1 1 1 1 0 x
0.068971824098887 1 0 0 0 0 0 0 1 0 1 0 0 0 0 1 0 1 1 0 x
0.102406548335979 1 0 0 0 0 0 0 1 0 0 1 1 1 0 1 0 1 0 0 x
0.115110707123313 0 1 0 0 1 0 0 0 0 1 0 0 1 0 1 0 1 1 0 x
0.151229978941962 0 1 1 0 0 0 0 0 1 1 0 0 0 0 1 1 1 0 0 x
0.045500435076224 1 0 0 0 0 0 0 0 1 1 1 0 0 1 1 0 1 0 1 x
0.143796132037490 1 0 1 0 0 0 0 0 0 1 1 0 0 0 1 0 1 0 1 x
0.097517060155105 0 0 0 0 0 0 0 1 0 0 0 1 0 0 1 0 1 0 1 x
0.085946865103038 1 0 0 1 0 0 0 0 0 1 1 1 1 0 1 1 0 1 1 x
0.129298437387161 0 0 0 0 1 0 0 1 0 0 0 0 0 0 1 0 1 0 0 x
0.210572398860047 1 0 1 0 1 1 0 1 0 1 1 1 1 0 1 1 0 1 0 x
0.109335534876593 0 1 0 0 1 0 0 0 0 0 1 0 0 0 1 1 1 0 0 x
0.105828354410703 0 1 0 0 0 0 0 0 0 1 1 0 1 1 0 0 0 1 0 x
0.071437829282157 0 0 1 0 0 0 1 0 0 0 1 1 1 0 1 0 1 0 1 x
0.092317857591363 0 1 0 0 0 0 1 0 0 0 1 0 0 0 1 1 0 0 0 x
0.084130631508810 1 0 0 0 0 0 1 1 0 0 0 1 0 1 1 0 1 0 1 x
0.090517315213472 0 1 0 0 0 0 1 0 0 0 0 1 1 0 1 1 0 1 1 x
0.121617023897524 0 1 0 1 0 0 0 0 0 1 1 1 1 0 1 1 1 1 0 x
0.119358848984006 0 1 0 0 1 0 0 0 0 1 0 0 1 0 1 0 0 0 1 x
0.063745470437828 0 1 0 0 0 0 0 0 1 1 0 0 1 0 1 1 0 1 1 x
0.051070055206910 1 0 0 0 0 0 0 0 1 0 1 1 0 1 1 0 1 0 1 x
0.117606491468956 0 0 0 1 1 0 0 0 0 1 1 0 1 0 1 0 1 1 0 x
0.053295858443920 1 0 0 0 0 0 0 0 0 1 1 1 0 1 1 0 1 1 1 x
0.089362878651626 1 0 1 0 0 0 0 1 1 0 1 1 1 0 1 0 1 0 0 x
0.093711910161778 0 0 0 1 0 0 0 0 1 1 0 0 1 0 1 0 1 1 0 x
0.129519886703883 0 1 0 0 1 1 0 0 0 1 1 1 1 0 1 1 1 0 0 x
0.067039377242686 0 0 0 1 0 0 0 0 0 1 0 1 1 0 1 1 0 1 1 x
0.061842497974723 0 1 0 0 0 0 0 1 0 0 1 1 0 0 1 1 0 1 0 x
0.057890365063911 1 0 0 0 0 0 0 0 1 1 0 1 1 1 1 1 0 1 1 x
0.090527391106547 0 1 0 1 0 0 0 0 1 0 1 1 1 0 1 0 1 1 0 x
0.101653506240073 0 1 1 0 0 0 0 1 0 0 1 1 1 0 1 0 1 0 0 x
0.088200732688724 1 0 0 0 1 0 0 0 0 0 1 1 0 0 1 0 1 0 1 x
0.079401724445500 1 0 1 0 0 0 0 1 0 1 1 1 1 0 1 0 0 1 0 x
0.104174035413188 0 0 1 0 0 1 0 0 0 0 1 1 0 1 1 1 1 0 1 x
0.112955927678149 0 0 1 0 0 0 0 0 1 0 1 0 1 0 1 0 1 0 0 x
0.058826405803373 0 1 0 0 0 0 0 0 0 1 1 1 1 0 1 0 0 1 1 x
0.104141659026127 1 0 1 0 0 0 0 1 0 0 1 1 1 0 1 0 0 1 1 x
0.099307483912982 1 0 1 0 0 0 0 1 1 1 0 1 1 0 1 0 0 1 1 x
0.101812094568597 0 0 0 1 1 0 0 0 0 0 1 1 1 0 1 0 0 1 1 x
0.082412225142302 0 0 0 1 0 0 0 0 0 0 1 1 1 0 1 0 1 0 1 x
0.105640332817516 0 1 0 1 0 0 0 0 1 1 0 1 1 0 1 0 0 1 1 x
0.109075195927045 1 0 0 0 0 0 0 1 1 1 0 0 0 1 1 0 1 1 1 x
0.050257638296208 1 0 0 0 0 0 0 0 0 1 0 0 1 0 1 0 0 1 1 x
0.167880803467358 1 0 1 0 0 0 0 0 0 1 0 1 1 0 1 1 0 1 1 x
0.080679170485125 0 1 0 0 0 0 1 0 0 0 1 1 0 0 0 1 1 0 1 x
0.062322113878959 1 0 0 0 0 0 0 0 0 1 0 0 0 0 1 0 1 0 1 x
0.042107268482693 1 0 0 0 0 0 0 0 1 1 1 0 1 0 1 1 0 1 1 x
0.149115617466490 1 0 0 1 0 0 0 0 1 1 0 0 1 1 1 1 0 1 1 x
0.162767169118565 0 0 0 0 0 0 0 0 0 0 0 0 0 0 1 0 1 0 1 x
0.080979449537771 0 0 0 1 0 0 0 0 0 1 1 0 1 0 1 0 0 1 1 x
0.089368291269528 1 0 1 0 0 0 0 1 1 1 1 1 0 0 1 0 1 0 1 x
0.209771917740160 0 1 1 0 0 0 0 0 0 1 1 1 0 0 1 1 1 1 1 x
0.069289710710375 0 0 0 0 1 0 0 0 0 0 1 0 1 0 1 0 1 0 1 x
0.074149780434863 0 0 1 0 0 0 0 1 0 0 1 1 1 0 1 0 1 0 1 x
0.164075946282688 0 1 1 1 0 0 0 0 1 1 1 1 1 0 1 0 0 0 0 x
0.114390507255301 0 0 0 1 0 0 0 0 1 1 1 1 1 0 1 1 0 1 1 x
0.098965333413610 0 0 0 1 0 0 0 1 0 1 0 0 1 0 1 0 1 1 0 x
0.057858423689860 1 0 0 0 0 0 0 0 1 1 1 0 0 0 1 1 1 1 0 x
0.167905466394189 0 1 1 0 1 0 0 0 0 1 1 0 1 0 1 0 1 0 0 x
0.161430017354646 0 1 1 0 0 0 0 1 1 1 1 1 1 0 0 0 0 0 1 x
0.117910193671084 0 1 1 0 0 1 0 0 1 1 1 1 1 0 1 0 1 0 0 x
0.076472365767938 0 0 0 1 0 0 0 0 0 1 0 1 1 0 1 0 1 0 1 x
0.051201746368906 1 0 0 0 0 0 0 0 0 1 1 1 0 0 1 0 1 1 0 x
0.078994538237944 0 0 1 0 0 0 0 0 0 1 0 0 1 0 1 1 1 0 1 x
0.144622654932051 0 0 0 1 1 0 0 0 0 0 0 0 1 0 1 0 1 0 1 x
0.064025438505757 0 1 0 0 0 0 0 1 0 1 0 1 1 0 0 1 1 1 0 x
0.101972059759497 0 1 0 0 1 0 0 0 0 1 1 0 0 0 1 1 0 1 0 x
0.079593453153944 0 1 0 0 0 0 0 0 1 0 0 0 1 0 0 0 0 1 1 x
0.044340611797951 0 1 0 0 0 0 0 0 0 1 1 0 0 0 1 1 0 0 1 x
0.095195921611580 0 1 0 1 0 0 0 1 0 0 1 1 1 0 1 0 0 1 0 x
0.122644857279280 1 0 0 0 1 0 0 0 1 1 1 0 0 0 1 0 1 0 1 x
0.056424620485667 1 0 0 0 0 0 0 0 1 1 1 0 1 0 1 0 1 1 0 x
0.071926289139473 1 0 1 0 0 0 0 1 0 1 1 1 0 1 1 0 0 0 1 x
0.104567587795192 0 1 0 0 1 0 0 0 1 1 1 0 1 1 1 1 1 0 0 x
0.114346354948647 1 0 1 0 0 0 0 1 1 0 1 0 1 1 1 0 1 0 1 x
0.093259188838109 0 1 1 0 0 0 0 0 1 0 1 1 1 0 1 0 1 0 1 x
0.047990036044711 0 1 0 0 0 0 0 0 0 1 0 0 1 0 1 1 0 0 1 x
0.050417446634550 0 1 0 0 0 0 0 0 0 1 1 0 0 0 1 1 0 1 0 x
0.123508831277224 0 0 1 0 1 0 0 0 0 1 0 0 1 0 1 0 1 1 0 x
0.154719179754009 1 1 0 0 1 0 0 0 1 0 1 1 1 1 1 0 0 0 1 x
0.060069811985425 1 0 0 0 0 0 0 0 1 1 1 1 0 0 1 1 1 1 1 x
0.093067281108673 0 0 0 0 1 0 0 0 0 1 0 0 1 0 1 1 1 1 0 x
0.087575548540125 1 0 0 0 0 0 0 0 0 0 1 1 1 1 1 0 0 1 1 x
0.074267566471331 1 0 0 0 0 0 0 0 0 1 1 0 0 1 1 1 0 1 1 x
0.069197806458108 0 0 1 0 0 0 0 1 0 0 1 0 1 0 1 0 1 1 0 x
0.076795569105605 0 0 0 0 1 0 0 0 0 0 1 1 0 0 1 0 1 0 1 x
0.097966965199687 0 1 0 1 0 0 0 0 0 0 1 0 1 0 1 0 0 1 0 x
0.102682659807210 1 0 1 0 0 0 0 1 0 0 1 1 0 1 1 0 1 0 0 x
0.051147100658177 1 0 0 0 0 0 0 0 0 1 0 0 1 0 1 1 0 0 1 x
0.081751182724751 1 0 0 0 1 0 0 0 1 1 0 0 1 1 1 1 0 0 1 x
0.081419850829434 1 0 1 0 0 0 0 1 1 1 1 1 1 1 1 0 1 1 0 x
0.094362644771789 0 0 0 1 1 0 0 0 0 0 1 1 1 0 1 0 1 1 0 x
0.104613212299747 1 0 0 0 0 0 0 0 0 1 0 1 0 0 1 1 1 1 0 x
0.069492078035906 0 0 0 1 0 0 0 0 0 0 1 1 1 0 1 0 0 1 1 x
0.073055924282739 0 1 0 0 0 0 0 1 0 1 1 1 0 0 1 1 0 1 1 x
0.267005246954684 1 1 0 1 1 0 0 0 1 1 1 1 1 1 1 0 1 0 0 x
0.079052949873944 1 0 1 0 0 0 0 1 1 1 1 1 0 1 1 0 0 1 0 x
0.169613194647603 0 0 1 0 1 0 0 0 0 0 1 0 1 0 1 0 1 1 1 x
0.130418937726572 1 0 1 0 1 0 0 0 1 0 1 1 1 0 1 0 0 1 0 x
0.070951744184415 1 0 0 0 1 0 0 0 0 0 1 0 1 0 1 0 0 1 0 x
0.113236443744715 0 1 0 0 1 0 0 0 0 1 0 1 1 0 1 1 1 0 1 x
0.126618815984174 1 0 0 0 1 0 1 0 0 0 1 1 1 1 1 1 0 1 0 x
0.165092146313981 1 0 0 1 1 0 0 0 1 0 1 1 1 0 1 0 0 1 1 x
0.118167322373656 1 0 0 0 1 0 0 0 0 0 0 0 1 0 1 0 0 0 1 x
0.117250788555261 1 0 0 0 1 1 0 0 1 0 1 1 1 0 1 0 0 0 1 x
0.148100999631724 0 1 1 0 1 0 0 0 0 1 1 1 1 0 1 0 0 0 0 x
0.062953726202257 0 0 1 0 0 0 0 0 0 0 1 1 0 0 1 1 0 1 1 x
0.078111408063053 0 0 1 0 0 0 0 1 0 0 1 1 0 0 1 1 0 1 0 x
0.079492604525284 0 0 1 0 0 0 0 1 0 0 1 1 0 0 1 1 1 1 0 x
0.088539176871697 0 0 1 0 1 0 0 0 0 0 1 1 1 0 1 1 0 1 0 x
0.069611926655119 0 0 0 0 1 0 0 0 0 1 0 0 1 0 1 0 1 0 1 x
0.070621867870368 0 0 1 0 0 0 0 0 0 0 1 1 0 0 1 0 0 1 0 x
0.085685054100730 1 1 0 0 0 0 0 0 1 1 1 0 1 0 1 1 0 0 1 x
0.066359052691340 0 0 0 1 0 0 0 0 0 0 1 1 0 0 1 0 1 1 0 x
0.065500768741073 0 0 0 1 0 0 0 0 0 1 0 1 0 0 1 0 1 1 0 x
0.073558291565898 0 1 0 0 0 0 0 0 1 0 0 1 0 0 1 1 1 0 1 x
0.097341693950773 1 1 0 0 0 0 1 1 1 1 1 1 1 0 1 1 0 1 1 x
0.057943846588328 0 0 1 0 0 0 0 0 0 1 1 1 0 0 1 1 0 1 1 x
0.071049935684817 0 0 1 0 0 0 0 1 0 0 0 0 1 0 1 1 1 0 0 x
0.063528768541537 1 0 0 0 0 0 0 0 1 1 1 0 1 1 1 1 1 0 1 x
0.104526479517082 0 0 1 0 1 0 0 0 1 1 0 1 1 0 1 1 0 1 0 x
0.083464139741112 0 0 1 0 0 0 0 1 0 0 0 1 0 0 1 1 1 0 1 x
0.072449740177797 1 0 0 0 0 0 0 1 0 1 0 0 1 0 1 1 0 1 1 x
0.069062301452275 0 0 0 0 1 0 0 0 0 1 0 0 0 0 1 1 1 0 1 x
0.072036698223231 1 0 0 1 0 0 0 0 1 1 1 1 0 1 1 0 1 1 0 x
0.095596041458730 0 0 1 0 1 0 0 0 0 1 1 1 0 0 1 1 0 1 0 x
0.052619257572309 0 1 0 0 0 0 0 1 0 0 0 1 1 0 1 0 0 1 1 x
0.053430575966479 0 0 1 0 0 0 0 0 0 0 1 1 0 0 1 1 0 0 1 x
0.100282712081676 1 0 1 0 0 0 0 1 1 0 1 1 0 0 1 1 0 0 1 x
0.064376680695464 1 0 1 0 0 0 0 0 1 1 1 1 0 1 1 0 0 1 1 x
0.120953024330399 0 0 0 1 1 0 0 0 0 0 1 0 1 0 1 0 0 1 0 x
0.107721873478957 1 0 0 0 1 0 1 0 1 1 0 1 1 0 1 1 0 0 1 x
0.073909013767198 1 0 0 0 1 0 0 0 1 1 0 0 1 1 1 0 0 1 0 x
0.090071388841516 0 0 0 1 0 0 0 0 0 1 0 0 1 1 1 0 1 1 0 x
0.074659670213699 1 0 0 0 1 0 0 0 0 0 1 1 1 1 1 0 0 1 1 x
0.060065265330871 1 0 0 0 0 0 1 0 0 1 1 0 0 1 1 0 1 1 0 x
0.064951954447841 1 0 0 0 0 0 0 0 1 1 0 1 1 1 1 0 1 0 1 x
0.096276530605194 1 0 0 0 0 0 1 1 1 0 1 1 0 1 1 1 1 0 1 x
0.133895031496957 1 0 1 0 1 0 0 0 1 1 1 1 1 1 1 0 0 1 0 x
0.153202793394743 0 0 1 0 1 0 0 1 0 1 0 0 1 0 1 1 0 1 0 x
0.074086624642496 1 0 0 0 1 0 0 0 1 0 1 1 1 0 1 0 0 1 0 x
0.118459237532289 1 0 0 0 0 0 0 0 0 0 1 1 1 1 1 0 1 0 1 x
0.037107917647543 1 0 0 0 0 0 0 0 0 1 1 0 1 0 0 1 0 1 1 x
0.083059089742907 1 0 0 0 0 0 1 0 1 1 1 0 1 0 0 1 1 1 0 x
0.171418347495648 1 0 0 0 0 1 1 1 0 0 1 1 0 0 1 0 1 1 0 x
0.081850229427554 1 0 0 0 0 1 0 1 0 0 1 1 1 0 0 1 1 0 1 x
0.067460656373051 0 0 0 1 0 0 0 0 0 1 0 1 1 0 0 0 1 1 1 x
0.081328026525444 1 1 0 0 0 0 1 0 1 1 1 1 1 1 0 1 0 1 1 x
0.087180741948724 1 0 1 0 0 0 0 0 1 0 1 1 0 1 0 0 0 0 1 x
0.079010632844336 0 0 0 1 0 0 0 1 0 0 0 1 0 0 1 0 1 1 0 x
0.071518596173090 1 0 0 1 0 0 0 0 1 1 1 1 1 0 0 0 1 0 1 x
0.110875871405846 0 1 1 0 0 0 1 0 1 1 1 1 1 0 0 0 1 1 0 x
0.056420244669873 1 0 0 0 0 0 0 0 0 1 1 0 1 0 1 0 0 0 1 x
0.154666471903427 0 0 0 0 1 1 0 0 0 1 0 0 1 0 0 1 1 0 1 x
0.088331107393517 0 1 0 0 0 1 0 0 1 0 1 1 0 0 1 1 1 0 0 x
0.088602797152420 1 0 0 0 1 0 0 1 0 1 1 0 1 1 1 0 1 1 0 x
0.095663168417921 0 1 0 1 0 0 0 0 1 1 1 1 0 1 0 1 1 1 0 x
0.039481002325624 0 1 0 0 0 0 0 0 0 1 0 0 0 1 0 1 0 0 1 x
0.130169745398000 0 1 1 0 0 1 0 0 0 1 1 1 0 1 0 1 0 0 0 x
0.094464727756925 0 1 0 0 0 0 0 0 0 0 1 0 0 1 1 1 0 1 0 x
0.061813947954203 1 0 0 0 0 0 0 1 0 1 0 0 1 0 0 1 1 0 1 x
0.063718984076996 0 1 0 0 0 0 0 1 0 0 0 1 1 0 0 1 0 1 1 x
0.037373347147443 1 0 0 0 0 0 0 0 0 1 1 1 1 0 0 1 0 1 1 x
0.094706098070590 1 0 0 1 0 0 0 1 1 0 1 1 0 1 1 0 1 0 1 x
0.090533200248415 1 0 1 0 0 1 0 1 1 1 1 1 1 1 0 1 0 0 1 x
0.076902970761640 1 0 0 0 0 0 1 0 1 1 1 1 0 1 1 0 1 1 1 x
0.057463768823553 1 0 0 0 0 0 0 0 0 1 1 0 1 0 1 0 1 1 1 x
0.099192055406835 1 0 0 0 0 1 0 1 0 1 1 1 0 0 1 1 1 0 1 x
0.067975527934452 0 1 0 0 0 0 0 1 0 1 1 1 0 1 0 1 1 1 0 x
0.162650331072819 0 1 0 0 0 0 1 0 0 1 0 0 0 0 0 1 0 0 1 x
0.075670845419223 0 0 1 0 0 0 1 0 0 0 1 1 1 0 0 1 1 1 0 x
0.072208053297816 0 1 0 1 0 0 0 0 0 1 1 1 1 1 0 1 0 0 1 x
0.084460126936476 1 0 1 0 0 0 1 1 0 1 1 1 1 1 0 0 1 0 1 x
0.095375377672963 0 1 0 0 0 0 1 1 0 0 1 1 1 0 0 1 1 1 0 x
0.072722877373053 0 1 0 0 0 0 0 0 0 1 0 0 1 1 0 1 1 0 1 x
0.060473557579922 0 1 0 0 0 0 0 1 0 1 0 0 0 1 1 1 0 0 1 x
0.040001242616818 1 0 0 0 0 0 0 1 0 0 1 1 1 1 0 0 1 1 1 x
0.123840365043014 0 1 1 0 0 0 1 0 0 1 1 1 1 1 0 1 1 0 0 x
0.044427389373148 1 0 0 0 0 0 0 1 0 0 1 1 0 1 0 0 1 0 1 x
0.059473359907105 1 0 1 0 0 0 0 1 1 1 1 1 1 1 0 0 0 1 1 x
0.161879450481837 1 1 1 0 0 0 1 1 1 1 1 1 1 1 1 0 0 0 1 x
0.076407346240889 0 1 0 0 0 0 0 0 1 1 0 0 0 1 1 1 1 0 0 x
0.069362310861167 0 1 0 0 0 0 1 0 0 0 1 1 1 0 0 0 1 1 0 x
0.084778715071149 0 0 0 1 0 0 0 1 0 0 1 1 1 1 0 0 1 1 1 x
0.083734713303067 0 0 1 1 0 0 0 0 0 1 1 1 1 1 0 1 0 1 1 x
0.079252671593396 0 0 1 0 0 0 1 0 0 1 1 1 1 1 0 1 0 1 1 x
0.044926340660860 1 0 0 0 0 0 0 0 1 1 0 0 1 1 0 1 0 1 1 x
0.060439892900852 1 0 0 0 0 0 1 1 0 0 1 1 1 1 0 1 0 1 1 x
0.076421709027062 1 0 0 1 0 0 0 1 0 0 1 1 1 1 0 0 0 1 1 x
0.053698399395191 1 0 0 0 0 0 0 1 0 0 1 1 1 0 0 0 0 1 1 x
0.065171904033678 1 0 0 0 0 0 1 1 0 0 1 1 1 1 0 0 1 0 1 x
0.062905001382162 1 0 1 0 0 0 0 0 1 1 1 1 0 1 0 0 1 0 1 x
0.053948755810509 0 0 1 0 0 0 0 0 0 1 0 1 0 1 0 1 0 1 1 x
0.053930028110120 0 1 0 0 0 0 0 1 0 1 0 1 1 1 0 1 0 1 1 x
0.059521816796392 0 0 1 0 0 0 0 0 0 1 1 1 0 1 1 0 1 1 1 x
0.080812486621880 0 0 1 0 0 0 1 0 0 0 1 0 1 0 1 1 1 0 0 x
0.056120584842718 0 0 1 0 0 0 0 0 0 1 1 0 0 1 0 1 1 0 1 x
0.059413841171839 0 0 1 0 0 0 0 0 0 1 0 0 1 1 0 1 0 1 1 x
0.041842213987093 0 0 0 0 1 0 0 0 0 0 0 0 1 0 0 0 1 1 0 x
0.042102586222414 0 0 0 0 1 0 0 0 0 0 0 0 0 1 0 0 1 0 1 x
0.074728542601547 0 0 1 0 0 0 0 1 0 0 0 0 1 1 0 1 1 0 1 x
0.040269740930098 0 0 1 0 0 0 0 0 0 0 1 0 0 1 0 1 0 0 1 x
0.064259239607592 0 0 1 0 0 0 0 1 0 0 1 0 0 1 1 1 0 0 1 x
0.130675232235686 1 0 1 0 0 1 0 1 0 0 1 1 1 1 0 1 0 0 1 x
0.056160902517155 0 0 1 0 0 0 0 0 0 1 0 0 0 1 1 1 0 0 1 x
0.038493293495241 0 0 0 0 1 0 0 0 0 0 0 0 0 1 0 1 0 0 1 x
0.073835921877457 0 0 0 0 1 0 0 0 0 0 0 0 1 1 0 1 0 1 1 x
0.108603012053381 0 0 0 0 1 0 1 0 0 0 0 0 0 1 0 1 1 0 1 x
0.047893119222850 1 0 0 0 0 0 1 0 1 0 1 1 1 1 0 1 0 1 1 x
0.061527108087275 1 0 0 0 0 0 1 0 1 1 1 1 1 0 1 1 0 1 1 x
0.042095181397156 0 0 0 0 1 0 0 0 0 0 0 0 1 0 0 1 0 0 1 x
0.067929524795062 1 0 0 0 1 0 0 0 1 0 1 0 1 1 0 1 0 0 1 x
0.080400938203742 0 1 1 0 0 0 0 0 1 1 1 1 1 0 0 1 0 1 0 x
0.058090742216321 1 0 0 0 0 0 1 0 0 1 1 0 1 1 0 1 0 0 1 x
0.038547164617843 0 0 1 0 0 0 0 0 0 0 0 0 1 0 0 1 0 0 1 x
0.046391818382368 1 0 0 0 0 0 0 1 1 0 1 1 1 1 0 1 0 1 1 x
0.058111028810784 0 0 0 1 0 0 0 0 0 1 0 0 0 1 0 1 0 0 1 x
0.047679861486825 0 0 0 1 0 0 0 0 0 0 0 1 0 1 0 1 0 0 1 x
0.087494424027542 0 0 0 1 1 0 0 0 0 0 0 1 1 1 0 1 0 0 1 x
0.061145023707004 0 0 0 1 0 0 0 0 0 0 1 1 1 0 0 1 0 1 1 x
0.087716108380203 0 0 0 1 0 0 0 1 0 0 0 1 0 1 0 1 0 0 1 x
0.118463611909026 0 1 0 1 0 0 0 0 0 0 0 1 1 1 0 0 0 1 1 x
0.106408756860474 0 1 0 0 0 0 1 1 0 1 1 1 0 1 1 1 1 1 0 x
0.080043448062408 0 0 0 1 0 0 1 0 0 0 1 1 1 1 0 1 0 1 1 x
0.064109377863325 0 0 0 1 0 0 0 0 0 1 0 1 0 1 0 1 1 0 1 x
0.077944589405340 0 1 0 0 0 0 0 0 0 1 1 1 0 1 0 1 0 0 1 x
0.095391254640908 0 1 0 1 0 0 0 0 0 1 1 0 1 0 0 1 0 1 0 x
0.082909338262039 1 0 0 0 1 0 1 0 1 0 1 1 1 1 1 0 0 0 1 x
0.053547313339250 1 0 0 0 0 0 0 1 0 1 0 0 1 1 0 0 0 1 1 x
0.105053876303368 1 1 0 0 0 0 1 1 1 0 1 1 1 1 1 0 0 1 1 x
0.062706482936087 1 0 0 0 0 0 1 0 1 1 0 0 1 1 1 0 1 0 1 x
0.083599656955953 0 1 0 0 0 0 0 1 0 1 1 0 0 1 0 1 0 1 1 x
0.089203320436206 1 0 1 0 0 0 1 0 1 0 1 1 1 1 0 1 0 0 1 x
0.049264950385216 1 0 0 1 0 0 0 0 0 1 1 1 1 1 0 0 0 1 1 x
0.069042010132104 0 0 0 1 0 0 0 0 0 1 0 1 1 1 0 1 0 1 1 x
0.058848647918528 1 0 0 1 0 0 0 0 1 0 1 1 1 1 0 0 0 1 1 x
0.103614866150224 1 0 0 0 0 1 0 1 1 0 1 1 1 1 0 0 1 1 1 x
0.122711409963613 1 0 1 0 0 0 0 1 0 1 0 0 1 1 0 0 0 0 1 x
0.037097944582034 0 1 0 0 0 0 0 0 0 1 0 0 0 1 1 0 0 0 1 x
0.075637360979422 1 0 1 0 0 0 0 0 1 0 1 1 1 0 0 1 0 1 0 x
0.077535928614227 1 0 1 0 0 0 0 1 1 1 1 1 1 0 0 1 0 1 0 x
0.109472339536575 1 0 1 0 0 0 0 0 1 0 1 1 0 0 1 0 1 1 0 x
0.049147455227942 0 0 1 0 0 0 0 0 0 0 1 0 1 0 0 1 0 1 0 x
0.035342796495949 1 0 0 0 0 0 0 0 1 0 1 0 1 1 0 0 0 1 1 x
0.051140444575981 1 0 0 0 0 0 0 0 1 0 1 0 1 1 0 1 0 0 1 x
0.041450566765577 1 0 0 0 0 0 0 1 0 0 1 0 1 1 0 0 0 1 1 x
0.118871178817475 0 0 1 1 0 0 0 0 1 1 1 1 0 1 1 1 0 1 1 x
0.061019026130887 1 0 1 0 0 0 0 0 1 1 1 1 1 1 0 1 0 1 1 x
0.069211970370080 0 1 0 0 0 0 0 1 1 0 0 1 0 1 1 0 1 0 1 x
0.050532050768083 1 0 0 1 0 0 0 0 1 1 1 1 1 1 1 0 0 1 1 x
0.049276484553440 0 0 1 0 0 0 0 0 0 0 1 1 1 0 0 1 0 1 1 x
0.036258098443888 0 0 1 0 0 0 0 0 0 0 0 0 0 1 0 1 0 0 0 x
0.095987078621698 0 0 1 0 1 0 0 0 0 0 0 0 1 1 0 1 0 0 0 x
0.040132999027949 0 0 1 0 0 0 0 0 0 0 0 0 1 0 0 1 1 0 0 x
0.077702482129167 0 0 1 0 0 0 1 0 0 0 0 0 0 1 0 1 1 0 0 x
0.048182857295488 0 0 1 0 0 0 0 0 0 0 0 0 1 1 0 1 0 0 1 x
0.108261222445876 0 0 1 0 0 0 0 1 0 0 0 0 0 1 0 1 0 0 0 x
0.046204604371798 0 1 0 0 0 0 0 0 0 0 0 1 1 0 0 1 0 1 0 x
0.038805074191907 1 0 0 0 0 0 0 0 0 1 1 0 0 1 0 0 1 1 0 x
0.073156061085734 1 0 1 0 0 0 0 0 0 1 1 1 0 1 0 0 0 1 0 x
0.034700223593328 1 0 0 0 0 0 0 0 0 1 1 0 1 1 0 0 0 1 1 x
0.075857314857110 1 0 0 0 1 0 0 0 1 0 1 0 1 1 0 0 1 1 0 x
0.056928723657248 1 0 0 0 0 0 1 0 0 1 1 1 0 1 0 1 1 1 0 x
0.134876772473649 0 1 0 0 1 0 0 0 0 1 0 0 0 1 0 1 0 0 0 x
0.054737571226493 0 0 1 0 0 0 0 0 0 0 0 0 0 0 0 1 0 1 0 x
0.112477721560313 0 1 0 0 0 1 1 0 0 0 1 1 1 0 0 1 1 0 0 x
0.078787215362910 1 0 0 0 1 0 0 1 0 1 1 1 1 0 0 1 1 1 0 x
0.142504433916184 0 0 1 0 1 0 1 0 0 1 0 1 1 1 1 1 0 1 0 x
0.068725162272639 1 0 0 1 0 0 0 1 0 1 1 1 1 1 0 0 1 1 0 x
0.035804799284953 1 0 0 0 0 0 0 0 1 0 1 1 1 0 0 1 0 1 1 x
0.052310303592950 0 0 0 1 0 0 0 0 0 0 0 1 1 0 0 0 1 1 0 x
0.085486887692332 0 0 0 1 0 0 1 0 0 0 0 1 0 1 0 1 1 0 0 x
0.055556218962656 0 0 0 1 0 0 0 0 0 1 0 0 0 1 0 0 1 1 0 x
0.065680190955881 1 0 0 1 0 0 0 0 1 1 1 1 1 0 0 1 1 1 0 x
0.054899729917525 0 0 0 0 1 0 0 0 0 0 0 0 1 0 0 1 1 0 0 x
0.127867670361757 1 0 1 0 0 1 0 1 0 1 1 1 1 1 1 0 1 0 1 x
0.068142939138524 0 1 0 0 0 0 1 0 0 1 1 1 1 1 0 1 1 1 1 x
0.137551846836541 1 1 0 1 0 0 1 1 1 1 1 1 1 1 1 0 0 0 1 x
0.054007271399976 1 0 0 0 0 0 0 1 0 1 1 1 0 1 0 1 1 1 0 x
0.044788507726902 0 0 1 0 0 0 0 0 0 0 1 0 0 1 0 0 1 1 0 x
0.125342117371750 1 0 1 0 0 1 1 0 0 1 1 1 1 1 0 1 0 0 1 x
0.118298415600981 0 0 1 0 0 0 1 1 0 0 1 1 0 1 1 1 1 0 1 x
0.132126706746124 1 0 1 1 0 0 0 1 1 1 1 1 1 1 0 0 1 1 0 x
0.080430151434787 1 0 1 0 0 0 0 1 0 1 1 1 0 1 0 0 1 1 0 x
0.108860835826158 1 0 1 0 0 0 1 0 1 0 1 0 1 1 0 0 1 0 0 x
0.120275948649261 0 0 0 1 0 0 1 0 0 0 1 1 1 0 0 0 1 1 0 x
0.065619154774205 0 1 0 0 0 0 1 0 0 0 1 1 0 1 0 1 0 1 0 x
0.097291490948883 0 0 0 1 0 0 0 0 1 0 0 1 0 0 0 1 1 0 0 x
0.114492854716678 1 1 0 0 0 0 1 0 1 1 0 1 1 1 1 0 0 1 1 x
0.103410731103328 0 1 0 0 0 0 1 1 1 0 1 1 1 1 1 1 0 1 1 x
0.057015465573517 0 1 0 0 0 0 0 1 0 1 0 0 1 1 1 0 0 1 1 x
0.040011799647930 1 0 0 0 0 0 0 1 0 0 1 1 0 1 1 0 0 1 1 x
0.119050085552048 0 1 0 0 1 0 0 1 1 1 1 1 1 0 1 1 1 1 0 x
0.060557699927222 1 0 0 0 1 0 0 0 0 0 1 1 1 0 0 1 0 1 0 x
0.059292763059518 0 0 0 1 0 0 0 0 0 0 0 1 0 1 0 1 0 1 0 x
0.097328753894630 0 0 1 1 0 0 0 0 0 0 1 1 0 1 0 1 0 1 0 x
0.038353586930972 1 0 0 0 0 0 0 0 1 0 1 1 0 1 0 1 0 1 1 x
0.112750799025213 1 0 0 0 1 0 0 0 0 0 1 0 0 1 0 0 0 1 0 x
0.066268321555449 1 0 0 0 1 0 0 1 0 0 1 1 1 1 0 1 0 0 1 x
0.049982116953249 1 0 0 0 0 0 0 1 0 0 0 1 1 1 0 1 0 0 1 x
0.034322544548769 1 0 0 0 0 0 0 0 1 0 0 1 1 1 0 0 0 1 1 x
0.066187563230553 1 0 0 0 1 0 0 0 1 0 0 1 1 1 0 1 0 0 1 x
0.064655069438727 1 0 0 0 0 0 1 0 0 1 1 0 1 1 0 1 1 1 0 x
0.085321664277420 0 0 1 0 0 0 0 0 1 1 0 1 1 0 0 1 1 1 1 x
0.077800762315581 0 0 0 0 1 0 0 1 0 0 0 0 1 1 0 1 1 0 1 x
0.060564202446422 1 0 0 0 0 0 0 1 1 0 0 0 1 1 0 0 1 0 1 x
0.051035228121439 1 0 0 0 0 0 0 0 1 0 1 1 0 1 0 0 1 1 0 x
0.054461998930197 1 0 0 0 0 0 0 0 1 0 0 0 1 1 0 1 0 1 0 x
0.047651394601867 1 0 0 0 0 0 0 0 1 1 0 0 1 1 0 0 1 1 0 x
0.116982863378307 1 1 0 0 1 0 0 1 1 1 1 1 1 1 1 0 0 1 1 x
0.054889552614204 0 0 1 0 0 0 0 0 1 0 0 0 0 1 0 1 1 0 0 x
0.058047436628693 1 0 0 0 0 1 0 0 1 0 0 1 1 1 0 1 0 0 1 x
0.080252293675403 1 0 0 1 0 0 0 0 1 0 0 1 1 1 0 1 0 0 1 x
0.081386846456777 1 0 0 0 0 1 0 1 1 0 0 1 1 1 1 1 0 0 1 x
0.078883378765796 0 1 0 0 0 0 1 0 1 0 0 1 1 0 1 0 1 0 1 x
0.057413643920880 0 0 0 1 0 0 0 0 0 1 0 0 1 0 0 1 1 0 1 x
0.068713763840247 1 0 0 0 0 1 0 0 1 1 1 1 0 1 0 1 1 1 0 x
0.130563317780197 1 0 1 0 0 1 0 0 1 1 0 1 0 1 0 1 0 0 0 x
0.141130651773001 1 0 1 0 1 0 1 1 1 1 1 1 1 1 0 1 0 0 0 x
0.060349616499845 0 1 0 0 0 0 0 1 0 0 1 1 0 0 1 0 1 0 1 x
0.076239387292388 1 0 0 0 0 0 1 1 0 1 1 0 1 1 1 0 0 1 1 x
0.049656112107773 1 0 0 0 1 0 0 0 0 1 1 1 1 0 1 0 0 1 1 x
0.070027270918410 0 0 0 1 0 0 0 1 0 0 0 1 0 1 1 0 1 0 1 x
0.076815260090232 0 1 1 0 0 0 0 0 1 1 1 1 1 1 0 0 1 1 0 x
0.076631533329616 0 0 0 1 0 0 0 0 1 0 0 1 0 1 0 0 1 1 0 x
0.051914426956194 1 0 0 0 0 0 0 1 1 0 0 1 1 1 0 1 1 0 1 x
0.105542322055441 0 0 1 0 0 0 0 1 1 1 0 0 1 1 1 1 0 1 1 x
0.074829150594173 0 1 0 1 0 0 0 0 0 1 1 0 1 1 1 0 0 0 1 x
0.036305500906560 1 0 0 0 0 0 0 0 1 0 0 1 0 1 0 1 0 0 1 x
0.053993587965994 1 0 0 0 0 0 0 0 1 0 0 0 0 1 0 0 1 1 0 x
0.051660453994142 1 0 0 0 0 0 0 0 1 1 0 0 0 1 0 1 1 0 0 x
0.036849729102503 1 0 0 0 0 0 0 0 0 1 0 0 0 1 0 1 0 0 1 x
0.065481874579560 0 0 0 0 1 0 0 0 0 0 0 0 0 0 0 1 1 0 1 x
0.080228987648968 0 0 0 0 1 0 0 0 0 0 0 0 0 1 1 0 1 1 0 x
0.072986715109952 0 0 0 1 0 0 0 0 0 0 0 1 0 1 0 0 1 0 0 x
0.057306486098268 1 0 0 0 1 0 0 1 0 1 1 1 1 1 1 0 0 1 1 x
0.061993197010304 1 0 0 0 0 0 1 0 1 0 0 1 1 1 0 1 1 0 1 x
0.086752401851608 0 1 0 0 0 0 1 0 1 0 0 1 1 0 0 1 1 1 0 x
0.057549749133868 0 1 0 0 0 0 1 0 0 0 0 1 1 1 0 0 0 1 1 x
0.060743579665742 1 0 0 0 0 1 0 0 0 1 0 0 1 1 0 1 0 0 1 x
0.102714848740156 1 1 0 0 0 0 1 1 0 1 1 1 1 1 0 1 0 1 1 x
0.102230060774621 1 0 0 1 0 0 0 1 1 0 1 1 1 1 0 1 1 1 0 x
0.075972644475141 1 0 0 0 0 1 0 0 1 1 0 1 1 0 1 1 1 0 1 x
0.056498771894732 1 0 0 0 0 0 0 1 1 0 0 0 1 1 1 0 0 1 1 x
0.096208539108381 0 1 1 0 0 0 1 0 0 1 1 1 1 1 0 0 0 1 1 x
0.112302377246386 1 0 0 0 1 0 1 1 0 1 1 1 1 0 1 0 1 1 0 x
0.052625652238140 1 0 0 0 0 0 0 1 1 0 0 1 0 1 1 0 1 0 1 x
0.108416074339522 1 0 1 0 1 0 0 1 1 1 1 1 1 1 1 0 0 0 1 x
0.071651374223301 1 0 0 1 0 0 0 0 1 1 0 1 1 1 0 0 1 1 0 x
0.058625469569692 0 0 1 0 0 0 0 0 0 0 1 0 0 1 0 1 1 0 0 x
0.067753029430226 0 0 1 0 0 0 0 0 0 0 1 0 1 0 0 0 1 1 1 x
0.059293609744409 0 0 1 0 0 0 0 0 1 0 0 0 0 1 0 1 0 0 1 x
0.042053447190327 1 0 0 0 0 0 0 0 1 0 0 0 1 0 0 1 0 0 1 x
0.101339695894312 0 0 1 0 0 0 0 1 1 0 0 0 1 0 1 1 1 0 1 x
0.136961955900909 0 0 1 0 0 1 0 0 0 0 0 0 0 1 0 1 0 0 0 x
0.050151373748366 1 0 0 0 0 1 0 0 0 1 1 1 0 1 1 0 0 1 1 x
0.043924447351585 1 0 0 0 0 1 0 0 0 1 1 1 1 1 0 1 0 1 1 x
0.074859861715075 0 1 0 0 0 1 0 0 0 1 1 0 0 1 1 1 0 0 1 x
0.073283606094382 1 0 0 0 0 1 0 0 0 1 0 1 0 1 0 0 1 0 1 x
0.148863621312869 1 0 1 0 0 0 0 0 1 0 0 0 1 0 0 1 0 0 0 x
0.064828981633486 0 0 1 0 0 0 0 0 1 0 0 1 0 1 0 1 0 1 0 x
0.087743671405426 0 0 0 0 1 0 0 1 0 0 0 1 1 1 0 0 1 1 1 x
0.056865377449399 1 0 0 0 0 1 0 0 0 1 1 1 0 1 1 1 0 0 1 x
0.083591033270081 0 0 1 0 0 0 1 0 0 0 1 1 0 1 0 1 0 1 0 x
0.050483602473359 0 0 0 1 0 0 0 0 0 0 0 0 1 1 0 1 0 0 1 x
0.105369406653729 0 1 0 0 0 0 0 0 1 0 1 1 0 0 1 0 1 0 0 x
0.104942665171100 0 1 0 0 0 1 0 0 1 0 0 1 0 1 0 1 0 0 1 x
0.065077785217985 0 1 0 0 0 0 0 1 0 0 0 1 1 1 0 0 1 1 1 x
0.066987712828183 0 0 1 0 0 0 0 1 0 0 1 0 0 1 1 0 1 0 1 x
0.112702581216156 0 1 0 0 0 0 0 0 0 0 0 0 0 0 0 0 0 1 0 x
0.064073239108681 0 1 0 0 0 0 1 0 0 0 1 1 1 0 0 1 0 1 1 x
0.044077006544047 0 1 0 0 0 0 0 0 1 0 0 0 1 1 0 1 0 0 1 x
0.056991164778976 0 1 0 0 0 0 0 1 0 0 1 0 1 1 0 1 0 0 1 x
0.070404293720368 0 1 0 0 0 0 0 0 0 0 1 0 1 0 0 1 0 0 0 x
0.064427576013509 0 1 0 0 0 0 0 1 0 0 1 0 0 1 1 0 0 0 1 x
0.037669682904225 0 0 1 0 0 0 0 0 0 0 0 1 0 0 0 1 1 0 0 x
0.050685518073965 0 0 1 0 0 0 0 0 0 0 0 1 1 0 0 1 0 1 0 x
0.065248945063787 0 1 0 0 0 0 0 1 1 0 0 0 1 1 1 1 0 0 1 x
0.054798005066125 0 1 0 0 0 0 1 0 0 0 0 1 1 1 0 1 0 0 1 x
0.094353038697289 0 1 0 0 1 0 0 1 0 1 1 0 1 1 1 1 0 0 1 x
0.052190788520501 1 0 0 0 0 0 0 1 0 1 0 1 1 0 0 1 1 1 0 x
0.050972919092664 1 0 0 0 0 0 0 0 1 1 0 0 0 1 1 0 0 0 1 x
0.140471275977310 0 1 0 1 1 0 0 1 1 1 1 1 1 1 0 1 0 1 0 x
0.084519638978126 0 0 0 1 0 0 0 1 0 0 0 1 1 1 0 1 1 1 0 x
0.051393401831959 0 1 0 0 0 0 0 0 1 1 0 1 1 1 0 1 0 1 1 x
0.060454500117733 1 0 0 0 0 1 0 0 1 0 1 1 0 1 1 0 1 0 1 x
0.034560963897548 0 1 0 0 0 0 0 0 0 0 0 1 1 0 0 1 0 0 1 x
0.051682451141222 0 0 1 0 0 0 0 0 0 1 0 0 0 1 0 0 1 0 1 x
0.175185242489255 0 1 0 0 0 1 0 0 1 1 1 0 0 0 0 1 1 0 0 x
0.089171601897850 0 1 1 0 0 0 0 0 1 1 0 1 1 1 0 0 0 1 1 x
0.108832816136584 0 1 0 0 1 0 0 1 1 1 0 1 1 1 1 1 0 1 0 x
0.080783919939699 0 0 0 1 0 1 0 0 0 0 0 1 1 1 0 1 0 0 1 x
0.093554354694274 1 0 0 1 0 1 0 0 0 1 1 1 1 1 0 1 0 0 1 x
0.077255662851874 0 1 0 0 1 0 0 0 0 0 1 0 1 1 0 1 0 0 1 x
0.043639778751263 0 1 0 0 0 0 0 0 0 1 1 0 0 1 1 0 0 1 1 x
0.072964274443778 1 0 0 0 0 0 0 0 1 0 0 0 1 1 0 1 0 1 1 x
0.041878820959468 1 0 0 0 0 0 0 0 1 0 0 1 0 0 0 1 0 1 0 x
0.069405470906024 1 0 0 0 1 0 0 0 1 1 0 1 1 1 0 1 0 1 0 x
0.041551843518952 1 0 0 0 0 0 0 0 1 0 0 1 0 0 0 1 1 0 0 x
0.035990555372243 1 0 0 0 0 0 0 0 1 0 0 1 1 0 0 0 1 0 1 x
0.064402943986122 1 0 0 0 0 1 0 0 0 1 0 1 1 0 0 1 0 0 1 x
0.034724875065738 1 0 0 0 0 0 0 0 0 1 0 0 1 0 0 1 0 1 0 x
0.068382787560606 1 0 0 1 0 0 0 0 0 1 1 1 0 1 0 1 0 1 0 x
0.137066689344710 0 1 0 1 0 1 0 0 0 1 1 1 1 1 1 1 0 0 1 x
0.036193881903399 0 1 0 0 0 0 0 0 0 0 1 0 0 1 0 1 0 0 1 x
0.048923067827854 0 1 0 0 0 0 0 0 0 1 1 0 0 1 1 0 1 0 1 x
0.051220035883170 1 0 0 0 0 1 0 0 1 1 1 1 1 1 1 1 0 1 1 x
0.053793958204726 0 0 0 1 0 0 0 0 0 0 0 1 1 0 0 1 0 0 1 x
0.047071366520856 1 0 0 0 0 0 0 0 1 1 0 0 0 1 0 1 0 1 0 x
0.033616285268939 1 0 0 0 0 0 0 0 0 0 1 1 0 0 0 1 0 1 0 x
0.049384327694002 1 0 0 0 0 0 0 1 0 0 1 0 1 0 0 1 0 1 0 x
0.048529209235179 1 0 0 0 0 0 0 1 0 0 1 0 1 1 0 0 1 1 0 x
0.071002983435849 1 0 0 0 0 1 0 1 0 0 1 1 1 1 0 1 0 1 0 x
0.052969794793245 1 0 0 0 0 0 0 0 1 0 1 0 0 0 0 1 0 1 0 x
0.052601360342624 1 0 0 0 0 0 0 1 0 0 1 1 0 0 0 1 1 1 0 x
0.057536915481949 1 0 0 0 0 0 1 0 0 0 1 1 1 0 0 1 0 1 0 x
0.041054979744653 0 0 1 0 0 0 0 0 0 0 0 1 0 1 0 0 1 0 1 x
0.091801552848515 0 0 0 0 1 1 0 0 0 0 0 1 0 1 1 1 0 0 1 x
0.100769700286499 0 1 0 1 0 0 0 1 1 1 1 0 1 1 1 1 0 0 1 x
0.065778012764509 1 0 0 0 0 1 0 0 0 1 0 1 1 1 0 1 0 1 0 x
0.035879241041713 0 0 1 0 0 0 0 0 0 0 0 0 0 1 0 0 1 0 0 x
0.103239952246742 0 0 0 1 0 0 1 0 0 1 1 1 1 1 1 1 1 1 1 x
0.055193018572309 1 0 0 0 0 0 0 1 0 0 0 1 1 1 0 0 1 1 0 x
0.053513773107504 0 1 0 0 0 0 0 0 1 1 0 0 0 1 1 1 0 0 1 x
0.051658004148471 0 1 0 0 0 0 0 0 0 1 0 1 1 1 0 0 1 1 1 x
0.043521306891598 0 0 1 0 0 0 0 0 0 0 0 1 0 0 0 0 1 1 0 x
0.154373937091128 0 1 0 0 1 1 0 0 0 0 0 1 1 1 0 1 0 0 1 x
0.081687263115582 1 0 0 1 0 0 0 1 0 1 0 1 1 1 0 0 1 0 1 x
0.137039304955881 0 1 1 0 1 0 0 1 1 1 1 1 1 1 0 1 0 1 0 x
0.075546200458708 0 0 0 0 1 0 0 0 0 1 0 0 1 1 0 1 1 0 1 x
0.035328473863570 1 0 0 0 0 0 0 0 0 1 0 0 1 1 0 0 0 0 1 x
0.134308486728365 0 0 1 1 0 0 0 0 0 1 0 0 0 1 0 1 1 0 0 x
0.038026071780691 0 0 1 0 0 0 0 0 0 0 0 1 1 0 0 0 1 0 1 x
0.076674332619691 1 0 1 0 0 0 0 1 1 1 0 1 1 1 0 0 1 0 1 x
0.061205028913147 0 1 0 0 0 0 0 0 1 1 0 1 1 0 0 1 1 1 0 x
0.053568627568258 1 0 0 0 0 0 0 1 0 1 0 0 1 1 0 1 0 1 0 x
0.067583329579746 0 0 1 0 0 0 0 0 0 0 1 1 1 0 0 0 1 1 0 x
0.072515544266489 0 0 1 0 0 0 0 0 0 1 1 0 0 1 0 1 0 1 0 x
0.090797271173160 0 0 0 0 1 0 0 0 1 0 0 0 1 1 0 1 0 0 1 x
0.107973107799455 1 0 1 0 0 0 1 1 1 0 1 1 1 0 0 1 1 0 0 x
0.044974890577041 1 0 0 0 0 0 0 1 0 0 0 1 1 0 0 0 1 0 1 x
0.067354327329134 0 1 0 0 0 0 1 0 0 1 1 0 1 1 1 1 0 0 1 x
0.114974866174001 0 0 0 1 0 1 0 0 0 1 0 1 0 1 1 1 1 0 1 x
0.089735714623782 1 0 0 0 1 0 0 1 1 0 1 0 1 1 1 0 0 0 1 x
0.089636435706224 0 1 0 1 0 0 0 1 0 0 1 1 1 1 0 0 1 0 1 x
0.061697769304266 0 0 0 1 0 0 0 0 0 1 0 0 1 1 0 0 1 0 1 x
0.115037353881882 1 1 0 0 1 0 1 1 1 1 1 1 1 1 0 1 0 0 1 x
0.043277353007831 1 0 0 0 0 0 0 0 0 1 1 0 0 0 0 1 1 0 0 x
0.101092309387310 0 1 0 0 0 1 0 0 1 0 0 1 0 0 1 1 0 1 0 x
0.049863601089249 0 1 0 0 0 0 0 0 1 1 0 0 1 1 1 0 0 1 1 x
0.053359950147406 1 0 0 0 0 0 0 1 0 1 1 0 1 0 0 1 1 1 0 x
0.101474587295635 1 0 0 0 1 1 0 0 0 1 1 1 1 1 1 0 1 0 1 x
0.066024570968008 1 0 0 0 0 0 0 0 1 0 1 1 0 1 0 1 0 1 0 x
0.040078323039645 1 0 0 0 0 0 0 0 1 0 1 1 0 0 0 1 1 0 1 x
0.038235051530967 1 0 0 0 0 0 0 0 0 0 1 0 1 0 0 0 1 1 0 x
0.097619271403909 1 0 0 1 0 0 1 0 0 1 1 1 1 1 0 1 1 0 1 x
0.055539291015613 1 0 0 0 0 1 0 0 0 0 1 1 1 0 0 1 0 1 0 x
0.077323452753528 0 0 1 0 0 0 1 0 0 0 1 0 1 1 0 0 1 0 1 x
0.041483011634620 0 0 1 0 0 0 0 0 0 0 0 1 0 0 0 1 0 0 1 x
0.036680955669938 1 0 0 0 0 0 0 0 1 0 0 1 0 1 0 0 1 0 1 x
0.073510296831717 1 0 0 0 0 1 0 0 1 1 0 0 1 1 1 0 0 0 1 x
0.078399389542068 1 0 0 0 1 0 0 1 0 1 0 1 1 1 0 0 1 0 1 x
0.070867287589205 1 0 0 0 0 0 1 0 1 1 0 0 1 1 1 1 0 1 0 x
0.072309905068950 0 0 1 0 0 1 0 0 0 0 1 1 1 0 1 1 0 0 1 x
0.061679193891230 1 0 0 0 0 1 0 0 0 1 1 1 1 1 0 0 1 1 0 x
0.097627292433628 0 0 0 1 1 0 0 0 0 0 1 0 1 1 0 1 0 0 1 x
0.028143387614483 1 0 0 0 0 0 0 0 0 0 1 1 0 0 0 1 0 0 1 x
0.052347204826270 1 0 0 0 0 1 0 0 0 0 1 1 0 1 0 1 0 0 1 x
0.142888017907069 0 1 1 0 0 1 0 0 0 0 1 1 1 0 1 1 0 0 0 x
0.100038575176733 0 1 0 1 0 0 1 0 0 1 1 1 1 1 0 1 0 1 0 x
0.061021613149447 1 0 0 0 0 0 1 0 0 0 1 1 0 0 0 1 1 0 0 x
0.080769800795150 0 0 1 0 0 0 0 1 0 1 1 0 1 0 1 1 1 0 1 x
0.057532865378288 1 0 0 0 0 0 1 0 1 0 0 1 1 1 0 0 1 1 0 x
0.070084084573780 0 0 0 1 0 0 0 0 0 1 0 0 1 0 0 1 0 1 0 x
0.091507991379945 0 0 1 0 0 1 0 0 0 1 1 1 0 1 1 1 0 1 1 x
0.073819055736339 1 1 0 0 0 0 0 1 1 1 1 1 0 1 1 1 0 0 1 x
0.130796631898930 1 1 0 1 0 0 0 1 1 1 1 1 1 1 0 1 0 0 1 x
0.047197103887183 1 0 0 0 0 0 1 0 0 0 0 1 1 1 0 0 0 1 1 x
0.083238808576362 1 0 0 0 0 0 1 1 1 0 0 1 1 1 1 0 0 1 1 x
0.080330697037920 0 1 1 0 0 0 0 0 1 1 1 0 1 1 0 1 0 0 1 x
0.039839978386893 1 0 0 0 0 0 0 0 0 0 1 1 0 0 0 0 0 1 1 x
0.170269775286081 0 1 1 1 0 0 0 0 1 1 1 1 1 1 0 1 0 1 0 x
0.105277374160818 0 1 0 0 1 0 1 0 0 1 1 1 1 1 0 1 1 0 0 x
0.034172243038529 0 1 0 0 0 0 0 0 0 0 1 0 1 0 0 1 0 0 1 x
0.077688225926494 0 1 0 1 0 0 0 0 0 1 1 1 1 0 0 0 1 0 1 x
0.079600317494901 0 0 1 0 0 0 1 0 0 0 0 1 1 0 0 1 1 0 1 x
0.071508882726967 1 0 0 0 0 1 0 0 1 0 1 1 0 0 1 1 0 0 1 x
0.063888111904866 1 0 0 0 0 0 1 0 0 1 0 0 1 0 0 1 1 0 0 x
0.071312011955764 1 0 0 0 0 1 0 0 1 0 0 1 1 0 0 1 1 0 0 x
0.084325871870525 0 0 0 0 1 0 0 0 0 0 0 1 1 0 0 1 0 1 0 x
0.054052694842021 0 0 0 1 0 0 0 0 0 0 1 0 1 1 0 0 0 1 1 x
0.146391986888024 0 0 0 1 1 0 0 0 1 0 0 0 1 1 0 0 1 1 0 x
0.073225378326010 1 0 0 0 1 0 0 0 0 1 0 1 1 0 0 0 1 1 0 x
0.040890835899624 0 0 0 0 1 0 0 0 0 0 0 0 0 1 1 0 0 0 1 x
0.043909571273614 0 0 1 0 0 0 0 0 0 0 1 0 0 1 1 0 0 0 1 x
0.063072101255673 0 0 0 1 0 0 0 0 0 1 0 1 0 0 0 1 1 1 0 x
0.038570962244767 0 1 0 0 0 0 0 0 0 0 1 0 1 1 0 0 0 1 1 x
0.147108247303832 0 0 1 1 0 1 0 0 0 1 1 1 1 1 1 1 0 0 1 x
0.062995336833877 0 0 0 0 1 0 0 0 0 0 0 0 1 1 0 0 0 0 1 x
0.048285427812261 0 1 0 0 0 0 0 0 0 1 1 0 1 1 0 1 0 1 1 x
0.058660626980557 0 0 0 0 1 0 0 0 0 0 1 0 0 1 1 0 0 1 1 x
0.032864140009836 1 0 0 0 0 0 0 0 0 1 0 1 0 1 0 0 0 1 1 x
0.049857281563259 1 0 0 0 0 0 1 0 0 1 0 1 1 1 0 1 0 1 1 x
0.088241012057433 1 0 0 0 1 0 0 0 1 1 0 1 0 1 1 0 0 1 1 x
0.044814312728151 1 0 0 0 0 0 0 1 0 1 0 1 0 1 1 0 0 1 1 x
0.041031579414689 1 0 0 0 0 0 0 0 0 1 0 1 0 0 0 0 1 0 1 x
0.044924356342214 1 0 0 0 0 0 0 0 0 0 0 1 0 0 0 1 0 0 1 x
0.064474964686018 1 0 0 1 0 0 0 0 0 1 1 1 0 1 0 0 1 0 1 x
0.121920315610591 0 1 1 0 0 0 0 0 1 0 0 1 1 0 0 1 0 0 1 x
0.085845850406814 0 1 1 0 0 0 0 0 0 1 1 0 1 1 1 0 0 0 1 x
0.068759960114974 0 0 1 0 0 0 0 0 1 1 1 0 1 1 1 1 0 1 1 x
0.097265980883343 0 0 1 0 0 0 1 0 0 0 0 1 0 0 1 0 1 0 0 x
0.046350308692544 1 0 0 0 0 0 0 0 1 0 0 0 1 0 0 0 1 1 0 x
0.043618903245911 1 0 0 0 0 1 0 0 0 0 1 1 1 1 0 0 0 1 1 x
0.053175913523858 1 0 0 0 0 1 0 0 0 1 1 0 1 1 1 0 0 1 1 x
0.098874416304859 0 0 1 0 1 0 0 0 0 1 1 0 0 1 1 1 0 0 1 x
0.082503701874421 0 0 0 0 1 0 0 1 0 0 0 1 0 1 1 0 1 0 1 x
0.083380125893912 1 0 0 0 0 1 1 0 1 0 1 1 1 1 1 1 0 0 1 x
0.073578978641263 0 0 0 1 0 0 0 0 0 0 1 0 1 1 0 0 1 1 0 x
0.052776937281319 1 0 0 0 0 0 1 0 0 0 1 0 1 1 0 0 0 1 1 x
0.162393724521743 0 0 0 1 1 1 0 0 0 0 1 1 1 1 1 1 0 0 1 x
0.058563476325449 1 0 0 0 0 1 0 0 0 0 1 1 0 1 0 0 1 1 0 x
0.104377962112452 0 1 0 0 0 1 1 0 0 1 0 1 1 1 1 1 0 0 1 x
0.081830559440729 0 0 1 0 0 0 1 0 0 1 1 0 1 1 1 1 0 1 1 x
0.064168574986993 0 1 0 0 0 0 0 1 0 1 1 0 1 0 1 1 1 0 1 x
0.068392668475338 0 1 0 0 0 0 0 1 0 0 0 1 0 1 0 1 1 0 1 x
0.052392832794573 1 0 0 0 0 0 0 1 1 0 0 1 1 0 1 1 0 0 1 x
0.049482094661098 1 0 0 0 0 0 1 0 0 0 1 1 1 1 0 0 1 1 1 x
0.095699178814847 1 0 0 1 0 0 1 0 1 1 0 1 1 1 0 1 0 1 0 x
0.113004925189259 0 1 1 0 0 0 0 1 1 1 1 0 0 1 1 1 0 0 0 x
0.094642898702707 0 1 0 0 1 0 0 1 0 1 1 1 1 1 0 1 1 1 0 x
0.038416934016751 0 1 0 0 0 0 0 0 0 0 1 0 1 0 0 0 1 1 0 x
0.130303386075079 1 1 0 0 0 0 1 0 1 0 1 1 0 1 1 1 0 0 1 x
0.075375742645634 1 1 0 0 0 0 0 1 1 1 1 1 1 1 1 0 1 0 1 x
0.104481531885673 1 1 0 0 0 1 0 1 0 1 1 1 0 1 1 0 0 0 1 x
0.087322850847965 1 1 0 0 0 1 0 0 1 1 1 1 1 1 0 0 1 0 1 x
0.156222077759494 1 1 1 0 0 1 0 1 1 1 1 1 1 1 0 0 0 0 1 x
0.071251283896582 1 0 0 0 0 0 0 1 1 1 0 0 1 0 1 1 1 0 0 x
0.054732596874045 0 0 0 0 1 0 0 0 0 0 0 1 0 0 1 1 0 0 1 x
0.066931466689695 0 0 0 0 1 0 0 0 0 0 1 0 1 1 0 0 1 1 1 x
0.117877083912378 1 0 1 0 1 0 0 1 0 1 1 1 1 1 0 0 0 1 0 x
0.105397550718449 1 0 1 0 0 0 0 0 1 1 0 1 0 1 0 0 0 0 1 x
0.065684531941983 1 0 1 0 0 0 0 1 1 1 1 1 1 1 0 1 1 0 1 x
0.091721379422028 0 1 0 1 0 0 0 0 1 0 1 0 1 1 0 1 0 0 1 x
0.061635784373444 0 0 0 0 1 0 0 0 0 1 0 0 0 1 1 0 0 1 1 x
0.081846678518816 0 0 0 1 0 0 1 0 0 0 0 1 1 1 1 1 0 0 1 x
0.078481098644907 1 0 0 0 0 0 0 0 0 1 0 0 0 0 0 1 0 0 0 x
0.090895261788987 1 0 1 0 0 0 0 0 1 1 1 1 0 1 0 1 1 1 0 x
0.114824991879339 0 1 0 1 0 0 0 1 1 0 0 1 1 1 0 1 1 0 0 x
0.056484141760744 1 0 0 0 1 0 0 0 0 1 1 1 1 0 0 1 1 0 1 x
0.063658364998188 1 0 0 0 1 0 0 0 0 0 1 1 1 0 0 0 1 0 1 x
0.073327482250018 0 1 1 0 0 0 0 1 1 1 1 1 1 1 1 0 0 1 1 x
0.082875373263691 0 1 1 0 0 0 0 0 1 1 1 1 0 1 0 0 1 0 1 x
0.035825382189812 1 0 0 0 0 0 0 0 0 1 1 1 0 0 0 1 1 0 1 x
0.070374537110479 1 0 0 0 1 0 0 0 0 1 1 0 1 0 0 1 1 0 0 x
0.103766428272352 1 0 1 0 0 1 0 0 0 1 1 1 1 0 0 1 0 1 0 x
0.049227511525912 1 0 0 0 0 1 0 0 0 1 1 1 1 0 1 0 1 0 1 x
0.039417080801773 1 0 0 0 0 0 0 0 0 1 0 0 1 0 0 0 1 0 1 x
0.107425057590855 0 0 0 1 1 0 0 0 0 0 0 1 0 1 1 0 0 0 1 x
0.053619180817541 0 0 1 0 0 0 0 0 0 1 1 0 0 1 1 0 0 1 1 x
0.051941278679558 1 0 0 0 0 0 0 0 1 1 0 0 1 0 0 1 1 1 0 x
0.087556929468302 1 0 0 0 0 1 1 0 0 1 1 1 1 0 1 1 1 0 0 x
0.043995283708990 1 0 0 0 0 0 0 0 0 1 0 1 0 1 0 0 1 1 0 x
0.050938266411959 0 1 0 0 0 0 0 1 0 0 1 1 0 1 1 0 0 1 1 x
0.082030311185223 1 0 0 1 0 0 0 0 1 1 0 1 0 1 0 1 1 0 0 x
0.132949816327504 0 0 1 1 0 0 0 1 0 0 1 1 1 1 1 1 0 1 0 x
0.092269434627645 0 1 0 0 0 0 0 1 1 1 1 1 1 1 0 1 1 1 1 x
0.069798245284719 1 0 0 0 0 0 1 0 1 0 1 0 1 0 1 1 1 0 0 x
0.045177096500484 0 1 0 0 0 0 0 0 0 0 0 1 1 1 0 0 0 1 1 x
0.058230001996757 0 1 0 0 0 0 0 1 0 0 1 0 1 0 1 0 1 1 0 x
0.123709146041219 1 0 0 0 1 0 1 0 1 0 0 1 1 0 0 1 1 0 0 x
0.057589276872359 0 0 1 0 0 0 0 0 0 1 0 1 0 1 0 0 1 1 0 x
0.084837907774784 0 1 1 0 0 0 0 0 1 1 1 1 0 1 1 0 0 1 0 x
0.165442788665048 1 1 0 0 0 1 1 1 1 1 1 1 1 1 1 1 1 0 0 x
0.077405593354222 1 1 0 0 0 0 0 1 1 1 1 0 1 1 1 0 0 1 1 x
0.075797296044329 1 0 1 0 0 0 0 1 1 1 1 1 1 0 1 1 0 1 1 x
0.060345365325360 0 1 0 0 0 0 1 0 0 0 1 0 1 1 0 0 1 0 1 x
0.069329631117289 1 1 0 0 0 0 1 0 1 1 1 1 1 1 0 0 1 0 1 x
0.048155649824743 0 0 0 1 0 0 0 0 0 0 1 0 0 1 0 0 1 0 1 x
0.067095489869291 0 0 0 1 0 0 0 0 0 1 1 0 0 1 0 1 1 0 1 x
0.103141724695679 0 0 1 1 0 0 0 0 0 1 0 1 1 0 0 1 0 1 0 x
0.053453073516909 0 0 0 1 0 0 0 0 0 0 1 0 0 1 1 0 0 1 1 x
0.096538279683699 0 0 0 1 0 1 0 0 0 0 1 1 0 1 1 0 0 1 1 x
0.052311177176593 0 0 1 0 0 0 0 0 0 1 0 1 1 0 1 0 0 1 1 x
0.086216721206824 0 0 1 0 0 0 0 1 0 1 0 1 1 0 1 0 1 1 1 x
0.078470083627370 0 0 0 1 0 0 0 1 0 0 1 1 0 1 1 1 0 1 1 x
0.065276511731009 0 0 1 0 0 0 0 0 1 0 1 1 0 1 1 0 0 1 1 x
0.053245673717430 0 0 1 0 0 0 0 0 0 1 0 0 0 0 0 1 1 0 0 x
0.068680467781283 1 0 0 0 0 0 1 0 1 0 0 1 0 0 1 1 1 0 0 x
0.061203060199391 0 0 1 0 0 0 0 1 0 0 1 0 1 1 1 0 0 1 1 x
0.049052226509499 1 0 0 0 0 0 1 0 0 0 1 1 0 1 0 0 1 0 1 x
0.080905037570695 0 0 1 0 1 0 0 0 0 1 0 1 1 1 0 1 0 0 1 x
0.045892607807740 1 0 0 0 0 0 1 0 0 1 0 1 1 1 1 0 0 1 1 x
0.054900064516403 1 1 0 0 0 0 0 1 1 1 1 1 1 0 1 0 0 1 1 x
0.029665244937055 1 0 0 0 0 0 0 0 0 0 1 0 1 0 0 1 0 0 1 x
0.100185398872801 0 0 1 0 1 0 0 0 0 1 0 1 0 1 1 0 0 0 1 x
0.061353002674675 1 1 0 0 0 0 0 1 1 1 1 1 1 1 0 0 1 1 1 x
0.128057160347058 1 1 0 0 1 0 0 1 0 1 1 1 1 1 0 0 1 0 1 x
0.063649789365126 1 1 0 0 0 0 0 0 1 1 1 1 0 1 0 0 0 1 1 x
0.064554725589310 1 1 0 0 0 0 0 1 1 1 1 1 0 1 1 0 0 1 1 x
0.090696096098839 0 0 1 1 0 0 0 0 0 1 1 1 0 1 1 0 0 1 0 x
0.038287970128783 1 0 0 0 0 0 0 0 0 1 0 1 1 1 0 0 0 1 1 x
0.079949464534865 1 0 0 0 1 0 0 0 0 1 1 0 1 0 0 1 0 0 1 x
0.085100865665731 1 0 1 0 0 0 0 1 1 1 1 0 1 1 0 1 1 0 0 x
0.090548685957608 0 0 0 1 0 0 1 0 0 0 1 1 0 1 1 0 0 1 1 x
0.034062662455843 1 0 0 0 0 0 0 0 0 0 1 0 0 1 0 0 0 0 1 x
0.065034140586738 0 0 1 0 0 0 0 0 1 0 0 1 1 0 1 1 0 0 1 x
0.056105638682314 0 1 0 0 0 0 0 0 0 1 1 0 1 0 0 0 1 0 1 x
0.031100929730803 1 0 0 0 0 0 0 0 0 0 1 1 0 1 0 0 0 1 1 x
0.077022724815732 0 0 1 0 0 0 0 1 1 0 1 1 1 1 1 1 0 1 1 x
0.125589020863297 1 1 0 0 0 1 1 0 0 1 1 1 1 1 0 0 0 1 1 x
0.096481369712466 0 1 0 0 1 0 0 0 0 0 1 0 0 1 1 0 0 0 1 x
0.035777550436107 1 0 0 0 0 0 0 0 0 0 1 0 1 0 0 0 0 1 0 x
0.057772107193395 1 0 0 0 0 0 0 0 0 0 1 0 0 0 0 0 1 0 0 x
0.069082690458868 0 1 1 0 0 0 0 0 1 1 1 1 1 0 1 0 0 1 1 x
0.107870272732275 0 1 0 1 0 0 0 0 1 1 0 0 0 1 1 1 0 0 0 x
0.072673665154978 1 1 0 0 0 0 0 0 1 1 1 1 0 0 0 1 0 1 0 x
0.100256778615525 1 0 0 0 1 0 1 0 0 1 1 1 1 1 0 0 1 1 1 x
0.115524689360686 0 0 0 1 1 0 0 0 0 1 0 1 1 0 0 1 1 0 0 x
0.065762870585835 0 0 0 0 1 0 0 0 0 0 0 1 1 0 0 1 1 0 1 x
0.095085235983150 0 1 0 1 0 0 0 1 1 0 1 1 1 1 1 0 0 1 1 x
0.099011692811199 0 0 1 0 0 0 1 0 1 0 1 1 1 0 1 1 0 1 1 x
0.092144634691865 1 0 1 0 0 0 1 0 0 1 1 1 1 0 0 1 1 0 0 x
0.103186310535674 1 1 0 0 0 0 0 0 0 1 1 1 0 0 0 0 1 0 1 x
0.126361438894919 0 1 0 0 1 0 1 0 0 1 1 0 1 0 1 1 1 0 0 x
0.077973024459151 0 1 0 0 0 0 1 1 0 0 1 1 1 1 0 1 1 0 1 x
0.079804002494110 0 1 0 0 1 0 0 0 0 1 1 1 1 0 0 1 0 1 0 x
0.096609354522525 0 0 0 0 1 0 1 0 0 0 0 1 0 1 1 0 0 1 1 x
0.065543664244801 1 0 0 0 0 1 0 0 0 0 1 0 1 1 0 0 0 0 1 x
0.082897166854315 1 0 0 0 0 0 1 1 0 1 0 0 1 1 1 0 1 1 0 x
0.060755669248134 1 0 0 0 1 0 0 0 0 1 1 1 0 0 1 1 0 0 1 x
0.173907301573716 0 0 1 0 1 1 0 0 0 1 0 1 1 0 1 1 0 0 1 x
0.160078605562110 0 0 1 1 1 0 0 0 0 1 1 1 1 1 0 1 0 1 0 x
0.120026126622359 1 0 1 0 0 1 0 1 1 0 1 1 1 1 1 0 0 1 0 x
0.044788164519935 0 0 1 0 0 0 0 0 0 0 0 1 0 1 1 0 0 0 1 x
0.114220899871790 0 0 1 1 0 0 0 0 0 0 0 1 0 1 1 0 0 0 1 x
0.114363942197370 1 0 0 0 1 1 0 0 1 1 0 1 1 1 0 1 1 0 0 x
0.045281508835012 0 0 0 1 0 0 0 0 0 0 0 1 0 1 0 0 0 1 1 x
0.087698046023682 0 0 0 0 1 0 0 1 0 0 0 0 0 1 1 0 0 1 1 x
0.093754679781234 0 1 0 0 1 0 0 0 1 0 0 1 1 0 1 1 0 0 0 x
0.080871186420090 0 0 0 1 0 0 1 0 0 0 0 1 1 1 0 0 1 0 1 x
0.090451580135315 0 1 0 1 0 0 0 0 1 1 1 0 1 1 0 0 1 0 1 x
0.061884939353297 0 0 0 1 0 0 0 0 0 1 0 1 0 1 1 0 0 1 1 x
0.087404569704655 1 1 0 0 0 1 0 0 1 1 1 1 1 0 1 0 0 0 1 x
0.046391049689209 1 0 0 0 0 0 0 0 1 0 0 1 1 0 0 1 0 1 0 x
0.073423378617794 1 0 1 0 0 0 0 0 1 1 1 1 1 0 0 0 1 1 1 x
0.064677936068078 0 1 0 0 0 0 1 0 0 1 0 1 1 1 0 0 1 0 1 x
0.052534774596238 1 0 0 0 0 0 0 1 0 1 0 1 0 1 0 0 1 1 0 x
0.049878115224576 0 0 0 1 0 0 0 0 0 0 0 1 0 0 0 0 1 0 1 x
0.106555919946917 1 0 1 0 0 1 0 0 1 1 1 1 0 1 1 0 1 0 0 x
0.054692819612697 1 0 0 0 0 0 1 0 0 1 0 1 0 1 1 1 0 0 1 x
0.119365290282793 1 1 0 0 0 1 0 0 1 1 1 1 0 0 1 0 1 1 0 x
0.038994964117468 0 0 0 0 1 0 0 0 0 0 0 0 0 0 1 0 0 1 0 x
0.071482256107046 0 0 0 0 1 0 0 0 1 0 0 0 0 0 1 0 1 1 0 x
0.040053002352796 0 0 0 1 0 0 0 0 0 0 0 0 0 1 1 0 0 1 0 x
0.079141589620028 0 0 0 1 0 0 0 1 0 0 0 0 0 1 1 0 0 1 0 x
0.071693494561406 0 0 0 1 0 0 0 0 1 0 0 0 0 1 1 0 0 1 0 x
0.039206860107559 1 0 0 0 0 0 0 0 0 1 0 0 0 1 1 0 0 1 0 x
0.038720219011830 0 0 1 0 0 0 0 0 0 0 0 0 0 1 1 0 0 1 0 x
0.051990218927627 0 0 1 0 0 0 0 0 0 1 0 0 0 1 1 0 0 1 0 x
0.120137222708452 0 0 1 0 1 0 0 0 1 0 0 0 0 1 1 1 0 0 0 x
0.068968621916883 1 0 0 0 0 1 0 0 1 0 0 1 0 1 1 0 0 1 0 x
0.075003027478049 1 0 0 1 0 0 0 0 0 1 0 1 0 1 1 0 0 0 1 x
0.127485678865558 1 0 1 0 1 0 0 1 0 1 1 1 1 0 1 0 1 0 0 x
0.046783857188604 1 0 0 0 0 0 0 0 1 0 0 1 0 0 1 0 0 0 1 x
0.030701962991582 0 0 1 0 0 0 0 0 0 0 0 0 0 0 1 1 0 0 0 x
0.106216480585437 0 0 1 0 0 1 0 0 0 0 0 1 0 0 1 0 1 0 0 x
0.059322322879544 0 0 1 0 0 0 0 0 1 0 0 1 0 0 1 1 0 1 0 x
0.058886544908818 0 0 0 0 1 0 0 0 0 0 1 0 0 1 0 0 1 0 1 x
0.038548634121354 1 0 0 0 0 0 0 0 1 0 0 0 0 1 1 0 0 1 0 x
0.088409643904829 1 0 0 1 0 0 0 0 1 0 0 1 0 1 1 0 0 1 0 x
0.030915331953138 1 0 0 0 0 0 0 0 0 0 1 0 0 0 1 0 0 1 0 x
0.048468802981877 1 0 0 0 0 0 0 1 0 0 1 0 0 1 1 0 0 1 0 x
0.077519854175396 0 1 0 0 0 1 0 0 0 1 0 1 0 1 1 0 1 0 1 x
0.034413354851677 0 0 1 0 0 0 0 0 0 0 0 0 1 0 1 0 0 1 0 x
0.045374079116152 0 0 1 0 0 0 0 0 0 0 0 0 1 0 0 0 1 1 0 x
0.044902118022732 1 0 0 0 0 0 0 1 0 0 0 0 1 0 1 0 0 1 0 x
0.037433763292137 1 0 0 0 0 0 0 0 1 0 0 0 1 0 1 0 0 1 0 x
0.076855577168790 0 0 1 0 1 0 0 0 0 1 1 1 1 1 0 1 0 1 1 x
0.086555459376733 0 0 1 0 0 0 0 0 0 0 0 0 0 0 1 0 0 0 0 x
0.074628173539821 0 0 1 0 0 0 0 0 0 0 0 0 1 0 1 1 0 1 0 x
0.043047697430767 0 0 1 0 0 0 0 0 0 0 1 0 1 1 0 0 0 1 1 x
0.030542789799391 1 0 0 0 0 0 0 0 0 0 0 0 1 1 0 0 0 1 0 x
0.055938690772369 0 0 1 0 0 0 0 0 0 1 1 0 1 1 0 0 1 1 1 x
0.049997366241693 0 0 1 0 0 0 0 0 0 0 0 1 1 0 1 0 0 1 1 x
0.042356858185963 0 0 1 0 0 0 0 0 0 0 1 0 0 1 0 0 1 0 1 x
0.058724973493169 0 0 1 0 0 0 0 0 0 1 1 0 1 0 0 1 0 1 1 x
0.081903162948924 0 0 1 0 0 0 1 0 0 0 1 0 1 1 1 0 0 1 0 x
0.051735743472840 1 0 0 0 0 1 0 0 0 0 1 1 0 1 1 0 0 0 1 x
0.037233563962735 0 0 1 0 0 0 0 0 0 0 0 0 1 1 0 0 0 1 0 x
0.080084236268724 0 0 1 0 0 0 0 1 0 1 1 1 1 1 0 1 1 1 1 x
0.079182392385850 0 0 1 0 1 0 0 0 0 0 1 1 1 1 1 0 0 0 1 x
0.050047067738581 1 0 0 0 1 0 0 0 1 1 1 1 1 1 0 1 0 1 1 x
0.069956629584521 1 0 0 0 0 1 0 0 0 0 0 0 1 1 0 0 0 1 0 x
0.055468379346706 0 0 1 0 0 0 0 0 0 1 0 0 1 1 1 0 0 1 1 x
0.075609224359093 1 0 0 1 0 0 0 0 1 1 0 1 1 0 1 0 1 0 1 x
0.044638225874558 1 0 0 0 0 0 0 1 0 0 1 0 1 0 1 1 0 0 1 x
0.050204166344667 1 0 0 0 0 0 0 1 0 1 1 0 0 1 1 1 0 0 1 x
0.039763398083466 1 0 0 0 0 0 0 0 1 0 1 0 0 0 1 1 0 0 1 x
0.050334876126037 0 0 0 0 1 0 0 0 0 0 0 0 1 0 0 0 0 1 1 x
0.082926803582446 0 0 0 1 0 1 0 0 0 0 1 1 1 1 0 1 1 0 1 x
0.075806207514342 0 0 0 1 0 0 0 1 0 0 0 1 1 0 0 1 1 0 1 x
0.046725019809540 0 1 0 0 0 0 0 0 0 1 0 1 0 1 1 0 0 1 1 x
0.066364263674014 0 0 1 0 0 1 0 0 0 0 1 1 1 1 1 0 0 1 1 x
0.092604918444727 0 0 1 0 0 1 0 0 1 0 1 1 1 1 0 1 0 1 1 x
0.055167103709767 0 0 0 0 1 0 0 0 0 0 0 0 1 0 1 0 0 1 0 x
0.045322222528853 1 0 0 0 0 0 0 0 0 0 0 0 1 0 0 0 0 1 0 x
0.060270768607664 1 0 0 0 0 0 0 1 0 0 1 1 0 0 0 1 0 1 1 x
0.074170258477359 1 0 0 0 0 1 0 1 0 0 1 0 1 1 1 0 0 1 0 x
0.088398445997060 1 0 1 0 0 0 0 1 0 1 1 0 1 1 1 0 0 1 0 x
0.042592699836475 0 0 0 0 1 0 0 0 0 0 0 0 1 0 0 0 1 0 1 x
0.088994764794461 0 0 0 0 0 0 0 1 0 0 0 1 0 1 0 0 1 1 1 x
0.061103779188681 1 0 0 1 0 0 0 0 1 0 1 1 1 1 0 0 1 0 1 x
0.044192405464170 0 1 0 0 0 0 0 0 0 0 0 1 0 1 0 0 1 0 1 x
0.042222942625504 0 0 0 0 1 0 0 0 0 0 0 0 0 0 1 1 0 0 1 x
0.042017923839059 1 0 0 0 0 0 0 1 0 0 0 0 1 1 1 0 0 0 1 x
0.052929093397884 1 0 0 0 0 0 1 0 0 0 0 0 1 1 0 0 1 0 0 x
0.057304747077985 1 0 0 0 0 0 1 0 0 0 0 0 1 1 1 0 0 1 0 x
0.045160021660321 0 1 0 0 0 0 0 0 0 0 1 0 0 1 0 0 1 1 0 x
0.086647678421113 0 0 0 1 1 0 0 0 0 0 1 1 1 1 0 0 1 0 1 x
0.069236602372373 0 0 1 0 0 0 0 0 0 0 1 0 0 1 1 0 1 0 0 x
0.059086981697017 1 0 0 0 0 0 0 1 1 1 1 1 1 1 1 1 1 1 1 x
0.051326803662057 0 0 0 0 1 0 0 0 0 0 0 0 0 1 0 0 0 1 1 x
0.046819618367700 1 0 0 0 0 0 0 0 1 1 0 1 0 0 1 1 0 0 1 x
0.048177586081638 0 1 0 0 0 0 0 0 1 0 0 0 1 0 0 1 1 0 0 x
0.074473372567041 0 0 0 1 0 0 0 0 0 1 0 0 0 1 1 1 0 1 0 x
0.050643806799643 0 0 0 1 0 0 0 0 0 0 0 0 1 1 0 0 0 1 0 x
0.048386245091965 1 0 0 0 0 0 1 0 0 0 1 1 0 0 1 1 0 0 1 x
0.074739220805376 1 0 0 0 0 0 1 0 0 1 0 0 1 1 0 0 0 1 0 x
0.117301374673198 0 0 1 0 1 0 1 0 0 0 1 1 1 1 0 1 0 0 1 x
0.055290887506070 1 0 0 0 0 1 0 0 1 1 0 1 1 1 1 0 0 1 1 x
0.053341443577836 1 0 0 0 0 0 1 0 0 0 1 0 0 1 1 0 0 0 1 x
0.045565154107838 0 0 1 0 0 0 0 0 0 0 0 1 0 1 0 0 0 1 1 x
0.059742103529682 1 0 0 0 0 0 0 1 1 0 0 1 0 0 1 1 0 1 0 x
0.087800300260243 0 1 0 0 1 0 0 0 0 0 1 0 1 1 0 0 1 0 1 x
0.064109924173394 0 1 0 0 0 1 0 0 0 0 1 1 1 0 1 0 0 1 1 x
0.079630910498645 0 1 0 0 0 1 0 0 0 0 1 1 0 0 1 0 1 1 0 x
0.070014258739133 0 1 0 0 0 1 0 0 0 1 0 0 1 1 1 0 0 0 1 x
0.035381140263769 1 0 0 0 0 0 0 0 0 1 1 0 0 0 1 1 0 0 1 x
0.080528522093454 0 1 0 0 0 1 0 0 0 1 1 0 1 0 1 0 1 0 1 x
0.055722296023159 1 0 0 0 1 0 0 0 1 0 1 1 1 1 0 0 0 1 1 x
0.059420522595839 0 1 0 0 0 0 0 0 1 1 0 0 0 1 1 0 1 1 0 x
0.042842431535316 1 0 0 0 0 0 0 0 1 0 0 0 0 0 1 1 0 0 0 x
0.107904679020091 1 0 0 0 1 0 0 0 1 0 1 0 0 0 1 1 0 0 0 x
0.046678060044283 1 0 0 0 0 0 0 1 0 0 0 0 1 0 0 1 1 0 0 x
0.083671610069773 1 0 0 0 0 1 0 1 0 0 1 1 1 1 0 1 1 0 0 x
0.040684311020215 1 0 0 0 0 0 0 0 1 0 0 0 1 0 0 1 1 0 0 x
0.058196539746906 0 1 0 0 0 0 0 1 0 1 0 1 0 1 1 0 1 0 1 x
0.041750985714084 0 0 1 0 0 0 0 0 0 0 0 0 0 0 0 1 1 0 0 x
0.050118628436687 0 1 0 0 0 0 0 0 1 0 0 0 1 1 0 0 1 1 0 x
0.049706619559256 0 0 1 0 0 0 0 0 0 0 0 0 1 0 0 1 0 0 0 x
0.048732134144015 0 0 0 1 0 0 0 0 0 0 0 1 0 0 1 0 0 1 0 x
0.133536438150981 0 0 1 0 1 0 0 1 1 1 1 1 1 1 1 1 0 1 1 x
0.048274443177058 0 1 0 0 0 0 0 0 1 0 0 0 0 1 0 1 1 0 0 x
0.101853523347749 1 0 0 0 1 1 0 0 0 0 1 1 1 1 0 1 0 0 1 x
0.047918164788428 1 0 0 0 0 0 1 0 0 0 1 1 1 0 0 1 1 0 1 x
0.081509716875958 1 0 0 0 1 0 0 1 1 0 1 1 1 1 0 1 1 0 1 x
0.115052881948454 1 0 0 1 0 1 0 0 1 1 1 1 1 1 1 0 1 1 0 x
0.082330887669060 1 1 0 0 0 0 1 0 1 1 1 1 0 1 0 0 1 1 0 x
0.048144626195653 0 1 0 0 0 0 0 0 1 0 0 1 0 1 0 0 1 1 0 x
