0.391296118497849 0 0 1 0 1 1 1 1 1 0 1 0 1 1 0 0 0 1 1
0.324655473232269 0 1 1 0 1 0 1 0 0 0 0 1 0 1 0 0 0 1 0
0.276983946561813 0 0 1 0 1 0 1 0 1 0 0 0 1 1 1 0 1 1 1
0.323128968477249 1 1 0 1 0 0 1 0 0 1 1 0 1 0 1 1 0 1 1
0.151943415403366 1 1 0 0 0 1 1 0 1 1 1 1 1 1 1 0 0 0 0
0.377660989761353 0 0 0 1 1 1 1 1 0 0 1 0 1 1 1 0 0 1 1
0.120271101593971 1 0 0 1 0 0 1 0 0 1 0 1 0 1 1 0 0 0 0
0.246429532766342 0 0 1 0 1 0 1 0 1 1 0 0 1 1 0 1 0 1 1
0.323480755090714 0 1 1 1 1 1 0 0 0 1 1 1 0 1 0 0 0 1 0
0.327897608280182 0 0 0 0 1 1 1 1 1 1 1 1 0 1 1 1 1 0 1
0.489662319421768 0 0 1 1 1 1 1 0 1 0 1 1 1 1 1 1 1 1 1
0.599437236785889 0 0 1 0 1 0 1 1 0 1 0 0 0 0 0 0 0 0 0
0.261596143245697 1 0 1 1 0 1 0 0 0 1 1 0 0 1 1 0 0 1 0
0.187861531972885 0 0 0 1 1 0 1 1 1 0 1 1 1 1 1 1 0 0 0
0.203011661767960 0 1 0 0 0 0 1 0 1 1 1 0 0 0 0 1 0 1 0
0.515178918838501 1 1 1 1 0 0 0 1 1 0 0 0 0 1 0 0 0 1 1
0.501706540584564 0 1 0 1 1 1 0 1 0 0 0 1 0 0 0 0 0 1 0
0.099459923803806 0 0 0 0 1 0 0 0 0 0 1 1 1 0 0 1 1 1 0
0.115637034177780 1 0 0 1 0 0 1 1 1 1 1 1 0 1 1 0 0 1 0
0.221616312861443 1 1 0 0 1 0 1 1 1 0 0 0 1 1 1 0 1 0 0
0.331815361976624 1 0 1 1 1 1 0 1 1 1 0 0 0 1 1 1 0 0 0
0.294719666242599 1 0 0 1 0 1 0 0 1 0 0 0 1 0 0 0 0 1 0
0.340039014816284 1 1 0 1 1 0 1 0 1 0 0 1 0 1 0 0 0 1 0
0.132674515247345 0 1 0 0 1 1 0 0 0 0 0 1 1 1 0 1 0 0 0
0.189426630735397 0 0 0 0 0 0 0 1 1 1 0 0 0 1 1 1 0 0 1
0.280975949894820 1 1 0 0 0 1 1 0 1 0 1 0 0 1 0 1 1 0 1
0.165145064136893 1 1 0 0 0 0 1 1 0 1 1 1 0 0 1 1 1 1 0 x
0.113338783642392 0 0 1 0 1 0 0 1 0 0 0 1 1 1 0 1 0 1 0 x
0.224028917723473 0 0 0 0 0 0 1 0 1 1 1 1 1 1 0 1 1 1 0 x
0.260566618995790 0 0 1 0 0 1 1 1 1 1 1 1 1 0 0 1 0 1 0 x
0.253468028672425 1 0 1 1 0 0 0 0 0 1 0 0 1 1 0 1 1 0 0 x
0.121627789774266 0 1 1 0 0 0 0 1 0 1 0 1 1 1 1 0 1 0 0 x
0.365687237212578 0 1 1 1 1 0 1 0 1 0 1 1 0 0 0 1 0 1 0 x
0.108797235012036 0 0 1 0 0 0 0 1 1 1 1 1 0 1 1 1 1 1 0 x
0.154082469018025 0 1 0 0 1 0 0 1 1 1 1 0 1 0 1 1 1 1 0 x
0.079741222536609 0 1 0 0 1 0 0 0 1 1 1 1 1 1 0 0 1 1 0 x
0.064249988776025 1 0 0 0 1 0 0 0 0 1 0 1 1 0 1 0 0 1 0 x
0.130904123401801 1 1 0 0 0 0 0 0 1 1 1 1 0 1 1 1 0 0 0 x
0.096606205994572 0 1 0 0 0 0 0 0 1 0 1 1 0 1 1 0 0 1 0 x
0.108457619776179 0 1 0 0 1 0 0 1 1 1 1 1 1 1 1 0 0 1 0 x
0.115506249104930 0 1 1 0 0 0 0 0 1 0 0 1 1 1 1 0 0 0 0 x
0.329046148565092 0 1 1 0 1 0 1 0 1 0 0 1 1 0 0 0 0 0 0 x
0.175383655732784 1 1 0 0 0 0 0 1 0 1 0 1 1 1 1 1 0 1 0 x
0.399408047323246 0 0 0 0 1 0 1 1 1 1 1 1 0 0 1 0 0 1 0 x
0.100115860872869 1 0 0 0 1 0 0 0 0 1 1 0 1 1 1 1 0 1 0 x
0.230144175616964 0 0 0 0 1 0 0 0 0 0 1 1 1 1 1 0 1 0 0 x
0.231256632446208 1 1 0 1 0 0 1 0 0 1 1 1 1 1 1 0 1 0 0 x
0.263760880926476 1 1 1 1 0 0 1 1 1 1 1 1 0 1 1 1 0 0 0 x
0.232194913423713 1 0 1 0 0 0 0 0 0 1 0 1 0 1 1 1 1 1 0 x
0.106359762873606 0 1 0 0 0 0 0 1 1 1 1 0 0 1 0 1 1 1 0 x
0.208821014942654 0 1 1 0 0 0 0 0 0 0 1 1 0 1 1 0 1 1 1 x
0.178248021856625 1 0 0 0 0 0 0 1 1 1 1 1 1 1 1 1 0 0 0 x
0.169629751881882 1 1 0 0 1 0 0 1 0 1 0 1 1 0 0 1 0 1 0 x
0.116909038771872 0 1 1 0 0 0 0 1 1 1 1 0 1 0 1 0 1 1 0 x
0.168494790057660 0 1 1 0 1 0 0 0 1 1 1 0 1 1 0 0 1 1 0 x
0.125827272567178 0 0 0 1 0 0 0 1 1 0 1 1 0 1 1 1 1 0 0 x
0.253590929151157 0 0 0 0 0 1 0 0 0 1 0 1 1 0 1 1 0 0 0 x
0.069405470906024 1 0 0 0 1 0 0 0 1 1 0 1 1 1 0 1 0 1 0 x
0.585096034919211 0 0 0 0 0 0 1 1 1 1 1 0 0 1 0 0 0 0 0 x
0.110665407217681 1 1 0 0 0 1 0 0 1 1 0 1 1 0 1 0 0 1 0 x
0.496088412390059 1 1 0 0 1 1 0 1 1 1 0 0 0 0 0 0 0 0 0 x
0.132132678334659 0 0 0 1 1 0 0 0 1 1 1 1 1 1 1 0 0 1 0 x
0.066583958202008 1 0 0 0 0 0 0 1 0 1 0 1 1 1 0 1 1 1 1 x
0.159434621777198 1 1 0 0 0 0 0 0 0 1 0 1 1 1 1 0 0 1 1 x
0.125894347315030 1 0 1 0 0 0 0 1 1 1 1 1 1 0 1 1 1 1 1 x
0.151711224485386 1 0 0 1 0 0 1 1 1 1 1 1 0 0 1 0 1 1 0 x
0.144639535121501 1 0 0 1 1 0 0 0 1 1 1 1 1 1 1 0 1 1 0 x
0.077139983597253 1 0 0 1 0 0 0 1 0 1 1 1 0 1 0 1 0 1 0 x
0.210037781828522 1 0 0 1 0 0 1 1 1 1 0 1 0 1 1 1 0 1 1 x
0.088334883517770 0 1 0 0 1 0 0 0 0 1 1 1 1 1 1 0 1 1 0 x
0.229319703029082 0 0 0 0 0 0 0 1 1 1 1 1 1 1 0 1 1 1 1 x
0.179082666964326 1 0 0 0 1 0 1 0 0 0 1 0 1 1 1 1 0 1 1 x
0.091260579333385 1 0 0 0 0 0 0 1 1 1 1 0 0 1 1 0 0 1 1 x
0.143557246465128 0 1 0 0 1 0 0 0 0 1 1 0 0 1 0 0 0 1 1 x
0.156890336819164 1 0 0 0 1 0 0 0 0 1 1 0 0 0 0 1 0 1 1 x
0.213163202154030 1 0 1 0 0 0 1 1 0 1 1 0 0 1 0 1 0 1 1 x
0.284317540744909 1 1 0 0 1 0 0 1 0 1 1 0 0 1 1 1 0 1 1 x
0.047830111312264 1 0 0 0 0 0 0 0 1 1 1 0 1 0 1 0 1 1 1 x
0.319316560289114 1 0 0 1 1 0 1 1 0 0 0 1 1 1 0 1 1 1 0 x
0.109975813617430 0 1 1 0 0 0 0 0 1 0 1 1 1 0 1 1 0 0 0 x
0.146274098600120 1 0 0 1 0 0 0 0 0 1 1 1 0 1 0 0 0 0 0 x
0.085095286012929 1 1 0 0 0 0 0 0 1 1 0 1 1 1 0 0 1 0 1 x
0.053097619586454 1 0 0 0 0 0 0 0 1 1 0 0 1 1 0 0 1 1 1 x
0.099729861027438 0 0 1 1 0 0 0 0 1 1 1 1 0 1 1 1 0 1 0 x
0.193795077708039 1 0 0 1 0 0 1 1 1 1 0 1 0 1 0 1 1 0 1 x
0.097023584935469 1 0 0 0 0 1 0 0 1 1 1 1 1 0 0 0 1 1 0 x
0.087348395447510 0 1 0 0 0 0 0 0 1 1 0 0 1 0 0 0 1 0 1 x
0.140620426008043 1 1 0 0 0 1 0 0 1 1 1 0 1 0 0 0 1 0 1 x
0.226554859764519 0 0 0 0 0 0 0 1 1 1 1 1 0 1 0 1 1 1 1 x
0.144232808884927 1 0 0 0 0 0 0 0 1 1 1 1 1 0 1 0 0 0 1 x
0.084088511720908 1 0 0 0 0 0 1 0 1 1 0 1 1 1 0 1 1 1 1 x
0.211875043312236 1 0 1 0 1 0 0 0 1 1 0 1 1 1 0 0 1 1 1 x
0.061462083995405 0 1 0 0 0 0 0 0 1 1 1 1 0 1 1 1 1 0 1 x
0.048010532243076 1 0 0 0 0 0 0 0 1 0 1 0 1 0 0 1 0 1 0 x
0.099215262242482 0 1 1 0 0 0 0 0 1 1 1 1 0 1 1 1 0 1 0 x
0.207077141818770 0 1 0 0 0 0 0 0 0 0 1 1 1 1 1 1 1 0 0 x
0.136547026245158 0 0 0 1 0 0 0 0 0 1 1 1 0 1 0 1 0 1 0 x
0.088790446121822 1 0 0 0 0 0 0 0 0 1 1 0 1 1 0 1 1 1 0 x
0.110276473333655 0 1 0 1 0 0 0 0 1 1 1 1 0 1 1 1 0 0 0 x
0.105028840261002 1 0 0 1 0 0 0 0 1 1 1 1 0 1 1 1 0 0 0 x
0.200267073072173 0 0 0 1 0 0 0 1 0 1 1 1 0 1 1 1 0 0 0 x
0.071337160561957 0 1 0 0 0 1 0 0 0 1 0 1 1 1 0 0 0 1 1 x
0.317806818594877 0 0 0 1 0 0 1 0 1 1 1 1 0 1 1 0 0 0 0 x
0.161249976047757 0 1 1 0 0 1 0 0 1 1 0 1 1 1 1 1 0 0 1 x
0.119186320623628 0 1 0 0 0 0 0 0 0 0 1 1 1 1 0 1 0 1 0 x
0.219579636520605 0 1 0 1 1 0 0 0 1 0 0 1 1 1 1 1 0 0 1 x
0.141798271794008 0 0 0 0 1 1 0 0 1 1 0 1 1 1 1 1 1 1 0 x
0.041244180294179 1 0 0 0 0 0 0 0 1 1 0 1 1 0 0 1 0 1 1 x
0.059985508299332 0 0 1 0 0 0 0 0 1 0 0 0 1 0 1 1 0 1 0 x
0.103338027805556 0 1 0 0 1 0 0 0 1 1 0 0 1 1 0 1 0 0 1 x
0.087543028414125 1 0 0 0 0 0 0 0 1 0 0 1 0 1 1 1 0 1 0 x
0.115577946974092 1 0 0 0 0 0 0 0 1 1 0 1 1 1 1 0 0 1 0 x
0.146224429796194 0 0 0 1 1 0 0 0 1 0 0 0 0 1 1 1 0 1 0 x
0.092238005347599 1 0 0 0 0 1 0 0 1 1 1 0 1 1 0 0 1 1 1 x
0.091553293013223 0 1 0 0 0 1 0 0 1 1 0 0 1 1 1 0 1 0 1 x
0.172766074334515 0 0 1 1 0 0 0 0 0 0 0 0 0 1 1 1 1 0 0 x
0.091916858210268 0 1 0 0 0 1 0 0 1 1 1 1 1 1 0 0 1 1 0 x
0.094986640774487 1 0 0 0 0 0 0 0 0 0 0 1 1 0 0 0 1 1 1 x
0.092943504046350 0 1 0 0 0 0 0 0 1 0 0 1 0 1 1 1 1 0 1 x
0.087817460797799 0 1 0 0 0 0 0 0 1 1 0 0 0 1 1 0 1 1 1 x
0.149794044326328 1 0 0 0 1 0 1 0 1 1 1 0 1 0 1 1 1 1 0 x
0.069471642093651 1 0 0 0 0 0 0 0 1 1 1 1 0 1 1 0 1 1 0 x
0.164190719566136 1 0 0 0 1 0 0 1 1 1 1 0 1 0 1 0 1 1 1 x
0.090565523321480 0 1 0 0 0 0 0 0 1 1 1 1 1 0 1 0 0 1 1 x
0.107965456343909 1 0 0 0 0 0 0 0 1 1 1 1 0 0 0 1 0 1 0 x
0.101356586699655 1 0 0 0 0 0 1 0 0 1 1 0 1 0 0 0 0 1 1 x
0.235045232450943 0 1 1 1 0 0 0 1 1 1 1 0 1 1 1 1 1 0 0 x
0.078372386123128 0 1 0 0 1 0 0 0 0 1 0 1 1 1 0 1 0 1 0 x
0.108929740777766 0 1 0 1 0 0 0 0 0 1 0 1 0 1 1 1 0 0 1 x
0.159450621213317 0 1 0 0 0 1 1 0 0 1 0 1 1 0 1 1 0 1 1 x
0.135661038813797 0 1 1 0 0 0 0 0 0 1 0 1 0 0 1 1 0 0 1 x
0.245625596436104 1 1 1 0 0 0 0 0 0 1 0 1 1 0 1 1 0 0 0 x
0.075736701199130 1 0 0 0 0 0 0 1 0 0 1 1 1 0 1 1 0 1 0 x
0.113683871981359 1 0 0 0 0 0 0 0 0 1 0 1 0 1 1 1 1 0 1 x
0.121482870995412 0 1 0 1 0 0 0 0 1 1 1 1 0 1 1 1 1 1 0 x
0.112865657041078 0 1 1 0 0 0 0 1 1 0 1 1 0 1 1 1 0 0 0 x
0.072523111636693 0 1 0 0 0 1 0 0 0 1 0 1 0 1 1 1 0 0 1 x
0.106596214389464 1 0 0 1 0 0 0 0 0 1 0 0 0 1 1 0 0 1 0 x
0.258592446054793 1 0 0 1 1 0 0 0 1 0 1 1 0 1 1 1 1 1 0 x
0.127360810034969 0 0 1 0 1 0 0 1 1 0 1 1 1 0 1 1 0 1 0 x
0.086498761984949 1 0 0 0 0 0 0 1 1 0 1 0 0 1 1 1 1 1 0 x
0.072139349179682 0 1 0 0 0 0 0 1 1 0 0 1 0 1 1 1 0 1 0 x
0.045114333677397 1 0 0 0 0 0 0 0 0 1 1 1 1 0 0 1 1 1 1 x
0.056219642646859 0 0 1 0 0 0 0 0 1 0 0 0 0 0 1 1 0 1 0 x
0.195087050420002 0 0 0 0 0 0 0 0 1 0 0 0 0 1 1 1 0 1 0 x
0.136607357618311 1 0 0 0 0 0 0 0 1 1 0 0 0 0 1 1 1 1 1 x
0.087141318364419 1 0 0 0 0 0 0 1 1 1 1 1 1 0 1 0 1 1 0 x
0.103586973802384 0 1 0 0 0 0 0 1 1 1 1 1 0 1 1 1 0 0 1 x
0.080895037989668 1 0 1 0 0 0 0 1 1 0 1 1 1 0 0 1 0 1 0 x
0.074818791389364 1 1 0 0 0 0 1 0 1 1 1 1 1 0 0 0 1 1 0 x
0.085266876327801 1 1 0 0 0 0 1 0 1 1 1 1 0 1 1 0 0 1 0 x
0.126092650876625 0 0 0 1 1 0 0 0 1 1 1 1 1 1 0 1 0 1 0 x
0.187784429314738 0 0 1 1 0 0 0 1 1 0 0 1 0 0 1 1 0 1 0 x
0.156103551893887 0 1 0 0 1 1 0 0 1 1 0 1 1 0 1 1 0 0 1 x
0.164523084440890 0 1 1 0 0 0 0 1 1 0 0 1 0 0 1 1 0 1 0 x
0.116855979080780 0 0 1 0 0 0 0 0 1 1 1 1 1 0 1 0 1 1 0 x
0.118357986741339 0 0 1 0 0 0 0 0 1 0 1 1 1 0 0 1 0 1 0 x
0.090261956248642 0 1 0 1 0 0 0 0 1 1 1 1 0 1 0 1 1 0 1 x
0.055913729849150 0 0 1 0 0 0 0 0 1 0 0 0 0 1 1 1 0 0 1 x
0.104446028550967 0 0 1 0 0 0 0 1 1 0 1 1 1 1 1 1 0 1 0 x
0.100997054392031 0 0 1 0 1 0 0 0 1 0 1 1 0 1 1 1 0 1 0 x
0.069612915637658 0 1 0 0 0 0 0 0 1 1 1 1 0 1 0 1 0 1 1 x
0.120362982685160 1 1 0 0 0 0 0 1 1 0 1 1 0 1 1 0 1 1 0 x
0.092958321114338 0 0 1 0 0 0 0 0 1 1 1 1 0 0 1 1 0 1 1 x
0.082089454388425 1 0 0 0 0 0 0 1 1 0 1 0 1 0 0 1 0 1 1 x
0.134731152456758 1 1 0 0 0 0 0 0 1 1 0 0 0 1 0 1 0 1 0 x
0.065534985247150 0 1 0 0 0 0 0 0 1 1 1 1 1 1 0 0 1 1 1 x
0.120636955652974 1 0 0 0 1 0 0 0 1 0 0 0 1 0 0 1 0 1 0 x
0.036059042644194 1 0 0 0 0 0 0 0 0 1 1 1 0 1 0 0 1 1 1 x
0.066504959616294 1 0 0 0 0 0 1 0 0 0 1 1 0 0 1 0 0 1 0 x
0.056608210967532 1 0 0 0 0 0 0 1 0 0 1 1 0 1 0 1 0 1 0 x
0.138540425828744 0 0 0 1 0 0 0 0 1 1 1 1 0 1 1 1 0 0 1 x
0.085532217731720 0 1 0 0 1 0 0 0 0 1 1 1 0 1 1 1 0 1 0 x
0.132279580174743 1 0 1 0 0 0 0 0 1 0 0 0 1 0 1 0 0 1 0 x
0.117864614698242 1 0 0 0 1 0 0 0 1 1 0 1 0 1 0 0 0 1 1 x
0.052224076047318 0 0 1 0 0 0 0 0 1 0 0 0 1 0 1 1 0 0 1 x
0.129781371360505 0 1 0 0 1 0 1 0 1 0 0 1 1 1 0 1 0 1 0 x
0.057753265630556 1 0 0 0 0 0 0 1 1 0 1 1 1 0 0 1 1 1 0 x
0.056275928445492 0 0 1 0 0 0 0 0 1 0 0 1 0 0 1 1 0 0 1 x
0.047106285012100 1 0 0 0 0 0 0 0 0 0 1 1 0 1 0 1 0 0 1 x
0.038754242483693 1 0 0 0 0 0 0 0 1 0 1 1 0 1 1 0 0 1 1 x
0.038183521934810 1 0 0 0 0 0 0 0 0 1 1 1 0 1 0 1 0 1 1 x
0.132760464635897 0 1 0 0 1 1 0 0 1 1 1 0 1 1 1 0 0 1 0 x
0.094603766026894 1 0 1 0 0 0 0 1 1 0 0 1 1 1 0 1 0 0 1 x
0.058669067816201 1 0 0 0 0 0 0 0 1 0 0 1 1 1 0 1 0 0 1 x
0.081641148335009 0 1 0 0 1 0 0 0 0 1 1 1 0 1 0 1 1 0 1 x
0.100051318509531 1 0 0 1 0 0 0 1 0 0 1 1 0 1 1 1 0 0 0 x
0.147573650078045 1 0 1 0 0 0 1 1 1 0 1 0 1 0 1 1 0 1 0 x
0.059085436932174 1 0 0 0 0 0 1 0 0 1 1 1 0 1 1 0 1 1 1 x
0.087587947427992 1 0 0 0 0 0 0 1 0 0 1 1 1 1 0 1 0 1 0 x
0.062085809576466 1 0 0 0 1 0 0 0 0 1 1 1 1 1 0 1 0 0 1 x
0.045658381577674 1 0 0 0 1 0 0 0 0 1 1 1 1 1 0 0 0 1 1 x
0.097638609613725 0 1 0 0 1 0 0 0 0 1 1 1 1 1 0 0 0 0 1 x
0.121288412099955 0 0 1 0 0 0 0 0 1 0 1 1 1 0 1 1 1 0 0 x
0.125032004085761 1 0 0 0 1 0 0 0 0 1 0 0 1 1 0 1 0 1 1 x
0.087955761070533 1 0 0 0 1 0 1 0 0 1 1 1 1 1 1 0 0 1 0 x
0.051508529331002 0 1 0 0 0 0 0 0 1 0 1 0 0 0 1 1 0 0 1 x
0.042772773241053 0 0 1 0 0 0 0 0 0 0 1 0 0 0 1 1 0 0 1 x
0.165450103018625 1 1 0 0 1 0 0 0 0 1 1 1 1 1 0 0 1 1 0 x
0.101332436780446 0 0 0 0 1 0 0 0 1 0 1 1 1 0 1 1 0 1 1 x
0.077587950224947 0 1 0 0 0 0 0 0 1 1 0 1 0 1 0 1 0 0 1 x
0.088728187087436 1 1 0 0 0 0 0 0 1 0 1 1 1 0 0 1 0 1 0 x
0.072728067739209 1 0 0 0 1 0 0 0 1 0 1 1 1 0 1 1 0 1 0 x
0.081031861823747 0 1 0 0 1 0 0 0 1 0 1 1 0 1 1 1 0 0 1 x
0.345918208059263 1 1 0 0 0 0 1 1 0 0 0 0 1 0 1 0 1 1 1 x
0.033742794594142 1 0 0 0 0 0 0 0 0 1 1 1 0 0 1 0 0 1 1 x
0.040011799647930 1 0 0 0 0 0 0 1 0 0 1 1 0 1 1 0 0 1 1 x
0.052815192707715 1 0 0 0 0 0 0 0 0 0 1 1 0 0 0 1 0 1 1 x
0.058044558084241 1 0 0 0 1 0 0 0 0 1 1 1 0 1 1 0 0 1 1 x
0.104186239166561 0 0 1 0 1 0 0 0 0 1 1 1 1 1 1 1 0 1 0 x
0.047595329949225 1 0 0 0 0 0 0 0 1 1 1 0 1 0 0 1 1 0 1 x
0.039312216168876 1 0 0 0 0 0 0 0 0 1 1 1 0 1 0 0 0 1 1 x
0.062920858685543 1 0 0 0 0 0 0 1 0 0 1 1 0 1 1 1 0 1 1 x
0.110022854672619 1 0 1 0 0 0 0 0 1 0 1 0 1 0 0 1 0 0 1 x
0.047688964002466 1 0 0 0 0 0 0 1 0 1 1 1 0 1 1 0 1 1 1 x
0.073825954167664 1 0 0 0 0 0 0 0 0 0 1 0 0 0 1 0 0 1 1 x
0.070761731422721 0 0 1 0 0 0 0 0 1 0 1 0 0 0 1 1 1 0 1 x
0.050720028242270 0 1 0 0 0 0 0 0 0 1 1 0 0 1 0 1 1 0 1 x
0.051083173551795 0 1 0 0 0 0 0 0 0 1 1 1 0 1 1 0 0 1 1 x
0.108372477943577 1 0 1 0 0 0 0 1 1 1 1 0 1 0 0 1 1 1 0 x
0.082609427434630 0 0 0 0 1 0 0 0 0 0 1 0 1 0 1 1 0 0 1 x
0.061898035695021 0 1 0 0 0 0 0 0 0 1 1 0 1 0 0 1 0 0 1 x
0.082834636056781 1 1 0 0 0 0 0 0 1 1 1 0 1 0 0 1 1 0 0 x
0.094496012013195 1 0 0 0 0 0 0 0 0 1 1 1 1 0 0 1 0 1 0 x
0.083992586172725 1 0 0 0 1 0 0 1 1 0 1 1 1 1 1 0 0 1 0 x
0.089619728455757 0 1 1 0 0 0 0 0 1 1 1 0 1 1 1 0 0 1 0 x
0.071324939606734 1 0 0 1 0 0 0 0 0 1 1 1 0 1 1 0 0 1 1 x
0.125218053043948 0 1 0 0 0 1 0 0 1 1 1 0 1 0 0 1 1 0 1 x
0.070897796020071 0 0 1 0 0 0 0 0 0 1 1 0 1 1 1 1 0 1 1 x
0.114742946079531 0 0 0 0 1 0 0 0 0 0 1 1 0 1 1 1 0 0 1 x
0.126075623641865 1 0 0 1 1 0 0 0 0 1 1 1 0 1 1 0 0 1 0 x
0.067462751992671 0 1 0 0 0 0 0 0 0 1 1 0 0 1 1 1 0 1 1 x
0.140456671619519 0 0 0 0 1 0 0 0 0 1 1 1 1 1 1 0 0 1 1 x
0.134456594449312 1 0 0 0 1 1 0 0 0 1 1 1 1 0 1 1 0 1 1 x
0.057524995153143 1 0 0 0 0 0 0 0 1 1 1 1 1 0 0 0 1 1 1 x
0.050837269963259 1 0 0 0 0 0 0 0 1 0 1 0 1 0 1 0 1 1 0 x
0.095255063079537 0 1 1 0 0 0 0 0 0 1 1 0 1 1 0 0 1 0 1 x
0.047323298454995 0 1 0 0 0 0 0 0 0 1 1 0 1 1 0 0 1 1 1 x
0.068363561825641 1 0 0 0 0 0 0 1 1 0 1 1 0 0 1 1 0 1 0 x
0.076706544210513 0 0 1 0 0 0 0 0 0 0 1 0 1 0 1 1 0 1 1 x
0.083892727010749 0 1 0 0 1 0 0 0 0 0 1 1 1 1 0 1 0 1 1 x
0.070076181770939 0 1 0 0 0 0 0 0 0 1 1 1 0 1 0 1 1 1 0 x
0.071865498112766 0 0 1 0 0 0 0 0 0 1 1 0 1 0 1 1 0 0 1 x
0.064433975473709 1 1 0 0 0 0 0 0 1 1 1 1 1 0 0 1 0 0 1 x
0.053676488797847 1 0 0 0 0 0 1 0 0 0 1 1 1 0 0 1 0 0 1 x
0.039005458614158 0 1 0 0 0 0 0 0 0 0 1 1 0 0 0 1 0 0 1 x
0.100688342727714 0 0 1 0 0 0 0 0 0 1 0 0 1 0 1 1 1 1 0 x
0.116656708889029 1 0 0 0 1 0 0 0 0 0 1 1 1 1 1 0 1 1 0 x
0.052312618682214 0 1 0 0 0 0 0 0 0 1 1 1 0 0 1 0 1 0 1 x
0.047130312632484 0 1 0 0 0 0 0 0 0 0 1 1 0 0 1 1 0 0 1 x
0.155348332877580 0 0 1 0 0 1 0 0 1 0 1 0 0 0 1 1 0 0 1 x
0.089649157037854 0 1 0 0 0 1 0 0 0 1 1 1 0 1 1 0 1 1 1 x
0.142701481355995 1 1 0 0 0 1 0 0 1 1 1 1 1 1 0 1 1 1 0 x
0.082587630824302 1 0 0 0 0 0 1 0 1 0 1 0 1 0 0 1 1 0 0 x
0.125688994352374 1 1 0 0 1 0 1 0 1 1 1 1 1 1 0 1 0 0 1 x
0.134511356174293 0 1 1 0 0 1 0 0 0 1 1 1 1 1 1 0 0 1 0 x
0.050151373748366 1 0 0 0 0 1 0 0 0 1 1 1 0 1 1 0 0 1 1 x
0.047223248625622 1 0 0 0 1 0 0 0 1 1 1 1 1 1 1 0 0 1 1 x
0.070923470262151 1 0 0 0 1 0 0 0 1 0 1 1 1 0 0 1 0 0 1 x
0.045692345954768 1 0 0 0 0 0 0 0 1 0 1 0 1 0 1 1 0 0 1 x
0.110276082901982 0 0 0 0 1 0 0 1 0 0 1 0 1 1 1 1 0 1 0 x
0.048923067827854 0 1 0 0 0 0 0 0 0 1 1 0 0 1 1 0 1 0 1 x
0.091712502697756 1 0 0 1 0 0 1 0 0 1 1 1 0 1 0 1 0 1 0 x
0.029665244937055 1 0 0 0 0 0 0 0 0 0 1 0 1 0 0 1 0 0 1 x
0.052449373991575 1 0 0 0 0 1 0 0 0 0 1 1 1 0 0 1 0 0 1 x
0.100870901931638 1 0 0 0 0 1 0 1 1 0 1 0 1 0 1 1 0 1 0 x
0.076815260090232 0 1 1 0 0 0 0 0 1 1 1 1 1 1 0 0 1 1 0 x
0.142617793533873 1 1 0 1 0 0 0 0 1 1 1 1 0 1 0 1 0 0 0 x
0.110340085477407 0 1 0 1 0 0 0 0 1 1 1 0 0 1 1 0 1 0 1 x
0.056058232836216 1 0 0 0 0 0 0 0 0 1 1 0 1 0 1 1 0 1 1 x
0.097050053374029 0 1 1 0 0 0 0 0 1 1 1 1 0 1 1 0 1 0 0 x
0.063722776551100 0 1 0 0 0 0 0 0 0 1 1 1 0 1 0 0 1 0 1 x
0.078027712154322 1 0 1 0 0 0 0 1 0 1 1 1 1 1 0 1 0 1 1 x
0.046370879213687 0 0 0 1 0 0 0 0 0 0 1 0 0 0 1 1 0 0 1 x
0.134467398809441 0 1 0 1 0 0 0 0 0 0 1 0 0 1 0 1 0 0 1 x
0.067339789038131 0 0 0 1 0 0 0 0 0 1 1 0 0 0 1 1 1 0 1 x
0.055003723504550 0 0 0 1 0 0 0 0 0 0 1 1 0 0 0 1 1 0 1 x
0.110399556554983 0 0 0 1 1 0 0 0 0 0 1 1 0 0 1 1 0 0 1 x
0.084944979061754 1 0 0 1 0 0 0 0 0 1 1 1 0 0 0 1 0 0 1 x
0.065487181982855 0 0 0 1 0 0 0 0 0 0 1 0 1 0 1 1 0 0 1 x
0.122841903280662 0 0 0 1 1 0 0 0 1 0 1 0 1 0 1 1 1 0 0 x
0.156888745653099 1 0 1 0 1 0 0 1 1 1 1 1 1 1 1 1 0 1 0 x
0.081977510354380 0 1 1 0 0 0 0 0 1 1 1 1 1 1 1 0 1 0 1 x
0.059443880634088 1 0 0 0 0 0 0 1 0 0 1 1 1 0 0 1 0 0 1 x
0.054113515990864 1 0 0 0 0 1 0 0 0 1 1 1 1 0 0 1 0 1 1 x
0.047400680788541 0 1 0 0 0 0 0 0 0 1 1 1 0 0 0 1 1 0 1 x
0.099278343635933 0 0 0 1 0 0 0 0 0 0 1 0 0 1 1 1 1 0 1 x
0.072782462834284 0 1 0 0 0 0 0 0 1 1 1 0 1 0 1 0 1 1 0 x
0.158297760021908 0 0 1 1 0 0 0 0 1 1 1 0 0 0 1 1 0 0 1 x
0.231828770271124 0 0 0 0 0 0 0 0 0 0 1 0 1 0 1 1 0 0 1 x
0.181831002196427 1 0 0 0 0 1 1 0 1 0 0 1 1 0 0 1 0 0 0 x
0.093732023040380 0 0 0 1 0 0 0 0 0 1 0 0 1 0 0 1 1 1 1 x
0.150064323509475 1 1 0 0 0 0 0 0 1 0 0 0 1 0 0 1 0 0 0 x
0.098448091409981 0 0 1 0 1 0 0 0 0 0 1 0 1 1 1 1 0 0 1 x
0.104838100696162 0 1 0 1 0 0 0 0 0 1 1 0 1 0 0 1 0 0 1 x
0.081902453658606 0 0 0 1 0 0 0 0 1 0 0 0 0 0 1 1 1 0 1 x
0.124061102621755 0 0 0 1 1 0 0 0 0 1 0 0 1 0 1 1 0 0 1 x
0.067308989103768 1 0 0 1 0 0 0 0 0 1 1 0 1 1 0 1 0 0 1 x
0.052276655934299 1 0 0 0 0 0 1 0 0 1 1 0 1 1 0 1 1 0 1 x
0.056652517645767 1 0 0 0 0 0 0 0 1 0 1 0 1 1 0 1 1 0 1 x
0.095563097902474 1 0 0 0 0 1 0 0 0 1 0 0 1 0 0 1 0 0 1 x
0.089416893493524 0 0 0 1 0 0 0 0 0 0 1 1 0 0 1 1 1 1 0 x
0.067343104881341 1 0 0 1 0 0 0 0 0 0 1 1 1 0 0 1 0 0 1 x
0.109110222099949 0 1 0 0 1 0 0 0 0 0 1 0 1 0 0 1 0 0 1 x
0.087548988212362 0 1 0 0 1 0 0 0 1 0 1 1 0 1 0 1 0 1 0 x
0.093507812264139 1 0 1 0 0 0 0 1 0 0 1 1 0 1 1 0 0 1 0 x
0.099000704124319 1 1 0 0 0 0 0 0 0 1 1 1 0 0 0 0 1 1 0 x
0.110855826895932 1 0 0 1 0 0 1 0 0 0 1 0 1 0 1 1 0 0 0 x
0.080613344246891 0 0 1 0 0 0 0 1 0 0 0 0 0 0 1 1 0 0 1 x
0.120026126622359 1 0 1 0 0 1 0 1 1 0 1 1 1 1 1 0 0 1 0 x
0.125004254732435 0 0 1 0 1 0 0 0 1 0 0 0 1 1 1 1 0 1 0 x
0.107373146460110 0 0 1 0 0 0 0 0 0 0 0 1 0 1 1 1 0 1 0 x
0.108058359083464 0 0 1 1 0 0 0 0 1 1 1 0 1 1 1 0 1 1 0 x
0.082038238928209 1 0 0 0 0 1 0 1 0 0 1 1 0 1 1 0 1 1 0 x
0.092159460692845 1 1 0 0 0 0 1 0 1 1 1 1 1 1 0 1 1 0 1 x
0.097885674047118 0 0 0 1 0 0 0 0 1 1 1 0 1 0 1 1 1 1 0 x
0.079133324047402 1 0 0 0 1 0 1 0 0 0 1 1 1 1 1 0 0 0 1 x
0.100459092937784 1 0 0 1 0 0 1 0 0 0 1 1 0 1 1 0 0 0 1 x
0.077688225926494 0 1 0 1 0 0 0 0 0 1 1 1 1 0 0 0 1 0 1 x
0.116088436697386 0 0 1 0 0 0 0 0 1 0 1 0 0 0 1 1 0 0 0 x
0.078368342475378 0 0 0 1 0 0 0 0 0 1 0 1 1 0 1 1 1 0 1 x
0.138268009266092 0 0 1 0 1 0 0 0 0 0 1 1 0 0 1 1 0 1 1 x
0.101437803753658 0 1 0 1 0 0 0 0 1 0 1 1 0 0 1 1 0 0 1 x
0.102836018871284 0 0 1 0 0 0 0 0 1 1 0 0 1 1 1 1 1 1 1 x
0.091691791556023 0 0 1 1 0 0 0 0 0 0 1 1 1 0 1 1 0 0 1 x
0.120027051380727 1 0 0 1 1 0 0 0 0 1 1 1 1 1 1 0 0 0 1 x
0.098594739581109 1 1 0 0 0 0 0 0 1 1 1 0 1 0 1 0 1 1 0 x
0.070703499471787 0 0 0 1 0 0 0 0 0 1 1 0 1 0 1 0 1 1 1 x
0.096101293684571 1 0 0 0 0 1 0 0 0 1 0 1 1 0 1 0 1 1 1 x
0.104035235739008 0 0 0 0 1 0 0 0 0 0 0 1 1 1 0 1 0 0 1 x
0.158703224337264 0 1 0 0 0 1 0 0 0 1 1 0 0 0 1 0 0 0 1 x
0.087881706786669 0 1 0 0 0 1 0 0 1 1 0 1 1 1 1 1 0 1 0 x
0.128090255376515 1 0 0 1 0 0 0 0 0 1 1 0 1 0 1 1 1 0 1 x
0.134548332727855 0 1 0 0 1 1 0 0 0 1 1 1 1 1 0 1 0 1 1 x
0.080941650677912 0 1 0 0 1 0 0 0 1 1 1 0 1 1 1 0 1 0 1 x
0.090182203556516 0 1 0 0 0 0 0 0 0 0 0 1 0 0 0 1 0 1 1 x
0.046891435747914 0 0 0 1 0 0 0 0 0 0 0 1 0 0 1 1 0 0 1 x
0.061216487263266 0 1 0 1 0 0 0 0 0 1 1 1 1 1 0 0 0 1 1 x
0.076112070430265 0 0 1 1 0 0 0 0 0 1 1 1 1 1 1 0 0 1 1 x
0.081071918932860 0 0 0 1 0 0 0 0 0 1 1 1 1 0 1 1 0 1 1 x
0.159895804826579 0 1 1 1 0 0 0 0 0 1 1 1 1 1 0 0 0 1 0 x
0.132220497501593 0 1 0 1 0 1 0 0 0 1 1 1 1 1 1 0 1 0 1 x
0.106339345239719 1 0 0 0 1 0 0 0 0 0 1 1 1 1 1 1 0 0 1 x
0.088200864038180 1 0 0 0 0 0 1 1 1 0 1 1 0 1 1 0 1 1 0 x
0.040792566843665 1 0 0 0 0 0 0 0 1 1 1 0 1 1 0 1 0 1 1 x
0.048559580313211 1 0 0 0 0 0 0 0 0 1 0 1 0 1 1 0 0 1 1 x
0.053793958204726 0 0 0 1 0 0 0 0 0 0 0 1 1 0 0 1 0 0 1 x
0.060580501410007 0 0 0 1 0 0 0 0 0 1 0 0 1 1 1 0 0 1 1 x
0.076024602191748 1 0 0 1 0 0 1 0 0 1 1 1 1 1 0 1 0 0 1 x
0.147741404496094 1 0 0 0 1 0 0 0 1 1 1 1 1 0 0 0 0 1 0 x
0.064096200479341 0 0 0 1 0 0 0 0 0 1 0 1 1 1 0 0 1 1 1 x
0.086903042334265 0 0 1 1 0 0 0 0 0 1 0 1 1 1 0 1 0 0 1 x
0.066792576153925 1 0 0 0 1 0 0 0 0 0 1 1 1 0 1 0 0 1 1 x
0.104625420204656 0 1 0 1 0 0 0 0 1 1 0 1 1 1 1 0 1 0 0 x
0.080048484657817 1 0 0 0 1 0 0 1 0 1 0 1 1 1 1 0 0 1 1 x
0.074606891966746 0 1 0 0 0 0 0 0 1 1 0 1 0 0 1 1 1 0 0 x
0.112118019420220 0 0 0 0 1 0 0 0 1 0 0 1 1 0 1 1 0 1 0 x
0.097675265288741 0 1 0 0 1 0 0 0 1 1 1 1 1 1 0 1 1 0 0 x
0.073877897490385 0 1 0 0 0 1 0 0 0 1 0 1 1 0 1 0 1 1 0 x
0.059346988045808 1 0 0 0 1 0 0 0 0 1 0 1 1 1 0 0 1 0 1 x
0.064350702279980 1 0 1 0 0 0 0 1 0 1 1 1 1 1 0 0 1 0 1 x
0.173685863226486 1 1 1 0 0 0 0 1 1 1 1 1 1 1 0 0 1 0 0 x
0.070769005767081 1 0 1 0 0 0 0 0 0 1 1 1 1 0 1 0 0 1 1 x
0.045950873920526 1 0 0 0 0 0 0 0 0 1 1 0 1 1 0 0 1 0 1 x
0.092745805398576 1 0 1 0 0 0 0 1 0 0 1 1 1 1 1 0 0 0 1 x
0.055468379346706 0 0 1 0 0 0 0 0 0 1 0 0 1 1 1 0 0 1 1 x
0.086910688882417 0 0 1 0 0 0 0 0 0 1 0 0 0 0 1 1 0 1 1 x
0.061421895567907 1 0 1 0 0 0 0 0 1 1 1 1 1 1 0 0 1 1 1 x
0.072270268215222 1 0 0 0 1 0 0 0 1 1 0 0 1 1 1 0 0 0 1 x
0.087568661851734 0 0 1 0 0 0 0 0 0 1 0 1 1 1 0 1 0 0 1 x
0.100472497245154 0 0 1 1 0 0 0 0 0 1 0 0 1 1 1 0 0 0 1 x
0.064376680695464 1 0 1 0 0 0 0 0 1 1 1 1 0 1 1 0 0 1 1 x
0.072571435758038 1 0 0 0 0 1 0 1 0 1 0 1 1 1 0 1 0 0 1 x
0.070931638968662 0 1 0 0 0 0 0 1 0 1 0 1 1 1 0 0 1 1 0 x
0.068258082808379 1 0 0 0 1 0 0 0 0 1 0 1 1 0 0 1 0 0 1 x
0.046339610229043 0 1 0 0 0 0 0 0 0 1 0 0 0 0 1 1 0 0 1 x
0.067606772134137 0 0 0 1 0 0 0 0 0 1 0 0 1 1 0 1 1 0 1 x
0.048831185195092 0 1 0 0 0 0 0 0 0 1 0 1 1 0 0 1 1 0 1 x
0.064677936068078 0 1 0 0 0 0 1 0 0 1 0 1 1 1 0 0 1 0 1 x
0.083325200606957 1 0 1 0 0 0 0 1 1 1 0 1 1 1 0 0 0 1 1 x
0.046404987316594 0 1 0 0 0 0 0 0 0 1 0 0 1 1 0 1 0 0 1 x
0.041719949618367 1 0 0 0 0 0 0 0 0 1 1 1 1 1 0 0 1 1 1 x
0.065555639910575 1 0 0 0 0 0 0 1 1 1 0 0 1 1 0 1 1 1 0 x
0.094144618514837 0 0 1 1 0 0 0 0 1 0 1 1 1 1 0 1 0 1 0 x
0.082799682060606 0 1 0 1 0 0 0 0 0 1 0 1 1 1 0 0 1 0 1 x
0.085697435955341 1 1 0 0 0 0 1 0 0 1 1 1 1 0 0 0 1 0 1 x
0.096917207434274 0 1 0 0 0 1 0 1 0 1 0 1 1 1 0 1 1 0 0 x
0.060804355765400 1 0 0 0 1 0 0 0 0 0 0 1 1 1 0 0 0 0 1 x
0.108644471687709 1 0 0 0 1 1 0 0 0 1 0 1 1 1 1 0 0 1 0 x
0.079704513059486 1 0 0 0 0 0 1 1 0 1 0 1 1 1 0 0 1 0 1 x
0.102283224474597 1 0 1 0 0 1 0 0 0 1 1 1 1 1 0 0 1 0 1 x
0.063657608421287 0 1 0 0 0 0 0 0 1 1 0 0 1 0 1 1 1 0 1 x
0.035804799284953 1 0 0 0 0 0 0 0 1 0 1 1 1 0 0 1 0 1 1 x
0.142331159067350 1 0 0 1 1 0 0 0 1 1 0 0 1 1 1 0 0 0 0 x
0.099018275678240 0 0 0 1 0 0 0 0 0 1 0 1 1 1 0 1 1 1 0 x
0.044732101797931 0 1 0 0 0 0 0 0 0 1 0 1 1 1 0 0 0 1 1 x
0.112872699004948 0 0 1 1 0 0 0 0 0 1 1 0 1 1 0 0 0 1 1 x
0.082800627443312 1 0 0 1 0 0 0 0 0 0 1 1 0 0 1 0 0 1 0 x
0.047103487147446 1 0 0 0 0 0 0 1 0 1 0 0 1 1 0 1 0 0 1 x
0.061131902436838 1 0 0 0 0 1 0 0 0 1 1 1 0 0 1 0 1 1 0 x
0.076407346240889 0 1 0 0 0 0 0 0 1 1 0 0 0 1 1 1 1 0 0 x
0.090578882959219 0 1 0 0 1 0 0 0 1 1 0 1 1 1 1 0 1 1 0 x
0.063649789365126 1 1 0 0 0 0 0 0 1 1 1 1 0 1 0 0 0 1 1 x
0.051355201916383 1 0 0 1 0 0 0 0 1 1 1 1 1 1 0 0 0 1 1 x
0.126037619362309 1 0 1 1 0 0 0 0 1 1 1 1 1 1 0 0 0 1 1 x
0.076394667883775 1 0 0 1 0 0 0 0 0 1 0 1 1 1 0 0 0 1 1 x
0.074798419707920 1 0 0 1 0 0 0 0 1 0 1 1 0 1 0 1 0 1 0 x
0.051281083229954 1 0 0 0 0 0 0 0 0 0 1 0 0 0 1 1 0 0 1 x
0.041153430460883 1 0 0 0 0 0 0 1 0 0 0 1 0 1 0 1 0 0 1 x
0.089640809309894 1 0 0 0 1 0 0 1 0 0 0 1 1 1 0 1 0 0 0 x
0.075710325799458 1 0 0 1 0 0 0 0 1 1 1 0 1 0 1 1 0 1 0 x
0.052533440680141 0 1 0 0 0 0 0 1 0 0 0 1 0 1 0 1 0 0 1 x
0.067253321833913 0 0 1 0 0 0 0 0 0 1 0 0 1 1 1 0 1 0 1 x
0.092701590612112 0 0 0 1 0 0 1 0 0 0 1 1 1 0 0 1 1 0 1 x
0.076146042922485 0 0 0 1 0 0 0 0 0 0 1 1 1 1 0 1 0 1 1 x
0.075379639924884 1 1 0 0 0 0 0 1 0 1 1 1 0 1 0 1 0 0 1 x
0.070617354664767 0 0 0 0 1 0 0 0 0 0 1 0 0 0 1 1 1 0 1 x
0.174602003481925 0 0 1 1 1 0 0 0 1 1 1 1 1 1 1 1 0 0 0 x
0.057816933388742 0 1 0 0 0 0 0 1 0 1 0 0 1 1 1 0 1 0 1 x
0.071688841199348 0 0 1 0 0 0 0 1 0 1 0 0 1 1 1 1 0 0 1 x
0.117864527068284 0 1 0 0 0 1 0 1 0 1 0 1 0 1 1 0 0 1 0 x
0.046844597573430 1 0 0 0 0 0 0 1 0 1 1 0 1 1 0 1 1 0 1 x
0.066845377170840 1 0 0 0 0 1 0 0 1 1 1 1 1 0 1 1 1 1 0 x
0.063290919740710 1 0 0 0 0 0 1 0 1 0 1 1 1 1 0 0 0 1 1 x
0.075656500313603 0 0 1 1 0 0 0 0 0 1 1 1 1 1 0 0 1 0 1 x
0.098417412080027 0 0 1 1 0 0 0 0 0 0 1 1 0 1 0 1 0 0 1 x
0.133869559806110 0 0 1 0 1 0 0 1 1 0 1 1 1 1 0 1 1 1 0 x
0.103617810040867 0 0 0 1 1 0 0 0 0 0 1 0 1 0 1 1 0 1 0 x
0.064961270211121 1 0 0 1 0 0 0 0 1 1 0 1 1 1 0 1 0 0 1 x
0.101069669604898 0 1 0 1 0 0 1 0 1 1 1 1 1 1 0 0 1 1 0 x
0.053930028110120 0 1 0 0 0 0 0 1 0 1 0 1 1 1 0 1 0 1 1 x
0.079422620883080 1 0 1 0 0 0 1 0 0 1 1 1 1 1 0 0 1 0 1 x
0.081676640318260 1 0 0 0 0 1 1 0 0 1 1 1 1 0 1 0 1 1 0 x
0.060506248513343 1 0 0 0 1 0 0 0 0 1 1 0 1 1 0 0 1 0 1 x
0.068847101005905 1 0 0 0 0 0 0 0 0 0 1 0 1 0 0 1 1 0 1 x
0.085489532138838 1 0 1 0 0 0 0 0 1 1 1 0 1 1 1 0 1 0 1 x
0.067660552215868 1 0 0 1 0 0 0 0 1 1 1 0 1 1 0 0 1 0 1 x
0.088887350803910 1 1 0 0 0 0 1 0 1 1 1 0 1 1 0 0 1 0 1 x
0.084821786551473 1 0 0 0 0 1 0 1 0 0 1 1 0 1 0 1 0 0 1 x
0.067929524795062 1 0 0 0 1 0 0 0 1 0 1 0 1 1 0 1 0 0 1 x
0.042222942625504 0 0 0 0 1 0 0 0 0 0 0 0 0 0 1 1 0 0 1 x
0.068133332519789 0 0 0 0 1 0 0 0 0 0 1 0 0 0 1 1 0 1 1 x
0.098110092411667 1 0 0 0 1 0 0 1 0 1 0 1 0 1 1 1 0 1 0 x
0.078305356384835 0 0 1 0 0 0 0 0 1 0 1 0 0 0 1 1 1 1 0 x
0.102490071560949 1 1 0 0 0 1 0 0 0 1 1 1 1 0 0 1 0 0 1 x
0.071442133487801 1 0 0 1 0 0 0 0 1 0 1 0 1 1 1 0 0 0 1 x
0.095372694578415 1 0 0 1 0 0 1 0 1 0 1 1 1 1 1 0 0 1 0 x
0.056818080192848 0 1 0 0 0 0 0 0 0 1 0 1 0 1 1 0 1 0 1 x
0.102547835690772 0 0 0 1 0 1 0 0 0 1 0 1 1 1 0 1 0 0 1 x
0.090912183867264 0 1 0 0 0 0 1 0 0 1 1 1 1 0 0 0 1 1 1 x
0.097631004765733 0 1 0 0 1 0 0 1 0 0 0 1 1 1 0 1 0 0 1 x
0.134981612335735 0 1 1 0 0 1 0 0 1 1 0 1 1 0 1 0 1 0 0 x
0.110369766405579 0 1 1 0 0 0 1 0 1 1 1 1 1 1 0 1 1 0 0 x
0.072081167081508 0 0 1 0 0 0 0 0 1 1 1 0 1 1 1 0 1 1 1 x
0.061205028913147 0 1 0 0 0 0 0 0 1 1 0 1 1 0 0 1 1 1 0 x
0.126394629337984 1 1 0 0 0 0 1 0 0 0 1 1 0 1 0 0 0 0 1 x
0.049863601089249 0 1 0 0 0 0 0 0 1 1 0 0 1 1 1 0 0 1 1 x
0.069867132322688 0 0 0 0 1 0 0 0 0 1 0 0 1 0 1 1 0 1 1 x
0.061394117507023 1 0 0 0 0 0 0 0 1 1 1 0 1 0 1 1 1 1 0 x
0.088331107393517 0 1 0 0 0 1 0 0 1 0 1 1 0 0 1 1 1 0 0 x
0.077770521721563 0 1 0 0 1 0 0 0 0 1 1 0 1 1 1 0 0 1 1 x
0.063614386442426 1 0 0 0 0 1 0 0 0 0 1 1 0 0 1 1 0 1 0 x
0.116725305752851 0 0 1 1 0 0 0 1 0 1 1 1 1 1 0 1 1 1 0 x
0.065680190955881 1 0 0 1 0 0 0 0 1 1 1 1 1 0 0 1 1 1 0 x
0.087084319555788 0 0 0 1 0 0 0 1 0 0 0 1 1 1 0 1 0 0 1 x
0.059376654575695 0 0 1 0 0 0 0 0 0 0 0 0 0 0 1 1 0 0 1 x
0.083657793176529 0 0 1 0 0 0 0 1 1 0 0 0 1 1 1 0 1 1 0 x
0.071005925495306 1 0 1 0 0 0 0 0 1 1 1 1 1 1 0 1 0 0 1 x
0.062486983982463 0 0 1 0 0 0 0 0 1 0 0 0 1 0 1 0 0 1 1 x
0.077772366434971 0 0 1 0 0 0 0 0 0 1 1 1 0 1 1 1 1 0 1 x
0.105071536962881 0 0 1 0 0 1 0 0 1 1 0 1 1 1 0 1 1 1 0 x
0.091446248434142 0 0 0 0 1 0 0 1 0 0 0 0 0 0 1 1 0 0 1 x
0.074184388986831 0 0 0 0 1 0 0 0 1 0 0 0 0 0 1 1 0 0 1 x
0.093786561048758 0 0 1 1 0 0 0 0 1 0 0 1 1 1 1 0 0 0 1 x
0.085137454973245 0 0 0 0 1 0 0 0 0 1 0 0 0 1 1 1 1 0 1 x
0.052617233028174 1 0 0 0 0 0 0 1 0 1 0 1 0 0 1 0 1 1 0 x
0.113619960773489 1 0 1 0 0 1 0 1 0 1 1 1 1 0 1 1 0 0 1 x
0.048486188778089 1 0 0 0 0 0 0 1 0 0 0 1 0 1 1 0 0 1 0 x
0.071275107420006 0 0 1 0 0 0 0 0 1 0 1 0 0 1 1 1 0 1 1 x
0.087652895130038 0 1 0 1 0 0 0 0 1 0 1 1 1 1 0 0 0 0 1 x
0.087553076760428 0 1 0 1 0 0 0 0 1 0 1 1 1 0 0 1 1 0 0 x
0.117270821116215 0 0 1 0 0 0 0 1 1 1 0 0 1 1 1 0 0 1 1 x
0.051833229955836 0 0 0 1 0 0 0 0 0 0 0 1 1 0 1 0 0 1 1 x
0.075231513168299 0 0 0 1 0 0 0 0 1 0 0 0 1 0 1 1 0 1 1 x
0.085993501776968 1 0 0 1 0 0 0 1 1 1 1 0 1 1 0 1 1 0 0 x
0.141272693719284 0 0 1 0 1 1 0 0 0 0 1 1 1 1 0 1 0 1 0 x
0.087565827735629 1 0 1 0 0 0 0 1 0 1 1 1 0 1 1 1 0 0 1 x
0.052779590216446 1 0 0 0 0 1 0 0 0 1 1 1 1 1 0 1 1 0 1 x
0.060473557579922 0 1 0 0 0 0 0 1 0 1 0 0 0 1 1 1 0 0 1 x
0.094410841007677 0 0 0 1 0 0 0 0 1 0 1 1 1 0 0 1 1 1 0 x
0.086053930452821 1 0 0 1 0 1 0 0 1 1 1 1 1 1 0 1 0 0 1 x
0.058093091840471 0 1 0 0 0 0 0 1 0 0 0 1 1 0 0 1 0 0 1 x
0.076235419510697 0 1 0 0 0 0 0 1 1 0 0 0 1 1 0 1 0 0 1 x
0.070503706274782 0 1 0 0 0 0 0 1 1 0 0 1 1 0 1 0 1 1 0 x
0.062324119351224 0 1 0 0 0 0 0 1 0 0 0 1 0 0 1 1 1 0 0 x
0.083148586142676 0 1 0 0 0 0 0 1 1 0 0 1 0 1 0 1 1 0 0 x
0.087755891468029 0 1 0 0 1 0 0 1 0 0 1 1 1 1 0 1 0 1 0 x
0.070812995929181 0 0 0 1 0 0 0 1 0 0 0 0 0 0 1 1 1 0 0 x
0.094350044388843 0 0 0 1 0 1 0 0 0 0 0 1 0 0 1 1 1 0 0 x
0.053765108744408 0 0 0 1 0 0 0 0 0 0 0 0 1 0 1 0 1 0 1 x
0.047029261913453 0 0 0 1 0 0 0 0 0 0 0 1 0 0 1 0 1 0 1 x
0.076326014053490 0 0 0 1 0 0 0 1 0 0 0 1 1 0 1 0 1 1 0 x
0.033637021775158 0 1 0 0 0 0 0 0 0 0 0 1 0 0 1 0 0 0 1 x
0.040436728763038 1 0 0 0 0 0 0 1 0 0 0 1 0 1 1 0 0 0 1 x
0.052965104368199 0 1 0 0 0 0 0 1 0 0 0 1 0 1 1 0 0 0 1 x
0.051062087710341 0 0 0 1 0 0 0 0 0 0 0 0 0 0 1 0 0 0 1 x
0.126360365033836 0 0 1 0 0 1 0 1 0 0 0 1 1 0 1 0 1 1 0 x
0.066331686376458 0 0 1 0 0 0 0 0 0 0 1 1 0 0 1 0 0 0 1 x
0.061532875527875 1 0 0 0 0 1 0 0 1 1 1 0 1 1 1 1 0 0 1 x
0.062531575086221 1 0 0 0 0 1 0 0 1 1 1 1 0 1 1 0 1 0 1 x
0.058084994996979 1 0 0 0 0 1 0 0 0 1 1 1 0 0 1 1 0 0 1 x
0.087854717258687 0 0 1 0 0 0 1 0 0 1 1 1 1 1 0 0 1 1 1 x
0.089072175789119 1 0 0 0 1 0 0 1 0 1 0 0 1 1 1 0 1 0 0 x
0.056554981028568 1 0 0 0 0 0 0 1 1 1 0 0 1 1 1 0 1 0 1 x
0.076557605645726 1 0 1 0 0 0 1 0 1 1 1 1 1 1 0 0 1 1 0 x
0.048339549140973 0 1 0 0 0 0 0 0 0 1 0 0 1 0 1 0 0 1 1 x
0.095099834392721 1 0 0 1 0 0 0 1 1 1 0 1 1 1 1 0 1 1 0 x
0.055272690534264 1 0 0 0 0 0 0 1 1 0 1 0 0 1 1 1 0 0 1 x
0.088925422090117 1 0 0 0 0 1 1 0 1 1 1 1 1 1 0 1 1 0 1 x
0.169226555454858 0 0 1 1 0 1 0 0 1 1 1 1 1 1 1 1 1 0 0 x
0.092931713803038 1 0 0 0 0 1 0 1 0 1 0 1 0 1 1 1 1 0 0 x
0.082154878222527 0 1 0 1 0 0 0 0 0 1 0 1 1 0 1 0 0 1 0 x
0.090918919415078 0 1 0 1 0 0 0 0 0 0 1 1 0 0 1 0 1 0 0 x
0.067002833798267 0 0 1 0 0 0 0 1 0 0 1 1 0 1 1 0 1 0 1 x
0.107474971961757 1 0 1 0 0 1 0 0 1 1 1 1 1 0 1 1 0 1 0 x
0.060301313330147 0 0 1 0 0 0 0 1 0 0 0 1 1 0 1 0 1 0 1 x
0.068056729904876 0 0 1 0 0 0 0 1 0 0 1 1 1 1 0 1 1 0 1 x
0.092117232899495 0 0 1 0 0 0 1 1 0 0 0 1 1 1 1 1 0 0 1 x
0.073587932236505 1 0 1 0 0 0 1 0 1 1 1 1 1 1 1 0 0 1 1 x
0.065189744782899 0 1 0 0 0 0 1 0 0 1 1 0 1 1 0 1 1 0 1 x
0.055132727307144 0 0 0 1 0 0 0 0 0 1 0 0 0 0 1 0 1 1 0 x
0.079570854350820 0 0 1 0 0 0 0 1 0 0 0 1 1 1 1 0 0 0 1 x
0.086647678421113 0 0 0 1 1 0 0 0 0 0 1 1 1 1 0 0 1 0 1 x
0.139653455233201 0 1 1 0 1 0 0 0 1 1 1 1 1 1 0 1 0 1 0 x
0.163744609827184 0 0 1 1 1 0 0 0 0 0 1 1 1 1 0 0 0 1 0 x
0.113281538868015 0 1 1 0 0 0 1 0 1 0 1 1 1 0 1 0 1 0 0 x
0.064551633188154 1 0 0 0 0 0 0 1 1 0 0 0 0 1 1 0 1 0 0 x
0.048173150400881 1 0 0 0 0 0 0 1 0 1 1 0 0 1 1 0 1 0 1 x
0.117568732395907 0 1 1 0 0 0 0 0 1 0 1 1 0 0 1 0 0 0 1 x
0.052311177176593 0 0 1 0 0 0 0 0 0 1 0 1 1 0 1 0 0 1 1 x
0.121093531640701 0 0 0 1 1 0 0 0 0 1 1 0 0 1 1 0 1 1 0 x
0.086230115020226 1 0 1 0 0 0 0 0 1 0 1 1 0 1 0 1 0 1 0 x
0.094800986015745 0 0 1 0 0 0 0 1 1 0 0 1 1 0 0 1 1 1 0 x
0.142674994294047 0 1 1 0 0 0 0 0 1 1 0 0 1 0 1 0 1 1 0 x
0.064670014953371 0 0 1 0 0 0 0 1 0 0 1 0 1 1 1 0 1 0 1 x
0.071879554848439 0 1 0 0 0 0 0 1 0 0 0 1 0 0 1 0 0 1 0 x
0.130595682906540 0 0 0 1 1 0 0 0 1 0 1 0 1 1 0 1 0 0 1 x
0.081880074155627 0 1 0 0 1 0 0 0 0 0 0 1 1 0 1 0 0 0 1 x
0.061516253395030 1 0 0 1 0 0 0 1 0 1 1 1 1 1 0 0 1 0 1 x
0.081447469401613 0 0 1 0 0 0 1 0 0 0 1 1 0 0 1 1 0 0 1 x
0.085000284370075 0 0 0 1 0 0 0 1 0 1 0 0 1 1 1 0 1 0 1 x
0.101196931593961 0 1 0 0 0 0 0 1 1 0 0 0 1 0 1 0 1 0 0 x
0.063509268934652 1 0 0 0 0 0 1 0 1 0 1 0 1 1 0 1 0 0 1 x
0.087911440777037 1 0 0 0 1 0 0 0 0 0 1 0 0 0 1 1 0 0 0 x
0.079057321276194 0 0 1 0 0 0 0 1 0 1 1 1 1 0 1 1 1 0 1 x
0.059709730597794 0 1 0 0 0 0 0 0 1 1 1 0 1 1 0 1 1 0 1 x
0.106308735716572 0 1 0 0 1 0 1 0 0 1 1 1 1 1 0 1 1 0 1 x
0.120085583773695 0 0 1 0 0 0 1 1 0 0 1 0 1 1 0 1 1 1 0 x
0.098900545470457 0 1 1 0 0 0 1 0 0 1 1 1 1 1 1 0 0 0 1 x
0.047398933878921 1 0 0 0 0 0 0 1 0 1 1 1 0 1 0 1 1 0 1 x
0.130749553359115 0 0 1 1 0 0 1 0 0 0 1 1 1 1 0 0 1 0 1 x
0.143102089993362 0 0 1 0 1 0 0 1 0 0 1 0 0 1 1 1 0 1 0 x
0.064822299128850 0 1 0 0 0 0 0 1 0 0 0 1 0 0 1 0 1 0 1 x
0.070981987193781 0 1 0 0 0 1 0 0 0 0 0 1 1 0 1 0 0 0 1 x
0.067408987517490 1 0 0 1 0 0 0 1 1 1 1 1 1 1 0 1 0 1 1 x
0.087225353067423 0 1 0 0 0 0 1 1 0 1 1 1 1 1 0 1 1 1 0 x
0.049546106790284 1 0 0 0 0 0 0 1 0 1 0 1 1 0 0 1 0 1 1 x
0.090313827027603 0 0 0 0 1 0 0 0 0 1 0 0 1 1 0 1 1 1 0 x
0.034473138246980 0 0 0 1 0 0 0 0 0 0 0 0 0 0 1 0 1 0 0 x
0.132907322755271 0 0 0 1 1 0 0 0 0 0 0 1 0 0 1 0 1 0 0 x
0.051173636091645 0 0 0 1 0 0 0 0 0 0 1 0 0 0 1 0 1 1 0 x
0.087216670429096 1 0 0 1 0 0 0 0 1 0 1 0 0 1 1 0 1 0 0 x
0.041402477151813 0 0 0 1 0 0 0 0 0 0 0 0 1 0 1 0 0 1 0 x
0.036120340851474 0 0 0 1 0 0 0 0 0 0 0 0 0 0 1 1 0 0 0 x
0.051295533827693 0 0 0 1 0 0 0 0 0 0 0 0 0 0 1 1 0 1 0 x
0.097451391445508 0 1 0 1 0 0 0 1 1 0 1 1 1 1 1 0 0 1 0 x
0.106923820536114 0 0 0 1 0 0 1 0 0 1 0 0 1 0 1 0 1 1 0 x
0.060464694833830 1 0 0 1 0 0 0 0 1 1 1 1 1 1 0 1 1 0 1 x
0.070040220887557 1 1 0 0 0 0 0 1 1 1 1 1 1 0 0 1 1 1 0 x
0.061266266573550 0 0 0 1 0 0 0 0 0 1 0 0 1 0 1 1 0 0 1 x
0.048765369079461 1 0 0 0 0 1 0 0 1 0 1 1 1 1 1 0 0 1 1 x
0.094382208296430 1 0 0 0 1 1 0 0 1 0 1 1 1 1 1 0 0 0 1 x
0.056005059315400 1 0 0 0 0 0 0 1 0 0 0 0 0 0 1 1 0 0 0 x
0.055722296023159 1 0 0 0 1 0 0 0 1 0 1 1 1 1 0 0 0 1 1 x
0.134290009706825 1 0 1 1 0 0 0 1 1 1 1 1 0 1 0 1 0 1 0 x
0.100732753510420 0 1 0 0 0 0 1 0 1 1 1 0 1 1 1 0 1 1 1 x
0.066269910151769 0 1 0 0 0 0 1 0 0 0 0 1 1 0 0 1 0 0 1 x
0.072865032291269 1 0 0 0 0 1 0 0 1 0 1 1 0 1 1 0 0 1 0 x
0.084356190595449 0 0 1 0 0 0 0 1 1 0 0 1 1 1 1 1 1 0 1 x
0.045530661794015 0 1 0 0 0 0 0 0 1 0 0 1 0 0 1 1 0 0 1 x
0.064338419108697 1 1 0 0 0 0 0 0 1 1 1 1 1 0 0 1 0 1 1 x
0.048917548737612 1 0 0 0 0 0 0 1 1 0 0 1 1 1 0 1 0 1 1 x
0.105898980087947 0 1 0 1 0 0 0 0 1 0 1 0 1 0 1 0 0 1 0 x
0.081322851864366 1 1 0 0 0 0 0 1 1 1 0 1 0 1 1 0 0 0 1 x
0.045631549587809 1 0 0 0 0 0 0 0 1 1 0 0 0 1 1 1 0 0 1 x
0.042181096630425 1 0 0 0 0 0 0 0 0 1 1 0 0 0 1 0 1 1 0 x
0.067655217599526 0 0 1 0 0 0 0 0 0 1 1 0 0 1 1 0 1 1 0 x
0.067285726389771 1 0 0 0 0 1 0 0 1 1 1 1 0 1 1 1 0 1 1 x
0.036609666276557 1 0 0 0 0 0 0 0 0 1 1 0 0 1 0 1 0 0 1 x
0.109044726131099 1 0 1 0 0 0 0 0 1 1 0 1 1 0 0 1 0 1 1 x
0.080030662778744 1 0 1 0 0 0 0 1 1 0 1 1 1 1 0 0 1 1 0 x
0.081730095514181 0 1 0 0 0 0 1 0 0 0 1 1 0 0 0 1 1 0 0 x
0.053312766092435 0 0 0 1 0 0 0 0 0 0 1 0 0 0 0 1 1 0 0 x
0.061706297269507 0 0 1 0 0 0 0 0 0 1 1 0 1 0 1 0 1 1 1 x
0.085807833020514 0 1 0 1 0 0 0 0 1 1 0 1 1 1 1 0 0 1 1 x
0.143243427731654 1 1 0 0 1 0 0 0 1 1 0 1 1 1 1 0 0 0 1 x
0.051629492867025 0 0 0 0 1 0 0 0 0 0 0 0 1 0 1 0 0 1 1 x
0.066874792285780 0 0 0 0 1 0 0 0 0 0 0 0 1 0 1 0 1 1 0 x
0.077612446078598 0 0 1 0 1 0 0 0 0 0 1 1 1 1 1 0 0 1 1 x
0.091876283327262 0 1 0 1 0 0 1 0 0 1 1 1 1 1 0 1 0 0 1 x
0.041378196920048 1 0 0 0 0 0 1 0 0 1 1 1 1 1 0 1 0 1 1 x
0.078814281805110 1 0 0 0 0 0 1 1 0 1 1 1 1 0 0 1 1 1 0 x
0.054276737263910 1 0 0 0 0 0 0 1 1 1 0 1 1 1 0 1 1 0 1 x
0.098779212760260 1 0 0 1 0 1 0 0 1 1 1 1 1 1 1 0 1 0 1 x
0.069116141166195 1 0 0 0 0 0 1 0 0 1 1 1 0 1 0 1 0 0 1 x
0.045764327845516 0 0 0 1 0 0 0 0 0 0 0 1 0 0 0 1 1 0 0 x
0.045314162979005 0 0 1 0 0 0 0 0 0 0 0 1 1 1 0 0 0 1 1 x
0.063723757689825 0 0 1 0 0 0 0 0 0 0 1 0 1 1 0 0 1 1 0 x
0.046454131544919 0 0 1 0 0 0 0 0 0 0 1 1 0 1 0 0 0 1 1 x
0.042356858185963 0 0 1 0 0 0 0 0 0 0 1 0 0 1 0 0 1 0 1 x
0.059874310944479 0 0 1 0 0 0 0 0 1 0 0 0 0 1 0 0 1 1 0 x
0.066898568748696 0 0 1 0 0 0 0 0 0 1 1 0 0 1 0 0 1 1 1 x
0.043740342489600 0 0 0 1 0 0 0 0 0 0 0 1 0 1 0 0 1 0 1 x
0.041054979744653 0 0 1 0 0 0 0 0 0 0 0 1 0 1 0 0 1 0 1 x
0.074387249481898 0 0 1 0 0 1 0 0 0 0 0 1 1 1 0 0 1 0 1 x
0.064034805977490 0 0 1 0 0 0 0 0 1 0 0 1 1 1 0 0 1 0 1 x
0.060296039939310 0 0 1 0 0 0 0 0 0 0 1 1 0 1 0 0 1 1 0 x
0.073743967690273 0 0 1 0 1 0 0 0 0 0 1 1 1 1 0 0 1 0 1 x
0.042102586222414 0 0 0 0 1 0 0 0 0 0 0 0 0 1 0 0 1 0 1 x
0.078095947002397 0 0 0 0 1 0 0 0 0 0 0 0 1 1 0 0 1 1 1 x
0.042592699836475 0 0 0 0 1 0 0 0 0 0 0 0 1 0 0 0 1 0 1 x
0.049923892988897 0 0 0 0 1 0 0 0 0 0 0 0 0 0 1 0 1 0 1 x
0.140513451697856 0 0 0 0 1 1 0 0 0 0 0 1 1 0 0 0 1 0 1 x
0.034010096774526 0 0 0 0 1 0 0 0 0 0 0 0 0 0 0 1 1 0 0 x
0.065481874579560 0 0 0 0 1 0 0 0 0 0 0 0 0 0 0 1 1 0 1 x
0.027920037530157 0 1 0 0 0 0 0 0 0 0 0 0 1 1 0 0 0 0 1 x
0.035013335210410 0 1 0 0 0 0 0 0 0 0 0 1 1 0 0 0 1 0 1 x
0.123989851258459 0 1 0 0 1 0 0 0 0 0 0 0 1 1 0 0 1 0 1 x
0.045712608992223 0 0 0 0 1 0 0 0 0 0 0 0 0 0 0 0 1 1 0 x
0.051485427032087 0 1 0 0 0 0 0 0 0 0 0 1 0 0 0 0 1 0 0 x
0.047802029676341 0 1 0 0 0 0 0 1 0 0 0 1 1 1 0 0 0 1 1 x
0.040883762008968 0 0 0 1 0 0 0 0 0 0 0 0 1 0 0 0 1 1 0 x
0.038026071780691 0 0 1 0 0 0 0 0 0 0 0 1 1 0 0 0 1 0 1 x
0.133943721981568 0 1 0 1 1 0 0 0 1 1 1 1 1 1 1 0 0 1 0 x
0.061805898123150 0 0 0 0 1 0 0 0 0 0 1 0 0 1 0 0 1 1 0 x
0.071456243518234 0 0 0 1 0 0 0 1 0 0 0 0 1 1 0 0 1 1 0 x
0.062844194315618 0 1 0 0 0 0 0 0 0 0 0 0 1 0 0 0 0 0 1 x
0.045886153783157 0 0 0 1 0 0 0 0 0 0 0 0 1 1 0 0 0 0 1 x
0.065652214604700 0 1 0 0 0 1 0 0 0 0 0 1 1 1 0 0 1 0 1 x
0.054582464483229 0 1 0 0 0 0 1 0 0 0 0 0 1 1 1 0 0 0 1 x
0.040674726828934 0 1 0 0 0 0 0 0 0 0 0 0 0 1 1 0 0 0 1 x
0.055853657408723 0 1 0 0 0 0 1 0 0 0 1 1 1 1 0 0 0 1 1 x
0.057450497661709 0 0 1 0 0 0 0 0 0 0 0 1 0 0 1 0 0 1 1 x
0.063222746920867 0 0 1 0 0 0 0 1 0 0 0 0 1 1 0 0 1 0 1 x
0.048926337501837 0 1 0 0 0 0 0 0 1 0 0 0 1 1 1 0 0 0 1 x
0.051364846666649 0 0 0 0 1 0 0 0 0 0 0 1 0 0 0 0 1 0 1 x
0.114849760471013 1 1 0 0 0 1 0 0 1 1 1 1 0 1 1 0 1 0 1 x
0.067846269216261 0 0 0 0 1 0 0 0 0 0 1 0 0 0 0 0 1 0 1 x
0.046946739891090 0 0 0 1 0 0 0 0 0 0 0 1 1 0 0 0 1 0 1 x
0.042028230670613 0 0 0 1 0 0 0 0 0 0 0 0 0 1 0 0 1 0 0 x
0.064853633507667 0 0 1 0 0 0 1 0 0 0 1 1 1 1 0 1 0 1 1 x
0.153372248888424 0 0 1 1 0 0 1 0 1 1 0 1 1 1 1 1 0 1 0 x
0.050071644984484 1 0 0 0 0 0 1 0 0 0 1 1 0 1 0 0 1 1 0 x
0.068557742788544 0 1 0 0 0 0 1 0 0 0 0 0 1 1 0 0 1 0 0 x
0.121233822888363 0 1 0 1 0 0 1 0 0 0 0 1 1 1 1 0 0 0 0 x
0.066810580907346 1 0 0 0 0 0 0 1 0 0 0 0 0 1 0 0 1 0 0 x
0.093323725689492 0 1 0 0 0 1 1 0 0 0 1 1 1 1 0 1 0 0 1 x
0.073921681493962 0 0 1 0 0 0 1 0 0 0 1 0 1 1 0 1 0 0 1 x
0.077795959180362 0 1 1 0 0 0 0 0 0 0 1 1 1 1 0 0 0 0 1 x
0.058139274837298 0 1 0 0 0 0 1 0 0 0 1 1 1 1 0 0 1 0 1 x
0.038994964117468 0 0 0 0 1 0 0 0 0 0 0 0 0 0 1 0 0 1 0 x
0.060533134040724 0 0 0 0 1 0 0 0 0 1 0 0 0 0 1 0 1 1 0 x
0.037923377562583 0 0 0 0 1 0 0 0 0 0 0 0 0 0 0 1 0 1 0 x
0.102388888418006 0 0 0 0 1 1 0 0 0 0 0 0 0 1 1 1 0 0 0 x
0.048906252119116 0 0 0 0 1 0 0 0 0 0 0 0 0 1 0 0 0 1 0 x
0.082752885379059 0 1 1 0 0 0 0 0 0 1 1 1 1 0 1 0 1 0 1 x
0.056214183293672 1 0 0 0 0 0 1 0 0 1 1 0 1 1 0 0 1 1 0 x
0.075105122622676 0 0 1 0 0 1 0 0 0 1 0 1 1 1 1 0 0 1 1 x
0.123894281939329 0 0 1 0 0 1 0 0 0 0 0 1 0 1 0 0 0 1 0 x
0.081672779195243 0 0 0 0 1 0 0 0 0 0 0 0 0 0 0 1 0 0 0 x
0.048139812207813 0 0 0 0 1 0 0 0 0 0 0 0 0 0 1 1 0 1 0 x
0.136816442366648 1 0 0 0 1 1 0 0 1 1 1 0 1 1 1 1 1 0 0 x
0.050096495522035 0 0 0 0 1 0 0 0 0 0 0 1 0 1 0 0 0 1 1 x
0.107553850497409 0 0 0 0 1 1 0 0 0 0 0 1 0 1 0 1 0 1 0 x
0.058962500438227 1 0 0 0 0 1 0 0 0 0 0 1 0 1 1 0 0 0 1 x
0.043740008190207 0 0 0 1 0 0 0 0 0 0 0 0 1 0 0 1 1 0 0 x
0.095053426075522 0 1 0 0 0 1 0 0 0 0 0 1 0 0 0 1 1 0 0 x
0.077094018527577 0 1 0 0 0 1 0 0 1 0 0 1 1 1 1 0 0 1 1 x
0.038570962244767 0 1 0 0 0 0 0 0 0 0 1 0 1 1 0 0 0 1 1 x
0.041311073341417 1 0 0 0 0 0 0 0 1 0 1 0 0 1 0 0 1 1 0 x
0.066930793353053 0 0 0 1 0 0 0 0 1 0 0 0 1 1 0 0 1 1 0 x
0.045762058770573 0 0 0 1 0 0 0 0 0 0 0 0 1 1 0 0 0 1 1 x
0.045160021660321 0 1 0 0 0 0 0 0 0 0 1 0 0 1 0 0 1 1 0 x
0.107860777429914 0 0 0 0 0 0 0 0 0 0 0 0 0 0 0 0 1 1 0 x
0.142979643234245 0 0 1 0 1 1 0 0 0 1 0 1 1 1 1 0 0 1 0 x
0.092404485946774 1 0 0 0 1 0 1 0 0 0 1 1 1 0 0 1 1 0 0 x
0.050118628436687 0 1 0 0 0 0 0 0 1 0 0 0 1 1 0 0 1 1 0 x
0.057210202126981 0 1 0 0 0 0 0 1 0 0 0 0 1 1 1 0 0 1 0 x
0.050220157788659 1 0 0 0 0 0 0 1 0 1 0 1 0 0 1 1 0 0 1 x
0.058277671745948 0 0 0 0 1 0 0 0 0 0 0 1 1 0 0 1 0 1 1 x
0.105195066040663 1 0 0 1 0 0 1 0 0 1 1 1 1 1 0 0 1 1 1 x
0.075920290224402 1 1 0 0 0 0 0 1 1 1 1 0 1 0 1 1 0 0 1 x
0.053029003009285 1 0 0 0 0 0 1 0 0 1 1 0 1 0 1 1 0 0 1 x
0.064531412109595 1 0 0 0 1 0 0 0 0 1 1 0 1 0 1 1 0 0 1 x
0.060353559757738 1 0 0 0 0 0 1 0 0 1 0 0 0 1 1 0 1 0 0 x
0.066708088702254 1 0 0 0 1 0 0 1 0 0 1 1 1 1 0 0 1 0 1 x
0.074129282077882 1 0 0 0 0 0 1 0 1 1 1 0 0 1 1 0 1 1 0 x
0.085608946818243 0 0 0 1 0 0 1 0 0 0 0 0 0 1 0 1 1 0 0 x
0.056276792865626 1 0 0 0 0 1 0 0 1 0 1 1 1 1 0 0 1 0 1 x
0.073358530484044 1 0 0 0 0 1 1 0 0 0 1 1 1 1 1 0 0 0 1 x
0.076581940426489 1 1 0 0 0 0 0 0 1 1 1 0 1 1 0 1 0 0 1 x
0.061243555827942 1 1 0 0 0 0 0 1 1 1 1 1 1 0 0 1 1 0 1 x
0.097870189641581 1 0 1 0 0 0 0 1 1 1 0 1 1 0 1 1 0 0 0 x
0.041901385483006 1 0 0 0 0 0 0 0 1 0 0 1 0 1 0 0 1 1 0 x
0.051660453994142 1 0 0 0 0 0 0 0 1 1 0 0 0 1 0 1 1 0 0 x
0.070493189265344 1 0 0 1 0 0 0 1 0 1 1 1 1 0 1 0 0 1 1 x
0.036680955669938 1 0 0 0 0 0 0 0 1 0 0 1 0 1 0 0 1 0 1 x
0.065658983058840 1 0 0 0 0 0 0 0 0 0 0 0 0 1 0 0 0 0 1 x
0.055432934888338 1 0 0 0 1 0 0 0 1 0 1 1 1 1 0 0 1 0 1 x
0.082139518650467 1 0 0 0 1 0 0 0 0 0 0 1 0 1 0 0 1 0 0 x
0.044319537855085 0 1 0 0 0 0 0 0 0 0 0 0 0 1 0 0 0 1 0 x
0.035703276745785 0 1 0 0 0 0 0 0 0 0 1 1 0 1 0 0 0 1 1 x
0.066047183600263 1 0 0 0 0 1 0 0 0 0 1 1 0 0 1 0 1 0 0 x
0.040053002352796 0 0 0 1 0 0 0 0 0 0 0 0 0 1 1 0 0 1 0 x
0.090950169228000 0 1 0 1 0 0 0 0 1 0 0 1 1 1 0 0 0 1 0 x
0.069872342900789 0 1 0 0 0 0 0 1 0 1 0 1 1 0 1 0 1 1 1 x
0.048441184756927 0 0 1 0 0 0 0 0 0 0 1 1 0 0 0 1 1 0 1 x
0.082313919545633 1 0 1 0 0 0 0 1 1 1 1 0 1 1 1 1 0 0 1 x
0.061126427710385 1 0 0 0 0 0 0 1 0 1 1 0 0 0 1 1 1 0 0 x
0.051007108432819 0 0 1 0 0 0 0 0 0 0 1 0 0 0 0 0 1 1 0 x
0.091097166450185 0 0 1 0 1 0 0 0 1 1 1 1 1 1 1 1 0 1 1 x
0.074579673149728 1 0 1 0 0 0 0 0 1 1 1 1 0 0 1 0 1 1 0 x
0.091142204521917 0 0 0 1 0 1 0 0 0 0 0 0 0 1 1 1 0 0 0 x
0.088231113827615 1 0 1 0 0 0 0 0 1 0 1 1 0 1 0 0 1 0 1 x
0.046741557341383 0 1 0 0 0 0 0 0 1 0 0 1 0 1 0 0 1 0 1 x
0.055888443590709 0 1 0 0 0 0 0 0 0 1 0 0 1 1 1 0 0 0 1 x
0.077972671148858 0 0 1 0 0 0 0 1 0 0 1 0 0 1 0 1 0 1 0 x
0.058547909191759 1 0 0 0 0 0 1 0 0 0 0 1 0 0 1 0 1 0 0 x
0.115855292571082 1 1 0 0 0 0 1 0 1 1 0 1 0 0 1 0 1 0 0 x
0.113998496008437 0 0 1 0 1 0 0 0 0 0 1 0 1 1 0 0 0 1 1 x
0.091171626676725 1 0 1 0 0 0 1 0 0 1 1 1 1 0 1 1 0 0 1 x
0.042229482105269 0 1 0 0 0 0 0 0 0 1 0 0 1 0 0 0 1 1 0 x
0.102770612006092 0 1 0 1 0 0 0 1 0 1 1 1 1 0 0 1 1 1 0 x
0.103835761874713 0 1 1 0 0 0 0 1 0 0 1 1 1 0 0 1 1 0 0 x
0.058795249331641 0 1 0 0 0 0 1 0 0 0 0 1 0 1 1 0 0 0 1 x
0.052491435009758 1 1 0 0 0 0 0 1 1 1 1 1 1 1 0 0 0 1 1 x
0.049141358558976 1 0 0 0 0 0 0 1 0 0 0 1 0 0 0 1 1 0 0 x
0.071162634705496 1 1 0 0 0 0 1 1 1 1 1 1 1 1 1 0 0 1 1 x
0.059659523315117 0 0 0 1 0 0 0 0 1 0 0 0 0 1 1 1 0 0 1 x
0.034513928003374 1 0 0 0 0 0 0 0 0 0 1 0 0 0 0 1 1 0 0 x
0.038583706335402 1 0 0 0 0 0 0 0 0 1 0 0 0 0 0 1 1 0 0 x
0.068451110628053 1 0 0 0 1 0 0 0 0 1 0 1 1 0 0 1 1 0 0 x
0.041309740002249 1 0 0 0 0 0 0 0 0 0 0 1 0 0 0 0 1 0 0 x
0.065371441599556 1 0 0 0 1 0 0 1 0 1 1 1 1 1 0 1 0 1 1 x
0.050549751197466 1 0 0 0 0 0 0 0 1 1 0 1 1 0 0 1 1 1 0 x
0.102785425642852 0 0 1 0 0 1 0 1 0 0 0 1 1 1 1 1 0 0 1 x
0.054565566328378 0 0 1 0 0 0 0 0 0 0 1 0 0 1 1 0 0 1 1 x
0.054900064516403 1 1 0 0 0 0 0 1 1 1 1 1 1 0 1 0 0 1 1 x
0.046833765145180 0 1 0 0 0 0 0 0 0 0 0 1 1 1 0 0 0 0 1 x
0.085865362148518 0 1 0 0 0 1 0 0 0 0 0 0 1 1 0 0 0 1 0 x
0.066106221993596 0 0 0 1 0 0 0 0 1 0 0 0 1 1 1 0 1 0 1 x
0.039113446363081 1 0 0 0 0 0 0 0 1 1 1 1 1 1 0 1 1 1 1 x
0.032036225201873 1 0 0 0 0 0 0 0 0 0 1 1 0 0 0 0 1 1 0 x
0.099663047518788 0 0 0 0 1 0 1 0 0 0 0 0 1 1 0 0 1 0 1 x
0.065939257905989 0 0 0 1 0 0 0 0 0 1 0 0 0 0 0 1 1 0 0 x
0.052434509356305 0 1 0 0 0 0 0 0 0 1 0 0 1 1 0 0 1 1 0 x
0.155741845338052 0 1 1 0 0 0 0 0 1 0 1 0 0 1 0 0 0 1 0 x
0.162028040515593 0 1 1 0 1 0 0 0 1 1 1 1 1 1 1 0 1 0 0 x
0.079681166634088 0 1 0 0 1 0 0 0 0 1 0 1 1 0 1 0 0 1 0 x
0.038416934016751 0 1 0 0 0 0 0 0 0 0 1 0 1 0 0 0 1 1 0 x
0.136288204028201 0 1 1 0 0 0 1 1 1 0 1 1 1 1 1 1 0 0 1 x
0.042361249236040 0 1 0 0 0 0 0 0 0 0 0 1 1 0 0 0 1 1 0 x
0.068855884493120 0 1 0 0 1 0 0 0 1 0 1 1 1 1 1 0 0 1 1 x
0.046789535696143 0 0 1 0 0 0 0 0 0 0 1 1 0 0 1 0 1 0 1 x
0.040890835899624 0 0 0 0 1 0 0 0 0 0 0 0 0 1 1 0 0 0 1 x
0.102668205910586 1 0 0 0 1 0 0 0 0 0 1 0 1 0 0 0 1 0 0 x
0.049996188728580 0 0 0 0 1 0 0 0 0 0 0 1 0 0 1 0 0 1 1 x
0.110131119387254 0 0 1 1 0 0 0 0 0 0 0 1 1 1 0 0 1 0 1 x
0.110017903969103 1 0 1 0 0 0 0 1 0 0 1 1 0 0 0 1 1 0 0 x
0.087807891270827 0 0 0 1 0 0 1 0 0 0 0 1 1 1 0 0 0 1 1 x
0.055211380431907 1 0 0 0 0 0 0 1 0 1 0 1 0 1 0 0 1 0 1 x
0.095680100099140 1 0 1 0 0 0 0 0 1 1 1 0 0 1 0 0 1 1 0 x
0.045500435076224 1 0 0 0 0 0 0 0 1 1 1 0 0 1 1 0 1 0 1 x
0.081386846456777 1 0 0 0 0 1 0 1 1 0 0 1 1 1 1 1 0 0 1 x
0.113995302150144 1 1 0 1 0 0 0 1 1 1 1 1 1 1 0 0 0 1 1 x
0.054090236176324 0 1 0 0 0 0 0 1 0 0 1 0 1 1 0 0 1 0 1 x
0.035959041570595 0 1 0 0 0 0 0 0 0 0 1 0 0 0 0 1 1 0 0 x
0.090157007010466 0 1 0 0 1 0 0 0 0 0 1 1 0 0 0 1 1 0 0 x
0.036193881903399 0 1 0 0 0 0 0 0 0 0 1 0 0 1 0 1 0 0 1 x
0.054614800267813 0 1 0 0 0 0 0 1 0 0 0 0 1 1 0 1 0 1 0 x
0.054662443895159 0 0 1 0 0 0 0 0 1 0 0 1 0 1 1 0 0 1 1 x
0.084130769136325 1 0 0 0 0 0 1 1 0 1 1 0 0 1 1 1 0 0 1 x
0.074013577994175 0 0 1 0 0 0 1 0 0 0 1 1 1 0 0 1 1 0 1 x
0.098939470524158 0 0 0 1 0 1 0 0 0 0 0 1 0 1 1 0 0 0 1 x
0.089969550989954 0 0 0 0 1 0 0 1 0 0 0 0 0 1 0 1 0 1 0 x
0.076589926732152 1 0 0 0 1 0 0 1 0 0 1 0 1 1 1 0 0 0 1 x
0.041750985714084 0 0 1 0 0 0 0 0 0 0 0 0 0 0 0 1 1 0 0 x
0.067871061877475 0 0 1 0 0 0 0 1 0 0 0 1 0 0 1 1 1 0 0 x
0.068545928015363 0 0 1 0 0 0 0 1 0 0 0 0 1 0 0 1 1 0 0 x
0.130624675094519 1 1 0 0 1 0 1 1 1 1 1 1 1 1 1 0 0 1 0 x
0.054463999587528 0 1 0 0 0 0 0 0 1 0 1 1 0 0 1 0 1 0 1 x
0.087484829158068 1 0 0 1 0 0 0 1 1 0 1 0 1 1 1 0 0 1 0 x
0.050439985607574 1 0 0 0 0 0 0 1 1 1 0 1 1 1 1 1 0 1 1 x
0.063888111904866 1 0 0 0 0 0 1 0 0 1 0 0 1 0 0 1 1 0 0 x
0.111325041081803 0 1 0 1 0 0 0 1 0 1 0 0 1 1 1 0 0 1 0 x
0.082416788521433 1 0 1 0 0 0 0 1 0 1 1 1 1 0 1 0 1 1 0 x
0.039110591531480 1 0 0 0 0 0 0 0 0 0 1 0 0 0 0 1 0 1 0 x
0.058389201835293 1 0 0 0 0 0 0 0 1 0 1 0 0 0 0 1 1 1 0 x
0.052625652238140 1 0 0 0 0 0 0 1 1 0 0 1 0 1 1 0 1 0 1 x
0.037279057905059 1 0 0 0 0 0 0 0 0 0 1 1 0 1 0 0 1 0 1 x
0.083775861620245 0 0 1 0 0 1 0 0 0 1 1 1 0 1 1 0 1 0 1 x
0.086394022403642 0 0 1 0 0 1 0 0 0 1 1 1 1 1 0 0 1 1 1 x
0.076077244713398 0 1 0 0 0 0 1 0 1 0 0 1 1 1 0 0 1 0 1 x
0.061527108087275 1 0 0 0 0 0 1 0 1 1 1 1 1 0 1 1 0 1 1 x
0.056120584842718 0 0 1 0 0 0 0 0 0 1 1 0 0 1 0 1 1 0 1 x
0.067177903829478 1 0 0 1 0 0 0 0 1 1 1 1 0 1 0 0 1 1 0 x
0.053624201131268 1 0 0 0 0 1 0 0 1 0 1 1 1 1 0 1 0 1 1 x
0.030695975698580 1 0 0 0 0 0 0 0 0 0 0 1 0 0 1 0 0 1 0 x
0.074241919542256 0 0 0 0 1 0 0 0 0 1 0 1 0 0 0 1 1 1 0 x
0.049740953812280 1 0 0 0 0 0 0 0 1 0 0 1 0 0 1 0 1 1 0 x
0.059391067189709 1 0 0 0 0 1 0 1 0 1 1 1 1 1 1 0 1 0 1 x
0.092306950275865 1 1 0 0 0 1 0 1 1 1 1 1 1 1 1 0 0 1 1 x
0.075703156358724 1 1 0 0 0 0 0 1 1 0 1 1 1 1 0 0 1 0 1 x
0.124607148790635 1 0 0 1 0 1 0 1 1 1 1 1 1 1 1 1 0 1 0 x
0.128042283547555 0 0 1 0 0 1 0 1 0 1 0 0 1 1 1 1 1 0 0 x
0.065210148681860 1 0 0 1 0 0 0 0 1 1 1 1 1 0 1 1 0 1 1 x
0.081906369220493 1 0 0 0 1 0 0 0 0 0 1 1 0 0 0 1 0 1 0 x
0.059733083851618 1 0 0 0 0 1 0 0 1 1 1 1 1 0 1 1 0 1 1 x
0.070252366301581 1 0 0 0 0 1 0 0 0 1 1 0 1 0 0 1 1 0 0 x
0.081516569113374 1 0 0 1 0 0 0 0 1 0 1 1 0 1 0 0 1 0 1 x
0.074113258394714 1 0 0 0 1 0 1 0 0 1 1 1 1 1 0 0 1 0 1 x
0.036287663486788 1 0 0 0 0 0 0 0 0 1 0 1 0 0 0 0 1 1 0 x
0.083817817229681 0 1 1 0 0 0 0 1 0 1 1 1 1 1 1 0 0 1 1 x
0.139891039307126 0 0 0 1 1 0 0 0 0 0 1 1 1 0 0 0 0 1 1 x
0.147335918222629 1 0 0 1 1 0 0 1 1 1 1 1 1 1 1 1 0 0 0 x
0.111565534087551 0 0 0 1 1 0 0 0 0 0 0 0 1 1 1 0 0 0 0 x
0.051114005774247 1 0 0 0 0 0 1 0 0 1 0 1 1 0 1 0 0 1 1 x
0.065717544110066 1 0 0 0 0 0 1 0 0 1 1 0 0 1 0 1 1 0 0 x
0.061027722083737 0 0 0 0 1 0 0 0 0 0 0 0 0 1 1 0 0 1 1 x
0.071234128294321 0 0 1 0 0 0 1 0 0 0 0 1 1 1 0 0 0 1 1 x
0.054086721123524 0 0 1 0 0 0 0 0 0 0 1 0 1 0 0 1 1 0 1 x
0.045339231077393 0 0 0 0 1 0 0 0 0 0 0 0 1 0 0 1 0 1 0 x
0.061547571612151 0 0 0 1 0 0 0 0 0 0 1 0 1 1 0 0 1 0 1 x
0.060367320762410 1 0 0 0 0 0 1 0 1 1 1 0 1 1 1 0 1 0 1 x
0.087823430396266 0 0 1 0 0 1 0 0 0 1 0 1 1 0 1 0 1 0 1 x
0.037685425593910 1 0 0 0 0 0 0 0 1 0 0 1 1 0 1 0 0 1 1 x
0.044161517345256 0 0 0 1 0 0 0 0 0 0 0 0 0 1 0 0 0 1 0 x
0.032366578134473 1 0 0 0 0 0 0 0 0 0 0 1 0 0 1 0 0 0 1 x
0.097865796805927 1 1 0 0 0 0 0 1 1 0 1 1 0 0 1 1 0 0 1 x
0.112449370261609 1 0 0 1 0 0 0 1 1 1 0 0 0 1 1 1 0 0 0 x
0.073812287176602 0 1 0 0 1 0 0 0 1 1 1 1 1 1 1 1 0 1 1 x
0.130335580778164 1 0 1 1 0 0 0 1 1 1 1 1 1 1 1 0 0 0 1 x
0.094778416995367 1 0 1 0 0 0 0 0 1 1 0 1 0 1 0 0 0 1 0 x
0.064955825462628 0 0 0 0 1 0 0 0 0 1 0 0 1 0 0 1 1 0 1 x
0.110625987517782 1 0 0 1 0 0 1 1 0 1 1 1 1 1 1 0 1 1 0 x
0.054737571226493 0 0 1 0 0 0 0 0 0 0 0 0 0 0 0 1 0 1 0 x
0.058009350163225 1 0 0 0 0 0 1 0 0 1 0 1 0 1 0 0 1 1 0 x
0.038433849175087 0 1 0 0 0 0 0 0 0 0 1 1 0 0 0 0 1 1 0 x
0.047466895357280 0 1 0 0 0 0 0 0 0 0 1 1 0 0 0 1 1 0 1 x
0.040117667161148 0 1 0 0 0 0 0 0 0 0 1 0 0 0 0 1 0 1 0 x
0.055945836412875 0 1 0 0 0 0 0 0 0 1 1 0 1 0 0 1 1 1 0 x
0.030405472032726 0 1 0 0 0 0 0 0 0 0 0 0 0 0 1 1 0 0 0 x
0.088923017105221 0 1 0 0 0 0 0 1 0 0 1 0 0 0 1 1 0 0 0 x
0.057865793299941 0 1 0 0 0 0 0 0 0 0 1 0 0 0 1 0 1 1 0 x
0.034490001496235 1 0 0 0 0 0 0 0 0 1 0 0 0 0 1 0 1 0 0 x
0.039155584106559 1 0 0 0 0 0 0 0 0 1 0 1 0 0 1 0 1 0 1 x
0.051740427274055 1 0 0 0 1 0 0 0 0 1 1 1 1 0 1 0 1 0 1 x
0.083636048185263 0 1 0 0 1 0 0 0 1 0 1 0 1 1 1 0 0 1 0 x
0.060629610102344 1 0 0 0 0 0 1 0 1 1 1 1 1 1 0 1 1 1 0 x
0.085165701848620 1 0 1 0 0 0 0 0 1 1 0 1 1 0 1 0 1 0 1 x
0.076235772241462 1 1 0 0 0 0 0 1 1 1 1 1 0 1 0 1 0 1 1 x
0.034424309633221 0 0 1 0 0 0 0 0 0 0 0 0 0 0 1 0 1 0 0 x
0.044060321938185 0 0 1 0 0 0 0 0 0 0 0 0 0 0 1 0 0 1 0 x
0.081202728340329 0 1 1 0 0 0 0 1 0 1 1 1 1 1 0 1 0 0 1 x
0.041937732198677 0 0 1 0 0 0 0 0 0 0 0 1 0 0 1 0 1 0 0 x
0.077286932073516 1 0 1 0 0 0 0 0 0 1 1 1 0 0 1 0 1 0 0 x
0.081249010221562 1 0 0 0 1 0 0 0 0 1 0 1 0 0 1 0 1 0 0 x
0.045374079116152 0 0 1 0 0 0 0 0 0 0 0 0 1 0 0 0 1 1 0 x
0.042278807399378 1 0 0 0 0 0 0 0 1 0 0 1 0 1 0 0 0 1 1 x
0.106087462290800 1 0 1 0 0 0 0 1 1 0 0 1 0 1 1 0 1 0 0 x
0.035638172906148 1 0 0 0 0 0 0 0 0 1 0 0 0 0 1 1 0 0 0 x
0.039545659603483 1 0 0 0 0 0 0 0 0 1 0 0 0 0 1 0 0 1 0 x
0.108644154231069 0 1 0 0 1 0 0 1 0 1 0 0 1 1 1 1 0 0 0 x
0.088131074184593 0 0 0 1 0 0 0 1 0 0 1 1 0 1 1 0 0 1 1 x
0.055978088393544 0 1 0 0 0 0 0 0 0 0 0 0 1 1 0 0 1 0 1 x
0.096160234436631 0 1 0 0 0 1 0 0 1 0 0 1 0 1 1 0 0 0 1 x
0.058385309722195 1 1 0 0 0 0 0 1 1 1 1 1 1 0 1 0 1 0 1 x
0.079151985809347 1 0 0 0 0 1 0 0 0 1 0 1 0 0 1 1 0 0 0 x
0.170323201493736 0 1 0 0 1 1 0 1 1 0 1 1 1 1 1 1 0 1 0 x
0.054584732328528 1 0 0 0 0 1 0 0 0 0 1 0 1 1 0 1 0 0 1 x
0.044003902178253 0 1 0 0 0 0 0 0 1 0 0 1 1 0 1 0 0 1 1 x
0.049287815677443 0 1 0 0 0 0 0 0 0 1 0 0 0 0 1 1 0 1 0 x
0.088517343347412 0 1 0 0 0 1 0 0 0 1 1 0 0 1 1 1 1 0 0 x
0.066402912798870 1 0 0 0 0 1 0 1 0 1 1 1 1 1 1 1 0 1 1 x
0.072882356700885 0 1 0 0 0 0 1 0 0 0 0 0 1 1 0 0 0 1 0 x
0.029480313198527 0 1 0 0 0 0 0 0 0 0 0 0 0 1 0 1 0 0 0 x
0.036878604626259 0 1 0 0 0 0 0 0 0 0 0 0 1 0 0 1 0 0 0 x
0.071230594547145 0 0 1 0 0 0 0 1 0 1 0 1 1 1 0 1 0 1 1 x
0.092408276472666 1 0 1 0 0 0 0 0 0 1 1 0 0 0 1 1 0 0 0 x
0.125772660543836 0 1 0 0 0 0 1 1 0 0 0 0 1 1 0 1 0 0 0 x
0.103363667970751 0 0 1 0 0 0 1 0 1 0 1 1 0 1 0 1 1 1 0 x
0.047898017127142 0 1 0 0 0 0 0 0 1 0 0 0 1 0 0 1 0 1 0 x
0.083624504119821 0 1 0 1 0 0 0 1 0 1 1 1 1 1 1 0 1 0 1 x
0.091058431100151 1 0 0 0 0 1 1 0 0 1 1 0 1 1 1 0 1 0 1 x
0.061353002674675 1 1 0 0 0 0 0 1 1 1 1 1 1 1 0 0 1 1 1 x
0.078371618038229 0 1 0 0 1 0 0 1 0 1 1 1 1 1 1 0 1 0 1 x
0.151940309973684 0 0 0 1 0 1 1 0 0 1 1 1 1 1 0 1 1 1 0 x
0.064111839845788 0 1 0 0 0 0 1 0 0 1 0 1 1 0 1 0 1 0 1 x
0.038755896584917 0 0 0 1 0 0 0 0 0 0 0 0 0 1 0 1 0 0 1 x
0.027407332629946 1 0 0 0 0 0 0 0 0 0 0 0 0 1 0 1 0 0 0 x
0.068149189902388 1 0 0 0 0 1 0 0 0 0 1 0 0 1 1 1 0 0 0 x
0.025440571909464 1 0 0 0 0 0 0 0 0 0 0 0 0 1 1 0 0 0 0 x
0.047650710335505 1 0 0 0 0 0 0 0 0 0 1 0 0 1 1 0 0 1 0 x
0.114035557175025 1 0 0 0 1 0 1 0 0 0 0 0 1 1 1 0 0 0 0 x
0.035879241041713 0 0 1 0 0 0 0 0 0 0 0 0 0 1 0 0 1 0 0 x
0.046387678153666 1 0 0 0 0 0 1 0 0 0 0 1 0 1 1 0 0 0 1 x
0.031986673847099 0 1 0 0 0 0 0 0 0 0 0 0 0 1 1 0 0 0 0 x
0.045680131841481 0 1 0 0 0 0 0 0 0 1 0 0 1 0 1 0 0 1 0 x
0.068295610492060 1 0 0 0 0 0 0 1 0 1 0 0 0 1 1 1 0 0 0 x
0.089758520462444 0 0 0 0 1 0 0 1 0 0 0 0 1 1 0 0 1 0 1 x
0.071940927754390 0 1 0 0 1 0 0 0 1 0 1 1 1 1 0 0 1 0 1 x
0.055352483807937 0 1 0 0 0 0 0 0 1 0 1 1 0 0 0 1 1 1 0 x
0.031809875219968 1 0 0 0 0 0 0 0 0 0 1 0 0 1 0 0 1 0 0 x
0.028522737462239 1 0 0 0 0 0 0 0 0 0 0 0 1 0 0 1 0 0 0 x
0.051013737570183 1 0 0 0 0 0 0 0 1 0 0 0 1 1 0 0 1 0 0 x
0.046155484003735 0 0 1 0 0 0 0 0 0 0 0 0 1 0 0 0 1 0 0 x
0.078432799896382 0 1 0 0 0 1 0 0 0 0 0 0 1 1 1 0 0 0 0 x
0.085126841404798 0 1 0 0 1 0 0 0 0 1 1 0 0 1 1 0 1 0 0 x
0.083345837805246 1 1 0 0 0 0 0 1 1 1 1 0 1 1 1 0 1 0 1 x
0.118535938198210 0 0 1 0 1 0 1 0 0 0 1 1 1 1 0 1 0 1 0 x
0.092973229765289 1 0 0 0 1 0 0 1 1 0 0 1 1 1 1 1 0 0 1 x
0.033264386990117 1 0 0 0 0 0 0 0 0 0 0 1 0 0 1 0 1 0 0 x
0.045414349008513 1 0 0 0 0 0 0 1 0 1 0 1 1 0 1 0 1 0 1 x
0.042322080576099 1 0 0 0 0 0 0 0 0 1 0 0 1 0 0 1 1 0 0 x
0.076351349871103 1 0 0 0 0 0 0 0 0 0 0 0 0 0 1 0 0 0 0 x
0.060446665888942 1 0 0 0 0 0 0 0 0 0 0 0 0 1 1 0 1 0 0 x
0.050214584293806 1 0 0 0 0 0 0 1 0 0 0 1 1 0 1 1 0 0 1 x
0.079315574307691 1 0 0 0 0 1 0 0 1 0 1 1 1 0 1 0 1 1 1 x
0.051132475222427 1 0 0 0 0 0 0 0 0 0 0 0 1 0 0 1 0 1 0 x
0.087447849583398 1 0 0 1 0 0 0 0 1 0 1 0 1 1 0 1 0 0 0 x
0.040109395989424 1 0 0 0 0 0 0 0 0 0 0 1 0 0 1 1 0 0 0 x
0.058980804662832 1 0 0 0 0 0 0 1 0 0 0 0 1 1 0 1 0 0 0 x
0.044213998904680 0 0 1 0 0 0 0 0 0 0 0 0 0 1 1 0 0 0 0 x
0.050729785509011 1 0 0 0 0 0 0 1 0 1 1 0 1 1 0 0 1 1 1 x
0.034814199349261 0 0 0 1 0 0 0 0 0 0 0 0 0 1 1 0 0 0 1 x
0.053188046114048 1 0 0 0 0 0 0 0 1 1 0 0 1 0 0 0 1 1 0 x
0.041002975716201 1 0 0 0 0 0 0 0 1 0 0 1 0 1 1 0 0 0 1 x
0.068613417779611 1 0 0 0 1 0 0 0 0 1 1 0 0 1 1 0 0 1 0 x
0.059588948273675 0 0 1 0 0 0 0 0 0 1 0 0 0 0 1 0 1 0 0 x
0.084281900980992 1 0 0 1 0 0 0 1 1 0 1 1 1 0 1 1 0 1 0 x
0.049881066705350 0 1 0 0 0 0 0 1 0 0 1 1 1 1 0 0 1 1 1 x
0.072359079017768 1 0 0 0 0 1 0 0 1 0 1 1 0 1 0 1 1 0 0 x
0.076117357630544 1 0 0 1 0 0 0 1 1 0 1 1 1 1 0 0 1 1 0 x
0.088705440015404 1 0 0 0 0 1 0 0 1 1 0 0 0 1 1 0 1 0 0 x
0.048837287251311 0 1 0 0 0 0 0 0 1 0 0 0 1 1 0 0 0 1 1 x
0.061805667412939 1 0 0 0 0 0 1 0 0 1 1 1 0 0 1 0 1 0 1 x
0.038127291459036 0 0 0 1 0 0 0 0 0 0 0 0 1 0 0 1 0 1 0 x
0.072723771753454 1 0 0 0 0 1 0 1 0 1 1 1 1 0 1 1 1 0 1 x
0.054567921639063 1 0 0 1 0 0 0 0 1 1 1 1 1 0 1 0 1 0 1 x
0.099914687069196 0 0 0 1 0 0 0 0 1 1 0 0 1 0 1 0 1 0 1 x
0.071039645632978 1 0 0 1 0 0 0 0 1 0 1 1 1 0 1 0 0 1 1 x
0.067656401119912 1 0 0 1 0 0 0 0 0 1 0 1 1 0 1 0 0 0 1 x
0.090892257928068 0 0 1 0 1 0 0 0 0 0 1 1 1 0 0 1 0 0 1 x
0.086774142412262 1 0 0 1 0 0 0 1 0 1 0 1 1 0 1 0 1 0 0 x
0.048997461228106 1 0 0 0 0 0 0 0 0 1 0 1 0 0 1 0 1 0 0 x
0.091228499458483 1 0 1 0 0 0 0 0 1 0 1 1 1 0 1 0 1 0 0 x
0.100952771984362 0 0 1 1 0 0 0 0 0 0 0 0 1 1 1 0 0 0 0 x
0.083805938876119 1 1 0 0 0 0 0 1 1 1 0 1 1 0 1 1 0 0 1 x
0.037624036410773 0 1 0 0 0 0 0 0 0 0 1 1 1 0 0 0 0 1 1 x
0.053169113181754 0 1 0 0 0 0 0 0 1 0 1 1 1 0 0 1 1 0 1 x
0.056807102518069 0 0 1 0 0 0 0 0 1 0 0 1 1 1 0 1 0 1 1 x
0.071918147453973 0 0 0 0 1 0 0 0 0 1 0 0 0 0 1 1 1 0 0 x
0.076652562416199 1 0 0 0 1 0 0 1 1 1 1 1 1 1 0 1 1 1 0 x
0.087968176962604 1 1 0 0 0 0 0 0 1 0 1 1 1 0 0 0 0 1 1 x
0.089237138365435 0 1 1 0 0 0 0 1 1 0 1 1 1 1 0 0 1 0 1 x
0.043245195134422 0 0 0 1 0 0 0 0 0 0 0 1 0 0 0 0 1 1 0 x
0.087582742258819 0 0 1 1 0 0 0 0 1 1 1 1 1 1 0 1 0 1 1 x
0.080381185551479 0 0 0 1 0 0 1 0 0 0 0 0 1 1 0 1 0 0 1 x
0.041924831832574 0 1 0 0 0 0 0 0 0 0 0 0 1 0 0 1 0 1 0 x
0.050952222648931 0 0 1 0 0 0 0 0 0 1 0 0 1 0 0 0 1 1 0 x
0.043759430805193 1 0 0 0 0 0 0 1 0 0 1 1 0 0 1 0 1 0 1 x
0.057293172865349 0 1 0 0 0 0 0 1 0 0 1 0 1 1 0 0 1 1 0 x
0.042347951665835 0 1 0 0 0 0 0 0 0 1 0 0 0 1 1 0 0 1 0 x
0.039800215823175 1 0 0 0 0 0 0 0 1 0 0 1 0 0 1 1 0 0 1 x
0.045943266135666 0 1 0 0 0 0 0 0 0 1 0 1 0 0 1 0 0 1 1 x
0.041844982390851 1 0 0 0 0 0 1 0 0 0 1 1 1 0 1 0 0 1 1 x
0.050047067738581 1 0 0 0 1 0 0 0 1 1 1 1 1 1 0 1 0 1 1 x
0.093544498979913 0 0 1 1 0 0 0 0 0 1 1 1 1 0 0 0 1 1 0 x
0.099242928131833 1 1 0 0 1 0 0 1 1 1 1 1 1 1 0 0 1 0 1 x
0.062511460804185 1 0 0 1 0 0 0 1 1 1 1 1 1 1 1 0 1 0 1 x
0.026366612082428 1 0 0 0 0 0 0 0 0 0 0 1 0 1 0 0 0 1 0 x
0.043618903245911 1 0 0 0 0 1 0 0 0 0 1 1 1 1 0 0 0 1 1 x
0.066687381363388 0 0 1 0 0 0 0 1 0 0 1 0 1 1 0 1 0 1 1 x
0.038986868877034 1 0 0 0 0 0 0 0 1 0 1 1 0 0 1 0 1 0 1 x
0.065094967091947 1 0 0 0 0 0 0 0 1 0 1 0 0 1 1 0 1 0 0 x
0.061875207796132 1 0 0 0 0 0 0 1 1 0 0 1 0 0 1 1 1 0 0 x
0.037996268308700 1 0 0 0 0 0 0 0 0 1 0 0 0 1 0 0 1 0 0 x
0.095477875675467 1 0 1 0 0 0 0 0 0 0 0 1 0 1 1 0 0 0 0 x
0.104525941686128 0 0 0 1 0 0 0 1 0 1 1 1 1 1 0 1 1 1 1 x
0.035295985650537 1 0 0 0 0 0 0 0 0 0 1 1 1 0 0 0 1 0 1 x
0.061113527025136 0 0 0 0 1 0 0 0 0 0 0 1 0 1 0 0 1 1 0 x
0.068174230886727 1 1 0 0 0 0 0 1 0 1 1 1 1 0 0 0 1 0 1 x
0.065156510824310 1 0 0 0 0 0 0 1 1 0 1 0 1 1 0 0 1 0 1 x
0.045281508835012 0 0 0 1 0 0 0 0 0 0 0 1 0 1 0 0 0 1 1 x
0.112083220009885 0 0 0 1 1 0 0 0 0 0 1 0 0 1 0 1 1 0 0 x
0.056281196400356 0 1 0 0 0 0 0 1 0 0 1 1 1 0 1 0 1 0 1 x
0.064649408074345 1 0 0 0 0 1 0 0 0 0 1 1 1 0 0 1 1 0 0 x
0.104667239856526 0 1 1 0 0 0 0 0 0 1 1 0 0 1 1 1 0 0 0 x
0.067334356133060 0 0 0 1 0 0 0 0 0 0 1 0 0 0 0 1 0 1 1 x
0.066063282449056 1 0 0 0 1 0 0 0 0 0 1 1 0 1 1 0 0 1 0 x
0.044821770987248 0 1 0 0 0 0 0 0 0 1 0 0 0 0 1 0 1 0 0 x
0.085469525269666 1 0 0 0 1 0 0 0 1 0 0 1 1 0 1 0 1 0 1 x
0.087550825261047 0 1 0 1 0 0 0 0 0 0 1 1 1 0 0 0 1 1 0 x
0.049312445263282 0 1 0 0 0 0 0 0 0 1 0 1 0 0 1 0 1 1 0 x
0.076364835562540 0 1 0 0 0 1 0 0 0 0 1 1 1 0 0 0 1 0 1 x
0.080152119301758 1 0 0 0 1 0 0 1 1 1 1 0 1 1 1 1 0 0 1 x
0.042371570445681 1 0 0 0 0 0 0 0 1 0 1 1 1 0 1 0 1 1 1 x
0.060864880096830 1 0 0 0 1 0 0 0 0 1 1 1 0 1 0 0 1 1 0 x
0.048732134144015 0 0 0 1 0 0 0 0 0 0 0 1 0 0 1 0 0 1 0 x
0.104139272956433 1 0 0 1 0 1 0 0 0 1 1 1 1 0 1 1 0 0 1 x
0.107828935386407 0 1 0 0 0 1 1 0 0 1 0 1 1 1 1 0 1 0 0 x
0.067918213955179 1 0 1 0 0 0 0 0 1 0 1 1 1 1 0 0 0 1 1 x
0.087435466894795 1 0 0 1 0 0 0 1 0 0 1 1 1 0 1 0 1 0 1 x
0.051186091339949 0 0 1 0 0 0 0 0 0 0 0 0 1 1 1 0 0 0 1 x
0.063172527233170 0 1 0 0 0 0 0 1 0 1 0 0 1 0 1 1 0 1 0 x
