0.249882832169533 1 1 1 0 0 1 0 1 1 1 0 0 1 1 1 0 0 1 0 0 1
0.424381166696548 0 0 1 0 1 0 1 1 0 0 0 0 0 0 1 0 1 0 1 0 1
0.186844557523727 1 0 0 1 1 0 1 0 1 1 0 1 1 1 1 1 0 0 0 1 1
0.409703195095062 1 0 1 0 0 0 1 0 0 0 0 0 1 1 1 1 1 1 1 1 0
0.392255425453186 1 1 1 1 0 1 0 0 1 1 1 1 1 0 1 0 1 1 1 1 1
0.257593482732773 1 1 1 1 0 0 1 0 1 0 1 1 0 1 0 0 0 0 0 0 0
0.269459933042526 0 0 1 0 1 1 0 1 0 0 0 1 1 0 0 1 1 0 0 1 0
0.186230674386024 0 0 0 1 1 0 1 1 1 0 1 1 1 1 1 1 0 0 0 0 1
0.437622547149658 0 0 0 0 1 0 1 1 1 0 0 0 0 1 0 1 0 1 1 1 1
0.259621679782867 0 0 0 1 1 0 0 0 0 1 0 0 0 1 1 0 1 0 1 1 1
0.198429793119431 0 1 0 0 0 1 0 0 0 0 0 1 0 0 0 0 0 1 0 0 0
0.507095038890839 0 0 1 1 1 0 0 1 1 1 0 1 0 0 1 0 0 1 1 1 1
0.353555649518967 1 1 0 1 1 0 0 1 0 1 1 0 0 1 0 1 1 1 0 0 0
0.304689764976501 1 1 1 0 1 0 0 1 0 1 1 1 1 0 1 1 1 0 0 0 1
0.178222075104713 1 1 0 0 0 1 0 0 1 0 1 0 0 1 0 0 0 1 0 0 0
0.343515753746033 0 1 0 1 1 0 1 1 0 1 0 1 0 0 1 0 1 0 0 0 1
0.137556478381157 0 0 1 0 0 1 1 0 0 0 0 0 1 1 1 0 1 0 0 0 0
0.177324384450912 0 0 0 0 0 0 1 1 1 0 0 0 1 1 1 0 0 1 1 0 0
0.163552179932594 0 0 1 0 1 0 1 0 0 0 1 1 0 1 0 1 1 1 0 0 0
0.188887104392052 0 0 1 1 0 0 0 0 0 0 1 1 1 0 0 1 1 1 1 0 1
0.238661736249924 0 0 0 1 0 0 1 1 1 1 0 1 1 1 0 1 1 0 1 0 1
0.444538503885269 0 0 0 0 0 1 1 1 0 1 1 1 0 0 1 0 0 1 1 1 1
0.379322886466980 0 0 1 0 1 1 1 1 1 1 0 0 1 1 0 1 0 1 1 0 0
0.442701458930969 0 0 0 1 0 1 1 1 0 1 0 1 0 0 0 1 0 0 1 0 1
0.498153269290924 0 1 0 1 1 1 1 0 1 1 1 0 0 0 0 1 1 0 1 0 1
0.063383435745582 1 0 0 0 1 0 0 0 0 1 1 0 1 1 0 0 1 0 0 0 1
0.038347238168476 1 0 0 0 0 0 0 0 1 0 1 0 0 1 1 0 1 0 0 1 1
0.162008255924439 1 0 0 0 1 1 0 0 1 0 0 1 1 1 1 0 1 0 1 0 1
0.064255433644673 0 0 0 1 0 0 0 0 1 0 0 1 1 0 1 0 1 1 0 0 1
0.148230251736664 1 0 0 1 0 1 0 0 1 0 1 0 0 1 1 0 0 1 0 0 0
0.143852082995757 0 0 0 0 0 1 0 0 1 0 0 1 1 1 1 0 0 1 0 1 0
0.249951162256812 0 1 0 0 1 0 0 0 1 0 1 0 0 1 0 0 1 1 0 1 1
0.089368689014425 1 0 0 0 0 0 1 0 1 1 1 0 1 1 0 0 1 1 0 0 1
0.400709077936162 0 0 0 0 0 0 0 0 1 0 1 1 0 1 0 0 1 0 0 0 0
0.322862327876272 1 0 0 1 1 0 0 0 0 0 0 0 0 1 1 0 0 1 0 0 1
0.107031664379676 0 0 0 1 0 0 0 0 0 0 0 0 1 1 1 0 0 1 0 0 0
0.169184995385459 1 0 0 1 0 0 1 1 1 0 1 0 1 1 1 0 0 0 0 1 1
0.466990158045944 1 1 1 1 0 1 0 0 1 0 1 1 0 0 0 0 1 0 0 1 1
0.385647231491095 1 0 1 1 0 1 1 0 0 1 1 0 0 1 1 0 1 0 0 1 1
0.090525019360992 1 0 0 0 0 1 0 0 1 0 0 0 1 1 1 0 0 0 0 1 1
0.386126806742169 1 1 0 0 0 1 0 0 1 0 0 0 1 0 1 0 1 1 0 1 1
0.062612051800113 0 1 0 0 1 0 0 0 0 0 1 1 1 1 0 0 1 0 0 0 1
0.151908670611324 1 1 0 0 0 0 0 0 1 1 1 0 1 1 1 0 1 0 0 0 0
0.153114343528314 0 0 0 1 0 0 0 0 1 1 1 0 1 1 1 0 1 0 0 0 1
0.083543351277198 0 0 0 0 0 1 0 0 0 1 0 0 1 1 1 0 1 0 0 1 1
0.280646384703465 0 0 0 0 0 0 0 0 0 0 0 1 1 1 1 0 1 1 0 0 1
0.217854449636258 0 0 0 1 0 0 1 0 1 0 1 1 1 0 1 0 0 1 0 0 0
0.146851566094685 0 1 0 1 1 0 0 0 0 0 1 1 1 1 0 0 1 0 0 0 1
0.079768818877086 0 1 0 0 1 0 0 0 0 1 1 0 1 1 0 0 1 0 1 0 0
0.246087674462349 0 1 0 1 0 1 0 0 1 0 0 0 1 1 1 0 0 0 0 1 1
0.120846811279282 1 1 0 0 0 1 0 0 0 0 1 1 1 1 0 0 0 1 0 0 1
0.096483409660087 0 0 0 1 0 0 1 0 1 0 0 1 1 1 1 0 1 1 0 0 1
0.128823972412464 0 1 1 0 0 1 0 0 0 0 1 1 1 1 0 0 0 0 0 0 1
0.076601520153189 0 0 0 0 1 0 0 0 0 0 1 0 1 1 0 0 0 1 0 1 1
0.119569062819573 0 1 0 0 1 0 0 0 0 0 1 1 0 1 0 1 0 0 0 0 0
0.100092806704437 0 1 0 0 1 0 0 0 0 1 0 0 1 1 0 0 1 0 0 0 1
0.150530477368196 0 1 0 0 1 0 1 0 1 0 0 1 1 1 0 0 1 0 0 0 0
0.167272358801797 0 1 0 0 1 0 0 0 0 1 1 1 1 0 0 0 1 0 0 0 0
0.109272646598681 0 1 0 0 1 0 0 0 0 0 1 1 0 1 0 0 1 0 0 0 0
0.245142901701829 0 0 1 0 1 1 0 0 0 1 1 0 1 1 0 0 1 0 0 1 1
0.175859947057067 0 0 0 0 1 1 1 0 0 0 1 0 1 1 1 0 1 0 0 0 1
0.270658165591404 0 0 1 1 0 1 1 0 0 0 0 1 1 1 1 0 1 1 0 0 0
0.080748773359293 0 1 0 0 0 0 1 0 0 1 1 1 1 1 0 0 1 1 1 1 0
0.325813081076355 0 0 0 1 0 1 1 1 1 0 0 0 1 0 1 1 0 0 0 0 0
0.182458383625601 1 0 0 1 1 0 0 0 1 0 0 0 1 1 0 0 1 0 0 0 0
0.048975993386155 1 0 0 0 1 0 0 0 0 0 1 1 1 1 0 0 1 0 1 0 1
0.105888336789767 0 1 0 0 0 1 0 0 1 0 0 0 0 1 1 0 1 0 0 0 0
0.259883433384907 1 1 1 0 0 0 1 0 0 0 1 1 0 1 0 0 1 0 0 0 1
0.245640149920723 0 0 0 0 0 1 0 0 0 1 0 0 1 1 0 0 1 0 0 0 0
0.443522026081692 0 0 0 0 0 0 0 1 1 1 0 0 0 1 1 0 0 0 0 0 0
0.221311204655035 0 1 1 0 0 1 0 0 0 0 0 0 0 1 1 0 1 0 0 0 0
0.121234757952391 0 1 0 0 1 0 0 0 0 1 1 0 1 1 1 0 1 0 0 0 0
0.287825810435796 0 0 1 1 1 0 0 0 1 0 0 0 1 1 1 1 1 0 0 0 1
0.236950865631084 1 0 0 1 1 0 0 0 0 0 1 1 1 1 0 0 1 1 1 0 1
0.030635485347028 1 0 0 0 0 0 0 0 0 1 1 0 1 1 0 0 1 0 1 1 0
0.287058358329170 1 1 0 0 1 0 0 0 0 0 1 1 0 1 1 0 1 0 1 1 0
0.136599822755076 1 1 0 0 0 0 0 0 0 0 1 1 1 1 0 1 0 0 1 1 0
0.139970278267511 0 0 0 0 0 1 0 0 0 0 1 1 1 1 1 1 0 0 1 1 0
0.164701586274907 1 0 0 0 0 0 0 0 1 1 1 1 0 1 0 0 0 0 0 1 1
0.116296017796325 1 0 0 0 0 1 0 0 1 0 1 0 0 1 1 0 1 0 0 1 1
0.048665164597590 1 0 0 0 0 0 0 0 0 0 1 1 1 0 0 0 1 0 1 1 1
0.165046143074447 1 0 0 0 0 0 0 0 1 0 0 0 1 0 0 0 1 0 1 1 1
0.185654654741021 0 1 0 0 0 1 0 1 1 0 1 1 1 1 1 1 1 1 1 1 0
0.090523086271124 0 1 0 0 0 1 0 0 0 0 0 0 1 1 1 0 0 0 0 1 1
0.114049569674847 1 0 0 0 0 1 0 0 1 0 0 0 0 1 1 0 0 1 0 1 0
0.330463462320425 1 1 0 0 0 0 0 0 1 0 1 0 0 1 1 0 1 1 1 1 1
0.169483573117115 0 1 1 0 0 0 0 0 0 0 1 0 1 1 0 0 1 1 0 1 0
0.039979078874922 1 0 0 0 0 0 0 0 0 0 1 1 0 1 0 0 1 0 0 1 0
0.113109760683423 1 0 0 0 1 0 0 0 0 0 0 0 1 1 1 0 0 1 0 1 0
0.116535249743745 0 1 0 0 0 0 1 0 0 0 1 1 1 1 1 0 1 1 0 0 0
0.152658761354119 1 0 0 1 0 0 1 0 1 0 0 1 1 1 1 0 1 1 0 0 0
0.084142726151438 0 1 0 1 0 0 0 0 1 0 1 1 1 0 1 0 0 1 1 0 0
0.048409738292005 1 0 0 0 0 0 0 0 0 0 0 0 1 0 0 0 1 1 0 0 0
0.093120854700340 1 0 0 1 0 0 0 0 1 0 0 1 1 0 1 0 0 1 0 1 0
0.076391302191577 0 1 0 0 0 0 1 0 1 0 0 1 1 1 1 0 1 1 0 1 0
0.203108095373070 0 1 0 1 0 0 1 0 0 0 0 1 1 1 1 0 1 1 0 1 0
0.049399458285534 0 0 0 1 0 0 0 0 0 0 0 1 1 0 0 0 1 1 0 1 0
0.298951368281646 0 0 0 0 0 0 1 0 0 0 0 1 1 1 0 0 1 0 0 0 0
0.075113666347092 0 0 0 1 0 0 0 0 1 0 0 1 1 1 1 0 1 1 1 1 0
0.088324870684428 1 0 0 0 0 0 0 0 1 0 0 0 1 1 1 0 0 1 0 0 0
0.078755365459271 1 0 0 0 0 0 1 0 1 0 0 0 1 1 1 0 0 1 0 0 0
0.076918221202378 0 1 0 0 0 1 0 0 1 0 0 1 1 1 1 0 1 1 0 0 1
0.100064354250846 1 0 0 0 0 1 1 0 0 0 1 0 1 1 0 0 1 1 0 0 0
0.117277910955751 0 1 0 0 0 0 1 0 1 0 0 0 1 1 1 0 1 1 1 0 0
0.151295240509665 1 0 0 0 0 0 0 0 0 0 0 0 1 1 0 0 1 1 1 0 1
0.112957861785628 1 0 0 0 1 0 1 0 1 0 1 0 1 1 1 0 0 1 0 1 0
0.165847681602512 1 0 0 0 0 0 0 1 0 0 1 1 1 0 0 0 1 0 0 0 0
0.044951015029345 1 0 0 0 0 0 0 0 0 0 1 0 1 1 0 0 1 0 0 1 0
0.207751238970981 0 0 0 1 0 0 1 0 0 0 1 0 1 0 1 0 0 1 1 1 1
0.106085122035307 1 0 0 0 1 0 1 0 0 1 1 1 1 0 0 0 1 0 1 0 0
0.182480188707191 0 0 0 1 0 1 0 0 0 0 1 0 1 0 1 0 1 1 1 1 0
0.064424730769235 1 0 0 0 0 0 1 0 0 0 1 0 0 1 1 0 1 0 1 0 0
0.083661144454546 1 0 0 0 0 0 0 0 0 0 0 1 1 0 1 0 1 0 1 1 0
0.186177903617053 1 0 0 0 0 0 0 0 0 0 1 0 0 0 0 0 1 1 1 1 0
0.188409441690620 0 1 0 1 0 0 0 0 0 0 0 1 1 0 1 0 1 1 1 0 0
0.322905979476333 1 0 0 0 0 1 1 0 0 1 0 1 1 0 0 0 1 1 1 1 1
0.084094863063532 1 0 0 0 0 0 1 0 0 0 1 0 1 1 0 0 0 0 1 0 0
0.156627559461613 0 1 0 1 0 0 0 1 1 0 0 0 1 1 1 0 1 1 0 0 0
0.102859979674584 0 0 0 1 0 0 0 0 1 0 1 0 1 1 0 0 1 1 0 1 1
0.103616929056860 0 1 0 0 0 0 0 0 1 0 1 1 1 1 0 0 0 1 0 0 1
0.161861974436016 1 0 0 0 0 0 0 0 0 0 1 1 1 0 1 0 1 0 0 0 0
0.043066750849844 0 1 0 0 0 0 0 0 0 0 1 1 1 1 0 0 1 0 1 1 0
0.079432604538746 0 1 0 0 0 0 1 1 0 0 1 1 1 1 1 0 1 0 0 1 0
0.079519150952078 1 0 0 0 0 0 1 0 0 0 1 0 0 1 1 0 1 0 0 1 1
0.184316139129366 0 1 1 0 0 1 1 0 1 0 1 1 1 1 1 0 1 0 0 0 0
0.084333018290422 0 0 0 1 0 0 0 0 1 0 1 0 1 1 1 0 1 1 1 0 0
0.072870907899088 0 0 0 1 0 0 0 0 1 0 1 0 1 1 1 0 1 1 0 1 0
0.076994460382343 1 0 0 0 0 0 1 0 1 0 1 1 0 1 1 0 1 1 0 0 0
0.152495579783145 1 0 0 1 0 0 0 0 1 1 0 0 1 0 0 0 0 1 1 0 0
0.135946785020194 0 0 0 1 1 0 0 0 0 1 1 1 1 1 0 0 1 1 0 1 1
0.057249271038521 0 1 0 0 0 0 0 0 0 0 1 0 1 1 0 0 1 1 0 1 0
0.116253761283128 1 1 0 0 0 0 0 0 0 0 1 1 1 1 0 0 1 0 1 0 1
0.067605494116042 1 0 0 0 1 0 0 0 0 0 1 1 1 1 1 0 1 0 1 1 1
0.161215637439585 0 1 0 1 0 0 0 1 1 0 1 1 1 1 1 0 1 1 1 1 0
0.088538138030975 0 1 0 0 0 0 0 0 1 0 0 1 0 1 1 0 1 1 0 0 0
0.077890068967433 1 0 0 0 0 0 1 0 1 0 0 0 0 1 1 0 1 0 0 1 0
0.115545628846903 1 0 1 0 0 0 0 0 0 0 1 0 0 1 0 0 1 0 0 0 0
0.060781885006063 0 1 0 0 0 0 1 0 0 0 1 1 1 1 0 0 1 0 0 1 1
0.039360167989948 0 0 0 1 0 0 0 0 0 0 0 0 1 1 0 0 0 1 0 1 0
0.059702256405141 1 0 0 0 0 0 0 0 0 0 1 0 0 1 1 0 1 0 0 1 0
0.071688175980754 1 0 0 0 0 0 0 0 0 0 0 0 1 1 0 0 1 0 0 1 1
0.032734206162723 0 1 0 0 0 0 0 0 0 0 0 1 1 0 0 0 0 1 0 1 0
0.176845982051439 1 1 0 0 0 0 0 0 0 0 0 1 1 0 0 0 0 1 0 1 0
0.327242554313699 1 0 0 1 1 0 0 0 0 1 0 1 1 0 0 0 1 1 1 1 0
0.080354617076216 0 1 0 0 0 0 0 0 0 0 1 1 1 1 0 0 0 1 1 0 0
0.195563381204447 1 0 1 0 1 0 0 0 0 0 1 1 1 0 0 0 0 0 0 0 0
0.062329853439877 0 1 0 0 1 0 0 0 0 0 1 1 1 1 0 0 0 1 0 1 0
0.226859445289143 0 0 0 0 0 0 0 0 0 0 0 0 1 0 1 0 1 1 0 1 0
0.114157743846847 1 0 0 0 0 1 1 0 0 0 1 0 1 1 0 1 0 1 0 1 0
0.059347094548452 1 0 0 0 0 0 0 0 0 1 1 1 1 0 1 0 0 0 1 1 0
0.195694692380646 0 1 0 0 0 1 0 0 0 0 1 1 1 1 1 0 0 0 0 0 0
0.103800051717521 1 0 0 0 1 0 1 0 0 0 1 1 1 1 0 1 0 1 0 0 0
0.216381878632325 0 1 1 0 1 0 1 0 0 0 1 1 1 1 0 1 0 1 0 0 0
0.060061922999480 0 1 0 0 0 0 0 0 0 0 1 1 1 1 0 0 0 0 0 1 1
0.086122272886559 0 1 0 0 0 0 1 1 0 0 0 1 1 1 0 1 0 1 0 1 0
0.100926867458691 0 1 0 0 1 0 0 0 0 0 1 1 1 1 0 0 0 0 1 1 1
0.058517920508057 1 0 0 0 0 0 0 0 1 0 1 1 0 0 0 1 1 1 0 0 0
0.129496782635636 1 0 0 0 0 1 1 0 1 0 1 1 1 0 1 0 0 1 0 0 0
0.034370890341036 0 1 0 0 0 0 0 0 0 0 0 1 1 1 1 0 0 1 0 1 1
0.132990028614972 0 0 0 1 1 0 0 0 0 0 0 1 1 1 0 0 0 0 0 1 0
0.095727432388861 1 0 0 1 0 0 0 0 1 0 1 1 1 1 1 1 1 0 1 1 1
0.101930708111552 1 0 1 0 0 0 0 0 1 0 1 1 0 0 0 0 1 1 0 0 0
0.019345352978978 1 0 0 0 0 0 0 0 1 0 1 1 1 1 1 1 0 0 1 1 1
0.114551377906495 1 0 0 1 0 0 0 0 0 0 1 1 1 0 0 1 1 1 0 0 1
0.082572672836010 1 0 0 0 0 0 0 0 0 1 1 1 1 1 1 0 0 0 1 1 0
0.049954377865749 1 0 0 0 0 0 0 0 0 0 1 0 0 1 0 0 1 1 0 0 0
0.103943032005695 0 1 0 0 0 0 0 0 0 0 1 1 1 0 0 1 1 1 0 0 0
0.126845902543934 0 1 0 0 0 1 0 0 0 0 0 1 1 1 1 1 1 0 0 1 0
0.249985942087851 1 0 0 0 1 0 0 0 0 0 1 0 0 1 0 1 1 0 1 1 1
0.080108853062545 0 1 0 0 0 0 0 0 1 1 0 0 1 1 0 0 1 0 0 1 1
0.085817533033677 1 0 0 0 0 0 1 0 1 0 1 0 0 0 1 0 1 1 0 0 0
0.051090065980047 1 0 0 0 0 0 0 0 0 0 1 0 1 0 0 1 0 1 0 0 0
0.128738412280835 1 0 0 0 0 0 0 0 1 0 1 0 1 1 1 1 1 0 1 0 0
0.136817600112142 0 0 0 1 0 0 0 0 1 0 1 1 1 0 1 0 1 0 0 1 0
0.036555445608305 1 0 0 0 0 0 0 0 1 0 1 1 1 0 1 1 0 0 0 1 1
0.148210730270914 0 1 0 0 1 0 0 1 1 0 1 0 1 1 1 0 1 0 0 1 1
0.043236478388599 0 1 0 0 0 0 0 0 1 0 1 1 0 1 1 0 1 0 0 1 1
0.076924157621638 0 1 0 0 0 0 0 0 1 1 1 1 1 1 1 0 1 0 1 1 1
0.121876848802993 1 0 0 1 0 0 0 0 0 0 0 1 0 1 0 0 1 0 0 1 0
0.088736851453289 0 0 0 1 0 0 0 0 0 1 1 1 1 1 1 0 1 0 1 1 0
0.097157520425045 0 0 0 0 1 0 0 0 0 0 1 1 1 1 1 0 0 0 1 1 1
0.111027049161537 1 0 0 0 1 0 0 0 1 0 1 1 1 1 0 0 0 0 0 1 0
0.078281751653542 0 1 0 0 0 0 1 0 0 0 1 1 0 1 1 1 1 0 0 1 0
0.072312342726836 1 0 0 0 0 1 0 0 0 0 0 1 0 1 0 0 1 1 0 0 0
0.043696074711213 1 0 0 0 0 0 0 0 0 0 1 1 1 1 1 0 1 0 0 1 1
0.045133432821597 0 0 0 1 0 0 0 0 0 0 0 0 1 1 1 0 1 0 0 1 1
0.080274740993153 0 1 0 0 0 0 1 0 1 0 0 1 0 1 1 0 1 0 0 0 1
0.058490586738152 0 1 0 0 1 0 0 0 0 0 1 1 1 1 1 0 0 1 0 0 1
0.057566613199499 0 0 0 1 0 0 0 0 1 0 0 0 1 1 1 1 0 1 0 1 1
0.131282985714021 1 1 0 0 1 0 0 0 0 0 1 1 1 1 0 0 0 0 0 0 1
0.064239575334093 0 1 0 0 0 0 0 0 1 0 1 0 1 0 1 0 0 1 1 1 0
0.070198436918288 1 0 0 0 0 0 1 0 0 0 1 0 1 0 1 0 0 0 1 0 1
0.113867494895954 0 0 1 0 0 0 0 0 0 0 1 0 1 0 0 0 0 0 0 1 0
0.148341164756602 0 0 0 1 1 0 0 0 1 0 0 0 1 1 1 0 1 1 0 0 1
0.049223996638966 0 1 0 0 0 0 0 0 1 0 0 1 0 0 1 0 1 0 0 1 0
0.184944370879746 0 1 1 1 0 0 0 0 1 0 1 1 1 0 1 0 0 1 0 0 1
0.099988014398317 1 0 0 0 1 0 1 0 1 0 1 0 1 1 1 0 1 0 0 0 1
0.045581688943428 1 0 0 0 0 0 0 0 1 0 1 1 1 1 0 0 1 1 0 1 0
0.118309641808384 0 0 0 0 1 1 0 0 0 0 1 0 1 1 0 0 1 1 0 1 0
0.082206220526452 0 1 0 0 0 0 0 0 1 0 1 1 0 1 1 0 1 0 1 0 0
0.116829803432179 0 1 1 0 0 0 0 0 1 0 0 1 1 1 1 0 1 0 0 1 1
0.096465283191557 1 0 0 0 0 0 1 0 1 0 1 0 1 1 1 0 1 0 1 1 1
0.138671513543049 0 0 0 1 0 1 0 0 1 0 0 1 1 1 1 0 0 0 0 1 1
0.086545529360920 1 0 0 0 1 0 0 0 0 0 1 0 1 1 1 1 0 0 1 0 1
0.117739669423659 0 1 1 0 0 0 0 0 0 0 1 1 1 0 0 0 0 0 1 1 0
0.035597382112305 0 1 0 0 0 0 0 0 1 0 0 1 1 1 1 1 0 0 0 1 1
0.057478047298497 0 0 1 0 0 1 0 0 0 0 0 1 1 1 1 1 0 0 0 1 1
0.026510972868933 0 1 0 0 0 0 0 0 0 0 1 1 1 0 1 0 1 0 0 1 1
0.085477301877449 0 0 0 1 0 0 0 0 1 1 0 1 1 1 1 0 1 1 0 1 0
0.032683864063965 0 1 0 0 0 0 0 0 0 1 0 1 1 1 1 0 1 0 0 1 1
0.101331938723296 1 1 0 0 0 0 1 0 1 0 1 1 0 1 1 0 0 0 1 0 0
0.117608572734692 0 0 0 1 0 0 0 1 1 0 0 1 1 1 1 0 0 1 1 0 1
0.029552175616191 1 0 0 0 0 0 0 0 1 0 1 1 1 1 1 0 0 1 0 1 1
0.174233297835169 1 1 0 1 0 0 0 0 1 0 1 1 1 1 1 0 0 0 1 0 1
0.085277326999679 0 0 1 0 0 1 0 0 1 0 1 1 1 1 1 0 1 0 0 1 1
0.059138999242435 1 0 1 0 0 0 0 0 1 0 1 1 1 1 0 0 0 1 0 0 1
0.158271836436389 1 0 1 0 0 1 0 0 0 0 1 1 1 0 0 0 0 1 0 0 1
0.052045378232347 1 0 1 0 0 0 0 0 1 0 1 1 1 1 1 0 0 0 0 1 1
0.063137982888141 1 0 1 0 0 0 0 0 1 0 1 1 1 0 1 0 0 0 1 0 1
0.076227139031968 0 0 1 0 0 0 0 0 1 0 1 0 1 1 1 0 0 0 1 1 1
0.135404226619648 0 0 1 0 0 1 0 0 0 0 0 0 1 1 0 0 1 0 1 1 0
0.078527931852235 0 0 0 1 1 0 0 0 0 0 1 1 1 1 1 1 1 0 0 1 1
0.054138415448951 1 0 0 0 1 0 0 0 0 0 1 1 1 1 0 0 1 1 0 0 1
0.108172204721042 0 1 0 0 0 0 1 0 0 1 1 0 1 0 1 0 0 0 1 1 0
0.045900457984016 1 0 0 0 0 0 0 0 1 0 0 1 1 0 0 0 0 1 0 1 0
0.058408905592010 1 0 0 0 1 0 0 0 0 0 1 1 1 1 0 0 1 0 0 1 0
0.068082357740526 0 1 0 0 1 0 0 0 0 0 1 1 1 1 0 0 0 1 1 0 0
0.095552883956102 1 0 1 0 0 0 1 0 1 0 1 1 0 1 1 1 0 0 0 0 1
0.064083629823532 1 0 0 0 0 0 0 0 0 0 1 0 1 0 1 0 0 0 1 1 1
0.035988114202199 1 0 0 0 1 0 0 0 0 0 1 1 1 1 1 0 0 0 0 1 1
0.067016671348518 1 0 0 0 0 0 0 0 0 1 1 1 0 0 0 0 1 0 1 0 0
0.121089173121999 0 1 0 0 0 0 0 0 1 1 1 1 1 0 1 0 0 1 0 1 1
0.254856534959504 0 0 1 0 0 1 1 0 1 0 0 0 1 1 1 0 0 0 0 1 1
0.178520561535117 0 0 1 0 0 0 0 0 0 0 1 1 1 1 1 0 0 0 1 0 0
0.147779205719802 0 1 0 0 1 0 1 0 0 0 1 1 1 1 1 0 1 1 0 1 1
0.057057946817378 0 1 0 0 0 0 0 0 1 0 0 1 1 0 0 0 1 0 1 1 0
0.090476498441028 1 0 0 0 0 1 0 0 0 1 1 1 1 0 0 0 1 0 0 1 0
0.055995108625728 1 0 0 0 1 0 0 0 1 0 1 1 1 1 1 1 1 0 0 1 1
0.128313682495562 1 0 1 0 0 1 0 0 1 0 1 1 1 1 1 1 0 0 0 0 1
0.092410810520971 1 0 0 0 1 0 0 0 1 0 0 1 1 1 0 0 0 1 0 0 0
0.152518791209972 1 0 0 0 0 0 1 0 0 0 1 1 0 0 0 0 1 0 0 0 0
0.039843289473470 0 0 1 0 0 0 0 0 0 0 1 1 1 1 0 1 1 0 0 1 1
0.035737262455747 0 0 1 0 0 0 0 0 0 0 1 1 1 1 0 1 0 1 0 1 1
0.041978629785591 0 1 0 0 0 0 0 0 0 1 0 0 1 1 0 1 0 0 1 1 0
0.090848912574721 1 0 0 0 0 1 0 0 0 1 1 0 1 1 0 1 1 1 0 0 0
0.061511911197381 0 0 1 0 0 0 0 0 0 0 1 1 1 1 0 0 0 0 1 1 1
0.080851542502053 0 1 0 0 0 0 1 0 0 1 0 0 1 1 0 0 1 0 0 1 0
0.112591390973079 0 1 0 0 0 0 0 0 0 0 0 0 1 1 1 1 1 0 0 1 1
0.032504580315838 1 0 0 0 0 0 0 0 0 0 1 1 1 0 0 1 0 1 1 0 1
0.100321430838755 1 0 0 0 1 0 0 0 0 0 1 1 1 0 0 1 0 1 0 1 1
0.064802190731498 0 0 1 0 0 0 0 0 0 0 1 1 1 1 1 1 0 0 0 1 1
0.158247515959924 0 1 0 0 0 1 0 0 0 1 0 0 1 1 0 0 0 1 0 1 1
0.149580638466323 1 0 1 0 0 0 0 0 0 0 0 1 0 1 1 0 0 1 0 0 1
0.037083414034227 1 0 0 0 0 0 0 0 0 1 0 0 1 0 0 0 1 0 0 1 0
0.050738942594937 0 0 0 1 0 0 0 0 0 0 0 1 1 1 1 0 1 1 0 1 1
0.078533860025001 0 0 0 1 0 0 0 0 0 1 0 0 1 1 0 0 1 0 0 1 0
0.031355672336122 1 0 0 0 0 0 0 0 1 0 1 1 1 0 1 0 0 1 1 0 1
0.054954755810271 0 1 0 0 0 0 0 0 0 0 0 1 1 0 1 0 0 0 1 1 1
0.082436025448923 0 0 0 1 0 0 0 0 0 0 1 0 1 1 1 1 0 1 1 1 0
0.083226058662024 0 0 1 0 0 1 0 0 0 0 1 1 1 1 0 0 0 1 0 1 0
0.079802395010571 1 0 0 0 0 0 1 0 1 0 1 1 0 1 1 0 0 0 1 0 1
0.092492642234850 0 1 0 0 1 0 0 0 1 0 1 0 1 1 1 0 0 0 1 0 0
0.055048780692959 0 1 0 0 0 0 0 0 0 1 1 0 1 0 0 0 1 0 1 1 0
0.075888368287432 0 0 1 0 0 0 0 0 1 0 0 1 1 1 0 0 0 1 0 1 0
0.061375709983319 1 0 1 0 0 0 0 0 1 1 1 1 0 1 1 0 1 0 1 0 1
0.079600695356381 1 0 0 0 0 0 0 0 1 1 1 1 1 0 1 0 1 0 1 1 1
0.122319081335172 1 0 1 0 0 0 0 0 1 0 1 1 0 1 1 1 0 0 1 1 1
0.065028463987804 1 0 1 0 0 0 0 0 1 1 0 1 1 1 0 0 1 0 0 0 1
0.074843785636008 1 0 1 0 0 0 0 0 1 1 1 0 0 1 1 0 1 0 0 0 1
0.078852314409597 0 0 1 0 0 0 0 0 0 1 1 1 1 1 0 0 1 1 0 1 0
0.049441587927940 0 1 0 0 0 0 0 0 0 1 0 1 0 1 0 0 1 0 0 1 0
0.045896820862191 1 0 0 0 0 0 0 0 0 1 1 1 1 0 0 0 1 1 1 0 0
0.059709672491579 0 1 1 0 0 0 0 0 1 1 1 1 1 1 0 0 1 0 1 0 1
0.083607290580228 0 1 1 0 0 0 0 0 1 0 1 1 1 1 1 0 0 1 1 0 1
0.113825952217227 0 1 1 0 0 0 0 0 1 1 1 0 1 1 0 0 0 0 1 0 0
0.079414581679887 1 0 0 0 0 1 0 0 0 0 0 1 1 0 0 0 0 1 1 0 0
0.080313922356793 1 0 1 0 0 0 0 0 0 1 1 1 1 1 0 1 1 0 1 0 1
0.079159503135614 0 0 1 0 0 1 0 0 0 0 0 1 1 1 0 0 1 1 0 0 1
0.072764542980000 1 1 0 0 0 0 0 0 1 1 1 1 0 1 0 0 1 0 1 0 0
0.045486489314316 0 1 0 0 0 0 0 0 1 0 0 1 1 1 0 0 0 1 1 1 0
0.126100637431423 0 1 0 0 1 1 0 0 0 0 0 1 1 1 1 0 0 0 0 0 1
0.060009499677742 0 1 1 0 0 0 0 0 1 1 1 1 1 1 0 0 1 1 0 0 1
0.051743990287560 0 1 0 0 0 0 0 0 1 0 1 0 0 1 1 0 0 0 1 1 0
0.062644920370300 0 1 0 0 0 0 0 0 0 1 1 1 1 1 0 0 1 1 0 1 0
0.093220224636809 0 1 0 0 1 0 0 0 0 0 1 0 1 1 0 0 0 1 0 0 0
0.109457013966470 1 1 0 0 0 0 0 0 1 0 1 1 1 0 0 1 0 1 1 0 0
0.072173131915853 0 1 1 0 0 0 0 0 1 1 1 1 0 1 1 0 1 0 0 0 1
0.088278967025793 1 1 0 0 0 0 0 0 1 1 0 1 0 1 1 0 1 0 0 0 1
0.130342281715118 0 1 1 0 0 1 0 0 1 1 0 1 1 1 1 0 1 0 0 0 1
0.109295583649199 0 0 1 0 0 0 1 0 1 0 1 1 1 1 0 0 1 1 0 0 1
0.080341664649499 1 0 0 0 0 0 1 0 1 1 1 0 0 1 1 0 1 0 1 0 0
0.074901158251593 0 1 0 0 0 0 1 0 1 0 1 1 1 1 1 0 0 0 1 1 0
0.107568503546720 0 1 0 0 0 0 1 0 0 1 1 0 0 1 0 0 1 0 1 0 0
0.098073200213353 0 1 1 0 0 0 0 0 1 0 1 1 1 0 0 0 1 0 0 0 1
0.055593647415711 0 0 1 0 0 0 0 0 0 1 0 1 1 1 0 0 1 0 0 1 1
0.076072310629791 1 0 1 0 0 0 0 0 1 0 1 1 0 1 1 0 1 0 0 0 1
0.069179749394873 1 0 0 0 1 0 1 0 0 1 1 1 1 1 1 0 1 0 1 0 1
0.175177921432966 1 1 1 0 0 0 0 0 1 1 1 1 1 1 1 0 0 0 1 0 1
0.100265323827009 0 1 1 0 0 0 0 0 1 1 1 1 0 1 0 0 1 1 1 0 0
0.104363578672645 0 1 0 1 0 0 0 0 1 0 1 1 0 1 1 0 1 1 0 0 1
0.040381133772338 0 1 0 0 0 0 0 0 0 0 1 1 1 0 0 0 0 1 1 1 0
0.089354011177712 1 0 0 0 0 0 0 0 0 1 0 1 1 1 0 1 1 0 0 1 0
0.040523678059181 1 0 0 0 0 0 1 0 1 0 1 1 1 1 1 1 0 1 1 0 1
0.055826414300441 1 0 1 0 0 0 0 0 1 1 1 1 1 0 1 1 0 1 0 0 1
0.114903848252662 0 1 0 1 0 0 0 0 1 0 0 1 1 1 1 1 0 1 0 0 1
0.062092701955184 0 1 0 0 0 0 0 0 1 0 0 0 1 1 1 0 0 0 0 1 0
0.152991147907729 1 0 1 1 0 0 0 0 1 1 1 1 1 1 1 0 1 0 0 0 1
0.074000707873577 1 0 1 0 0 0 0 0 1 1 1 1 1 0 0 0 1 0 0 1 0
0.131668413672234 1 0 0 0 1 1 0 0 0 0 1 1 1 1 1 1 0 1 0 0 1
0.155759655539195 1 0 1 0 0 0 0 0 1 1 0 0 1 0 0 0 0 1 0 0 0
0.111623888327927 0 1 0 1 0 0 0 0 1 0 1 0 0 1 1 0 0 0 1 0 0
0.039053294321725 1 0 0 0 0 0 0 0 0 1 1 0 1 1 1 0 0 0 0 1 1
0.061272374052240 1 0 0 0 1 0 0 0 0 1 1 0 1 1 0 0 1 0 0 1 0
0.097386210141495 0 1 1 0 0 0 0 0 0 1 1 1 1 0 0 0 1 0 0 1 1
0.030875654218945 1 0 0 0 0 0 0 0 0 0 1 1 1 0 0 0 0 0 1 1 0
0.070333900186062 0 0 0 1 0 0 0 0 0 1 0 1 1 0 1 0 1 0 0 1 1
0.053303730474557 1 0 0 0 0 0 0 0 0 1 1 0 1 0 0 0 1 0 1 0 0
0.031387854253645 1 0 0 0 0 0 1 0 0 0 1 1 1 1 1 0 0 0 1 1 1
0.091838581365492 1 0 1 0 0 0 1 0 1 1 1 1 0 1 0 0 1 0 1 0 0
0.035660552948080 1 0 0 0 0 1 0 0 0 0 1 1 1 1 1 0 0 0 1 1 1
0.085602159888614 0 0 0 0 0 1 0 0 0 0 1 0 1 1 1 0 0 0 1 1 1
0.103278297905611 0 0 1 0 1 0 0 0 0 0 1 1 1 1 0 0 0 1 0 1 1
0.066077978218980 1 0 1 0 0 0 0 0 1 1 1 1 0 1 0 0 1 1 0 0 1
0.073387409380770 0 0 1 0 0 0 0 0 0 1 1 0 1 1 0 0 1 0 0 1 1
0.098724485963267 0 1 0 0 0 0 0 1 0 0 0 1 1 0 0 0 1 0 0 1 1
0.078597598026860 0 1 0 0 0 0 0 0 1 1 1 0 0 1 1 0 1 0 0 1 0
0.089242021472805 1 1 0 0 0 0 0 0 0 1 1 1 0 0 1 0 0 0 1 0 1
0.180524770854257 1 1 0 0 0 0 0 0 0 1 0 0 0 1 0 0 1 0 1 0 0
0.078241458291347 1 1 0 0 0 0 0 1 1 0 1 1 0 1 1 0 0 1 0 0 1
0.072866930714798 1 0 0 1 0 0 0 0 0 1 1 0 1 0 1 0 1 0 0 1 0
0.102650287531420 1 0 0 1 0 0 0 0 1 1 0 0 1 1 1 0 1 0 0 1 1
0.086725180692347 1 0 1 0 0 0 1 1 1 1 1 1 1 1 1 0 1 1 0 0 1
0.067708806226830 0 1 0 0 0 0 0 0 1 0 1 0 1 1 0 0 0 0 1 1 0
0.059282286326435 0 1 0 0 1 0 0 0 0 1 0 1 1 1 1 0 0 0 0 1 1
0.091504885648247 1 1 0 0 0 0 0 0 1 0 1 1 0 0 1 0 1 0 0 0 1
0.028441283053676 0 1 0 0 0 0 0 0 0 0 0 1 0 1 1 0 0 0 0 1 1
0.044962888459449 0 1 0 0 0 0 0 0 1 0 0 1 0 1 1 0 0 1 0 1 0
0.084697729166820 1 1 0 0 0 0 1 0 1 1 1 1 1 1 1 0 1 1 0 0 1
0.055779019528631 1 0 0 0 0 0 0 0 1 0 0 1 1 0 0 0 0 1 0 0 1
0.085968896166980 1 0 0 1 0 0 0 0 1 0 1 1 0 0 1 0 1 0 1 0 0
0.051061556677068 1 0 0 1 0 0 0 0 0 1 1 1 1 0 1 0 0 0 1 0 1
0.093407851381901 0 0 0 1 0 0 0 0 0 1 1 0 1 1 1 0 0 0 1 1 1
0.107039443381143 1 0 0 1 0 1 0 0 0 1 1 1 1 0 1 0 1 0 1 0 0
0.031163843574814 1 0 0 0 0 0 0 1 0 0 1 1 1 1 1 0 0 0 1 1 1
0.056167562836133 0 1 0 0 1 0 0 0 0 1 1 1 1 1 1 0 0 0 1 0 1
0.058258098447921 1 0 0 0 1 0 0 0 0 1 1 1 1 0 1 0 0 0 1 0 1
0.041077862231108 1 0 0 0 0 1 0 0 0 0 1 1 1 0 1 1 0 0 1 0 1
0.064855635748638 0 0 1 0 0 1 0 0 0 1 1 1 1 1 1 0 1 0 1 0 1
0.114409741573485 0 0 1 0 0 0 0 0 1 1 1 1 1 0 1 1 1 0 1 1 1
0.107819400808834 0 0 1 0 0 1 0 0 0 0 0 1 0 1 0 0 1 0 0 1 0
0.076337966994413 0 0 1 0 0 1 0 0 0 0 1 0 1 1 1 0 0 0 1 0 1
0.098751541065043 1 0 0 0 0 1 1 0 0 1 1 0 1 1 1 0 0 0 1 0 1
0.021429008510506 1 0 0 0 0 0 0 0 0 0 0 1 1 0 1 0 0 0 0 1 1
0.053044157808751 1 0 1 0 0 0 0 0 0 1 1 1 1 0 1 0 0 0 0 1 1
0.033020772982640 1 0 0 0 0 0 0 0 0 0 1 0 1 1 0 0 0 1 0 1 0
0.036856698809005 0 1 0 0 0 0 0 0 0 0 1 1 0 0 1 0 0 0 1 1 0
0.115924635630434 0 1 0 0 0 1 0 0 1 0 0 1 0 1 1 0 0 0 1 0 1
0.030051500016018 1 0 0 0 0 0 0 0 0 0 1 1 1 0 1 0 0 0 1 0 1
0.083859825527021 1 0 1 0 0 0 0 1 1 1 1 1 1 0 1 0 0 0 1 0 1
0.121068163543140 0 0 1 0 0 1 0 0 1 0 1 1 1 1 1 1 1 1 1 0 1
0.076407741697722 1 0 1 0 0 0 1 0 1 1 1 1 1 0 1 0 1 0 0 0 1
0.100909226036788 1 0 0 1 0 0 0 0 1 0 0 1 1 0 1 1 0 0 1 0 1
0.096944846780704 1 0 0 1 0 0 0 0 0 1 1 0 0 1 1 0 1 0 1 0 0
0.033245578526376 1 0 0 0 0 0 0 0 1 0 0 1 0 1 1 0 1 0 0 1 1
0.051967667477355 1 0 0 1 0 0 0 0 1 1 1 1 1 0 1 0 1 1 0 0 1
0.037620840708944 1 0 0 0 0 0 0 0 0 1 1 0 1 0 1 0 0 1 0 0 1
0.080350681470249 1 0 0 0 1 0 0 0 0 1 1 0 1 0 0 0 1 1 0 0 0
0.037006580682417 1 0 0 0 0 0 0 0 1 0 1 1 0 1 0 0 1 0 1 1 0
0.133988325925692 1 0 0 1 0 0 0 0 1 1 0 0 0 0 1 0 1 1 0 0 0
0.038033911693223 0 1 0 0 0 0 0 0 0 1 0 1 0 1 1 0 0 0 1 1 0
0.058847195821231 1 0 0 0 0 1 0 0 0 0 1 1 0 1 0 0 1 0 1 0 0
0.098306046780778 0 0 1 1 0 0 0 0 1 0 1 1 1 1 0 0 1 1 0 1 0
0.160667516909022 0 1 1 1 0 0 0 0 1 1 1 1 0 1 0 0 1 0 1 0 0
0.042301425652941 0 1 0 0 0 0 0 0 0 0 0 1 0 1 0 0 0 0 1 1 0
0.101367988050717 0 1 1 0 0 0 1 0 0 1 1 1 1 1 1 0 1 0 1 0 1
0.040509812319535 0 1 0 0 0 0 0 0 0 1 1 0 1 1 1 0 0 1 1 1 0
0.063637028670704 0 1 0 0 0 1 0 0 0 1 1 0 1 1 1 0 1 0 1 0 1
0.032716975024492 0 1 0 0 0 0 0 0 0 1 1 0 1 1 1 0 0 1 1 0 1
0.085944517933098 0 1 0 1 0 0 0 0 1 1 1 0 1 1 1 0 0 1 1 0 0
0.078334251583021 0 1 0 0 0 0 0 0 1 0 1 0 0 1 1 1 0 1 1 0 0
0.114747297938514 1 0 1 0 0 0 0 0 1 0 0 1 1 0 1 1 0 0 0 1 1
0.069446164077875 1 1 0 0 0 0 0 0 0 1 1 1 1 0 1 0 0 1 0 0 1
0.073594541459037 0 0 0 1 0 0 0 0 1 0 0 1 1 1 0 1 1 1 0 1 0
0.030901127634212 1 0 0 0 0 0 0 0 0 0 1 1 1 0 1 1 0 1 0 1 1
0.107657497640815 1 0 1 0 1 0 0 0 1 1 1 1 1 1 0 0 1 1 0 0 1
0.059064308910854 0 1 0 0 0 0 0 0 0 0 0 1 1 1 1 0 0 0 1 1 0
0.080996803170698 0 1 1 0 0 0 0 0 0 1 0 1 1 1 0 0 0 1 0 0 1
0.122203494434229 0 1 1 0 0 0 0 0 0 1 1 0 0 1 1 0 0 0 1 0 1
0.062535072347534 0 1 0 0 0 0 0 0 1 1 0 0 1 1 1 0 0 1 1 0 0
0.069305132290606 0 1 0 0 0 0 1 0 0 1 0 1 1 1 1 0 0 0 0 1 1
0.035516150810951 1 0 0 0 0 0 0 0 0 0 1 1 0 1 1 1 0 0 1 1 1
0.105723105379658 1 0 0 0 0 1 0 0 0 0 1 1 0 1 1 1 0 1 1 0 0
0.023197307116350 1 0 0 0 0 0 0 0 0 0 1 1 1 0 1 1 0 0 1 1 1
0.043560122508938 0 1 0 0 0 0 0 0 0 0 1 1 1 0 1 1 0 1 1 0 1
0.034900345496074 1 0 0 0 0 0 0 0 1 0 1 0 1 0 1 1 0 1 0 0 1
0.078291006039017 0 1 0 1 0 0 0 0 1 1 1 1 1 0 1 0 1 0 1 0 1
0.060304705234424 0 1 0 0 0 0 0 0 0 1 1 0 1 0 1 0 0 0 1 0 1
0.079396567962271 0 0 1 0 0 1 0 0 0 0 1 1 1 1 1 0 1 0 1 1 1
0.063207711542257 0 1 0 0 0 0 0 0 0 1 0 1 1 0 0 0 0 0 1 1 0
0.133763979019539 0 1 0 0 0 0 1 1 0 1 1 0 1 1 1 0 0 1 1 0 1
0.037059500288672 1 0 0 0 0 0 1 0 0 0 1 1 1 1 0 0 1 0 1 1 0
0.126020586850987 1 1 0 0 0 0 0 0 1 1 1 1 0 1 1 1 1 1 0 0 1
0.075086850274338 0 0 0 0 1 1 0 0 0 0 0 1 1 1 1 1 0 0 0 1 1
0.083759934288620 1 0 0 0 0 0 1 1 1 0 1 1 1 1 1 1 0 1 0 1 1
0.100428050782715 0 1 0 0 1 0 0 0 0 1 1 0 1 1 1 1 0 1 1 0 1
0.064263634880998 0 0 0 0 1 0 0 0 0 0 0 0 1 1 0 1 0 1 0 1 0
0.068266522296422 1 0 1 0 0 0 1 0 0 1 1 1 1 1 1 0 0 0 1 0 1
0.095498680317797 0 0 0 1 0 0 1 0 0 0 0 0 1 1 1 0 1 0 1 1 0
0.069640989521450 1 0 0 1 0 0 0 0 0 1 1 1 1 0 0 0 1 0 1 1 0
0.089827746471462 0 1 1 0 0 0 0 0 1 0 1 1 0 1 0 1 0 0 0 1 0
0.086476017310537 0 1 1 0 0 0 0 0 0 1 1 1 1 1 0 1 1 0 0 0 1
0.047658401203479 0 1 0 0 0 0 0 0 1 0 1 1 1 0 1 0 1 1 1 0 1
0.107686280884356 0 0 1 1 0 0 0 0 1 1 1 1 1 1 1 0 1 0 1 1 1
0.077247548665173 0 1 0 0 0 0 0 0 0 0 0 1 1 1 0 1 0 1 0 1 0
0.047925485540432 0 1 0 0 0 0 0 0 1 0 0 1 1 0 1 0 0 1 0 0 1
0.089253040271488 0 1 0 0 0 0 0 1 1 0 0 1 0 1 1 0 0 0 1 1 0
0.107865488663167 0 0 1 0 0 0 0 1 0 0 1 1 1 1 0 0 0 1 0 1 1
0.106656782895869 1 0 0 0 1 0 1 1 0 0 1 1 1 1 1 1 0 0 1 0 1
0.110229758419570 1 1 0 0 0 0 1 1 1 0 1 1 0 1 0 0 1 1 0 0 0
0.091766457560907 1 1 0 0 0 1 0 1 0 1 1 1 1 1 1 0 0 0 1 0 1
0.077796720811610 0 0 1 0 0 1 0 0 0 1 1 1 1 1 0 1 1 0 0 1 1
0.072919598713116 1 0 0 0 0 1 0 1 0 0 1 1 1 1 0 0 1 0 1 1 0
0.107920441881979 0 1 0 1 0 0 0 0 1 0 1 1 1 0 0 0 1 1 0 1 0
0.065308310983608 0 0 0 1 0 0 0 0 1 0 0 1 1 1 1 0 1 0 1 1 1
0.016491081703392 1 0 0 0 0 0 0 0 0 0 1 1 1 1 0 1 0 0 1 1 1
0.148447738994428 0 0 0 0 1 0 1 0 0 0 1 0 1 1 0 0 0 1 0 1 0
0.094275748912644 1 1 0 0 0 0 1 1 1 0 1 1 1 0 1 0 0 1 0 0 1
0.049124557400187 0 0 1 0 0 0 0 0 0 1 1 0 1 1 0 1 0 1 1 0 1
0.063405235279546 0 0 1 0 0 0 0 0 1 0 1 0 1 1 0 1 0 1 0 0 1
0.121590547439338 0 0 1 0 0 0 0 0 1 1 1 0 1 1 0 0 1 0 1 0 1
0.073044824580757 0 0 1 0 0 1 0 0 0 1 1 0 1 1 1 1 0 1 0 0 1
0.043050536859432 1 0 1 0 0 0 0 0 1 1 1 1 1 1 1 0 1 0 0 1 1
0.077677568684983 0 0 1 0 0 0 1 0 0 0 1 0 1 1 0 1 0 1 1 0 0
0.060184721718307 0 0 1 0 0 0 0 0 0 1 1 0 1 1 0 1 0 0 1 1 0
0.070913218942355 0 1 0 0 0 1 0 0 0 0 1 1 0 1 1 0 1 0 0 1 1
0.071112321213958 0 0 1 0 0 0 1 0 0 1 1 0 1 1 1 1 0 0 1 0 1
0.045924680644865 1 0 0 0 0 0 1 0 0 1 1 1 1 0 1 1 0 0 1 0 1
0.064946533281416 1 0 1 0 0 0 0 0 0 1 1 1 1 0 1 0 1 0 1 0 1
0.098086090274901 0 1 1 0 0 0 0 0 1 1 1 1 1 0 0 1 0 1 1 0 1
0.063470192932189 0 0 1 0 0 1 0 0 0 1 0 1 1 1 1 1 0 0 1 0 1
0.060440980864797 1 0 0 0 0 0 1 0 0 0 1 0 1 1 1 1 0 1 0 0 1
0.057018237461635 0 1 0 0 0 0 0 0 0 1 0 0 1 1 0 0 0 1 1 1 0
0.066934180536309 0 0 1 0 1 0 0 0 0 0 1 1 1 1 0 1 0 1 0 0 1
0.093720966834624 1 0 0 1 0 0 1 0 0 1 1 1 1 0 1 0 1 0 1 0 1
0.062916082872215 1 0 0 0 0 1 0 1 0 0 0 1 1 1 1 1 0 0 0 1 1
0.065803500081121 1 0 0 0 0 1 0 0 0 0 0 1 1 1 0 1 0 0 1 1 0
0.035132110526045 0 0 1 0 0 0 0 0 0 0 0 1 1 0 0 1 0 1 0 0 1
0.048839692357455 0 0 1 0 0 0 0 0 1 0 0 1 1 1 0 1 0 1 1 0 1
0.063176254290506 0 0 1 0 0 0 0 0 0 1 0 1 1 1 0 1 0 1 0 0 1
0.041313342441328 0 0 1 0 0 0 0 0 0 0 0 1 1 0 0 1 0 0 0 1 1
0.056086063997796 0 1 0 0 0 0 0 0 1 0 0 1 0 0 1 1 0 0 1 1 0
0.056402134210948 0 0 0 1 0 0 0 0 0 0 0 1 1 0 0 1 0 1 0 1 1
0.043114615623344 1 0 0 1 0 0 0 0 0 1 1 1 1 0 1 1 0 0 0 1 1
0.078417387026832 1 0 0 1 0 0 0 1 0 1 1 1 1 0 1 0 1 0 0 1 1
0.081137859614891 0 0 1 0 0 0 0 0 1 0 1 1 1 0 0 1 0 1 1 0 1
0.041596512819283 0 0 1 0 0 0 0 0 0 0 0 0 1 1 0 1 0 0 1 0 1
0.061462741145873 0 0 1 0 0 0 1 0 0 0 0 1 1 1 0 1 0 0 1 0 1
0.083486583135342 0 0 1 0 0 1 0 0 0 0 0 0 1 1 0 1 0 1 0 0 0
0.049764497661708 0 0 0 0 1 0 0 0 0 0 0 0 1 1 1 1 0 0 0 1 1
0.032123228175338 1 0 0 0 0 0 0 0 0 1 0 1 1 0 1 1 0 0 1 0 1
0.052150412778411 1 0 0 0 0 1 0 0 0 1 0 1 1 0 1 1 0 1 0 0 1
0.050358727462357 0 1 0 0 1 0 0 0 0 0 1 1 1 1 1 1 0 0 0 1 1
0.058728527720316 1 0 0 1 0 0 0 0 0 1 1 1 1 0 1 1 0 1 0 0 1
0.082120000067604 1 0 0 1 0 0 0 0 1 0 1 1 0 1 1 0 1 0 0 1 1
0.064021401347297 1 0 0 0 1 0 0 0 0 1 0 1 1 0 0 1 1 0 0 0 1
0.080372501235362 0 1 0 0 1 0 0 0 1 0 0 1 1 1 1 1 0 0 1 0 1
0.115792241367811 0 0 0 1 0 1 0 0 0 1 0 0 1 1 1 0 1 1 0 1 0
0.041191487384351 1 0 0 0 0 0 0 0 1 0 0 1 1 0 1 1 0 1 0 0 1
0.052518029116723 1 0 0 0 1 0 0 1 0 1 1 1 1 1 1 0 1 0 0 1 1
0.051141425339082 1 0 0 0 1 0 0 0 0 1 0 1 1 1 1 0 1 0 0 1 1
0.074250925701198 1 0 0 0 0 1 0 1 0 0 1 0 1 1 1 0 0 1 0 1 0
0.031532866913251 1 0 0 0 0 0 0 0 0 0 0 1 1 1 1 0 0 0 1 1 1
0.051469248273951 1 1 0 0 0 0 0 1 1 1 1 1 1 1 0 0 1 1 0 0 1
0.100617870284976 1 1 0 0 0 1 0 1 1 1 1 1 1 1 1 0 1 1 0 0 1
0.061192992468794 1 1 0 0 0 0 0 1 0 1 1 1 1 1 1 0 0 0 0 1 1
0.103043170489468 1 1 0 0 1 0 0 1 1 1 1 1 1 1 1 0 0 1 0 0 1
0.090421218703444 1 1 0 0 0 0 1 1 1 1 1 1 1 1 1 1 0 0 0 0 1
0.077845861900902 0 0 1 0 0 1 0 0 0 0 0 1 1 0 1 1 1 0 0 0 1
0.110505221590823 1 1 0 1 0 0 0 1 1 1 1 1 1 0 1 0 0 1 0 0 1
0.048824880670565 0 1 0 1 0 0 0 0 0 1 1 1 1 1 1 0 1 0 0 1 1
0.072128498493776 0 1 0 1 0 0 0 0 0 1 1 1 0 1 1 0 0 0 1 1 0
0.085427024020515 0 1 0 1 0 0 0 0 0 0 1 1 1 0 1 0 0 0 0 1 1
0.063894787180601 1 0 0 0 0 1 0 0 0 1 0 0 1 0 1 1 0 0 0 0 1
0.052937739910861 0 0 0 0 1 0 0 0 0 0 0 0 1 1 0 1 0 0 1 1 0
0.066197412358283 0 1 0 0 0 0 0 1 0 0 1 1 1 0 1 0 0 1 0 1 0
0.087388496671982 0 0 1 0 1 0 0 0 0 0 0 1 1 1 0 1 0 0 1 0 1
0.033874729827618 1 0 0 0 0 0 0 0 0 1 1 1 1 1 0 0 1 0 1 1 1
0.069810731813555 0 1 0 1 0 0 0 0 0 1 1 1 1 0 1 0 1 1 0 0 1
0.118545262473508 0 1 1 0 0 0 1 0 0 1 1 1 0 1 0 0 1 0 0 1 0
0.068184770294060 1 0 0 0 0 1 0 0 0 1 0 1 1 0 1 0 0 0 1 0 1
0.021851820444086 1 0 0 0 0 0 0 0 0 1 0 1 1 0 1 1 0 0 0 1 1
0.064659919977068 0 0 0 0 0 1 0 0 0 0 0 0 1 1 1 1 0 1 0 1 1
0.033605699992608 1 0 0 0 0 0 0 0 0 1 1 1 1 0 0 1 1 1 0 0 1
0.069660886357087 0 0 0 1 0 0 0 0 1 0 0 0 1 1 0 1 0 1 1 0 0
0.069270471953370 1 0 1 0 0 0 0 0 0 1 1 1 1 0 0 1 0 0 0 0 1
0.126336678436163 0 1 1 0 0 0 0 0 1 0 0 1 0 1 0 1 0 0 0 0 1
0.050277384214331 0 1 0 0 0 0 0 0 0 1 1 1 0 1 0 1 0 0 1 1 0
0.042287899928831 0 0 1 0 0 0 0 0 0 1 0 0 1 0 1 1 0 0 1 0 1
0.044416844530811 0 0 1 0 0 0 0 0 0 1 0 0 1 1 1 1 0 0 1 1 1
0.065024832333478 0 0 0 1 0 0 0 0 1 0 0 1 1 0 1 1 0 1 1 0 1
0.044019637248972 0 0 1 0 0 0 0 0 0 1 0 0 1 1 1 0 0 1 1 0 1
0.046406065783583 1 0 1 0 0 0 0 0 0 1 1 1 1 1 0 0 1 0 0 1 1
0.123354283156311 1 1 0 1 0 0 0 1 1 1 1 1 0 1 1 0 0 0 0 1 0
0.031390133418486 0 1 0 0 0 0 0 0 0 0 0 1 1 0 1 1 0 0 0 1 1
0.131525352382205 0 1 1 0 0 1 0 0 0 1 1 1 1 1 1 0 0 1 1 0 1
0.069076184309874 0 0 0 1 0 0 0 0 1 0 0 0 1 1 1 0 0 1 1 1 0
0.043425411914426 0 0 0 1 0 0 0 0 0 0 0 0 1 0 0 1 0 1 0 0 1
0.036570543062770 1 0 0 0 0 0 0 0 0 1 0 0 1 0 0 1 0 1 0 0 1
0.043524338498609 0 0 0 0 1 0 0 0 0 0 0 0 1 1 0 1 0 0 1 0 1
0.092352627396507 0 0 0 1 1 0 0 0 0 0 1 0 1 1 1 1 0 0 1 0 1
0.091571982561906 0 0 0 0 1 1 0 0 0 0 0 0 1 1 1 1 0 0 1 0 1
0.132702108743203 0 0 0 0 0 0 0 0 0 0 0 0 1 1 0 1 0 0 1 1 1
0.091285671379436 0 0 0 0 1 0 0 0 0 0 1 0 1 1 0 1 0 1 1 0 0
0.135489316643404 0 0 1 1 0 0 0 0 0 1 0 0 1 1 0 1 0 1 0 1 0
0.061744078229734 0 0 1 0 0 0 0 0 1 1 0 0 1 1 1 1 0 1 1 0 1
0.129386013711382 0 0 0 1 1 0 0 0 0 0 0 1 1 0 0 1 0 1 0 0 1
0.073866975718946 0 0 1 0 0 0 1 0 0 0 0 0 1 1 0 1 0 1 0 0 1
0.039744809912336 1 0 0 0 1 0 0 0 0 1 1 1 1 1 0 1 0 0 1 0 1
0.035501121990442 1 0 0 0 0 1 0 0 0 0 1 1 1 1 0 1 0 0 1 0 1
0.086283548160058 1 0 0 0 0 1 0 1 1 0 1 0 1 1 1 1 0 1 0 0 1
0.047393173198584 1 0 0 0 0 0 0 1 0 1 1 0 1 1 0 0 1 1 0 1 0
0.101730045706224 1 0 0 0 1 0 0 1 0 1 0 0 1 1 1 1 0 0 0 1 1
0.037863027599993 1 0 0 1 0 0 0 0 0 1 1 1 1 1 1 0 0 1 0 1 1
0.091329723495280 1 0 0 1 0 0 0 0 0 1 1 0 1 1 0 0 1 1 0 1 0
0.060290380412931 1 0 0 1 0 0 0 0 0 0 1 1 1 1 1 0 0 0 1 1 1
0.060298982955905 1 1 0 0 0 0 0 1 0 1 1 1 1 1 0 0 0 1 1 0 1
0.076050035593468 1 1 0 0 0 0 1 1 0 1 1 1 1 1 0 0 0 0 1 1 0
0.119006646922553 1 0 0 1 0 1 0 0 0 1 1 1 1 1 1 1 0 1 0 1 1
0.040010621137658 1 0 0 0 0 0 0 0 0 1 1 1 1 0 0 0 1 1 0 1 0
0.088311598972890 0 1 1 0 0 0 0 1 1 1 1 1 1 1 0 0 1 0 0 1 0
0.052896865990989 0 0 0 0 1 0 0 0 0 0 0 1 1 1 0 1 1 0 0 1 1
0.032925820077666 1 0 0 0 0 0 0 0 0 0 0 1 1 0 0 1 0 0 0 1 1
0.065240300199118 0 0 1 1 0 0 0 0 0 1 1 1 1 1 1 0 0 1 0 1 1
0.055481311657656 0 1 0 1 0 0 0 0 0 1 1 1 1 1 1 0 0 1 1 0 1
0.084729391230859 1 0 0 0 0 1 0 0 1 0 0 1 1 0 0 1 1 1 0 0 0
0.049298446191135 0 1 0 0 0 0 0 0 0 0 1 1 0 0 0 0 1 0 0 1 0
0.077756602246041 1 1 0 0 0 0 1 0 0 1 1 1 1 1 0 1 0 0 1 0 1
0.079089866740668 0 1 0 1 0 0 0 1 0 1 1 1 1 1 1 0 0 1 0 1 1
0.046783622900282 0 0 1 0 0 0 0 0 0 1 0 1 1 0 1 1 0 1 1 0 1
0.101990081703557 0 0 0 1 0 1 0 0 0 0 1 0 1 1 1 1 1 0 1 0 1
0.032879019940774 1 0 0 0 1 0 0 0 0 1 1 1 1 1 1 0 0 1 0 1 1
0.026969713111999 1 0 0 0 0 0 0 0 0 1 1 0 1 1 1 1 0 1 0 1 1
0.070795328619318 0 0 1 0 0 0 0 0 0 1 1 1 1 1 1 0 0 1 1 1 1
0.049162313968030 1 0 0 0 1 0 0 0 1 1 1 1 1 1 0 1 1 1 0 0 1
0.129306056091855 0 0 1 1 0 0 0 0 0 1 0 1 1 0 1 0 1 0 0 1 1
0.051787730359201 0 0 0 1 0 0 0 0 0 1 0 0 1 1 1 0 0 1 0 1 1
0.098198200543898 1 0 0 0 0 1 1 0 0 0 0 1 1 1 1 1 0 0 1 0 1
0.025644627971377 1 0 0 0 0 0 0 0 0 1 1 1 1 0 1 1 0 1 1 0 1
0.046247023716021 1 0 0 0 0 0 0 0 1 0 0 0 0 1 0 0 1 1 0 0 0
0.032010810189030 1 0 0 0 0 0 0 0 0 1 1 1 1 0 0 1 1 0 1 1 0
0.055453055889790 0 1 1 0 0 0 0 0 0 1 1 1 1 1 1 0 0 0 0 1 1
0.180734547566524 1 1 0 1 0 1 0 1 0 1 1 1 1 1 1 0 0 0 0 0 1
0.056617824804172 0 0 1 0 0 0 0 0 0 1 0 1 1 1 0 1 1 0 1 1 0
0.062126963138051 0 0 1 0 0 0 0 0 0 1 0 1 1 0 0 1 0 0 1 0 1
0.054241604582350 0 1 0 0 0 0 0 0 1 0 0 1 0 1 0 0 1 0 0 1 0
0.039154599496327 0 1 0 0 0 0 0 0 0 1 1 1 0 1 1 0 1 0 1 0 1
0.052901569679075 0 1 0 0 0 0 0 0 0 1 1 0 0 1 0 0 1 0 1 1 0
0.033870927065360 0 1 0 0 0 0 0 0 0 1 0 1 1 1 0 0 1 0 1 0 1
0.056919057951655 0 1 0 1 0 0 0 0 0 1 1 1 1 1 0 0 1 0 1 0 1
0.041367552405127 0 1 0 0 0 0 0 0 0 1 1 1 1 0 0 1 1 0 1 0 1
0.054193484279762 0 1 0 0 0 1 0 0 0 0 1 1 1 1 0 0 1 0 1 0 1
0.080319065440331 1 1 0 0 0 1 0 0 1 1 1 1 1 1 0 0 1 0 1 0 1
0.083461305557726 0 1 0 0 1 0 0 0 0 0 0 1 0 1 1 0 0 0 0 1 0
0.061807555752489 0 0 1 0 1 0 0 0 0 1 1 1 1 1 1 1 1 0 0 1 1
0.087631268339893 0 0 1 0 1 0 0 0 1 0 1 1 1 1 0 1 1 0 0 1 0
0.077765215874854 0 0 1 0 1 0 0 0 0 1 1 0 1 1 1 1 0 0 1 0 1
0.084574480601536 0 0 0 0 1 0 0 0 0 1 0 0 1 1 0 1 0 0 0 1 1
0.079215087480428 0 1 0 0 0 0 1 0 0 0 0 1 1 0 0 1 0 0 1 1 0
0.093435103182339 1 1 0 0 0 1 0 1 0 1 1 1 1 1 0 0 1 0 0 0 1
0.038740294727021 0 1 0 0 0 0 0 0 0 1 0 1 0 1 1 1 0 0 1 0 1
0.028816642802962 1 0 0 0 0 1 0 0 0 1 1 1 1 1 1 1 0 1 0 1 1
0.070276413322827 1 0 0 0 0 1 0 1 0 1 1 1 1 1 1 1 0 0 1 1 1
0.043329732051655 1 0 0 0 0 1 0 0 0 0 1 1 1 1 0 1 0 1 0 1 1
0.063075179402258 0 1 0 0 0 1 0 0 0 0 1 1 1 0 1 0 1 0 1 0 1
0.087391395451635 0 1 0 1 0 0 0 0 1 1 0 1 1 1 0 0 1 1 0 0 1
0.027891669319487 1 0 0 0 0 0 0 0 0 1 1 1 0 1 1 1 1 0 0 1 1
0.043700641744672 0 0 1 0 0 0 0 0 0 1 0 1 0 1 1 1 1 0 0 1 1
0.082512926058344 0 0 1 0 0 1 0 0 0 1 0 1 0 1 1 1 1 0 0 0 1
0.110743622845304 0 0 1 1 0 0 0 0 0 1 1 1 0 1 1 0 1 1 0 1 0
0.067330900408927 1 0 1 0 0 0 0 0 0 1 1 1 0 1 0 0 1 0 0 1 0
0.048662251281860 0 0 0 1 0 0 0 0 0 1 0 1 0 1 1 1 1 0 0 1 1
0.065185970907474 0 1 0 1 0 0 0 0 0 1 1 1 0 1 1 1 0 0 0 1 1
0.090302700466409 0 0 1 0 0 0 1 0 0 1 0 1 0 1 1 1 1 0 1 0 1
0.058367175557872 1 0 0 0 0 0 0 0 0 1 0 0 0 0 1 1 1 0 0 0 1
0.106590476175930 0 0 1 0 0 1 0 0 0 1 0 1 1 1 1 1 1 1 0 1 1
0.058235931534266 1 0 0 0 0 1 0 0 0 1 1 1 0 1 1 1 1 0 1 0 1
0.067946072326987 1 0 0 0 1 0 0 0 0 1 1 1 0 1 1 1 1 0 0 0 1
0.089908294607105 1 0 0 0 0 0 1 1 1 0 1 0 1 1 1 0 0 1 1 0 0
0.056717164701628 1 0 0 0 0 1 0 0 0 1 1 0 1 1 1 0 0 1 0 1 1
0.064074037876063 1 0 0 0 1 0 0 0 0 1 1 1 1 1 1 1 0 1 0 0 1
0.089292893907244 1 1 0 0 0 0 1 1 0 1 1 1 1 1 1 0 0 1 0 1 0
0.034968442936411 1 0 0 0 0 1 0 0 0 0 1 1 1 1 1 1 0 0 0 1 1
0.223215933770042 1 1 1 1 0 0 1 1 1 1 1 1 1 1 1 0 0 0 0 1 1
0.036477342240887 1 0 0 0 1 0 0 0 0 1 1 1 1 1 0 1 1 0 0 1 1
0.048032330401594 0 1 0 0 0 0 0 0 0 1 1 0 1 1 1 1 0 0 1 0 1
0.047052095292975 0 1 0 0 0 0 0 0 0 0 1 0 0 0 1 0 0 1 0 1 0
0.085381212212079 1 0 0 0 1 0 0 0 0 1 1 1 1 1 0 1 1 0 1 0 0
0.029119685482030 1 0 0 0 0 0 0 0 1 0 1 1 1 0 0 1 1 0 1 0 1
0.084234158756691 0 1 1 0 0 0 0 0 0 1 1 1 0 0 1 1 0 0 0 1 0
0.044360230630725 0 0 0 1 0 0 0 0 0 0 0 0 1 0 0 0 0 1 1 0 0
0.100767103810837 0 1 0 1 0 0 0 0 0 1 1 0 1 0 0 1 0 0 1 0 0
0.042008515653622 1 0 0 0 0 0 0 0 1 0 1 1 0 1 1 1 1 0 1 0 1
0.067483573077139 0 1 0 0 0 0 0 0 1 0 0 0 1 0 0 0 0 1 1 0 0
0.057787423170389 1 1 0 0 0 0 0 0 1 1 1 1 1 0 0 0 1 0 1 0 1
0.091316635273918 0 0 1 0 0 0 1 0 1 0 0 1 1 1 0 1 1 0 1 0 0
0.065076648808832 0 0 0 0 0 1 0 0 0 0 0 1 0 1 1 1 1 0 0 1 1
0.052744806340199 1 1 0 0 0 0 0 1 1 1 1 1 1 1 0 1 0 0 1 0 1
0.049627904617736 0 0 0 1 0 0 0 0 0 0 0 0 1 0 0 1 0 1 0 1 0
0.045939212828741 0 0 1 0 0 0 0 0 0 1 0 0 0 1 1 1 0 0 1 0 1
0.086488167189406 0 0 0 1 0 1 0 0 0 0 1 1 1 1 1 0 1 1 0 1 1
0.048775066274765 0 0 1 0 0 0 0 0 0 0 0 1 0 1 0 1 0 0 1 1 0
0.080792360779053 0 0 1 1 0 0 0 0 0 1 1 1 0 1 1 1 0 0 0 1 1
0.040336566591747 0 0 1 0 0 0 0 0 0 0 0 1 0 1 0 1 0 0 0 1 1
0.056861541098582 0 0 0 1 0 0 0 0 0 0 0 1 1 1 1 1 0 0 0 1 1
0.104023212469332 0 0 1 0 1 0 0 0 0 0 0 0 1 1 0 1 0 0 0 0 1
0.051295699796678 0 0 1 0 0 0 0 0 0 1 1 0 0 1 1 1 0 1 0 1 1
0.094384157166657 0 0 0 0 1 1 0 0 0 0 1 1 1 1 0 1 1 0 1 0 1
0.041784395176560 0 0 1 0 0 0 0 0 0 0 0 0 0 1 0 1 0 1 0 0 0
0.052706900744711 0 0 1 0 0 0 0 0 0 0 0 1 0 0 0 1 0 1 0 1 0
0.049148738004184 0 0 1 0 0 0 0 0 0 0 1 0 0 1 0 1 0 1 0 1 0
0.068998321777676 0 0 1 0 0 0 0 0 0 0 0 0 1 0 0 1 0 1 1 0 0
0.076418720127392 0 0 0 1 0 0 0 0 0 0 0 0 0 1 0 1 1 0 1 0 0
0.047351703514068 0 0 1 0 0 0 0 0 0 0 1 0 0 0 1 1 0 1 0 0 1
0.062914378112133 0 0 0 1 0 0 0 0 0 0 0 0 0 0 1 1 0 1 0 0 1
0.039586518861514 0 0 1 0 0 0 0 0 0 0 1 0 0 1 0 1 0 1 0 0 1
0.243438441326538 1 1 1 1 0 1 0 1 1 1 1 1 1 1 0 0 0 0 1 0 0
0.056259111709351 0 0 0 1 0 0 0 0 0 0 1 0 0 1 1 1 1 0 0 1 1
0.029606538402671 0 1 0 0 0 0 0 0 0 0 1 1 0 0 1 1 0 0 0 1 1
0.076036564905648 1 0 1 0 0 0 0 0 1 0 1 1 1 1 0 0 1 0 1 1 0
0.048355692077357 0 0 1 0 0 0 0 0 0 0 0 1 0 0 1 1 0 0 1 0 1
0.092711680214378 0 0 1 0 0 0 0 0 0 0 0 0 0 0 0 1 0 1 0 0 1
0.118775463871299 0 0 1 1 0 0 0 0 0 0 1 0 0 1 0 1 0 1 0 0 0
0.071630979497180 0 0 1 0 0 1 0 0 0 0 1 1 0 1 1 1 0 1 0 0 1
0.081771440074892 0 0 1 0 0 0 0 0 0 0 1 0 0 1 1 1 0 1 1 0 1
0.040719027392606 0 0 1 0 0 0 0 0 0 0 1 1 0 0 1 1 0 0 0 1 1
0.064504628632371 0 0 1 0 0 0 0 0 0 1 1 1 0 0 1 1 0 1 0 0 1
0.047703411829346 0 0 0 1 0 0 0 0 0 0 0 0 1 0 1 1 0 0 1 0 1
0.049947785937158 1 0 0 0 0 0 1 0 0 1 1 0 0 1 1 1 0 1 0 0 1
0.051693300990384 0 0 0 1 0 0 0 0 0 0 0 1 1 1 0 0 1 0 1 1 0
0.046910711035121 1 0 0 0 0 0 0 0 1 0 0 1 1 0 0 0 1 0 1 0 0
0.082509327186578 0 0 1 0 1 0 0 0 0 1 1 1 0 1 1 1 0 0 0 1 1
0.109671443677992 0 1 1 0 0 0 0 0 1 0 1 1 0 0 1 0 0 1 0 0 0
0.023866577867168 1 0 0 0 0 0 0 0 0 0 1 1 0 0 1 1 0 0 0 1 1
0.040456716444377 1 0 0 0 0 1 0 0 1 0 1 1 1 1 1 0 1 0 1 0 1
0.023360524203100 1 0 0 0 0 0 0 0 0 1 1 0 1 0 1 1 0 0 0 1 1
0.044740290416492 1 0 0 0 0 0 0 0 0 0 1 0 0 1 1 1 0 0 0 1 1
0.067582565247902 1 0 0 1 0 0 1 0 0 1 1 1 1 1 1 0 0 0 1 1 0
0.041812697501446 1 0 0 0 0 0 1 0 0 1 1 1 1 1 0 1 0 1 1 1 0
0.052514960734170 1 0 0 0 0 0 1 0 0 1 1 0 1 1 0 0 1 1 0 1 0
0.066632402948965 1 0 1 0 0 0 1 0 1 1 1 1 1 1 0 1 0 1 0 0 1
0.066381282279991 1 0 0 1 0 0 0 1 0 1 1 1 1 1 1 0 0 1 1 1 0
0.089100976290895 0 0 0 1 0 0 1 0 0 0 0 0 1 1 0 1 0 1 1 0 0
0.034034058617404 1 0 0 0 0 0 0 0 0 1 1 0 1 0 0 1 0 1 0 1 0
0.052058656323137 0 0 0 1 0 0 0 0 0 0 1 0 1 0 1 1 0 1 0 0 1
0.080967590023291 1 0 0 0 1 0 1 0 0 1 1 1 1 1 1 1 0 1 0 1 1
0.040520331946871 1 0 0 0 0 0 0 1 0 1 1 1 0 1 1 1 0 1 0 1 1
0.054263357816148 0 0 0 0 1 0 0 0 0 0 1 0 1 1 0 1 1 0 0 1 1
0.033521949252140 0 1 0 0 0 0 0 0 1 0 0 1 1 1 1 0 0 1 1 0 1
0.027933721899998 1 0 0 0 0 0 0 0 0 1 1 1 1 1 0 1 0 1 1 0 1
0.072391939173546 0 0 1 0 0 0 1 0 0 0 0 1 1 1 0 0 0 1 1 0 0
0.065962042374263 1 0 0 0 0 1 0 0 1 0 1 1 1 1 0 0 0 1 1 0 0
0.065063792730908 0 0 0 1 0 0 0 0 0 0 0 1 0 0 1 1 1 0 0 1 1
0.046940890999519 1 1 0 0 0 0 0 0 1 1 1 1 1 1 0 0 0 1 1 0 1
0.052623560695164 0 0 0 1 0 0 0 0 0 0 0 1 0 1 0 1 0 1 0 1 0
0.056631865618515 0 1 0 0 1 0 0 0 0 1 1 1 1 1 0 1 1 0 1 0 1
0.024381696255845 1 0 0 0 0 0 0 0 0 0 1 1 0 1 1 0 0 1 0 1 1
0.044965066356904 0 0 0 1 0 0 0 0 0 0 1 1 0 1 1 1 0 1 0 1 1
0.051822002612659 1 0 0 0 0 0 0 0 0 0 1 1 0 1 0 1 0 1 0 1 0
0.045167896529226 1 0 0 0 0 0 1 0 0 1 1 0 1 1 1 1 0 0 1 1 0
0.096827144667535 0 1 0 0 0 1 1 0 0 0 1 1 1 1 1 0 1 0 1 0 1
0.095105037540333 0 0 0 0 1 0 1 0 0 0 0 0 1 1 1 1 0 0 1 0 0
0.046596495092095 1 0 0 0 0 0 1 0 0 1 1 1 0 1 1 0 1 0 1 1 0
0.087756355274564 0 1 1 0 0 0 0 0 1 1 0 1 1 1 0 1 0 0 1 1 0
0.033063394522163 1 0 0 0 0 0 0 1 0 1 0 1 1 1 1 0 0 1 0 1 1
0.057409451846793 1 0 0 0 0 0 0 1 0 0 0 1 1 0 0 0 0 1 0 1 0
0.063204131861746 1 0 0 0 0 1 0 1 0 0 1 1 1 1 1 0 0 1 0 1 1
0.092041193136252 1 0 0 0 0 0 1 1 0 1 0 0 1 1 1 0 0 0 1 1 0
0.049795786401386 0 1 0 0 0 1 0 0 0 0 1 1 1 1 0 1 1 0 0 1 1
0.084939467652000 0 1 0 0 0 1 0 0 1 0 1 0 1 0 1 1 1 0 0 0 1
0.069857101975719 0 1 0 0 0 1 0 0 0 1 0 1 1 1 0 1 1 0 1 0 1
0.057215758202836 0 1 0 0 0 0 1 0 0 0 1 1 0 1 1 0 0 1 0 1 0
0.067520671447508 1 0 0 1 0 0 0 1 1 1 1 1 1 1 1 1 0 1 0 1 1
0.073792722479284 1 0 0 0 0 1 1 0 0 1 1 1 1 1 1 0 1 0 1 1 0
0.047505388935081 1 0 0 0 1 0 0 0 1 0 1 1 1 1 0 1 0 0 1 0 1
0.063981569860257 1 1 0 0 0 0 0 1 1 1 1 0 1 1 1 0 0 1 0 0 1
0.074029249181179 0 1 1 0 0 0 0 1 0 1 1 1 1 1 1 0 0 1 0 0 1
0.095303033244717 0 1 0 1 0 0 0 0 0 1 1 1 0 1 0 1 1 0 1 0 0
0.048007989205797 0 0 0 1 0 0 0 0 0 0 0 0 0 1 1 0 0 1 0 1 0
0.063085872735412 1 0 0 0 0 0 1 0 0 1 1 0 1 0 1 1 0 1 1 0 0
0.073855723520597 0 0 1 0 1 0 0 0 0 1 1 1 1 1 0 1 0 1 0 1 0
0.036004465323611 0 1 0 0 0 0 0 0 1 0 0 1 1 0 1 1 0 0 1 0 1
0.044618200994483 0 0 1 0 0 0 0 0 1 0 0 1 0 1 1 1 0 0 0 1 1
0.076656089171859 0 0 1 0 0 0 1 0 0 0 0 0 0 1 1 1 0 0 1 0 0
0.052524154116713 1 0 0 0 0 1 0 0 0 0 0 1 1 1 0 0 0 1 0 1 0
0.062611297809343 0 0 0 0 0 1 0 0 0 0 0 1 1 1 0 1 1 0 1 1 1
0.050233428871997 1 1 0 0 0 0 0 1 1 1 1 1 1 1 1 0 0 1 1 0 1
0.037805052172277 0 0 0 1 0 0 0 0 0 0 0 0 1 0 0 1 1 0 0 0 1
0.172636487096412 0 0 0 1 1 0 1 0 0 0 1 0 1 1 0 1 1 0 0 0 1
0.133129179892045 0 1 0 1 1 0 0 0 1 1 1 1 1 1 1 1 0 0 0 0 1
0.085482265874889 1 0 0 1 0 0 0 0 1 0 1 0 1 0 1 0 1 0 0 0 1
0.052997556685626 0 0 0 1 0 0 0 0 0 0 1 1 1 0 0 1 1 0 1 0 1
0.037005702850363 0 1 0 0 0 0 0 0 0 0 1 0 0 0 1 0 1 0 0 0 1
0.032231749526426 0 1 0 0 0 0 0 0 0 0 0 1 0 0 1 0 1 0 0 0 1
0.059696557832061 0 1 0 0 0 0 0 0 0 0 1 1 0 0 1 1 1 0 1 0 1
0.035015803967647 0 1 0 0 0 0 0 0 0 1 0 0 0 1 1 0 1 0 0 0 1
0.202103985421858 1 1 0 1 1 0 1 1 1 1 1 1 1 1 0 1 0 0 1 0 0
0.090641866553070 0 1 0 1 0 0 0 0 0 1 1 0 0 1 1 0 1 0 0 0 1
0.052803752984800 0 1 0 0 0 0 0 0 0 0 0 0 0 0 1 0 0 0 1 0 0
0.071750276535167 1 0 0 1 0 0 0 1 0 1 1 1 0 1 1 0 0 1 0 1 0
0.039154658685887 0 0 1 0 0 0 0 0 0 0 0 0 0 1 1 1 0 0 0 0 1
0.041801972042310 1 0 0 1 0 0 0 0 1 1 1 1 1 1 1 0 1 0 1 0 1
0.095587513209222 0 0 0 0 0 1 1 0 0 0 0 0 1 1 1 0 0 1 1 0 0
0.130524548200436 1 0 0 1 0 0 1 0 1 1 1 1 0 1 1 0 1 1 1 0 0
0.085240648663598 0 0 0 1 0 0 1 0 0 1 0 1 1 1 1 1 0 1 0 1 1
0.170672220679452 1 1 1 0 0 0 1 1 1 1 1 1 1 1 0 0 1 1 0 0 0
0.063182897812252 0 0 1 0 0 0 1 0 0 0 0 1 1 0 1 1 0 1 0 0 1
0.076867010095709 1 0 0 1 0 0 0 0 0 1 1 1 1 0 1 1 1 0 1 0 1
0.075213711642636 1 0 0 1 0 0 0 0 1 0 1 1 1 1 0 0 1 0 1 0 0
0.037163595436374 1 0 0 0 0 0 0 0 0 1 0 1 0 0 1 1 0 1 0 0 1
0.049379985141856 1 0 0 1 0 0 0 0 1 1 1 1 1 1 1 0 1 0 1 1 0
0.081085911514305 0 0 1 0 0 0 1 0 0 0 0 1 0 1 0 1 0 1 0 0 0
0.093720135434861 0 0 0 1 0 1 0 0 0 0 1 1 1 1 0 0 1 0 1 1 0
0.087668999501423 1 1 0 0 0 0 1 1 0 1 1 1 0 1 1 0 1 0 0 0 1
0.081074402638094 0 1 0 1 0 0 0 0 1 0 1 1 1 0 0 1 1 0 0 0 1
0.034988251464375 1 0 0 0 0 0 1 0 0 1 1 1 1 1 1 0 0 1 1 0 1
0.027424176185307 1 0 0 0 0 0 0 0 0 1 1 1 1 1 0 1 0 1 0 1 1
0.047486382629683 0 1 0 0 0 1 0 0 0 1 1 1 1 1 1 0 1 0 0 1 1
0.042888228191892 0 1 0 0 0 0 0 0 1 0 0 0 1 0 1 0 1 0 0 0 1
0.055306983924021 0 0 1 0 0 0 0 0 0 1 0 0 0 1 1 1 0 0 0 1 0
0.120144059320156 0 0 1 1 0 0 0 0 1 0 1 1 0 1 1 1 0 1 0 1 0
0.058858860081157 1 0 1 0 0 0 0 1 1 1 1 1 1 1 0 1 1 0 0 1 1
0.073245435394844 1 0 1 0 0 0 0 1 0 1 1 0 1 1 1 0 0 0 0 1 1
0.030085593331797 0 1 0 0 0 0 0 0 0 0 1 0 1 0 1 0 0 1 0 0 1
0.063578769677316 0 1 0 0 0 1 0 0 0 1 1 1 1 1 0 0 1 0 1 1 0
0.061826094428222 0 1 0 0 0 0 1 0 0 0 1 1 1 0 1 0 0 1 0 1 0
0.108330774038076 0 0 0 1 0 1 0 0 1 0 0 1 1 1 1 0 1 0 1 0 1
0.058688950328081 0 1 0 0 0 0 0 0 1 0 0 0 0 0 1 1 0 0 0 0 1
0.039412359997292 0 1 0 0 0 0 0 0 1 0 1 0 1 1 1 0 0 1 0 1 1
0.081934179823447 0 0 1 0 1 0 0 0 0 1 1 1 1 1 0 0 1 0 1 1 0
0.047504492641184 1 0 0 0 0 1 0 0 0 1 1 1 0 1 1 0 1 1 0 0 1
0.082272053296695 0 1 1 0 0 0 0 0 0 1 1 1 1 0 1 0 1 1 0 0 1
0.099244398669086 0 0 1 0 0 0 1 0 0 1 0 0 1 1 1 1 0 1 1 0 0
0.045646745147706 0 0 1 0 0 0 0 0 0 0 0 1 0 0 0 1 1 0 0 1 0
0.046399430357120 1 0 1 0 0 0 0 0 1 1 1 1 1 1 1 0 0 0 1 1 1
0.061418319508668 1 0 1 0 0 0 0 1 0 1 1 1 1 1 0 1 0 1 0 0 1
0.039314307501298 1 0 0 0 0 0 1 0 0 0 1 1 1 1 1 0 0 1 1 1 0
0.060215504896469 1 0 0 0 0 1 0 0 1 0 1 1 0 1 1 1 1 0 0 0 1
0.060784939568055 0 0 0 1 0 0 0 0 0 0 0 0 1 0 0 1 1 0 1 0 0
0.069657101988925 0 0 0 1 0 0 1 0 0 0 1 0 1 1 1 1 0 0 1 0 1
0.285759441498149 1 1 1 1 1 1 1 1 1 1 1 1 0 1 1 0 0 0 0 0 0
0.033925978070594 0 0 1 0 0 0 0 0 0 0 0 1 1 0 1 0 0 0 1 0 1
0.059189455359432 0 0 1 0 0 0 0 0 0 1 1 0 0 1 0 1 1 0 0 1 0
0.075114357963488 0 0 1 0 0 0 1 0 0 0 1 1 1 0 1 0 1 0 1 0 1
0.106974938709282 0 0 0 1 0 1 0 0 0 1 1 1 0 1 1 1 1 0 0 1 1
0.071764493782620 0 1 0 0 0 1 0 0 1 0 0 1 1 1 1 0 1 0 0 1 1
0.032108320510005 0 1 0 0 0 0 0 0 0 1 1 0 0 1 1 1 0 0 0 1 1
0.047573014443429 1 0 0 0 1 0 0 0 0 1 1 1 1 1 0 0 0 1 1 0 1
0.063206327602096 0 0 0 1 0 0 0 0 0 0 1 1 1 1 0 0 0 1 1 1 0
0.032266516607087 0 1 0 0 0 0 0 0 0 0 1 0 0 1 1 0 0 1 0 0 1
0.050949524774076 1 0 1 0 0 0 0 0 1 1 1 1 1 1 0 1 0 1 1 0 1
0.037845630697681 1 0 0 0 0 1 0 0 0 1 0 1 1 1 1 0 1 0 0 1 1
0.038723540792510 1 0 0 0 0 1 0 0 0 0 1 1 1 1 0 1 1 0 0 1 1
0.067835602281656 1 0 0 1 0 0 1 0 0 1 1 1 1 1 1 0 1 0 0 1 1
0.107222936614110 1 0 0 1 1 0 0 0 1 1 1 1 1 1 1 0 1 0 0 0 1
0.040561613816982 0 1 0 0 0 0 0 0 0 0 0 1 1 0 0 0 1 1 0 0 1
0.055519553613028 0 1 0 0 1 0 0 0 0 1 1 1 1 1 0 1 0 0 1 1 0
0.027789968794173 0 1 0 0 0 0 0 0 0 0 1 1 1 0 0 1 1 0 0 1 1
0.058371378067533 1 0 1 0 0 0 0 1 1 1 1 1 1 1 1 0 0 1 0 1 1
0.025043222799368 1 0 0 0 0 0 0 0 0 1 0 1 1 0 1 0 0 1 0 1 1
0.032745966288547 0 0 1 0 0 0 0 0 0 0 0 1 0 1 1 0 0 0 0 1 1
0.040069051774143 1 0 0 0 0 1 0 0 0 1 1 1 1 0 1 1 1 0 0 1 1
0.096279375526669 0 0 1 0 0 0 1 0 1 0 0 1 1 1 1 0 0 1 1 0 1
0.130309283829198 0 0 1 1 0 0 1 0 0 0 1 1 1 1 1 0 1 0 0 1 1
0.081944379697422 0 1 0 1 0 0 1 0 0 1 1 1 1 1 1 1 0 0 0 1 1
0.055610823237131 0 1 0 0 0 0 1 0 0 0 1 1 1 0 1 1 1 0 0 0 1
0.138834892332905 0 0 1 0 0 1 1 0 0 0 1 1 1 1 0 1 1 1 0 0 1
0.079435362813036 0 1 0 0 1 0 0 1 0 0 1 1 1 1 1 0 0 1 0 1 0
0.114233706593069 0 0 0 0 1 1 0 0 0 1 1 0 1 1 1 1 1 0 0 1 1
0.097374218465591 0 0 0 0 1 1 0 0 0 0 0 1 1 1 0 1 0 0 1 1 0
0.108925536631389 0 1 1 0 0 0 1 0 0 0 1 1 1 0 1 1 0 0 0 0 1
0.032632528137779 1 0 0 0 0 0 0 0 0 1 1 0 1 0 0 1 1 0 0 1 1
0.054857827734780 1 0 0 0 0 1 0 0 0 1 1 1 1 0 0 1 1 0 1 0 1
0.038899342034143 0 1 0 0 0 0 0 0 0 1 0 1 0 1 1 0 0 1 1 0 1
0.069928141134439 0 0 1 0 0 0 1 0 0 0 0 1 1 1 0 1 1 0 0 1 0
0.037148485676541 0 0 1 0 0 0 0 0 0 0 0 1 0 1 0 0 1 0 0 1 0
0.051474188360947 1 0 0 0 0 1 0 0 0 0 0 1 1 0 1 0 1 0 0 0 1
0.060996083353405 0 0 1 0 0 0 0 1 0 1 0 0 1 1 1 1 0 0 1 0 1
0.069614449356695 0 0 0 1 0 0 0 1 0 0 0 0 1 1 0 1 0 1 0 1 0
0.056775665918281 0 1 0 0 0 0 0 1 0 1 0 0 1 1 1 0 0 1 0 1 0
0.049695655238753 0 0 0 1 0 0 0 0 0 0 1 1 0 1 1 0 1 0 0 1 1
0.146037845262205 0 1 1 0 1 0 0 0 1 1 1 1 1 1 1 0 1 0 0 1 0
0.059449946555325 0 0 0 0 0 1 0 0 0 0 0 1 1 0 0 1 1 0 0 1 1
0.129460112861616 0 0 0 1 0 1 0 0 0 0 0 0 1 0 0 1 1 0 0 0 1
0.050932523244756 0 0 0 0 0 1 0 0 0 0 0 0 1 0 1 1 0 0 1 0 1
0.045699776445820 0 0 0 0 1 0 0 0 0 0 0 0 1 0 1 1 0 0 1 0 1
0.057572895854669 0 0 0 0 1 0 0 0 0 0 0 1 1 0 0 1 0 0 1 0 1
0.094052254433671 0 0 1 0 1 0 0 0 0 1 0 1 1 0 1 1 0 0 1 0 1
0.089669347944102 0 1 0 1 0 0 0 0 0 1 1 0 1 1 0 1 0 0 1 1 0
0.065487531072381 0 1 1 0 0 0 0 1 1 1 1 1 1 1 1 1 0 0 0 1 1
0.072714927725610 0 0 1 0 0 0 1 0 0 0 1 0 0 1 1 1 1 0 0 0 1
0.084163425331520 1 0 0 0 0 1 0 0 1 0 1 0 0 1 1 0 1 1 0 0 0
0.034217109276049 1 0 0 0 0 0 0 0 0 1 1 1 0 0 1 0 1 0 0 1 1
0.108558303010192 0 0 1 1 0 0 0 0 0 1 0 1 0 1 1 0 0 1 0 0 1
0.042781444348855 0 1 0 0 0 0 1 0 0 0 1 0 1 1 1 1 0 0 0 1 1
0.100168564004137 0 1 0 0 0 0 1 1 0 0 1 0 0 1 1 1 0 0 0 1 0
0.097216244460464 0 1 0 0 1 0 1 0 0 0 1 1 1 1 1 1 0 0 0 0 1
0.039177512381475 0 1 0 0 0 0 1 0 0 1 1 1 1 1 1 1 1 0 0 1 1
0.030830549908013 0 1 0 0 0 0 0 0 0 1 1 0 1 1 0 1 1 0 0 1 1
0.089876275046083 1 1 0 0 0 0 1 1 1 0 1 1 1 1 1 1 0 0 0 1 1
0.087525672438627 0 0 0 0 0 1 1 0 0 0 0 0 1 1 1 1 0 0 1 1 0
0.059524753129315 0 0 0 1 0 0 1 0 0 0 1 1 1 1 1 1 1 0 0 1 1
0.030249553699549 1 0 0 0 0 0 0 0 0 0 0 1 0 0 1 0 0 0 0 1 0
0.056435102436812 1 0 0 0 0 1 0 0 0 1 0 1 0 1 1 1 0 0 0 1 1
0.026083433686547 1 0 0 0 0 0 1 0 0 1 1 1 1 1 1 1 0 1 0 1 1
0.064944328496043 0 0 0 0 1 0 0 0 1 0 0 0 1 1 1 1 0 0 1 0 1
0.121714013956182 0 0 1 0 0 1 0 1 0 0 0 0 1 1 1 0 0 1 0 0 0
0.038653688187724 1 0 0 0 0 0 1 0 0 1 1 0 1 1 1 1 1 0 0 1 1
0.079028506370566 0 0 0 1 0 0 1 0 0 0 0 0 1 0 1 1 1 0 0 0 1
0.047338033847250 1 0 0 0 0 0 0 1 0 1 1 1 1 0 1 1 0 1 0 1 1
0.028382616877562 1 0 0 0 0 0 0 0 1 0 0 1 0 1 1 0 0 0 1 0 1
0.028569104678699 1 0 0 0 0 0 0 0 1 0 0 1 1 1 0 1 0 0 1 0 1
0.029614180913916 1 0 0 0 0 0 0 0 1 0 1 0 1 1 0 1 0 0 1 0 1
0.116441694092048 1 0 1 0 0 0 1 0 0 1 1 1 1 0 0 1 1 1 0 0 0
0.047325132787426 1 0 0 0 0 1 0 0 0 0 1 1 1 0 1 0 0 1 0 1 0
0.059343321138977 1 0 0 0 0 0 1 0 0 1 1 0 1 1 0 1 1 0 1 1 0
0.076460143927964 1 0 0 0 1 0 1 0 0 0 1 1 1 1 1 0 0 0 1 1 0
0.024913106238255 1 0 0 0 0 0 0 0 1 0 1 1 1 1 0 1 0 1 1 0 1
0.040913787629358 1 0 0 1 0 0 0 0 1 1 1 1 1 1 1 0 0 1 1 0 1
0.079554225935176 1 0 1 0 0 0 1 1 0 1 1 1 1 1 1 1 0 0 0 1 1
0.036584870184512 1 0 0 0 0 0 0 0 1 0 1 0 1 0 0 1 1 0 0 0 1
0.045097846625234 1 0 0 0 0 0 0 1 0 1 0 1 0 1 1 0 1 0 0 1 1
0.028011023228431 0 1 0 0 0 0 0 0 0 0 1 1 0 1 1 0 0 1 0 1 1
0.032268018704427 0 1 0 0 0 0 0 0 0 1 1 0 1 1 1 0 1 0 0 1 1
0.046599275612152 0 0 0 1 0 0 0 0 0 0 0 1 0 1 0 0 0 1 1 0 0
0.052449974478268 0 0 0 1 0 0 0 0 0 0 0 1 0 0 0 1 0 0 1 0 0
0.056550329313201 1 0 0 1 0 0 0 0 0 1 1 1 0 1 1 0 0 0 1 1 0
0.110191888849895 0 0 1 1 0 0 0 0 1 1 1 1 1 1 1 1 1 1 0 1 1
0.107410949625544 0 0 1 0 1 0 0 1 0 1 0 1 1 1 1 1 0 0 0 1 1
0.083819041485638 0 0 0 1 0 0 1 0 0 0 0 1 0 1 1 1 0 0 1 1 0
0.054418125993101 0 0 0 1 0 0 0 0 0 0 1 0 0 0 0 1 0 1 1 0 0
0.062776836170454 0 0 0 1 0 0 0 0 0 1 1 0 0 1 1 1 0 1 1 0 1
0.044569789090181 1 0 1 0 0 0 0 0 1 1 1 1 1 1 0 0 1 0 1 0 1
0.046327477213730 0 0 0 1 0 0 0 0 0 0 0 1 0 0 1 0 0 1 1 0 0
0.085201089824064 1 0 1 0 0 0 1 0 1 0 1 1 1 1 0 0 1 0 0 1 0
0.024303797453300 1 0 0 0 0 0 0 0 0 1 1 1 0 1 1 0 0 1 1 0 1
0.041374062502890 1 0 0 0 0 0 1 0 0 0 1 1 1 0 1 1 0 0 1 1 0
0.036461345325105 0 1 0 0 0 0 0 0 0 1 0 0 1 0 0 1 1 0 0 0 1
0.038889388087748 1 0 0 0 0 0 0 0 1 1 1 0 0 1 1 1 0 1 0 0 1
0.032195557861720 1 0 0 0 0 1 0 0 0 1 1 1 1 1 1 0 0 1 1 0 1
0.071825023734542 0 0 1 0 1 0 0 0 0 1 1 1 1 1 0 1 1 0 0 1 1
0.033785230991731 1 0 0 0 0 0 0 0 1 0 1 0 1 1 0 1 0 0 1 1 0
0.061086167906033 1 0 0 0 1 0 0 0 0 0 1 1 1 0 1 0 1 0 0 1 1
0.199931437759624 1 1 0 0 1 1 1 0 0 1 1 1 1 1 0 0 1 0 1 0 0
0.053665716864846 0 0 0 0 1 0 0 0 0 0 0 0 1 0 0 1 0 0 1 0 0
0.043032332226089 0 1 0 0 0 0 0 0 1 1 0 1 1 1 0 1 1 0 1 0 1
0.071343518833683 0 0 0 0 0 1 0 0 0 0 1 0 1 1 0 1 1 0 0 1 1
0.025791703500352 1 0 0 0 0 0 0 0 1 0 1 1 1 1 0 1 1 0 0 1 1
0.065030780636041 1 1 0 0 0 0 1 0 1 1 1 1 1 1 0 1 0 0 1 1 0
0.080174104252007 1 1 0 0 0 0 1 0 0 1 1 1 1 0 1 1 0 0 0 1 1
0.047154435028542 1 0 1 0 0 0 0 0 1 1 1 1 1 1 0 1 0 0 0 1 1
0.036414634480328 0 0 1 0 0 0 0 0 0 1 0 0 1 1 1 1 0 0 0 1 1
0.035943354677542 1 0 0 0 0 0 0 0 1 1 1 0 1 1 0 1 1 1 0 0 1
0.051771699094796 0 0 0 1 0 0 0 0 0 0 1 1 0 0 1 1 0 0 1 0 1
0.047961482593501 0 1 0 0 0 0 0 0 0 0 1 1 0 0 1 0 0 1 1 0 1
0.130665036498970 0 0 0 1 1 0 0 0 1 0 1 1 0 1 1 1 0 1 1 0 0
0.032866740342909 0 1 0 0 0 0 0 0 0 1 0 1 1 0 1 0 1 0 1 0 1
0.118648757994488 0 0 0 1 1 0 0 0 1 0 1 0 1 1 1 1 0 0 0 1 1
0.172932398055282 0 0 0 1 1 0 1 0 1 0 0 1 1 1 1 0 1 0 1 0 0
0.053644708136575 0 0 0 0 1 0 0 0 0 0 1 0 0 1 1 1 0 0 1 0 1
0.105881240991876 0 0 1 0 1 0 0 0 0 0 1 0 0 1 0 1 0 1 0 0 0
0.179728360466363 1 0 1 0 1 0 1 0 1 1 1 1 1 1 1 1 1 0 0 0 1
0.095449028221017 0 0 1 0 1 0 0 0 0 1 0 1 1 1 0 0 1 1 0 0 0
0.073109510156568 0 1 0 0 1 0 0 0 0 1 1 1 0 1 1 1 1 0 0 0 1
0.082864704213160 1 1 0 0 0 0 0 1 1 1 1 0 1 0 0 1 1 0 0 1 0
0.047132886310828 1 0 0 0 0 0 1 0 0 1 0 1 1 0 1 0 1 1 0 0 1
0.047739924222447 1 0 0 0 0 0 1 0 0 0 0 1 1 0 1 0 0 1 0 1 0
0.036700928458091 1 0 0 0 0 0 1 0 0 1 1 1 1 0 1 1 1 0 0 1 1
0.047557143557730 0 0 0 0 1 0 0 0 0 0 0 1 0 1 1 1 0 0 0 1 1
0.029375103200385 0 1 0 0 0 0 0 0 0 1 1 0 1 1 1 1 0 1 0 1 1
0.034173737751001 0 1 0 0 0 0 0 0 0 1 1 0 1 0 1 1 1 0 0 1 1
0.176946132490510 0 0 1 0 1 1 0 0 0 1 1 1 1 1 1 0 1 1 1 0 0
0.061527388434349 1 0 0 0 0 1 0 0 0 0 0 1 0 1 1 0 0 0 0 0 1
0.067273050603651 1 0 0 0 0 1 1 0 0 1 1 1 1 1 1 0 1 1 0 0 1
0.029075954329881 1 0 0 0 0 0 0 0 1 1 0 1 1 1 1 0 0 1 1 0 1
0.055998334118705 1 0 0 0 0 0 1 0 0 1 0 1 0 1 1 0 0 1 1 0 0
0.032571630242162 1 0 0 0 0 0 0 0 0 1 0 1 0 0 1 0 0 1 0 1 0
0.119546671347919 0 0 0 0 1 1 0 0 0 0 1 1 1 1 0 1 0 1 0 1 1
0.062188670594642 0 0 0 1 0 0 0 0 0 1 0 1 0 1 1 0 0 1 1 1 0
0.061601664542604 1 1 0 0 0 0 0 1 0 1 1 1 1 0 1 0 0 0 1 1 0
0.073293142831555 1 1 0 0 0 0 0 1 1 1 0 1 1 0 1 0 1 0 0 0 1
0.035998016284513 0 0 0 0 1 0 0 0 0 0 0 0 0 0 1 1 0 0 0 0 1
0.123124277705727 0 0 0 1 1 0 0 0 0 0 1 1 0 0 1 1 0 0 0 0 1
0.044465868785256 0 0 0 0 1 0 0 0 0 0 0 0 0 1 0 1 0 0 1 0 0
0.040275932552957 0 0 0 0 1 0 0 0 0 0 0 0 0 1 1 0 0 0 1 0 1
0.045452645437124 0 0 0 0 1 0 0 0 0 0 0 1 0 0 1 1 0 0 1 0 1
0.108348504898678 0 0 0 0 1 1 0 0 0 0 0 1 0 0 1 1 1 0 0 0 1
0.074209424412262 1 0 0 0 1 0 0 0 0 1 0 1 0 1 1 0 0 0 1 0 1
0.055022597658247 0 0 0 0 0 1 0 0 0 0 0 0 0 1 1 1 0 0 1 0 1
0.052226190101599 0 0 0 0 1 0 0 0 0 0 0 0 0 0 1 0 0 0 1 0 0
0.061719821603586 0 0 0 0 0 1 0 0 0 0 0 0 1 1 0 1 0 0 1 1 0
0.050206340155440 1 1 0 0 0 0 0 1 1 1 1 1 1 1 0 0 1 0 1 1 0
0.063014906939328 0 1 1 0 0 0 0 0 1 1 1 1 1 1 1 1 0 1 0 1 1
0.060894325640629 0 0 0 1 0 0 0 0 0 0 1 0 0 1 1 0 0 1 1 0 0
0.058411655920396 0 0 0 0 1 0 0 0 0 0 0 1 0 1 0 0 0 1 1 0 0
0.128118764103239 0 0 1 0 1 0 0 1 0 1 0 1 1 1 0 1 0 1 1 0 0
0.035992268882071 0 1 0 0 0 0 0 0 0 1 0 1 1 0 0 1 1 0 0 1 1
0.055777149370282 1 0 0 0 0 1 0 0 0 0 1 1 1 0 0 1 0 0 1 1 0
0.033179022442740 1 0 0 0 0 0 0 0 1 1 0 0 1 1 1 1 0 0 1 0 1
0.052933037187713 1 0 0 1 0 0 0 0 1 1 1 1 0 1 1 1 0 0 1 0 1
0.062451013400309 1 0 0 1 0 0 0 1 0 1 1 1 1 1 1 1 0 0 1 1 1
0.036453333833147 1 0 0 0 0 0 0 0 1 1 0 1 1 0 0 1 1 1 0 0 1
0.034001458152572 0 0 1 0 0 0 0 0 0 0 0 1 0 0 1 0 1 0 0 0 1
0.050753172270366 0 0 1 0 0 0 0 0 0 0 0 1 0 0 1 0 0 1 0 0 0
0.050186028512991 0 0 1 0 0 0 0 0 1 0 0 1 0 1 1 0 1 0 1 0 1
0.099521587827804 0 0 1 0 1 0 0 0 1 0 1 1 0 1 1 0 1 0 0 0 1
0.036432376736000 0 0 1 0 0 0 0 0 0 0 1 0 0 1 1 0 0 1 0 0 1
0.112796857637398 1 0 0 0 1 0 1 0 1 0 1 1 1 1 0 0 1 1 1 0 0
0.108880952371570 1 0 0 0 1 0 1 0 0 1 0 1 1 0 1 0 0 1 0 0 0
0.039703657727814 0 0 1 0 0 0 0 0 0 0 0 1 0 0 0 0 1 1 0 0 0
0.059781765739930 0 0 1 0 0 0 0 0 0 1 0 1 0 0 1 0 1 0 1 0 0
0.052367704934978 1 0 0 0 0 0 0 1 0 1 0 1 0 1 1 0 0 1 1 0 1
0.037980537569395 0 0 0 0 1 0 0 0 0 0 0 0 0 1 1 0 0 1 0 0 1
0.043289867172965 0 0 0 1 0 0 0 0 0 0 1 0 1 1 0 1 1 0 0 1 1
0.166260697093045 1 1 1 0 0 1 1 1 1 1 1 1 1 1 0 1 0 0 0 0 1
0.061899885852446 1 0 0 0 1 0 0 0 1 0 1 1 0 1 1 0 0 1 0 0 1
0.035251784787918 1 0 0 0 0 0 0 0 1 1 0 1 0 1 1 0 1 1 0 0 1
0.067037259842875 0 0 1 0 0 0 0 0 1 0 0 1 0 0 1 0 1 1 0 0 0
0.065027737074582 1 0 0 0 0 1 0 0 1 1 0 1 1 1 1 1 0 1 1 0 1
0.089334791554416 1 0 0 1 0 0 1 0 1 0 1 1 1 1 1 1 0 0 1 0 1
0.086650644014421 0 0 0 0 1 1 0 0 0 0 0 1 1 1 1 0 1 0 0 1 1
0.045567683140704 0 0 0 0 1 0 0 0 0 0 0 1 0 0 0 1 1 0 0 0 1
0.047448172875085 0 0 0 0 1 0 0 0 0 0 0 1 0 0 0 1 1 0 0 1 0
0.039945700266226 0 0 0 0 1 0 0 0 0 0 0 0 0 0 0 1 0 1 0 0 0
0.043937464143746 0 0 0 0 1 0 0 0 0 0 0 0 0 1 0 0 0 1 0 1 0
0.102998028125554 0 0 0 0 1 0 1 0 0 0 0 1 0 0 1 1 0 1 1 0 0
0.059108850888115 0 1 0 0 1 0 0 0 0 1 1 1 1 1 1 0 1 0 1 1 0
0.048933374600159 0 0 0 0 1 0 0 0 0 0 0 1 0 0 1 0 0 1 0 1 0
0.143128347830078 0 0 0 1 1 0 0 1 0 0 1 0 1 1 1 0 0 1 0 1 0
0.054914825376000 1 0 0 0 0 0 0 1 1 0 0 0 1 1 1 0 0 0 1 0 1
0.077380387840871 1 0 0 0 1 0 0 0 0 1 0 1 0 1 0 0 1 1 0 0 0
0.045827450352097 0 1 0 0 0 1 0 0 0 1 0 1 1 1 1 1 0 0 0 1 1
0.063975508754128 0 1 0 0 0 0 1 0 1 0 1 0 1 1 1 1 0 1 0 0 1
0.051627672547783 0 0 0 0 1 0 0 0 0 0 0 1 0 0 0 1 0 1 1 0 0
0.314369406188834 1 1 1 1 1 1 0 1 1 1 1 1 1 1 0 1 0 0 0 0 1
0.059399680423454 0 0 1 0 0 0 1 0 0 0 0 0 1 1 1 0 1 0 0 0 1
0.049096182158650 0 1 0 0 0 0 1 0 0 0 1 1 1 1 0 1 0 0 1 1 0
0.050031070690706 0 0 0 0 1 0 0 0 0 0 1 0 0 0 1 1 0 1 0 0 1
0.124236354026469 0 1 1 0 0 0 1 1 1 1 1 0 1 1 1 1 0 0 0 1 0
0.069333628700631 0 0 0 0 1 0 0 0 0 1 0 0 0 1 1 0 0 1 1 0 0
0.141630344692993 0 0 1 0 1 0 0 0 1 1 0 1 0 1 1 0 1 1 0 1 0
0.044047371780252 0 0 1 0 0 0 0 0 0 0 0 1 1 0 0 0 1 0 1 0 1
0.079224233229419 1 0 1 0 0 0 1 0 0 1 1 1 1 1 0 1 0 0 1 1 0
0.067781598327160 0 1 0 0 0 0 1 0 0 1 0 0 1 0 1 1 1 0 0 0 1
0.058600196161263 1 0 0 0 1 0 0 1 0 1 1 1 1 1 1 0 0 1 1 0 1
0.030652605062099 1 0 0 0 0 0 1 0 0 1 0 1 1 1 1 0 1 0 0 1 1
0.036347597115253 1 0 0 0 0 0 1 0 0 1 0 1 1 1 1 1 0 0 1 1 1
0.045687499661085 1 0 0 0 0 0 1 0 0 1 0 1 1 0 1 1 0 0 0 1 1
0.033295028921178 1 0 0 0 0 0 0 0 0 1 0 0 0 1 1 0 0 1 0 0 1
0.039736477593980 0 1 0 0 0 0 0 0 0 1 0 0 0 0 1 1 0 0 0 1 0
0.065962965379225 0 1 0 0 0 1 0 0 0 1 1 0 1 1 1 1 0 0 1 1 0
0.042358378092218 0 0 0 0 0 1 0 0 0 0 0 0 0 0 1 1 0 0 0 1 0
0.058451438727412 0 0 0 0 0 1 0 0 0 0 0 1 0 0 1 1 0 0 1 1 0
0.082505060730762 0 0 1 0 0 1 0 0 0 1 1 1 1 0 1 1 0 0 1 1 0
0.035744576402246 0 0 0 0 1 0 0 0 0 0 0 0 0 0 1 1 0 0 0 1 0
0.151653909258495 0 0 0 0 1 1 0 0 0 0 0 0 0 1 1 0 0 0 0 1 0
0.046584542824470 0 0 0 0 0 1 0 0 0 0 0 0 1 0 1 1 0 0 0 1 1
0.062380522256449 0 1 0 0 1 0 0 0 0 1 1 1 1 0 1 1 0 0 1 1 0
0.055453467910598 0 1 0 0 0 0 1 0 0 1 0 1 1 1 1 1 0 0 1 1 0
0.071713026603092 0 0 0 0 1 0 0 0 0 0 0 1 0 0 0 1 0 0 0 1 0
0.068258611043426 0 0 0 0 1 0 0 0 0 1 0 1 0 0 1 1 1 0 0 1 1
0.051913774780441 0 0 0 0 1 0 0 0 0 0 1 0 0 1 1 0 1 0 0 1 1
0.049002247043789 0 0 0 0 1 0 0 0 0 0 0 0 0 0 0 1 1 0 1 0 0
0.139697153073847 0 0 1 0 0 1 0 0 0 0 1 0 0 0 1 1 0 0 0 0 0
0.041976953470935 0 1 0 0 0 0 0 0 0 1 1 0 1 0 1 1 0 0 1 1 0
0.076462639344335 0 1 0 0 1 0 0 0 0 0 1 1 1 0 1 0 1 0 1 0 1
0.096424744350802 0 0 0 1 0 1 0 0 0 1 1 1 1 1 1 1 0 1 1 1 0
0.060787694632778 0 0 0 0 1 0 0 0 0 0 1 0 0 1 0 1 1 1 0 0 1
0.044045010492739 0 0 0 1 0 0 0 0 0 0 0 0 0 0 0 0 1 1 0 0 0
0.062647074267473 0 1 0 1 0 0 0 0 0 1 1 1 1 1 0 1 0 1 0 1 1
0.124546393983398 0 1 0 0 0 1 1 0 0 1 1 0 1 1 1 1 1 0 0 1 0
0.038509621973596 0 0 0 0 1 0 0 0 0 0 0 0 0 0 0 0 1 1 0 0 0
0.034482444511512 1 0 0 0 1 0 0 0 0 1 1 1 1 1 1 1 0 0 1 1 1
0.065765063469154 0 0 0 0 1 0 0 0 1 0 0 0 0 0 1 1 1 0 0 0 1
0.072797136949391 0 0 0 0 0 1 0 0 0 1 0 0 1 1 1 1 0 0 1 1 1
0.176504916406360 1 1 0 1 0 1 0 0 1 1 1 1 0 1 0 0 1 0 1 0 0
0.070938249202219 0 0 0 1 0 0 0 0 0 1 0 1 0 0 0 0 1 1 1 0 0
0.049821244149037 0 0 0 0 0 1 0 0 0 0 0 0 0 0 1 1 1 0 0 0 1
0.045074668462318 0 1 0 0 0 1 0 0 0 0 1 1 1 1 1 0 0 1 0 1 1
0.122999190481416 1 1 0 0 1 0 1 1 1 1 1 1 1 1 0 1 1 0 0 0 1
0.039983578584796 0 0 0 0 1 0 0 0 0 0 0 0 1 0 0 1 1 0 0 0 1
0.125629409686245 0 0 1 1 0 1 0 0 0 1 1 1 1 1 1 0 0 0 1 1 0
0.085353612462348 0 0 1 1 0 0 0 0 0 1 1 1 1 0 1 0 0 1 1 0 0
0.096238195477982 0 0 1 1 0 0 0 1 0 1 1 1 1 1 1 1 0 0 1 1 0
0.186102564205483 0 0 1 1 1 0 0 0 0 1 1 1 1 1 1 1 0 0 1 1 0
0.119923910412369 0 0 1 1 0 0 0 1 0 1 1 0 1 1 1 1 0 1 0 0 1
0.082238557465653 0 1 1 0 0 0 0 1 0 1 1 1 1 1 0 1 0 1 0 1 0
0.064025879719227 1 0 0 1 0 0 0 1 1 0 1 1 1 1 1 0 0 0 1 1 0
0.058431036447072 0 1 0 0 1 0 0 0 0 1 1 1 1 1 1 0 0 1 1 1 0
0.035320231359394 1 0 0 0 0 0 1 0 0 1 0 1 1 1 1 0 1 0 1 0 1
0.063527112387291 0 0 0 1 0 0 0 0 0 0 0 0 0 0 0 1 0 0 0 1 0
0.082450144510131 0 1 0 1 0 0 0 0 0 1 1 1 0 1 0 1 0 0 1 0 1
0.144591551724517 0 1 0 0 1 1 0 0 1 0 1 1 1 1 1 1 1 0 0 0 1
0.118108067920328 1 0 0 1 1 0 0 1 1 1 1 1 1 1 1 1 0 0 1 0 1
0.089959649465675 1 0 0 0 1 0 1 0 0 1 1 1 1 0 1 1 1 0 0 1 0
0.094726923601241 0 0 1 1 0 0 0 0 1 0 0 1 1 1 1 0 0 0 1 0 1
0.036830026038472 0 1 0 0 0 0 1 0 0 0 1 1 1 1 1 1 0 1 0 1 1
0.038268422535515 1 0 0 0 0 1 0 0 0 0 1 1 1 1 0 0 1 0 1 0 1
0.037485961952505 1 0 0 0 0 0 0 0 1 1 1 0 1 1 1 0 0 1 1 0 1
0.065374365816952 0 0 0 1 0 0 1 0 0 0 0 1 1 1 1 0 1 0 1 0 1
0.055557517558224 0 0 0 1 0 0 0 0 0 1 1 0 1 1 1 1 1 1 0 1 1
0.097580348873493 0 0 0 0 0 1 1 0 0 0 0 1 1 0 1 1 1 0 1 0 1
0.029571652743660 1 0 0 0 0 0 0 0 0 1 0 1 0 1 1 0 0 1 0 1 1
0.060417633173530 1 0 0 1 0 0 0 0 0 1 1 1 1 0 1 1 0 0 1 1 0
0.135771924323833 0 0 0 0 1 1 0 0 0 0 0 0 1 0 0 1 1 0 0 0 1
0.047476548938618 1 0 0 0 0 1 0 0 0 1 1 1 1 1 0 1 0 1 1 1 0
0.057327886060084 1 0 0 0 0 0 0 0 1 0 0 0 0 0 1 0 0 1 0 0 0
0.055654903517397 0 0 0 0 1 0 0 0 0 0 0 1 0 0 1 1 1 0 0 0 1
0.105750141960198 0 0 1 0 1 0 0 0 0 1 1 0 1 0 1 1 0 1 0 1 0
0.053324294469402 0 1 0 0 0 0 0 0 1 0 1 0 1 0 0 1 1 1 0 0 1
0.036020379357854 0 0 1 0 0 0 0 0 0 0 0 1 0 1 0 0 1 0 0 0 1
0.062872458235770 0 0 1 0 0 0 0 0 0 1 0 1 0 1 0 0 0 1 1 0 0
0.099945263686337 0 0 1 0 0 0 1 1 0 0 1 0 1 1 1 1 0 1 0 0 1
0.061356570748189 0 0 0 0 0 1 0 0 0 0 0 0 0 0 1 1 0 1 0 1 0
0.055592740651017 1 0 0 0 1 0 0 0 1 0 0 1 1 1 1 0 0 0 1 0 1
0.072666078129637 0 0 1 0 0 0 1 0 0 0 0 1 1 0 1 1 0 0 1 1 0
