0.539021551609039 1 0 1 0 1 1 1 1 1 1 0 0 0 0 0 1 1 0 0 1 1
0.357725322246552 1 1 1 0 1 0 0 1 1 0 1 1 1 1 1 1 0 1 1 0 1
0.104213140904903 0 1 0 0 0 0 0 1 1 1 0 1 1 1 0 0 1 1 0 0 1
0.292519330978394 0 1 0 0 1 1 1 0 0 0 0 0 1 0 0 1 1 0 0 0 0
0.383643388748169 1 1 1 0 0 0 1 0 1 1 0 1 0 0 1 1 1 1 0 1 0
0.417589008808136 1 1 1 0 1 1 0 1 1 1 0 1 0 1 0 0 1 1 0 1 1
0.278953909873962 1 0 0 1 0 0 1 1 1 1 0 0 0 0 1 1 0 1 0 1 0
0.337481558322906 1 0 1 1 0 1 0 0 1 0 1 0 1 1 1 0 1 1 0 0 1
0.179433554410934 1 0 0 0 0 0 0 0 0 0 1 0 1 0 0 0 1 1 1 1 1
0.281247913837433 0 0 0 0 1 1 1 1 0 1 1 0 1 1 1 1 0 0 1 0 1
0.363365828990936 1 1 0 0 0 0 1 1 1 0 0 1 0 1 1 0 1 1 1 1 1
0.287617802619934 1 1 1 0 0 1 1 0 1 1 1 0 1 1 1 1 0 1 0 0 1
0.382528036832809 1 1 0 1 0 1 1 1 0 0 0 1 1 1 1 1 0 1 0 0 1
0.418547362089157 1 1 0 1 1 0 0 0 1 0 1 1 0 0 1 1 1 1 0 0 1
0.484102368354797 1 1 0 1 0 0 0 1 0 0 0 0 1 1 0 0 1 1 1 1 0
0.193143561482430 1 0 0 0 0 0 0 0 1 0 0 1 1 1 1 1 1 1 0 0 0
0.240987315773964 0 1 0 0 1 0 1 1 1 1 0 0 1 1 1 1 1 1 0 0 0
0.437355339527130 1 1 1 1 0 1 1 0 1 1 0 1 1 0 0 0 1 1 0 1 1
0.237647712230682 1 1 0 0 1 0 0 0 1 0 1 0 1 1 0 1 0 1 1 0 0
0.422710448503494 0 0 0 1 1 1 1 0 1 0 1 0 1 0 1 1 1 1 1 0 0
0.403365880250931 1 1 1 0 1 1 0 1 1 0 1 1 0 1 1 1 1 0 0 1 1
0.097542434930801 0 0 0 0 0 1 0 0 0 0 0 0 0 0 0 0 0 0 1 0 1
0.372532159090042 0 0 0 0 0 0 0 0 0 0 1 1 1 0 0 0 1 0 0 0 0
0.460388630628586 0 1 0 1 1 0 1 1 1 1 0 1 0 0 1 1 0 0 1 1 1
0.390461713075638 1 0 1 0 1 0 1 1 0 0 0 0 0 1 0 1 0 0 0 0 1
0.142790163989754 0 1 1 0 0 0 0 0 0 1 1 1 1 1 1 1 1 1 0 0 1
0.034989596106937 0 1 0 0 0 0 0 0 0 1 1 1 1 1 1 1 0 1 0 1 1
0.146291578740823 1 0 0 0 0 1 1 0 1 0 1 1 1 1 0 0 0 0 1 0 0
0.343250011568242 0 0 0 0 0 1 0 0 1 1 1 1 1 0 0 1 0 0 0 1 1
0.096001209439493 1 0 0 0 0 0 0 0 1 1 0 0 1 1 0 1 0 1 1 1 1
0.062666977384930 0 1 0 0 0 0 0 0 1 0 1 0 1 1 0 0 0 1 1 0 0
0.050850448536214 0 1 0 0 0 0 0 0 0 0 0 0 0 1 1 0 0 0 0 0 0
0.184490880581485 0 1 0 0 0 1 0 0 1 1 1 0 1 0 0 0 0 1 1 0 0
0.220555214579425 0 0 0 0 0 0 0 1 1 1 0 0 0 1 0 1 0 1 1 1 1
0.040565207272346 0 0 1 0 0 0 0 0 0 0 0 1 1 1 1 1 0 0 1 1 1
0.122085887492796 0 0 0 0 0 1 0 0 0 1 1 1 1 1 1 1 1 0 1 1 1
0.185152925560135 0 1 1 0 0 0 0 0 0 1 0 1 0 1 1 1 0 0 1 1 1
0.053133365931985 0 1 0 0 0 1 0 0 0 0 0 1 1 1 1 1 0 0 0 1 1
0.159519733985666 0 0 1 0 1 0 0 0 1 0 0 1 0 1 0 0 0 1 1 0 0
0.099316810738257 0 0 1 0 0 0 0 0 1 1 0 1 1 0 1 0 0 1 1 0 0
0.366154777953967 0 0 0 0 0 0 0 0 0 0 0 1 1 1 1 0 0 0 1 0 0
0.268589703013952 0 1 1 0 0 0 0 0 0 0 0 0 1 1 0 1 0 1 0 1 1
0.126676532922878 0 0 1 0 0 0 1 0 1 0 1 1 1 1 0 0 1 0 1 0 1
0.200123047662364 0 1 0 0 0 0 0 0 1 1 1 0 0 1 0 0 0 1 0 0 0
0.095046609546643 0 0 1 0 0 0 0 0 0 0 0 0 0 0 1 1 0 0 0 1 1
0.353502767519078 0 1 1 0 1 0 0 0 0 0 0 1 1 0 1 1 0 1 0 1 1
0.076827710213742 0 1 0 0 0 0 0 0 0 1 1 0 0 1 0 0 1 1 1 0 1
0.106209510854768 0 1 1 0 0 0 0 0 1 1 1 1 1 1 1 0 1 1 1 0 0
0.164350860700160 0 0 1 1 0 0 0 0 0 1 1 1 0 1 0 0 1 1 1 0 1
0.333998837651553 0 0 0 0 1 1 1 0 0 1 1 0 0 1 1 1 0 0 1 1 1
0.152204665383682 0 1 1 0 0 0 0 0 1 0 0 0 0 1 1 0 0 0 1 0 0
0.077197824187637 0 1 0 0 0 0 0 1 0 1 1 1 1 1 1 1 0 1 1 0 0
0.056019817135073 0 0 1 0 0 0 0 0 0 1 1 1 1 0 1 0 1 1 1 0 1
0.183690651518696 0 0 0 0 0 0 0 0 0 0 1 0 1 1 1 0 1 1 1 0 1
0.108733614953000 0 0 1 0 0 1 0 0 0 0 0 0 1 1 0 1 0 0 1 0 1
0.286258778670237 0 1 0 1 0 0 0 1 0 1 1 0 0 0 1 0 1 1 1 0 1
0.205658442213520 0 1 0 0 0 1 0 0 0 0 1 0 0 1 1 1 1 1 1 0 1
0.317917775979799 1 0 1 0 0 0 1 0 0 1 0 0 0 1 1 0 0 0 1 1 1
0.222489631728000 1 0 0 1 0 0 0 0 0 0 0 0 1 1 1 1 0 0 1 1 1
0.432918556775311 1 0 1 0 0 0 0 0 0 0 0 1 0 0 0 0 0 1 1 1 1
0.030343207929238 1 0 0 0 0 0 0 1 0 1 0 1 1 1 1 0 0 1 1 0 1
0.134950906196628 0 1 0 0 0 0 1 1 0 0 0 1 0 1 1 0 0 0 1 0 1
0.073644933788689 0 0 0 0 0 0 1 0 0 0 0 0 0 0 1 0 0 1 1 1 0
0.204971162612841 1 0 0 0 0 1 1 0 0 0 0 0 0 1 1 1 0 0 1 1 0
0.084263567830207 0 0 1 0 0 0 0 1 0 1 0 1 0 1 1 0 0 1 1 0 0
0.180867108628952 0 1 0 0 0 1 0 1 0 0 0 1 0 1 1 0 0 1 1 1 0
0.049795597290582 1 0 0 0 0 0 0 1 0 1 0 1 1 1 1 1 0 1 1 1 1
0.016420607128950 1 0 0 0 0 0 0 0 0 1 0 1 1 1 1 0 0 0 1 1 1
0.115383151651316 0 0 1 1 0 0 0 0 0 1 1 0 1 1 1 0 1 0 1 1 0
0.073510554919708 0 1 0 0 0 1 0 0 0 0 1 0 1 1 1 0 1 0 1 0 1
0.080148799291121 1 0 0 0 0 1 1 0 0 1 1 0 1 1 1 0 1 0 0 0 1
0.058684183563087 0 1 0 0 0 0 0 0 0 1 0 1 1 1 0 0 0 0 1 0 1
0.071213041991580 0 0 1 0 0 0 0 0 0 1 0 1 1 1 1 0 0 0 0 1 1
0.286564270616525 0 0 1 0 0 1 1 0 0 0 1 0 0 0 1 0 1 0 1 1 0
0.108160791451365 0 1 0 1 0 0 0 0 0 1 0 1 0 1 1 0 0 0 1 1 0
0.143019675540129 1 1 0 0 0 0 0 0 0 1 0 1 1 1 1 0 0 0 1 0 0
0.117911546476869 0 0 1 1 0 0 0 0 0 1 0 1 0 1 1 0 0 1 1 0 0
0.224260426261797 1 1 0 0 0 0 0 0 0 0 0 1 1 1 1 1 0 0 1 1 1
0.197025650919336 0 0 0 0 0 0 0 0 0 0 1 1 0 1 1 1 1 0 0 1 1
0.111445146057652 0 0 1 0 0 0 0 1 0 1 0 1 1 1 1 1 1 1 1 1 1
0.141339552553294 0 1 0 0 0 0 1 0 0 1 0 0 0 1 0 0 1 0 0 0 1
0.102210081138757 1 0 0 0 1 1 0 0 0 1 1 1 1 1 1 0 0 0 1 1 1
0.055303356779312 0 0 1 0 0 0 0 0 0 0 1 1 1 1 1 1 0 1 1 0 1
0.278624539444499 0 0 1 1 0 0 1 0 0 0 0 1 1 0 1 1 0 0 1 1 1
0.036266752685172 1 0 0 0 0 0 0 0 0 1 0 0 0 1 1 0 0 0 1 0 1
0.047501255495372 1 0 0 0 0 1 0 0 0 1 0 1 1 1 1 0 0 1 1 0 1
0.108203452640195 0 1 0 0 0 0 0 0 1 0 1 0 1 1 1 0 0 0 0 0 1
0.085626009219585 1 0 0 0 0 0 0 1 0 1 1 1 1 1 1 0 0 0 1 0 1
0.070785242541327 0 0 1 0 0 0 0 0 0 1 0 1 0 0 1 0 0 1 1 0 1
0.067795160334369 0 0 1 0 0 0 0 0 0 1 1 0 1 1 0 1 0 0 1 1 1
0.070967556975767 1 0 0 0 0 0 1 0 0 1 0 1 1 1 1 0 0 1 1 1 1
0.073138826629897 0 0 0 0 0 1 0 0 0 0 0 1 0 1 1 0 1 1 1 0 1
0.056604551729296 0 1 0 0 0 0 0 0 0 1 1 1 1 1 0 0 1 0 1 1 1
0.229555363169562 0 0 0 0 0 0 0 0 0 1 0 0 0 1 1 1 0 1 1 0 0
0.084425624256043 0 0 0 0 0 0 0 1 0 0 0 1 0 0 1 0 0 1 1 1 1
0.183757693047413 0 0 1 1 0 0 0 1 0 0 0 1 0 1 1 0 0 0 1 1 0
0.192651601457602 1 0 0 0 0 0 1 1 0 1 0 1 0 0 1 0 0 1 1 0 1
0.037115863468327 0 1 0 0 0 0 0 0 0 1 0 1 0 1 1 0 1 0 1 0 1
0.053527045996982 0 0 1 0 0 0 0 0 0 1 1 1 1 1 1 1 1 0 0 1 1
0.117934483832836 0 1 0 0 0 0 0 0 0 0 0 1 0 0 1 0 1 1 1 0 0
0.049570999999475 0 1 0 0 1 0 0 0 0 1 1 1 1 1 1 0 0 1 1 0 1
0.119897855786524 0 0 1 0 0 0 0 0 0 1 0 1 0 0 1 0 1 0 0 0 0
0.035670566573742 0 0 1 0 0 0 0 0 0 0 1 1 1 1 1 0 1 1 0 1 1
0.165315915486901 1 0 1 0 0 0 1 0 0 1 1 1 1 1 1 0 1 0 0 0 0
0.092205348439268 1 0 0 0 0 0 0 0 0 1 0 0 0 1 1 0 1 1 0 0 0
0.040070971720026 0 0 1 0 0 0 0 0 0 0 0 0 0 1 1 0 1 0 0 0 1
0.094806931601139 0 0 1 0 0 0 0 0 0 0 1 1 1 1 1 1 1 1 1 1 0
0.140293199591064 0 1 0 0 0 1 0 0 0 1 0 0 1 1 1 0 1 1 1 0 1
0.077646947265470 0 0 1 0 0 0 0 0 1 1 1 1 1 1 1 0 1 1 1 0 1
0.143475196800927 0 0 1 1 0 0 1 0 0 0 1 1 1 0 1 0 1 1 0 0 0
0.253980450111514 0 1 1 1 0 0 0 0 0 0 1 1 1 1 1 0 1 0 0 0 0
0.117893354661190 0 0 1 0 0 0 1 0 0 0 0 1 0 0 1 0 1 1 1 0 0
0.086621075558624 0 0 0 1 0 0 0 0 0 0 0 1 0 0 1 0 1 1 1 0 0
0.070557009290454 1 0 0 0 0 0 1 1 0 1 0 1 1 1 1 1 1 0 1 0 1
0.044617709550941 1 0 0 0 0 0 0 0 0 1 0 1 0 0 1 0 1 0 1 0 0
0.058366249550069 0 0 1 0 0 0 0 0 0 0 1 1 0 1 1 0 1 1 1 0 1
0.092699676421509 1 0 0 0 0 1 0 1 0 0 0 1 1 1 1 1 1 0 0 0 1
0.115108454140529 1 1 0 0 0 0 0 0 0 1 0 1 0 0 1 0 0 0 1 0 0
0.077144640553671 1 0 0 1 0 0 0 0 0 1 0 1 0 1 1 0 0 0 1 0 0
0.097079519492433 1 0 0 0 0 0 0 0 0 1 1 1 0 1 1 0 1 0 1 0 0
0.035784077001787 0 1 0 0 0 0 0 0 0 0 1 1 1 1 0 1 0 1 1 0 1
0.140597419768385 0 0 0 0 0 0 0 0 0 0 0 1 0 1 1 0 1 0 1 1 1
0.183542597085069 1 1 0 0 0 1 0 0 1 1 1 1 1 0 1 0 0 0 0 0 0
0.121108086576418 1 0 0 0 0 1 0 0 0 1 0 1 1 1 0 0 1 0 0 0 0
0.120391935668878 0 0 0 1 0 1 0 0 0 0 0 1 0 1 1 0 1 0 0 1 1
0.062534962500150 0 0 1 0 0 0 0 0 0 1 1 0 0 0 1 0 1 1 0 1 0
0.135367975924901 0 0 0 1 0 0 1 0 0 1 0 1 0 0 1 0 1 1 0 1 0
0.068159722263619 0 0 1 0 1 0 0 0 0 0 1 1 1 1 1 0 1 0 1 0 1
0.064116482959334 0 0 0 0 0 1 0 0 0 0 0 1 0 0 1 0 1 1 0 1 0
0.070867013487163 1 0 0 0 1 0 0 0 0 1 0 1 0 1 1 0 0 0 1 0 0
0.180163377353843 0 0 1 1 0 1 0 0 0 1 1 1 1 0 1 0 1 1 0 1 0
0.097789332200591 0 1 0 0 0 1 0 0 1 0 0 1 1 1 0 0 1 0 1 1 0
0.047754718816403 1 0 0 0 0 0 0 0 0 1 0 1 1 0 1 0 1 0 0 0 1
0.109507941850958 0 0 1 0 0 0 0 1 1 0 1 0 1 1 1 0 1 0 0 1 1
0.071687492034933 0 0 1 0 0 0 1 0 0 1 1 1 1 1 1 0 1 1 0 1 0
0.069774711385140 0 1 0 0 0 0 0 0 0 0 0 1 0 1 0 1 1 0 0 1 1
0.051164741904755 1 0 0 0 0 1 0 0 1 1 0 1 1 1 1 0 1 0 1 0 1
0.142412558397477 1 0 0 1 0 1 0 0 0 1 0 1 0 1 1 0 1 0 0 0 1
0.105634987175830 1 1 0 0 0 0 0 0 0 1 1 1 0 1 1 0 0 0 1 0 0
0.104721279012377 0 0 1 0 0 0 0 0 0 1 1 1 1 0 1 0 0 1 1 0 0
0.139772272846771 0 0 1 1 0 0 1 0 1 1 1 1 1 1 1 0 1 1 0 1 0
0.147565200052354 0 1 1 0 0 0 0 0 0 1 1 1 0 1 1 0 1 1 1 0 0
0.077528565105188 1 0 0 0 1 0 0 0 0 1 0 1 1 1 1 0 1 1 0 0 1
0.131382298782113 1 0 0 0 0 0 0 1 1 1 0 1 0 1 1 0 0 0 1 0 0
0.112972048751083 1 0 0 0 0 1 0 1 1 1 1 1 1 1 1 0 1 1 1 0 1
0.068184770294060 1 0 0 0 0 1 0 0 0 1 0 1 1 0 1 0 0 0 1 0 1
0.154777527829433 0 0 1 0 0 0 0 0 1 0 0 0 0 0 1 0 1 1 1 0 1
0.053893945985575 0 0 1 0 0 0 1 0 0 0 1 1 1 1 1 0 1 0 0 1 1
0.074757218451059 0 0 0 0 0 1 0 0 0 0 0 1 1 1 1 0 0 1 0 1 1
0.194687680586499 0 1 1 0 0 1 0 0 1 1 1 1 1 1 1 0 0 0 0 0 0
0.093863704573907 1 0 0 0 0 0 1 0 0 1 0 1 1 0 1 0 0 0 1 0 0
0.186581975175660 0 0 0 1 0 1 0 0 0 0 0 1 0 0 1 0 0 1 1 1 0
0.131379059746109 0 0 1 1 0 0 0 0 0 1 1 1 0 0 1 0 1 1 0 1 0
0.079326156757802 0 0 1 0 0 1 0 0 0 1 1 1 1 1 1 0 1 1 0 1 1
0.066448004393188 0 0 1 0 0 0 0 0 0 1 1 1 0 1 1 0 1 0 1 1 1
0.085356219216540 0 1 0 0 0 0 1 0 0 0 1 1 1 1 1 0 1 1 1 1 1
0.055672091116143 1 0 0 0 0 0 0 0 0 1 0 1 1 0 1 0 0 1 1 0 0
0.175827407234421 1 1 0 0 0 1 0 0 0 1 0 1 0 1 1 0 0 0 1 0 1
0.090234084213376 0 0 0 0 0 1 0 0 0 1 0 1 0 0 1 0 1 1 0 0 1
0.083471704595057 0 0 0 1 0 1 0 0 0 1 1 1 1 1 1 0 1 1 0 0 1
0.055481311657656 0 1 0 1 0 0 0 0 0 1 1 1 1 1 1 0 0 1 1 0 1
0.169025815538566 0 1 0 1 0 1 0 0 0 0 0 1 1 1 1 0 0 0 1 0 1
0.076410623079372 0 0 0 1 0 0 0 0 0 1 0 1 0 1 1 0 0 1 0 0 1
0.099536886968938 0 0 0 0 0 0 0 0 0 1 0 0 0 0 1 0 0 1 1 0 0
0.133730615731690 0 1 0 1 0 0 0 0 0 0 1 1 1 1 1 0 0 1 0 0 0
0.066121176458554 0 1 0 0 0 1 0 0 1 0 1 1 1 1 1 0 0 1 1 0 1
0.171822025942828 1 0 0 0 0 1 0 1 0 1 0 0 1 1 0 0 0 0 1 0 1
0.132311535391841 0 0 0 0 0 0 0 0 0 0 0 0 0 0 0 0 1 1 0 0 1
0.050296739883641 0 1 0 0 0 0 0 0 1 1 1 1 1 1 1 0 1 1 1 0 1
0.111022260453345 1 0 0 0 0 1 1 0 0 0 0 1 1 1 1 0 1 0 1 0 1
0.125315042340767 0 1 0 0 0 1 0 0 0 0 1 1 1 1 1 0 0 1 0 0 0
0.045593343405261 1 0 0 0 0 0 0 0 1 1 0 1 1 0 1 0 1 1 1 0 1
0.123487680108405 1 0 0 0 0 1 1 0 1 1 0 1 1 1 1 0 1 0 0 0 0
0.169587772756041 0 0 1 0 0 0 1 0 0 1 1 0 1 0 1 0 0 1 0 1 1
0.084534856701308 0 0 1 0 0 0 1 0 0 0 1 0 0 1 1 0 1 1 0 0 0
0.053814275670579 0 0 1 0 0 1 0 0 0 0 1 1 1 1 1 0 1 0 0 1 1
0.159445718858057 1 0 0 0 0 1 0 0 0 0 0 1 0 0 1 0 0 0 0 0 0
0.033573839479363 1 0 0 0 0 0 0 0 1 1 0 1 1 1 1 0 1 0 1 0 1
0.073514981606471 1 0 0 0 0 0 0 0 0 1 0 1 0 1 1 0 1 1 1 0 1
0.091999323555712 0 0 1 0 0 0 1 0 0 0 1 1 1 1 0 0 1 1 1 1 0
0.058990097209610 0 1 0 0 0 0 0 1 0 0 1 1 1 1 1 0 0 1 1 1 1
0.059160941590278 0 1 0 0 0 0 0 0 0 1 1 1 1 1 0 0 0 1 1 0 1
0.095882633126841 0 1 0 0 0 0 0 0 1 0 0 1 1 1 0 1 1 1 1 1 1
0.096131914247489 0 0 0 0 0 1 0 1 0 0 0 0 1 1 1 0 1 1 0 1 1
0.081511818022496 0 1 0 0 0 1 0 0 1 0 1 1 1 1 0 1 0 1 1 0 1
0.104026247282316 0 0 1 0 0 0 0 0 0 0 1 1 1 1 0 0 1 0 0 0 1
0.082417735466341 0 1 0 0 0 0 0 0 0 0 1 1 1 1 1 1 1 0 1 0 1
0.079368786932712 1 0 0 0 0 1 0 0 0 1 0 1 1 1 1 1 1 0 1 1 1
0.113431301883850 1 0 0 1 0 0 0 0 1 1 0 1 1 1 1 0 0 1 1 1 1
0.102118866953736 0 1 0 0 0 0 0 0 0 0 0 1 0 1 0 0 0 0 1 1 1
0.099501014896132 0 0 1 0 0 0 0 0 0 0 0 0 0 1 1 0 0 1 0 1 1
0.135765730765710 1 0 0 0 0 1 0 0 1 0 0 1 1 0 1 0 1 1 1 0 1
0.086297788157649 0 1 0 0 0 0 0 0 0 0 1 1 0 1 0 1 1 0 1 0 0
0.069607490483984 0 0 0 0 0 1 0 0 0 0 0 1 0 0 1 0 1 0 0 0 1
0.067282125904402 0 1 0 1 0 0 0 0 0 1 1 1 1 1 0 1 1 0 1 0 1
0.066164007111953 0 1 0 0 0 0 0 1 0 1 0 0 1 1 1 1 1 0 1 0 1
0.113803112593634 0 1 0 0 1 0 0 0 0 1 0 1 0 1 0 1 0 0 1 0 1
0.054963492926418 0 0 1 0 0 0 0 0 0 0 1 1 0 1 1 1 1 0 1 1 1
0.069666685002553 0 1 0 0 0 0 1 0 0 0 1 1 1 1 0 1 1 1 0 1 0
0.060851661227137 1 0 0 0 0 1 0 0 0 1 1 1 1 0 1 0 1 1 1 0 0
0.102705786247194 0 1 0 0 0 1 0 0 1 1 0 1 1 1 1 0 0 0 0 1 1
0.171362714531052 0 1 0 0 1 0 0 0 0 0 1 1 0 1 1 0 1 1 1 1 0
0.108802536308329 0 0 1 0 0 1 0 0 0 0 0 1 0 1 1 0 1 0 1 0 1
0.179146581278337 0 0 1 0 1 0 0 0 0 1 1 1 0 0 1 0 1 1 1 0 1
0.066607146832560 0 0 1 0 0 0 0 0 0 1 0 0 0 0 0 1 0 1 1 0 0
0.058161664394208 1 0 0 0 0 0 1 0 0 1 1 1 1 0 0 0 1 1 1 0 0
0.059358777830992 1 0 0 0 0 0 0 0 0 1 1 1 0 0 0 1 1 1 1 0 0
0.105280193821009 0 1 0 0 0 0 0 0 0 0 0 1 1 1 0 1 0 1 1 0 0
0.084498820637023 1 0 0 0 0 0 0 0 1 1 0 1 1 0 0 0 1 0 1 0 0
0.052462493935886 1 0 0 0 1 0 0 0 1 1 0 1 1 1 1 1 0 0 1 0 1
0.074032961565587 0 0 1 0 0 0 0 0 0 1 1 1 0 1 0 1 1 1 1 0 0
0.045411852398459 1 0 0 0 0 0 0 0 0 1 0 1 0 1 0 0 1 0 1 0 0
0.135267652225670 1 0 0 1 1 0 0 0 0 1 1 1 0 1 0 0 1 0 1 0 0
0.025644627971377 1 0 0 0 0 0 0 0 0 1 1 1 1 0 1 1 0 1 1 0 1
0.092497475757242 1 0 0 0 0 0 0 0 0 1 1 1 1 0 1 1 1 1 1 0 0
0.123502196743999 1 1 0 0 0 0 0 0 0 1 0 1 0 1 1 1 0 0 0 0 1
0.095632601982705 1 0 0 0 0 0 0 0 0 1 0 1 0 0 0 0 0 0 1 0 0
0.086404924216319 1 0 0 0 0 0 0 0 0 1 0 0 1 0 1 1 0 1 1 0 1
0.077005685590687 0 1 0 0 0 0 0 0 0 0 1 0 1 1 0 1 1 1 0 0 1
0.072425598178746 0 1 0 0 0 0 0 1 0 1 0 0 0 1 0 1 1 0 1 0 0
0.065136339512178 1 0 0 0 0 1 0 0 0 1 1 1 1 0 0 0 1 1 0 0 1
0.046426891346071 0 0 1 0 0 0 0 0 0 1 1 0 0 1 1 1 0 0 1 0 1
0.154013334633831 0 1 1 0 0 0 1 0 0 1 1 0 1 1 0 1 1 0 1 0 0
0.054544576656530 1 0 0 0 0 0 1 0 0 1 1 1 1 1 0 1 0 1 0 0 1
0.102579052550743 1 0 0 0 0 1 1 0 0 1 1 1 1 0 1 0 0 1 0 0 1
0.079074925078190 1 0 0 0 0 0 1 0 0 1 1 0 0 1 0 0 1 0 1 0 0
0.048512441359830 1 0 0 0 0 1 0 0 0 0 1 1 1 1 1 0 0 1 0 0 1
0.079592602627284 0 0 1 0 0 0 0 0 0 1 0 0 1 0 1 0 1 1 1 0 0
0.079102681880799 0 1 0 0 0 0 1 0 1 0 1 1 1 1 1 1 0 1 1 0 0
0.131865237752221 0 0 0 0 0 0 1 1 0 0 0 1 0 0 0 0 1 1 1 0 0
0.067764977160145 1 0 0 0 0 0 0 0 1 1 0 1 1 1 1 0 0 1 0 0 1
0.048933157554461 0 0 1 0 0 0 0 0 0 1 1 0 1 1 1 0 1 0 1 0 1
0.033050281173910 1 0 0 0 0 0 0 0 0 1 0 1 1 1 0 1 0 1 1 0 1
0.066635171681119 0 0 0 0 0 1 0 0 0 0 0 1 1 0 1 0 1 1 1 0 1
0.073082299111092 0 0 1 0 0 0 0 0 0 1 0 0 0 1 0 0 1 0 1 1 0
0.048032330401594 0 1 0 0 0 0 0 0 0 1 1 0 1 1 1 1 0 0 1 0 1
0.133652800389822 1 1 0 0 0 0 1 0 0 1 1 1 0 1 0 1 1 0 1 0 0
0.109007367882428 0 1 0 0 0 0 0 0 0 1 0 1 1 1 1 1 1 0 0 0 1
0.053240754192063 0 0 1 0 0 0 0 0 0 0 0 1 0 1 1 1 0 0 1 0 1
0.115248725055344 0 1 0 0 0 0 0 1 0 1 1 1 1 1 0 1 1 1 1 1 1
0.068216893078339 0 1 0 0 0 0 0 1 0 0 0 0 0 1 1 0 0 0 0 1 0
0.053003048970943 0 1 0 0 0 0 0 0 0 1 1 0 1 1 1 0 0 0 1 1 0
0.229215667613031 0 1 0 1 0 0 0 0 0 1 0 0 0 1 0 0 1 0 1 0 1
0.102336820596368 1 0 0 1 0 0 0 0 0 1 1 1 1 0 0 0 1 1 1 0 1
0.064292643101815 0 1 0 1 0 0 0 0 0 1 1 1 1 1 0 0 0 0 1 1 0
0.052384796066333 0 1 0 0 0 0 0 0 0 1 0 1 0 1 1 0 1 0 1 1 0
0.091879708519233 0 0 0 1 0 0 0 1 0 1 0 1 1 1 1 0 1 1 1 0 1
0.099032560091367 1 0 0 1 0 0 0 0 0 1 1 1 1 1 1 0 0 0 0 0 1
0.070700804923528 0 1 0 0 0 0 0 1 0 1 0 1 0 1 1 0 0 1 0 0 1
0.143352336265235 0 1 0 0 0 1 0 1 0 0 0 1 1 1 0 0 0 0 1 0 1
0.052510231737271 0 1 0 1 0 0 0 0 0 1 1 1 1 1 1 0 0 0 0 1 1
0.119156622375999 0 0 1 0 0 0 0 1 0 0 0 0 0 0 1 0 1 1 0 1 0
0.140716275137275 0 1 0 1 0 1 0 0 0 1 1 1 1 1 1 0 1 0 1 1 0
0.086738480949301 0 1 0 1 0 0 0 0 0 0 1 1 1 1 0 0 0 1 0 1 1
0.187285443203807 0 0 0 0 0 1 0 0 0 0 0 0 0 0 1 0 1 1 1 1 1
0.177877805164070 0 0 0 1 0 1 0 1 0 0 0 1 0 1 1 0 0 1 0 0 1
0.117142320009481 1 0 0 0 0 0 0 0 0 1 0 1 0 0 1 0 1 1 1 1 0
0.152265234837950 0 0 0 0 0 0 0 0 0 0 0 1 0 0 1 1 0 0 0 0 1
0.060656912687895 0 1 0 0 0 1 0 0 0 0 1 1 1 1 1 0 1 1 0 1 1
0.064440011722321 0 1 0 0 0 0 0 0 0 1 0 0 0 0 1 0 0 0 1 0 0
0.057093411023970 0 0 1 0 0 0 0 0 0 0 1 0 0 1 1 0 0 0 0 1 0
0.193552291410309 1 1 0 0 0 0 0 0 0 1 0 0 0 1 1 0 1 0 1 0 0
0.054413888417662 0 1 0 0 0 0 0 0 0 0 1 0 1 1 0 0 0 0 1 1 1
0.039438297514142 1 0 0 0 0 0 0 0 0 1 0 0 0 1 0 0 1 0 0 0 1
0.104228414406058 1 0 0 0 0 1 1 0 0 1 1 1 0 1 0 0 1 1 0 0 0
0.080881116765128 0 0 0 1 0 0 0 0 0 1 0 1 0 0 1 0 0 1 1 0 1
0.067053259556864 0 1 0 0 0 0 0 0 0 0 1 0 1 0 1 0 0 1 1 1 0
0.182109590348738 0 0 1 0 1 0 0 0 0 0 0 0 1 1 1 0 0 0 1 1 1
0.019560619180419 1 0 0 0 0 0 0 0 0 1 0 0 1 1 1 0 0 0 0 1 1
0.051355315675311 1 0 0 0 0 0 0 0 0 1 0 0 1 1 1 0 1 0 1 0 1
0.092931218852409 1 0 0 0 1 0 0 0 0 1 1 1 1 0 0 0 0 1 1 0 1
0.058319350122322 1 0 0 0 0 0 0 0 0 1 0 0 0 1 1 0 1 0 0 1 1
0.071126962157325 1 0 0 0 0 0 1 0 0 1 1 0 1 1 0 0 0 1 0 1 0
0.048043967223993 0 1 0 0 0 0 0 1 0 0 1 0 1 1 1 0 0 1 1 0 1
0.123285755330566 0 0 1 0 0 1 0 0 0 0 0 1 1 1 1 1 1 1 0 0 1
0.019695947671702 1 0 0 0 0 0 0 0 0 1 1 0 1 1 1 0 0 1 0 1 1
0.067488156110490 1 0 0 0 0 0 0 0 0 1 1 0 0 1 1 0 0 0 0 0 1
0.041771985396610 0 1 0 0 0 0 0 0 0 0 0 1 0 1 1 0 0 0 0 1 0
0.116011141400706 1 0 0 0 1 0 0 0 0 1 0 1 0 1 0 0 1 0 1 0 1
0.069259418119316 0 0 1 0 0 0 0 0 0 0 1 0 0 1 0 0 0 0 1 0 1
0.030759401952350 1 0 0 0 0 0 0 0 0 1 1 1 1 1 1 1 0 1 0 1 1
0.074594507218380 0 1 0 0 0 0 1 0 0 0 1 0 1 1 0 0 1 0 1 1 0
0.054501549314293 0 1 0 0 1 0 0 0 0 0 1 1 1 1 1 0 0 1 0 1 1
0.117420630391575 0 0 1 1 0 0 0 0 0 1 0 0 0 1 1 0 1 0 0 0 0
0.064714195285889 1 0 0 0 0 0 0 0 0 1 0 1 1 1 1 1 0 0 1 0 1
0.097182002340460 1 0 0 0 1 0 1 0 1 1 0 1 1 1 1 0 0 0 1 1 0
0.065684711173435 1 0 0 0 0 0 0 0 1 1 0 0 0 1 0 1 1 0 1 0 1
0.048771193420408 1 0 0 0 0 0 0 0 0 1 1 1 1 1 0 0 0 1 0 1 1
0.041152599234293 0 1 0 0 0 0 0 0 1 0 1 1 1 1 1 0 0 1 1 1 0
0.060321667818209 1 0 0 0 0 1 0 0 0 1 1 1 1 1 0 1 1 1 1 0 1
0.085015261940698 0 1 0 0 1 0 0 0 1 0 1 1 1 1 0 1 0 1 1 0 1
0.138357278889987 1 0 0 1 0 0 0 0 0 1 0 1 0 1 0 1 1 1 0 0 0
0.055597335805973 0 1 0 0 0 0 1 0 0 0 1 0 1 1 1 0 0 1 0 1 0
0.028991590267990 1 0 0 0 0 0 0 1 0 1 0 1 1 1 1 0 1 0 0 1 1
0.032045231923524 0 0 1 0 0 0 0 0 0 0 1 1 1 1 1 0 1 0 1 1 1
0.133922585898595 1 0 0 1 1 0 0 0 0 1 1 1 1 1 1 0 0 1 1 0 1
0.134079532655474 1 0 0 0 1 0 0 1 1 1 0 1 1 0 1 0 1 0 1 0 1
0.214172244875870 0 0 0 0 0 1 1 1 0 0 1 1 1 1 1 0 1 1 0 1 1
0.097406808005694 1 0 0 1 0 0 1 0 1 1 0 1 1 1 0 0 1 0 1 0 0
0.100963645132394 1 0 0 0 1 1 0 0 0 1 1 1 1 1 1 1 0 1 0 0 1
0.155760099554166 0 1 0 0 1 1 0 0 0 0 1 1 1 1 1 0 0 0 1 1 1
0.077593225774820 1 0 0 0 1 0 0 0 0 1 0 0 1 1 1 0 0 0 0 1 1
0.034370890341036 0 1 0 0 0 0 0 0 0 0 0 1 1 1 1 0 0 1 0 1 1
0.046715499883607 0 0 0 0 0 0 0 1 0 0 0 0 0 0 1 0 0 1 0 1 0
0.102976783895192 0 0 0 0 0 1 0 1 0 0 0 0 0 1 1 0 1 0 0 0 1
0.040202724093364 0 1 0 0 0 0 0 0 0 0 1 1 0 1 1 1 0 1 0 1 1
0.102105690319908 1 0 0 0 0 0 1 1 0 1 0 0 1 1 1 0 1 0 0 1 1
0.056311942285096 0 0 1 0 0 0 0 0 0 0 1 0 1 1 1 1 1 0 0 1 1
0.072219254680776 0 0 1 0 0 0 1 0 0 0 1 1 0 1 1 1 0 1 0 1 0
0.103669959151387 0 0 0 1 0 0 0 0 0 1 1 1 1 1 1 0 0 1 1 1 1
0.055727353265927 1 0 0 0 0 1 0 0 0 1 1 0 1 1 1 0 0 0 0 1 1
0.086251478749203 0 0 0 1 0 1 0 0 0 1 0 1 1 1 1 0 1 0 1 0 1
0.040499439497802 1 0 0 0 0 0 0 1 0 1 0 1 1 1 0 1 1 1 0 0 1
0.115682072960284 0 0 1 0 0 0 0 1 0 1 0 0 0 1 0 1 1 0 1 0 1
0.072840253009700 0 1 0 0 0 0 0 1 0 0 0 0 1 0 1 0 0 0 1 0 0
0.095874787557003 0 1 0 0 0 0 0 1 1 1 0 1 0 1 1 0 1 0 1 0 0
0.042301142258610 0 1 0 0 0 0 0 0 0 0 1 0 0 1 0 1 0 0 1 0 1
0.098470964940824 0 1 0 1 0 0 0 0 1 1 1 1 1 1 1 1 0 1 1 1 1
0.063721030243662 0 0 1 0 0 0 0 0 0 1 0 1 0 1 1 0 1 1 0 1 0
0.085242069816792 1 0 0 0 1 0 1 0 1 1 1 1 1 1 0 1 0 1 1 0 0
0.094263454190210 0 1 0 0 1 0 0 0 0 1 1 0 1 1 0 0 1 0 1 0 1
0.097465689055013 1 0 0 1 0 0 0 0 1 1 0 1 0 0 1 0 1 0 1 0 0
0.029263963818859 0 1 0 0 0 0 0 0 0 0 1 1 1 0 1 0 0 1 1 0 1
0.081940540364262 0 1 0 0 0 0 0 1 1 0 1 1 1 0 1 1 0 1 1 0 1
0.053194090528862 0 1 0 0 0 0 1 0 0 1 1 1 1 1 1 1 0 0 1 1 0
0.061826094428222 0 1 0 0 0 0 1 0 0 0 1 1 1 0 1 0 0 1 0 1 0
0.056560449422453 0 0 1 0 0 0 0 0 0 1 1 0 0 1 0 1 0 1 0 1 0
0.072885398292900 1 0 0 0 0 0 1 0 1 1 0 1 0 1 0 1 1 0 1 0 0
0.023587385948577 1 0 0 0 0 0 0 0 0 1 1 1 1 1 0 0 1 1 1 0 1
0.047209758782069 0 1 0 0 0 0 0 0 0 1 1 1 0 1 1 1 0 0 1 0 1
0.081070383172540 1 1 0 0 0 0 0 0 0 1 1 1 1 0 1 0 0 1 1 0 1
0.061369930218259 0 1 0 0 0 0 0 0 0 1 1 0 1 0 0 0 1 0 1 0 1
0.061687283222319 0 1 0 0 0 0 0 0 0 0 0 0 0 1 1 0 0 0 1 0 1
0.062989002510184 0 1 0 0 0 0 0 0 0 0 1 0 1 1 0 1 0 0 0 1 0
0.104930197087652 0 1 0 0 0 0 1 1 0 0 1 0 1 1 0 1 0 0 1 0 0
0.038411345165381 0 0 1 0 0 0 0 0 0 0 1 1 0 1 1 1 0 0 0 1 1
0.113934278134408 1 1 0 0 1 0 1 0 1 1 1 1 1 1 1 0 0 0 1 0 1
0.079690399158894 0 1 0 0 0 0 0 1 0 1 0 1 1 0 1 0 0 1 1 0 1
0.061057326319768 1 0 0 0 0 0 0 0 0 1 0 0 0 0 0 0 1 0 1 0 0
0.082809518185250 1 0 0 0 0 0 1 0 1 1 0 1 1 1 0 0 1 0 1 0 1
0.066720351116751 0 1 0 0 0 0 1 0 0 0 1 1 0 1 1 1 0 1 0 1 0
0.081512317473866 0 1 0 0 0 0 0 1 0 0 0 1 1 1 1 1 0 1 0 1 0
0.069208877570234 0 0 1 0 0 0 0 0 1 1 0 0 0 1 1 1 0 0 1 1 0
0.073523640625570 0 0 1 0 0 1 0 0 0 1 1 1 1 1 1 1 0 0 1 1 1
0.025043222799368 1 0 0 0 0 0 0 0 0 1 0 1 1 0 1 0 0 1 0 1 1
0.108541786196400 0 0 1 0 0 0 0 0 1 1 1 0 1 1 0 0 1 1 1 1 0
0.032680558940781 1 0 0 0 0 0 0 0 0 1 0 1 1 1 1 0 1 1 0 1 1
0.048035958732963 1 0 0 0 0 0 0 1 0 1 1 1 1 0 1 0 1 1 0 0 1
0.107953975236177 0 1 1 0 0 0 0 1 1 1 1 0 1 1 1 0 1 0 1 0 1
0.100479412344084 0 1 0 0 0 0 1 0 1 0 1 1 1 1 0 0 0 1 1 1 0
0.192045297461197 1 1 0 0 1 0 1 0 0 1 1 1 1 1 1 0 0 1 0 0 0
0.049116409015373 1 1 0 0 0 0 0 0 1 1 1 1 1 1 0 0 1 0 1 0 1
0.058444338959098 1 1 0 0 0 0 0 0 1 1 1 1 1 1 0 1 0 1 1 0 1
0.053184002992294 1 1 0 0 0 0 0 0 1 1 1 1 1 0 0 1 0 0 1 0 1
0.105427142875248 0 1 0 1 0 0 1 0 0 1 1 1 1 1 1 1 0 0 1 1 0
0.108774556056601 0 1 0 0 0 0 0 1 1 1 1 0 1 1 0 1 1 0 1 0 1
0.113154943329183 1 1 0 1 0 0 0 0 1 1 1 1 1 1 0 0 0 0 1 0 1
0.052251320790202 0 0 1 0 0 0 0 0 1 0 1 1 1 1 1 1 0 0 1 1 1
0.063246149529458 1 0 0 0 0 0 0 0 1 1 1 0 1 1 1 0 0 0 1 1 1
0.073187043199405 1 1 0 0 0 0 0 0 1 1 1 1 0 1 0 0 0 0 1 0 1
0.101922706834154 1 0 0 0 0 0 1 1 0 1 0 1 1 1 0 1 1 1 1 0 0
0.079696358638395 1 0 0 1 0 0 0 1 0 1 0 1 1 1 1 0 1 0 0 1 1
0.082706610619899 0 0 1 0 0 1 0 0 0 1 1 0 1 1 1 0 1 0 0 0 1
0.045672708988528 1 0 0 0 0 0 0 0 0 1 1 1 1 0 1 0 0 1 1 1 1
0.126078578117730 0 0 0 0 0 0 0 0 0 0 0 1 0 0 1 0 0 1 0 1 0
0.081340867493463 0 0 0 0 0 0 0 1 0 1 0 0 0 0 1 0 1 0 1 1 0
0.050642978352347 1 0 0 0 0 0 0 0 0 1 1 0 1 1 0 0 0 1 0 0 1
0.151865486648109 0 0 0 0 0 1 0 1 0 1 0 1 0 0 1 0 1 1 1 0 0
0.042737437549520 0 0 0 0 0 0 0 1 0 0 0 0 0 0 1 0 0 0 1 0 1
0.057372968538675 0 0 1 0 0 0 0 1 0 0 0 0 1 1 1 0 0 0 1 0 1
0.226538255585267 0 0 1 0 0 0 0 1 0 1 0 0 0 1 1 0 0 0 0 0 0
0.055253919421303 0 0 1 0 0 0 0 1 0 0 1 1 1 1 1 0 1 1 1 0 1
0.027207278697801 1 0 0 0 0 0 0 1 0 0 0 1 1 1 1 0 0 1 0 1 1
0.097541625406744 0 0 0 0 0 0 0 1 0 0 0 0 0 0 1 0 1 1 1 0 0
0.063336636591556 0 0 0 0 0 0 0 1 0 0 0 0 1 0 1 0 0 0 1 1 1
0.063957330338212 0 0 1 0 0 0 0 1 0 0 0 1 1 0 1 0 1 0 1 0 1
0.052067911720580 0 0 1 0 0 0 0 1 0 0 1 1 1 1 1 1 0 0 1 1 1
0.038157771144909 0 0 0 0 0 1 0 0 0 0 0 0 0 0 1 0 1 0 0 1 0
0.043324530054296 0 0 0 1 0 0 0 0 0 0 0 0 0 0 1 0 1 0 0 1 0
0.052574220388507 0 1 0 0 0 0 0 0 0 0 1 0 0 1 1 0 1 0 0 1 0
0.029763194223091 0 1 0 0 0 0 0 0 0 0 1 1 1 0 1 1 0 1 0 1 1
0.118591282280625 0 0 0 1 0 0 0 1 0 0 0 0 0 0 1 0 0 1 0 1 0
0.180388650745836 1 0 1 0 1 0 0 0 1 1 0 1 1 1 1 0 1 0 1 0 0
0.044709264305450 0 0 0 0 0 0 1 0 0 0 0 0 0 0 1 0 1 0 0 1 0
0.107140301279749 0 1 1 0 0 0 0 1 1 1 1 1 1 1 1 1 0 1 1 0 0
0.056956132065655 0 0 0 1 0 0 0 0 0 1 0 0 0 0 1 0 1 0 1 0 0
0.077011795371484 0 0 0 0 0 0 0 0 0 1 0 0 0 0 1 0 1 0 1 0 1
0.062473452180757 0 0 1 0 0 0 0 0 1 0 1 0 0 1 0 1 1 0 0 1 0
0.057773748307620 0 1 0 0 0 0 0 0 0 0 1 1 1 1 1 0 0 0 0 1 1
0.049861389816234 0 1 0 0 0 0 0 0 0 0 0 0 0 0 1 1 0 0 0 1 0
0.093277951784912 1 0 0 0 1 0 0 1 0 1 0 1 1 1 1 1 0 1 0 1 1
0.147401202688211 0 0 0 1 0 0 1 0 0 0 0 0 0 0 1 0 1 0 0 0 0
0.057165683164389 0 0 0 1 0 0 0 0 0 1 0 0 0 1 1 0 1 0 0 1 0
0.062134286814194 0 0 0 1 0 0 0 0 0 1 0 0 1 0 1 0 1 1 0 1 0
0.105022028124052 0 0 0 1 0 0 0 0 0 1 0 0 0 0 0 0 1 0 1 1 0
0.099391142576441 1 0 0 1 0 0 0 0 0 1 0 1 1 1 1 0 1 0 0 1 0
0.081016666495992 0 0 1 1 0 0 0 0 0 1 1 1 1 1 1 0 1 0 0 0 1
0.065917374011837 0 1 0 0 0 1 0 0 0 0 0 0 1 1 1 0 0 0 0 1 0
0.120620449886012 0 0 1 0 0 0 1 0 0 0 1 0 0 1 0 1 1 1 0 1 0
0.121872088901144 0 0 1 0 0 0 1 1 0 0 0 1 1 1 1 0 0 1 1 0 1
0.144321167547716 0 0 1 0 0 0 0 1 1 0 1 1 0 1 0 1 0 1 1 1 0
0.049713486016885 1 0 0 0 0 0 0 1 0 1 0 0 1 1 1 0 0 1 0 1 1
0.061722582728499 0 0 0 1 0 0 0 0 0 1 0 1 1 0 1 0 1 1 0 0 1
0.117384696927429 0 0 0 1 0 0 0 0 0 1 0 0 0 0 1 0 0 0 0 1 0
0.036830026038472 0 1 0 0 0 0 1 0 0 0 1 1 1 1 1 1 0 1 0 1 1
0.051281929571627 0 1 0 0 0 0 0 0 0 0 0 0 0 1 0 0 1 0 0 1 0
0.069564351497835 0 1 0 1 0 0 0 0 0 1 1 1 1 1 1 0 1 1 0 1 1
0.065452656010747 0 1 0 0 0 0 0 0 1 0 0 0 1 1 1 1 0 0 1 1 0
0.079165280524998 1 1 0 0 0 0 0 1 0 1 1 1 0 1 0 1 1 0 0 0 1
0.111066189455924 1 1 0 0 0 0 0 0 0 1 1 1 1 0 0 1 1 1 0 0 1
0.046587827954824 0 1 0 0 0 0 0 1 0 0 1 1 0 1 1 0 1 1 0 0 1
0.073274475843764 0 1 0 0 1 0 0 1 0 0 1 1 1 1 1 0 0 1 0 0 1
0.072532739540252 0 0 0 0 0 1 0 0 0 0 0 0 1 0 1 0 1 1 0 1 0
0.135306500740605 1 1 0 0 1 0 0 0 0 1 1 1 1 1 0 1 0 0 1 0 1
0.096466689129633 0 1 0 0 0 0 0 1 0 1 0 1 0 1 0 0 1 0 1 0 1
0.066403366830152 1 1 0 0 0 0 0 1 1 1 1 1 1 1 1 0 0 1 0 0 1
0.059507346979718 0 0 0 0 0 0 0 1 0 0 0 0 1 0 1 0 0 1 0 1 1
0.039438362151392 1 0 0 0 0 0 1 0 0 0 1 0 1 1 1 0 0 0 0 1 1
0.054272424156218 1 0 0 0 0 0 1 0 0 0 1 0 1 0 1 0 0 1 0 1 0
0.099374802466411 1 0 0 0 1 0 1 0 0 0 1 1 1 1 1 1 0 1 0 0 1
0.037845630697681 1 0 0 0 0 1 0 0 0 1 0 1 1 1 1 0 1 0 0 1 1
0.095028110521058 1 0 0 0 0 0 1 0 0 0 0 0 0 1 0 0 1 0 0 0 0
0.060169539914480 0 1 0 0 0 0 1 0 0 0 0 1 0 1 1 0 1 0 0 1 0
0.036724474026802 0 1 0 0 0 0 0 0 0 1 0 1 1 0 1 1 0 0 1 1 1
0.055433826844876 0 0 1 0 0 0 0 0 0 0 1 1 0 1 1 0 0 1 0 0 1
0.156823508417706 0 0 1 1 0 0 0 0 0 0 1 0 1 1 1 0 1 1 0 1 0
0.070298645417729 0 1 0 1 0 0 0 0 0 1 1 1 1 0 1 0 0 0 1 0 1
0.030798608360754 1 0 0 0 0 0 0 1 0 0 1 1 1 0 1 1 0 1 0 1 1
0.051722559407696 1 0 0 0 0 0 1 1 0 0 1 1 1 1 1 1 0 1 0 1 1
0.040422826151327 1 0 0 0 0 0 0 1 0 0 1 0 1 1 1 1 0 1 0 1 1
0.042196809426477 1 0 0 0 0 0 0 1 0 0 1 1 1 1 0 1 1 1 0 0 1
0.062687703189301 1 0 0 0 0 0 1 0 0 1 1 0 1 0 1 1 0 0 0 1 1
0.049499509997837 0 0 1 0 0 0 0 0 0 1 0 1 1 1 1 0 1 0 1 0 1
0.119566375360230 1 0 0 0 1 1 0 0 1 1 0 1 1 1 1 0 0 1 1 0 0
0.063423896364710 1 1 0 0 0 0 1 0 1 1 1 1 1 1 0 1 0 0 0 1 1
0.088059856880497 1 1 0 0 0 0 1 0 1 1 1 0 1 1 0 1 0 0 1 0 1
0.071294674964785 1 1 0 0 0 0 1 1 1 1 1 1 1 1 0 1 1 0 0 0 1
0.079283909664626 1 1 0 0 0 0 1 0 1 0 1 1 1 1 0 0 0 1 0 0 1
0.068640910561806 1 0 0 0 0 0 1 0 0 0 1 0 1 1 0 1 0 1 0 1 1
0.077484698705307 0 1 0 0 0 0 0 0 0 1 0 0 1 1 0 1 1 0 1 1 0
0.049350988798244 0 1 0 0 0 1 0 0 0 1 1 1 1 1 1 1 0 0 1 1 1
0.154305481056707 0 1 1 0 0 0 1 1 1 0 1 1 1 1 1 0 1 1 0 0 0
0.091356295120353 1 0 0 1 0 0 1 0 0 1 1 1 1 1 1 0 0 1 1 0 0
0.032023282972404 0 1 0 0 0 0 0 0 0 0 1 1 1 1 1 1 0 1 1 1 1
0.081213994409899 0 1 0 1 0 0 0 1 0 1 1 1 1 1 1 1 0 0 1 1 0
0.146988957301565 0 1 0 1 1 0 0 0 0 1 1 1 1 1 1 0 0 0 1 0 0
0.059609798351310 0 1 1 0 0 0 0 0 1 1 1 1 1 1 0 1 0 0 1 1 0
0.077171672811538 0 1 1 0 0 0 0 0 1 0 1 1 1 1 0 0 1 0 1 0 1
0.133389282523466 0 1 1 0 0 0 1 0 1 0 1 1 1 1 1 1 0 0 1 1 0
0.164731026864124 1 1 1 0 0 0 0 0 1 1 1 1 1 1 0 0 1 0 0 0 1
0.100624716558905 0 1 1 0 0 0 0 0 1 0 1 0 1 1 0 1 0 0 1 0 0
0.117414523017643 0 1 1 0 0 0 0 1 1 1 0 1 1 1 0 1 1 0 1 0 0
0.112179514941433 0 0 1 0 1 0 0 0 0 0 1 1 0 1 1 1 1 0 0 1 0
0.071907839790299 0 0 1 0 0 0 0 0 0 0 1 0 0 1 1 1 1 0 0 0 1
0.084262307183723 1 0 1 0 0 0 1 0 1 1 1 1 1 1 0 1 0 1 1 0 0
0.050282234489026 1 0 0 0 0 0 0 1 0 0 0 1 1 0 1 1 1 0 0 1 1
0.196997532679838 1 0 1 1 0 0 1 0 1 1 1 1 1 1 0 1 1 0 1 0 0
0.074924498782868 1 0 1 0 0 0 0 0 1 1 1 0 1 1 0 1 0 1 0 1 0
0.109578135104984 1 0 1 0 0 0 0 0 1 1 1 0 0 1 0 1 0 1 1 0 0
0.051955784630520 0 0 1 0 0 0 0 0 1 0 0 0 0 1 1 0 1 0 0 1 0
0.075951976221476 0 1 0 0 0 0 0 0 1 1 1 1 1 0 1 1 0 0 1 1 0
0.090050750618045 1 0 1 0 0 0 1 0 1 0 1 1 1 1 0 1 0 0 0 1 0
0.049860086692150 1 0 1 0 0 0 0 0 1 1 1 1 1 1 1 1 0 0 0 1 1
0.097842501212781 1 0 1 0 0 0 1 0 1 1 1 1 1 1 1 1 0 1 0 1 0
0.045266316930513 1 0 1 0 0 0 0 0 1 1 1 1 1 1 0 1 1 0 0 1 1
0.092297930303956 1 0 1 0 0 0 0 1 1 0 1 1 1 1 1 1 1 0 0 1 1
0.048902159242013 1 0 1 0 0 0 0 0 1 1 1 1 1 1 0 1 0 0 1 1 0
0.103406592703258 1 0 1 0 0 1 0 0 1 1 1 1 1 1 0 1 1 0 0 1 0
0.068211210051681 1 0 1 0 0 0 0 0 1 1 1 1 0 1 0 1 1 0 0 1 0
0.039594109758137 1 0 0 0 0 0 0 1 1 1 0 1 1 1 1 1 1 0 0 1 1
0.085278618097645 1 0 0 0 0 0 0 1 1 1 1 1 1 1 0 1 0 1 1 0 1
0.022362721092136 1 0 0 0 0 0 0 0 0 1 1 0 1 1 0 1 1 0 0 1 1
0.036210750526575 1 0 0 0 0 0 1 0 0 1 1 1 1 1 0 1 1 0 0 1 1
0.044439072722232 1 0 0 0 0 0 0 0 0 1 1 0 0 1 0 1 1 0 0 1 0
0.033605699992608 1 0 0 0 0 0 0 0 0 1 1 1 1 0 0 1 1 1 0 0 1
0.058002768854677 1 0 0 0 0 0 1 0 1 0 1 0 1 1 0 1 1 0 0 1 0
0.099949517304604 1 0 0 0 0 1 1 0 0 0 1 1 1 1 1 0 1 1 0 1 0
0.072822409083507 0 0 1 0 0 0 0 0 0 1 1 1 0 1 0 1 0 0 1 1 0
0.081797706920802 1 0 1 0 0 0 0 0 1 1 1 0 1 1 0 1 1 0 0 1 0
0.113038359524553 1 0 1 0 1 0 0 0 1 1 1 1 1 1 0 1 0 0 0 1 0
0.075822026562330 1 0 0 0 0 0 0 1 0 0 1 0 0 1 0 1 0 0 0 1 1
0.129327428949960 0 1 1 0 0 1 0 0 1 1 1 1 1 1 0 1 1 0 1 0 1
0.046084579595730 1 0 0 1 0 0 0 0 0 1 1 1 1 1 0 1 1 0 0 1 1
0.067835602281656 1 0 0 1 0 0 1 0 0 1 1 1 1 1 1 0 1 0 0 1 1
0.083880193686844 1 0 0 1 0 0 0 0 0 1 1 0 1 1 0 0 1 0 0 1 1
0.107681962917692 1 0 0 1 0 0 1 0 0 1 1 1 1 1 0 1 1 0 1 1 0
0.070550986491232 0 1 0 1 0 0 0 0 0 1 1 1 1 1 0 1 0 0 1 1 1
0.063916986595019 1 0 0 0 1 0 0 0 0 1 0 1 1 1 1 0 0 1 1 0 1
0.039496329150917 1 0 0 0 1 0 0 0 1 1 1 1 1 1 1 1 1 0 0 1 1
0.088232631195749 1 0 0 0 1 0 0 0 1 1 1 0 0 1 0 1 1 0 0 1 0
0.058511428682532 1 0 0 0 1 0 0 0 0 1 1 1 1 0 1 1 1 0 1 0 1
0.031130959892397 1 0 0 0 0 0 0 1 0 0 1 1 1 1 1 1 1 0 0 1 1
0.067913133370121 0 1 0 0 0 0 1 0 0 1 1 1 1 0 1 1 0 0 1 0 1
0.033654207674142 0 1 0 0 0 0 0 0 0 0 1 1 0 1 0 0 1 1 0 0 1
0.067967986346972 0 1 0 0 1 0 0 0 0 0 1 1 0 1 1 0 0 1 0 0 1
0.026977205170193 1 0 0 0 0 0 0 0 0 1 0 1 1 1 0 1 1 0 0 1 1
0.071245697574608 1 0 0 1 0 0 0 0 0 1 1 1 1 1 1 0 1 1 0 0 1
0.063302568626834 0 0 0 1 0 0 0 0 0 1 0 1 1 1 1 0 1 0 0 1 1
0.046755261582151 1 0 1 0 0 0 0 0 0 1 1 1 1 1 0 1 0 0 0 1 1
0.100874765857381 1 0 0 0 1 1 0 0 0 0 1 1 1 1 1 0 1 0 0 0 1
0.049611760637841 0 1 0 0 0 0 0 0 0 0 0 1 0 0 1 0 0 0 0 0 1
0.071691294935870 0 1 0 0 0 0 0 0 0 0 0 0 1 0 0 1 0 0 1 0 1
0.085377768740525 1 1 0 0 0 0 1 1 1 1 1 1 1 0 1 1 0 0 1 0 0
0.059081296756942 1 0 0 0 1 0 1 0 0 1 1 1 1 1 1 1 0 0 0 1 1
0.051470191117509 0 1 0 0 0 0 0 1 0 1 0 1 1 1 1 1 0 0 1 1 0
0.076905700336415 0 1 0 0 0 1 0 0 0 0 1 0 1 1 0 1 0 0 1 1 0
0.047000060544143 1 0 0 0 1 0 0 0 1 1 1 1 1 1 0 1 1 0 1 0 1
0.073279296896996 0 1 0 1 0 0 0 0 1 1 0 1 1 1 1 0 0 0 1 1 0
0.101822856713773 0 0 0 0 0 0 1 1 0 0 0 0 0 0 1 0 1 1 0 1 0
0.109527718351009 1 1 0 0 0 0 1 1 0 1 1 1 1 1 1 1 0 1 0 0 1
0.046797897621799 0 0 0 0 0 0 0 1 0 0 0 0 0 0 1 1 0 0 0 1 1
0.064853658902252 0 1 0 0 0 0 0 1 0 0 1 0 0 0 1 1 0 0 1 0 0
0.061446293887718 0 0 1 0 0 1 0 0 0 0 1 1 1 1 1 0 0 1 1 0 1
0.052878110015167 0 1 0 0 0 0 0 1 0 0 0 1 0 1 0 1 0 1 0 0 1
0.030630439985044 1 0 0 0 0 0 0 1 0 0 0 1 1 1 1 1 0 0 0 1 1
0.074225009354359 1 1 0 0 0 0 0 1 1 0 1 1 1 1 0 0 1 1 0 0 1
0.124330067854238 1 0 1 0 0 0 0 0 0 1 1 1 1 1 0 1 1 1 0 1 0
0.046754467365192 1 0 1 0 0 0 0 0 1 1 1 1 1 1 0 1 0 0 1 0 1
0.081255974966008 0 1 1 0 0 0 0 0 1 1 1 1 0 1 0 1 1 0 0 1 0
0.059450587634301 1 0 0 0 0 0 0 0 0 1 0 0 0 1 0 1 0 0 0 1 1
0.064247404092075 0 1 0 0 0 0 0 1 0 1 0 1 0 0 1 1 1 0 0 1 0
0.079114151589032 1 1 0 0 0 0 0 1 1 1 1 1 0 1 0 1 0 0 0 1 0
0.055340917261599 1 1 0 0 0 0 0 1 1 1 1 1 1 0 1 1 0 0 0 1 1
0.058767175094278 0 1 0 0 0 0 0 1 0 0 1 0 1 0 1 1 0 0 0 1 1
0.056206682046875 0 1 0 0 0 0 0 1 1 0 1 1 1 1 1 1 0 1 0 1 1
0.104399234874478 1 0 0 0 1 0 0 0 1 1 0 1 0 0 1 1 1 0 1 0 0
0.074043540050704 1 1 0 0 0 0 0 1 1 1 1 1 1 1 0 1 1 0 0 1 0
0.054224790971047 1 0 0 0 0 0 0 0 1 1 1 1 1 1 0 1 1 0 1 1 1
0.062691900250436 0 1 0 0 0 0 1 0 0 0 1 0 1 0 1 1 0 0 0 1 0
0.061630333227071 0 0 1 0 0 0 0 0 0 1 1 0 0 1 1 0 0 1 1 1 0
0.049225854320601 1 1 0 0 0 0 0 0 1 1 1 1 1 1 1 0 0 1 0 1 1
0.040207473327246 1 0 0 0 0 0 0 1 0 0 1 0 1 0 1 1 0 0 0 1 1
0.064553739200588 1 1 0 0 0 0 0 1 1 1 1 1 1 0 1 1 0 1 0 1 0
0.087945322052057 0 1 0 0 0 1 0 0 0 0 0 1 0 1 0 1 0 0 0 0 1
0.046945442422625 1 0 0 0 0 0 0 0 1 1 0 0 1 0 1 0 1 0 0 1 0
0.063562417084042 1 0 0 0 0 0 0 0 1 1 0 0 0 1 0 0 1 0 0 1 0
0.046617399560203 1 0 0 0 0 0 0 1 0 1 1 0 1 0 1 1 0 1 0 1 0
0.066758227375503 1 0 0 0 0 0 1 1 0 1 1 1 1 0 1 1 1 0 0 1 0
0.078812760319184 1 0 0 0 0 0 0 1 1 0 1 0 1 0 1 0 0 1 0 1 0
0.067999792537612 1 0 0 0 0 0 0 1 0 1 0 0 0 0 1 1 1 0 0 1 0
0.056294577821071 1 0 0 0 1 0 0 1 0 1 1 1 1 1 1 1 1 0 0 1 1
0.073342380803092 1 0 0 0 0 0 1 0 1 1 1 0 1 0 1 1 0 1 0 1 0
0.087544514676661 1 0 0 1 0 0 1 1 0 1 1 1 1 1 0 1 1 0 0 0 1
0.053982699673833 0 0 0 1 0 0 0 0 0 1 0 1 0 1 1 0 1 0 1 0 1
0.084319496367572 0 0 1 0 0 0 0 1 0 1 0 1 1 0 1 1 0 1 1 0 1
0.096050270836457 1 1 0 0 0 0 1 1 1 1 1 1 1 1 1 1 0 0 0 1 0
0.046409032860409 1 0 0 0 0 0 0 1 0 1 1 1 1 0 0 1 1 1 0 1 0
0.115654062957663 0 1 0 0 1 0 1 0 0 0 1 1 1 1 1 0 1 1 0 0 1
0.081857338074861 0 1 0 0 0 0 0 1 0 0 1 0 0 0 0 1 1 0 0 1 0
0.112583816120227 0 0 0 1 0 0 0 1 0 1 0 1 1 0 1 0 1 0 1 1 0
0.053119710141690 0 1 0 0 0 0 0 1 0 0 1 1 0 0 1 1 0 1 0 0 1
0.094191594154719 1 0 0 0 1 0 1 0 1 1 1 1 1 1 1 1 1 0 1 0 1
0.058106702784171 1 0 0 0 1 0 0 0 0 1 1 1 1 0 1 1 0 1 0 1 0
0.078355541662730 1 0 0 0 1 0 1 0 0 1 1 1 1 1 0 1 1 0 0 1 0
0.044860915417516 1 0 0 0 0 0 0 1 0 1 0 1 0 1 0 1 1 0 0 0 1
0.140449255048293 0 1 1 0 1 0 0 0 1 1 1 1 1 1 1 0 1 0 1 0 1
0.043887328594468 1 0 0 0 0 0 0 1 1 0 0 1 1 1 0 1 1 0 0 1 1
0.117304637545406 1 0 0 1 1 0 0 0 1 1 1 1 1 1 0 1 1 0 0 1 1
0.131090016229324 0 0 0 0 0 1 0 1 0 0 0 0 1 0 1 1 0 0 1 1 1
0.049637788388207 0 1 0 0 1 0 0 0 0 1 1 1 1 1 1 1 0 0 1 1 1
0.033440841761038 1 0 0 0 0 1 0 0 0 1 1 1 1 1 1 0 1 0 1 0 1
0.101749392459278 1 1 0 0 0 0 0 1 1 1 1 1 0 0 0 1 1 0 0 0 0
0.033521949252140 0 1 0 0 0 0 0 0 1 0 0 1 1 1 1 0 0 1 1 0 1
0.040717134125412 0 1 0 0 0 0 0 0 1 1 0 1 1 1 1 1 0 0 1 1 1
0.068143878695143 0 1 0 1 0 0 0 0 0 1 1 1 1 1 1 0 1 0 1 1 1
0.041182439333520 1 0 0 0 1 0 0 0 0 1 1 1 1 0 1 1 0 0 0 1 1
0.064066461627419 0 0 1 0 0 0 0 1 0 0 0 1 0 1 1 0 1 0 1 0 1
0.085378618088947 1 0 0 1 0 0 0 0 0 1 1 1 0 1 0 1 1 0 1 0 1
0.045993379718762 1 0 0 0 0 0 0 0 0 1 1 0 1 0 1 0 1 1 0 1 0
0.034482444511512 1 0 0 0 1 0 0 0 0 1 1 1 1 1 1 1 0 0 1 1 1
0.094401214314141 1 0 1 0 0 0 0 0 1 1 0 1 1 1 0 1 0 0 1 1 1
0.050454743513608 0 1 0 0 0 0 0 1 0 0 0 1 0 1 1 1 0 0 0 0 1
0.082856634155986 0 1 0 1 0 0 0 0 0 1 1 1 1 1 0 1 1 0 0 1 0
0.083965918839946 0 1 0 0 1 0 0 1 0 1 1 1 1 1 1 1 0 1 0 1 1
0.054739945122931 1 0 0 0 0 0 0 1 0 1 0 1 1 0 1 0 0 1 1 1 0
0.051231453744437 1 0 0 0 0 1 0 0 0 1 1 1 0 1 0 1 1 0 0 0 1
0.038723540792510 1 0 0 0 0 1 0 0 0 0 1 1 1 1 0 1 1 0 0 1 1
0.021115404392381 1 0 0 0 0 0 0 0 0 0 1 0 1 1 0 1 0 0 0 1 1
0.025227011775798 1 0 0 0 0 0 0 0 1 0 0 0 1 1 1 0 0 0 0 1 1
0.040223683046907 1 0 0 0 1 0 0 0 1 0 1 1 1 1 1 1 0 0 0 1 1
0.062933733420668 1 1 0 0 0 0 0 0 1 1 1 0 1 1 0 1 0 0 0 1 1
0.080238830228398 0 1 0 0 0 1 0 0 0 0 1 0 1 1 0 1 0 0 0 1 1
0.095646052612267 1 0 1 0 0 0 0 0 1 0 1 0 1 1 0 1 0 0 0 1 1
0.071950738606242 1 0 1 0 0 0 0 1 0 1 1 1 1 1 0 1 1 0 1 0 1
0.037935387071848 0 0 0 0 1 0 0 0 0 0 0 0 0 0 1 0 1 0 0 1 0
0.124008884431855 0 0 0 0 1 0 0 1 0 0 0 0 0 0 1 0 0 1 0 1 0
0.108410900920728 0 0 0 1 1 0 0 0 0 1 0 1 0 1 1 0 1 0 0 0 1
0.123405242819991 0 0 0 0 0 0 0 0 0 0 0 0 0 0 1 0 1 0 0 1 0
0.178534243138909 0 0 0 0 1 1 0 0 0 0 0 0 0 0 1 0 1 0 0 0 0
0.134366347437965 0 0 0 0 1 0 1 0 0 0 0 0 0 0 1 0 1 0 0 1 0
0.188644754866055 0 0 0 1 1 0 0 0 0 0 0 0 0 0 1 0 1 0 0 1 0
0.060411696635312 0 0 0 0 1 0 0 0 0 0 0 1 1 1 1 0 1 0 0 1 1
0.078293054188112 0 1 0 0 1 0 0 0 1 1 0 1 1 1 1 0 1 0 0 1 0
0.076790711540879 0 0 0 0 1 0 0 0 0 1 0 1 0 0 1 0 1 0 1 1 0
0.101042101592081 0 0 0 0 0 1 1 0 0 0 0 0 0 1 1 0 1 0 0 1 0
0.059079679263564 0 0 0 0 1 0 0 0 0 0 0 1 0 0 1 0 0 0 1 0 1
0.073464281993250 0 1 0 0 1 0 0 0 0 1 1 1 1 0 1 0 1 0 0 1 1
0.067268469567152 1 0 0 0 1 0 0 0 1 1 0 1 1 1 1 0 1 0 0 1 0
0.075964972958238 0 1 0 0 1 0 0 0 1 1 0 1 1 1 1 0 1 0 1 0 1
0.110837761800345 0 1 0 0 1 0 0 0 0 0 0 1 0 1 1 0 0 0 0 0 0
0.083759800186127 0 0 0 0 1 0 0 1 0 0 0 1 0 0 1 1 1 0 0 0 1
0.084187916206400 0 0 0 0 1 0 0 0 0 0 1 1 1 0 1 0 1 1 0 0 1
0.056080744720598 1 0 0 0 1 0 0 0 0 0 1 1 1 1 0 1 1 0 0 1 1
0.040783903786840 0 0 0 0 1 0 0 0 0 0 0 0 0 1 1 0 1 0 0 0 1
0.083990823853818 0 0 0 0 1 0 0 0 0 1 0 0 0 0 1 0 1 0 0 0 1
0.047557143557730 0 0 0 0 1 0 0 0 0 0 0 1 0 1 1 1 0 0 0 1 1
0.218054603797551 0 0 1 1 1 0 0 0 0 1 1 1 1 1 1 1 1 0 1 0 1
0.058521776900744 0 0 0 0 1 0 0 0 0 0 0 1 0 1 1 0 0 1 0 0 1
0.069156379149775 1 0 0 0 0 1 0 0 0 1 1 0 0 1 0 1 1 0 0 1 0
0.081260845621743 1 0 0 0 1 0 0 0 0 1 1 1 1 1 0 1 0 0 0 0 1
0.097189026645188 0 0 0 0 1 0 0 1 0 0 0 1 0 1 1 0 1 0 0 1 1
0.077301987820629 0 1 0 0 1 0 0 0 0 1 1 1 1 1 1 1 1 1 0 1 1
0.106862028915801 0 0 0 1 0 1 0 0 0 0 1 0 1 0 1 0 1 0 0 1 0
0.078842766685393 0 0 0 0 1 0 0 1 0 0 0 0 0 1 1 1 0 0 1 0 1
0.109092357128518 1 1 0 0 1 0 0 1 1 1 1 1 1 0 1 1 0 0 0 1 0
0.094961509277121 0 1 0 0 1 0 0 0 0 1 1 0 1 0 1 1 0 0 1 1 0
0.084803238569854 0 0 1 0 0 0 1 0 1 0 0 1 1 1 1 0 0 1 0 1 0
0.050851563147711 1 0 0 0 1 0 0 0 1 1 1 1 1 1 0 1 0 0 1 1 0
0.057460827244113 1 0 0 1 0 0 0 0 1 0 1 1 1 1 0 0 1 0 0 1 1
0.036443388469988 1 0 0 0 0 0 1 0 0 0 0 1 1 1 1 1 0 0 0 1 1
0.099332439149157 1 0 0 0 1 0 0 1 0 1 1 1 1 1 0 1 1 1 1 0 0
0.105225510216879 0 0 0 0 0 0 1 1 0 0 0 0 0 0 1 1 0 0 1 1 0
0.060355692313510 0 0 0 0 1 0 0 0 0 0 1 0 0 0 1 1 0 0 0 1 1
0.074004788166616 0 0 1 0 0 1 0 0 0 0 1 0 1 1 1 0 0 1 0 1 0
0.072184502973298 1 0 0 1 0 0 0 1 1 1 1 1 1 1 0 1 1 0 0 1 1
0.053475483972712 1 0 0 0 0 0 1 0 0 1 1 1 0 0 1 1 1 0 0 1 0
0.086633861409045 0 1 0 0 0 1 1 0 0 0 1 1 1 1 1 1 0 0 1 0 1
0.058111768837451 1 0 0 0 0 1 0 0 0 0 1 0 1 1 1 0 1 0 0 1 1
0.110485371197203 0 0 1 1 0 0 0 0 1 0 0 1 1 1 1 0 1 0 0 1 1
0.078335220111368 0 0 0 1 0 0 0 1 0 0 0 1 0 1 1 0 1 0 0 0 1
0.102102563477090 0 0 0 0 1 1 0 0 0 0 1 1 1 1 1 0 1 1 1 0 1
0.042371484243929 1 0 0 0 0 0 1 0 0 0 1 1 0 1 0 1 1 0 0 0 1
0.070748663326164 1 0 0 0 0 1 1 0 0 0 1 1 1 1 0 1 1 0 0 0 1
0.056412317972194 0 0 0 0 1 0 0 0 0 0 0 1 0 1 0 1 1 0 1 0 1
0.086239914214254 0 0 0 1 1 0 0 0 0 0 1 1 1 1 0 0 1 1 0 0 1
0.070443349007806 0 0 0 1 0 0 1 0 0 0 1 1 1 1 1 0 1 1 0 0 1
0.084964300792150 1 0 0 1 0 0 1 0 0 0 1 1 1 1 0 0 0 1 0 0 1
0.055780636703760 0 0 0 1 0 0 0 0 0 0 1 1 0 1 0 0 1 1 0 0 1
0.052227780730762 0 0 0 1 0 0 0 0 0 0 1 1 1 0 1 0 1 1 0 1 1
0.054592909278342 0 0 0 0 1 0 0 0 0 0 0 0 0 1 0 1 1 0 0 1 0
0.086971041346223 0 0 0 1 0 0 1 0 0 0 1 1 1 1 0 0 1 1 0 1 0
0.090854818555363 0 0 0 0 1 0 0 1 0 0 0 0 1 0 1 1 1 0 0 1 1
0.089962991720593 1 0 0 1 0 0 1 0 1 1 1 1 1 1 0 1 1 1 0 0 1
0.048135425008526 1 0 0 0 0 0 1 0 0 0 1 1 1 1 1 0 1 1 0 0 1
0.078820681837512 0 0 0 0 0 0 1 0 0 0 0 1 0 0 1 0 0 1 0 0 1
0.081463256049131 0 0 1 0 1 0 0 0 1 0 1 1 1 1 1 0 1 1 0 0 1
0.104070279772355 0 1 1 0 0 0 0 0 1 1 1 1 1 1 1 1 1 0 1 1 0
0.085063335907902 0 0 1 0 1 0 0 0 0 0 1 1 0 1 0 1 1 0 0 0 1
0.100179492133071 0 1 0 0 0 1 0 0 0 1 0 1 0 0 1 0 1 0 0 1 0
0.092527684597598 1 0 0 1 0 1 0 0 1 1 1 1 1 1 0 0 1 0 1 0 0
0.111826784625385 0 0 0 1 0 1 0 0 0 0 1 1 1 1 0 0 1 1 1 0 1
0.065901167573579 1 0 0 0 1 0 0 0 1 1 1 1 1 0 1 0 0 1 1 0 0
0.050132274852083 0 1 0 0 0 0 1 0 0 0 1 1 1 1 1 0 1 1 0 0 1
0.153951091467661 1 0 1 0 1 1 0 0 1 1 1 1 1 1 0 1 0 0 1 0 1
0.078736229799985 0 0 0 1 0 0 0 1 0 0 1 0 1 1 1 0 1 0 0 1 1
0.084646616720576 0 1 0 1 0 0 0 0 1 0 1 1 1 1 0 0 0 0 1 0 1
0.027037739382559 1 0 0 0 0 0 0 0 0 1 1 1 0 1 0 1 1 0 1 0 1
0.072407505144883 0 0 0 1 0 0 0 0 0 1 1 0 0 0 1 0 1 1 0 1 0
0.174481350379983 1 1 0 0 1 1 1 1 1 1 1 1 1 1 1 1 0 0 0 0 1
0.068016538431120 0 1 0 0 1 0 0 1 0 1 1 1 1 1 1 1 0 0 1 0 1
0.109476961771294 0 0 1 1 0 0 0 0 0 0 1 1 0 1 0 1 1 0 0 1 0
0.040202707479256 0 0 0 0 0 1 0 0 0 0 0 0 0 0 1 0 0 1 0 1 0
0.048787197982206 1 0 0 0 0 0 1 0 0 0 1 1 1 1 0 1 0 1 0 1 0
0.039983411532636 1 0 0 0 0 0 1 0 1 0 1 1 1 1 1 1 0 0 0 1 1
0.133696718420194 1 0 0 1 1 0 1 0 1 1 1 1 1 1 0 1 0 0 1 0 0
0.051705587167558 1 0 0 0 0 1 0 1 0 1 1 1 1 1 1 1 1 0 0 1 1
0.036888188568257 0 0 0 1 0 0 0 0 0 0 0 0 0 1 1 0 1 0 0 0 1
0.097717277654910 0 0 0 1 1 0 0 0 0 0 1 1 0 1 0 1 1 0 0 0 1
0.050738942594937 0 0 0 1 0 0 0 0 0 0 0 1 1 1 1 0 1 1 0 1 1
0.063967794748175 1 0 0 1 0 0 0 0 1 1 1 1 1 1 0 0 0 1 1 0 0
0.086178760670160 1 0 0 1 0 0 1 0 1 0 1 1 1 1 0 0 1 0 0 1 0
0.086229106044758 0 0 1 0 0 1 0 0 0 0 1 1 0 1 0 1 0 1 0 1 0
0.072477256723667 1 1 0 0 0 0 1 0 1 1 1 1 1 0 1 0 1 0 0 0 1
0.053839081548430 1 0 0 0 0 0 1 0 0 1 0 1 1 0 1 0 1 0 0 1 0
0.068272880490021 1 0 0 0 1 0 0 1 0 1 1 1 1 0 1 1 0 0 1 1 0
0.062937699312559 1 0 0 0 1 0 0 0 1 1 1 0 1 1 1 1 0 0 1 1 0
0.086072338570326 0 0 1 1 0 0 0 0 0 0 1 1 0 1 1 0 1 0 0 0 1
0.066696327645611 1 0 0 1 0 0 0 0 1 1 0 1 1 1 0 0 1 0 0 0 1
0.037021407001013 1 0 0 0 0 0 0 1 0 1 1 1 1 0 1 1 1 0 0 1 1
0.065908374400153 1 1 0 0 0 0 1 0 1 1 1 1 1 1 1 0 0 0 1 0 1
0.135664136220457 1 0 0 0 1 1 0 0 0 1 1 1 1 1 1 1 1 0 0 1 0
0.088230803525817 1 0 0 1 0 0 0 1 0 1 1 1 0 1 0 1 1 0 1 0 0
0.112430028272662 0 0 1 0 1 0 0 0 1 0 0 1 0 1 1 0 1 0 0 0 1
0.106352343196004 0 0 1 0 1 0 0 0 1 0 1 1 1 1 0 1 1 0 1 1 0
0.099707394278049 1 1 0 0 1 0 0 0 1 1 1 1 1 0 1 0 0 0 0 1 1
0.075035228019041 0 0 0 0 1 0 0 0 0 0 1 0 0 1 0 0 1 0 0 1 0
0.066014045435665 1 0 1 0 0 0 0 1 1 1 1 1 1 1 0 1 0 1 1 0 0
0.180885705914204 0 0 0 1 0 1 0 0 0 0 0 0 0 1 0 0 1 0 0 0 0
0.045876615599851 0 0 0 1 0 0 0 0 0 0 1 0 0 1 1 0 1 0 0 1 1
0.075220102503431 0 0 0 1 1 0 0 0 0 0 1 1 1 1 1 0 1 0 1 0 1
0.181325930216011 1 1 1 0 0 0 0 1 1 1 1 1 1 1 0 1 0 0 1 0 0
0.068761805854678 0 1 0 0 1 0 0 0 1 0 1 1 1 1 1 0 1 1 0 0 1
0.057252893079428 0 1 0 0 1 0 0 0 0 1 1 1 1 0 1 1 0 0 1 0 1
0.066660298685049 1 0 0 0 0 1 0 0 0 1 1 0 1 0 1 0 0 1 0 1 0
0.104340401443979 1 0 0 1 0 0 0 1 1 1 0 1 1 1 0 0 1 1 1 0 0
0.077480537017051 0 0 0 1 0 0 0 0 0 1 1 0 1 0 1 0 1 0 1 0 1
0.105413586400565 0 0 1 0 0 0 1 0 1 0 1 1 1 0 1 0 1 1 0 1 0
0.052928271227928 0 1 0 0 0 1 0 0 0 0 1 1 1 0 1 1 0 0 1 0 1
0.033258618828052 1 0 0 0 0 0 0 1 0 1 0 1 1 1 0 1 1 0 1 0 1
0.027635314452591 1 0 0 0 0 0 0 0 0 0 1 1 1 1 1 0 0 1 0 1 1
0.078236130291036 0 1 0 1 0 0 0 0 0 1 1 1 1 1 1 1 0 0 1 1 0
0.078764955262836 0 1 0 1 0 0 0 1 0 1 1 1 1 1 1 0 1 0 0 0 1
0.100563268197956 0 1 0 1 0 0 1 0 0 0 1 1 1 1 0 0 1 0 0 0 1
0.060651902369460 0 0 0 1 0 0 0 0 1 0 0 0 0 1 1 0 1 0 0 1 0
0.063410249977892 1 0 0 1 0 0 0 0 1 1 1 1 0 1 0 1 1 0 0 1 0
0.066711080657051 0 0 0 0 1 0 0 0 0 1 0 0 1 0 1 0 1 0 1 1 0
0.076824213279302 0 1 0 0 0 0 1 0 1 1 0 1 1 1 1 0 1 0 1 1 0
0.141354823307299 1 1 0 1 0 0 1 0 1 1 1 1 1 1 0 1 0 0 0 0 1
0.074429355847216 0 0 0 0 1 0 0 0 0 0 1 1 1 0 1 1 0 0 1 1 1
0.035995086300029 1 0 0 0 0 0 1 0 0 0 1 1 1 1 0 1 0 1 1 0 1
0.148606856909433 1 0 0 1 1 1 0 0 1 1 1 1 1 1 1 0 0 0 1 0 1
0.085963920824921 1 0 0 0 1 0 0 0 1 1 1 0 1 0 0 1 1 0 0 1 0
0.124259079514801 0 1 0 1 0 0 1 1 0 1 1 1 1 1 1 0 1 0 1 0 0
0.120995560745113 0 0 1 0 1 0 0 1 0 0 1 1 1 1 1 1 1 0 1 0 1
0.079444869180304 0 0 0 0 1 0 0 0 0 0 0 0 0 1 1 0 1 0 1 1 0
0.139854435839334 0 0 0 1 1 0 0 0 1 1 1 1 1 1 1 0 1 1 1 0 1
0.124571942289963 1 0 0 1 0 1 1 0 1 1 1 1 1 1 0 0 0 1 1 0 0
0.068938821875138 0 1 0 0 0 0 0 1 0 1 1 0 1 0 1 1 0 0 1 1 0
0.111260557498118 0 1 0 0 0 0 1 0 0 0 1 0 0 0 1 0 1 0 0 0 0
0.053740623044660 1 0 0 0 0 0 1 0 0 0 1 0 0 1 1 1 0 0 0 1 0
0.066633655716626 1 1 0 0 0 0 0 0 1 1 1 1 1 0 0 0 1 0 0 1 1
0.057573941656243 0 0 1 0 0 0 1 0 0 0 1 1 1 1 1 0 1 1 0 0 1
0.042605784366908 0 0 0 0 0 1 0 0 0 0 0 0 0 1 1 0 0 0 1 0 1
0.109819261924460 1 1 0 0 0 1 1 0 1 1 1 1 1 1 0 1 1 0 0 0 1
0.111704063931823 0 1 0 0 1 0 0 1 1 1 0 1 1 1 1 1 0 0 1 1 0
0.125962966842120 0 0 1 0 1 0 1 0 0 0 1 1 1 1 0 0 1 1 0 0 0
0.071658036704452 1 1 0 0 0 0 0 0 1 1 1 1 0 0 1 1 0 0 0 1 0
0.108290305991899 1 0 1 0 0 1 0 0 1 1 1 1 1 1 0 1 0 1 1 0 0
0.063125324836378 0 1 0 0 0 0 1 0 0 0 0 0 1 1 1 0 0 0 1 0 0
0.097920204645163 0 0 1 0 0 1 0 0 0 1 1 0 0 1 1 1 1 0 0 1 0
0.037213315631157 1 0 0 0 0 0 1 0 0 0 1 1 1 1 1 1 1 0 0 1 1
0.062950485720252 1 0 0 0 1 0 0 1 0 0 1 1 1 1 1 1 0 0 1 0 1
0.086430425986272 0 1 0 0 0 0 1 0 0 1 0 1 0 0 1 1 0 0 0 1 0
0.050545157572722 0 0 0 0 0 0 1 0 0 0 0 0 0 1 1 0 0 0 1 0 1
0.051103600849998 0 0 0 0 0 0 1 0 0 0 0 0 0 1 1 0 0 0 0 1 1
0.066157104520242 0 0 0 1 0 0 1 0 0 0 0 1 1 1 1 0 1 0 0 1 1
0.042267826311008 1 0 0 0 0 1 0 0 0 1 1 1 1 1 1 0 1 1 0 0 1
0.057909659798631 0 0 0 0 1 0 0 0 0 0 1 0 0 1 0 1 0 0 1 0 1
0.105190073505974 1 0 0 0 1 1 0 0 0 0 1 1 1 1 0 1 0 0 1 0 1
0.048105192927197 1 0 0 0 1 0 0 0 0 1 1 1 0 1 1 1 0 0 1 0 1
0.039569745811469 1 0 0 0 0 0 1 0 0 1 1 1 0 1 1 1 0 0 1 0 1
0.091667049167879 1 1 0 0 0 0 1 0 1 0 1 1 1 0 0 1 0 0 0 1 0
0.071299819466419 0 1 0 0 0 0 0 0 1 1 0 1 1 1 1 0 0 1 1 1 1
0.035194525684471 0 1 0 0 0 0 0 0 0 0 1 1 1 1 0 0 1 1 1 0 1
0.085583747873757 0 1 0 1 0 0 0 0 1 1 1 1 1 1 0 0 1 0 1 0 0
0.049770275757278 0 0 0 1 0 0 0 0 0 0 1 1 0 1 1 0 0 1 1 0 1
0.060679339531506 1 1 0 0 0 0 0 0 1 1 1 1 1 1 0 1 0 0 1 1 0
0.104755367073391 0 1 0 0 0 1 0 0 0 0 0 1 1 0 1 0 0 0 0 1 1
0.080313108353403 0 1 0 0 0 1 0 0 1 0 0 1 0 1 1 1 0 0 0 1 0
0.030981184857248 0 1 0 0 0 0 0 0 1 0 1 1 1 1 1 0 1 1 0 1 1
0.070253068219309 0 1 0 1 0 0 0 1 0 1 1 1 1 1 1 1 0 0 1 0 1
0.053213051521921 0 1 0 0 0 1 0 0 0 1 0 1 1 1 1 1 0 0 1 0 1
0.048352344201478 1 0 0 0 0 0 1 0 0 1 0 1 0 1 1 0 1 0 0 0 1
0.077095879220843 0 0 0 1 0 0 0 0 0 0 1 1 0 0 1 0 1 0 0 0 1
0.067681313136005 0 0 1 0 0 0 1 0 0 0 0 1 0 1 1 0 1 0 0 1 0
0.061676768526374 0 0 0 0 1 0 0 0 0 1 0 0 0 0 1 1 1 0 0 1 0
0.096172466371157 0 1 0 0 1 0 1 0 0 1 1 1 1 1 1 1 0 0 1 1 0
0.062549656057985 1 0 0 0 0 1 0 1 0 0 1 1 1 1 1 1 0 1 0 1 1
0.081190177867327 0 1 1 0 0 0 0 0 1 1 1 1 1 0 0 1 0 0 1 0 1
0.143110475538411 0 1 1 1 0 0 0 0 1 1 1 1 1 1 0 1 0 0 1 0 1
0.109083034099086 0 1 0 1 0 0 1 0 1 1 1 1 1 1 1 1 1 0 0 1 1
0.030460357479946 0 1 0 0 0 0 0 0 0 0 1 0 1 1 1 0 0 1 0 1 1
0.093410005001198 1 0 0 0 1 0 1 0 0 1 1 1 0 1 1 1 0 0 1 0 0
0.053985326238272 0 1 0 0 0 0 0 1 0 0 0 1 1 1 1 0 1 1 0 0 1
0.043209257952126 0 0 0 1 0 0 0 0 0 0 0 0 0 1 1 0 0 0 1 0 1
0.046739668063829 0 0 0 1 0 0 0 0 0 0 1 0 0 1 1 0 0 1 0 0 1
0.084627486363936 1 0 0 1 0 1 0 0 1 1 1 1 1 1 1 0 1 0 0 1 1
0.110799628337487 1 1 0 0 0 1 0 1 1 1 1 1 1 1 1 1 1 0 0 1 1
0.040428035355473 1 0 0 0 0 0 0 0 0 0 0 1 1 1 0 0 0 1 1 0 1
0.052948854157157 0 0 1 0 0 0 0 0 0 0 0 0 0 1 0 0 0 1 1 0 0
0.061416896382247 0 0 1 0 1 0 0 0 0 1 1 1 1 1 1 0 1 0 0 1 1
0.075408562938942 0 0 1 0 1 0 0 0 0 1 1 1 1 1 0 0 1 1 0 0 1
0.072242080922615 1 1 0 0 0 0 0 0 1 1 1 1 0 1 0 1 1 0 0 1 1
0.031830773123249 1 0 0 0 0 0 1 0 0 1 1 1 1 1 1 1 0 0 1 1 1
0.052802068297196 0 1 1 0 0 0 0 0 1 1 1 1 1 1 1 0 1 0 0 1 1
0.090113627418330 0 1 1 0 0 0 1 0 1 1 1 1 1 1 1 0 1 0 0 0 1
0.058656019244516 0 1 0 0 0 0 0 1 0 0 0 1 0 1 1 0 0 1 1 0 0
0.060854356218320 0 1 1 0 0 0 0 0 1 1 1 1 1 1 1 0 0 0 1 0 1
0.029537665177065 1 0 0 0 0 0 0 0 0 1 1 1 1 0 1 0 0 1 1 0 1
0.059297242803167 1 0 0 0 0 1 1 0 0 1 1 1 1 1 1 1 0 0 1 0 1
0.044393615558035 0 0 0 0 0 1 0 0 0 0 0 0 0 1 1 0 0 1 0 0 1
0.065034413988220 0 0 0 0 0 0 0 1 0 0 0 0 0 1 1 0 0 1 1 0 1
0.040069051774143 1 0 0 0 0 1 0 0 0 1 1 1 1 0 1 1 1 0 0 1 1
0.093214345145218 0 0 1 0 1 0 0 0 0 0 1 0 1 1 0 0 1 0 0 1 0
0.034034058617404 1 0 0 0 0 0 0 0 0 1 1 0 1 0 0 1 0 1 0 1 0
0.089038962103146 1 0 0 0 0 1 1 0 0 1 1 1 1 0 0 1 1 0 1 0 0
0.055678186636889 0 1 0 0 1 0 0 0 0 1 0 1 1 1 1 1 0 0 0 1 1
0.056585613151867 0 0 0 0 1 0 0 0 0 0 0 0 0 0 0 1 0 0 0 1 0
0.055645043968913 0 0 0 0 1 0 0 0 0 0 1 0 0 0 0 1 1 0 1 0 0
0.067468362945905 0 0 0 0 1 0 0 0 0 0 1 1 0 0 0 1 1 1 0 1 0
0.075526937905009 0 0 0 0 1 0 0 0 0 1 0 0 0 0 0 0 1 1 1 0 0
0.075809963228062 0 0 0 0 1 0 0 0 0 0 1 1 0 0 0 1 0 1 1 0 1
0.104992009303550 0 0 1 0 1 0 0 0 0 1 1 1 1 0 0 1 1 1 0 1 0
0.054319905568418 0 0 1 0 0 0 0 0 0 0 1 1 0 0 1 1 0 1 0 1 0
0.058426463448753 1 0 0 0 1 0 0 0 0 1 1 1 1 0 0 1 0 1 1 0 0
0.069049873397868 0 0 1 0 0 0 0 0 0 1 1 1 1 0 1 1 0 0 1 1 1
0.060216185203684 0 0 1 0 0 0 0 1 0 0 0 1 1 1 1 0 0 1 1 1 0
0.102995681896854 1 0 1 0 0 1 0 0 0 1 1 1 1 1 1 1 0 0 0 1 1
0.061027448315463 0 0 0 0 1 0 0 0 0 0 1 0 1 0 0 0 1 1 0 1 0
0.127419641312742 1 1 0 0 1 0 0 1 1 1 1 1 1 1 1 0 1 1 0 0 1
0.055801759894809 0 0 0 0 1 0 0 0 0 0 0 0 0 0 1 1 0 0 1 0 1
0.055094924124810 0 0 1 0 0 0 0 0 0 1 0 0 0 1 1 0 1 0 1 0 1
0.098247005318324 0 0 1 0 0 1 0 0 1 0 0 0 1 1 1 0 1 0 0 1 0
0.120030166355935 0 0 0 1 0 0 1 0 0 0 1 1 0 1 1 0 0 0 1 0 1
0.043317502970306 0 0 1 0 0 0 0 0 0 0 0 1 0 1 1 0 1 0 0 1 1
0.063758351024768 0 0 0 0 1 0 0 0 0 0 0 1 1 0 0 0 1 1 1 0 0
0.067715284710115 1 0 0 1 0 0 0 0 1 1 1 1 1 0 0 0 1 1 0 1 0
0.116624947321777 1 1 0 1 0 0 0 1 1 1 1 1 1 0 0 1 0 0 0 1 0
0.080667283617565 0 1 0 0 1 0 0 0 0 0 1 1 1 0 0 1 0 0 0 1 0
0.019054435937046 1 0 0 0 0 0 0 1 0 0 1 1 1 1 1 1 0 0 1 1 1
0.036844548081501 1 0 0 0 0 1 0 0 0 0 1 1 1 1 1 1 0 0 1 1 1
0.061387737634926 1 0 0 0 1 0 0 0 1 0 1 1 1 0 1 1 0 0 1 1 0
0.116947553418813 1 0 1 0 1 0 0 0 1 1 1 1 1 1 0 1 1 0 0 0 1
0.028027346235264 1 0 0 0 0 0 0 0 1 1 0 0 1 1 1 0 1 0 0 1 1
0.065152003356260 1 1 0 0 0 0 1 0 1 1 1 1 1 1 0 0 1 1 0 0 1
0.059763210798954 1 0 1 0 0 0 0 1 0 1 1 1 1 1 1 0 0 1 1 0 1
0.089533371195404 1 0 1 0 0 0 0 1 1 1 0 1 1 1 1 0 1 1 0 0 1
0.062234616926874 0 0 0 1 0 0 0 0 0 0 1 0 0 1 1 0 1 0 1 1 0
0.072526633924960 1 0 0 1 0 0 0 1 0 0 1 1 1 1 1 0 0 1 0 1 1
0.095817641407629 1 0 0 1 0 0 0 0 1 0 1 0 0 1 1 0 0 0 0 1 0
0.041793786224557 1 0 0 0 0 0 0 0 0 1 1 0 0 0 1 1 0 0 1 1 0
0.065019868242901 1 0 0 0 0 1 0 0 0 1 1 1 0 0 1 1 0 0 1 0 1
0.073207418025240 1 0 0 0 1 0 0 0 0 1 1 1 0 0 1 1 0 0 1 1 0
0.063636390101473 0 0 1 0 0 0 0 0 0 0 1 0 0 1 1 1 0 0 1 1 0
0.058604343012508 1 0 0 1 0 0 0 1 0 1 1 1 1 1 0 0 1 1 0 0 1
0.024202490409884 1 0 0 0 0 0 0 0 0 1 1 1 1 0 1 1 0 0 1 1 1
0.085394437706983 0 0 0 0 1 0 0 0 1 0 0 0 0 0 0 1 1 0 0 1 0
0.050553518420040 1 0 0 1 0 0 0 0 0 1 1 1 1 1 0 0 0 1 0 1 1
0.149260079287940 0 1 0 1 1 0 0 1 0 1 1 1 1 1 1 1 0 0 0 0 1
0.048768630556876 0 0 1 0 0 0 0 0 0 0 1 1 0 1 0 0 1 1 0 1 0
0.072870655481549 1 0 1 0 0 0 0 0 1 1 0 1 1 1 0 0 0 1 1 0 0
0.132066463235912 1 0 1 1 0 0 0 0 1 1 1 1 1 1 0 0 0 0 0 1 0
0.048015418895970 0 0 1 0 0 0 0 0 1 0 0 0 1 1 1 0 0 0 1 0 1
0.059399680423454 0 0 1 0 0 0 1 0 0 0 0 0 1 1 1 0 1 0 0 0 1
0.069453757624009 0 0 0 0 0 0 1 0 0 0 0 0 1 0 1 0 0 1 0 1 0
0.057160156130498 0 0 0 0 1 0 0 0 0 0 1 0 0 0 1 0 0 1 1 0 0
0.096416420978920 0 1 0 0 1 0 0 0 0 0 1 0 1 1 0 0 0 0 1 0 0
0.112934254929979 0 0 0 1 1 0 0 0 0 1 1 1 1 1 0 0 1 0 1 0 0
0.071260390169033 0 0 0 0 0 1 0 0 0 0 1 0 0 0 1 0 0 1 0 1 0
0.045800962719052 0 0 0 0 0 1 0 0 0 0 0 0 0 1 1 1 0 0 0 1 1
0.082755137374076 0 0 0 0 1 1 0 0 0 0 0 1 1 1 1 1 1 0 0 1 1
0.065170813738294 1 0 1 0 0 0 0 1 1 1 1 1 1 1 0 1 0 0 0 1 1
0.067284611795254 1 0 0 1 0 0 0 0 0 1 1 1 0 1 0 0 0 1 1 0 0
0.050600179184326 0 0 1 0 0 0 0 1 0 0 0 1 1 1 1 0 0 1 1 0 1
0.103249522855148 0 0 1 1 0 0 0 0 1 1 0 1 1 1 0 0 1 0 1 0 0
0.072504366869389 0 0 1 0 0 0 1 0 0 0 1 0 1 1 1 0 0 0 1 0 1
0.036830791003336 0 1 0 0 0 0 0 0 0 0 0 1 0 1 1 0 0 1 0 0 1
0.052565464073505 0 0 0 0 0 1 0 0 0 0 0 1 0 0 1 1 0 0 1 0 1
0.069117700043789 1 0 1 0 0 0 0 1 1 1 0 1 1 1 1 0 0 0 1 1 0
0.077828076409883 1 0 1 0 0 0 1 1 1 1 1 1 1 1 1 1 0 0 1 0 1
0.096163296766419 1 0 1 0 0 1 0 1 1 1 1 1 1 1 1 1 0 0 1 0 1
0.112266347877705 1 1 0 1 0 0 0 1 1 1 1 1 1 1 1 0 0 0 0 1 1
0.263339640535176 1 1 1 1 1 1 1 1 1 1 1 1 1 1 0 0 0 0 0 0 1
0.045133432821597 0 0 0 1 0 0 0 0 0 0 0 0 1 1 1 0 1 0 0 1 1
0.073293142831555 1 1 0 0 0 0 0 1 1 1 0 1 1 0 1 0 1 0 0 0 1
0.044045122197218 1 0 0 0 0 0 0 0 1 1 0 0 1 1 1 0 0 1 1 1 0
0.113254879898802 1 0 1 1 0 0 0 1 1 1 1 1 1 1 1 0 0 0 1 0 1
0.169457381851805 1 0 1 1 0 1 1 1 1 1 1 1 1 1 1 0 0 0 0 0 1
0.044965066356904 0 0 0 1 0 0 0 0 0 0 1 1 0 1 1 1 0 1 0 1 1
0.065746775032595 0 0 0 1 0 0 0 0 0 0 1 1 1 0 0 1 1 1 0 1 0
0.096107920075926 0 0 0 1 0 0 0 1 0 0 1 1 0 0 1 1 0 1 0 0 1
0.074649893083069 0 0 0 1 1 0 0 0 0 1 1 1 1 1 1 1 1 0 0 1 1
0.062527980517013 0 0 0 1 0 0 0 0 0 0 0 1 0 1 1 1 1 0 0 1 1
0.066457319600660 1 0 0 1 0 0 0 0 1 0 1 1 1 1 0 1 0 1 0 1 1
0.044257230768698 0 0 0 0 1 0 0 0 0 0 0 0 1 0 1 0 0 1 0 1 0
0.049764497661708 0 0 0 0 1 0 0 0 0 0 0 0 1 1 1 1 0 0 0 1 1
0.045931592492584 0 0 0 0 0 0 1 0 0 0 0 0 0 0 1 1 0 0 1 0 1
0.081766056353597 0 0 0 1 1 0 0 0 0 0 1 1 1 1 1 1 0 1 0 0 1
0.065666910848499 0 0 0 1 0 0 1 0 0 0 1 1 1 1 1 1 0 1 0 1 1
0.050993076222374 0 0 0 1 0 0 0 0 0 0 1 1 1 0 1 1 0 1 1 0 1
0.093310341556914 0 0 0 1 0 1 0 0 0 0 1 1 1 0 1 1 1 1 0 0 1
0.139870671447082 1 1 0 1 0 0 1 1 1 1 1 1 1 1 0 0 0 0 1 0 0
0.035294804461448 1 0 0 0 0 0 0 0 0 1 0 0 1 0 1 0 0 1 0 1 0
0.055721327851224 1 1 0 0 0 0 0 1 1 1 1 1 1 0 1 1 0 0 1 1 0
0.047803652531495 1 0 0 0 0 1 0 0 0 1 1 1 1 0 1 0 1 0 1 1 0
0.038361076947937 1 0 0 0 0 0 0 1 0 0 1 0 1 1 0 1 0 0 1 1 0
0.037422375126775 1 0 0 0 0 0 0 1 0 0 1 1 1 1 0 1 0 1 1 1 0
0.066207731535659 1 0 0 0 0 1 0 1 0 0 1 1 1 1 0 1 1 0 0 1 0
0.059037131156577 1 0 0 0 0 0 1 1 0 0 1 1 1 1 0 1 0 0 1 1 0
0.060443288314760 1 0 0 0 1 0 0 0 0 0 1 1 1 1 0 0 0 1 1 0 0
0.071116639434885 1 0 0 1 0 0 0 1 0 1 1 1 1 1 0 0 1 0 0 1 0
0.030661446311284 1 0 0 0 0 0 0 0 0 1 1 0 1 1 0 0 0 1 1 1 0
0.064033817658075 1 0 0 1 0 0 0 0 0 1 1 1 1 0 1 1 0 1 0 1 1
0.036999172647051 1 0 0 0 0 0 0 1 0 1 1 1 1 1 0 1 1 0 1 1 0
0.058602226541257 0 0 0 1 0 0 0 0 0 0 1 0 1 0 0 0 1 1 1 0 0
0.082658706862505 0 1 0 0 1 0 0 0 1 0 1 1 1 0 1 0 0 1 0 1 0
0.101099773944101 1 0 1 0 0 0 1 0 1 1 1 1 0 1 0 1 0 0 0 0 1
0.059995213282081 1 0 1 0 0 0 0 1 0 1 1 1 1 1 0 1 0 0 1 1 0
0.049106037576465 0 1 0 0 0 0 0 1 0 0 1 1 0 1 1 1 0 0 1 1 0
0.058323928752360 0 1 0 0 0 0 0 0 1 1 0 1 1 0 1 0 1 0 1 0 1
0.083255229630574 0 0 0 0 1 0 0 0 0 0 1 0 1 0 0 0 0 1 1 0 0
0.091107080753111 0 0 0 0 1 0 0 0 0 1 1 1 0 0 1 1 1 0 1 0 1
0.050884158715885 0 0 0 0 1 0 0 0 0 0 0 1 1 0 1 1 0 1 0 1 1
0.079295092245834 0 0 0 0 1 0 0 1 0 0 0 1 1 1 1 1 0 0 1 1 1
0.032254978740393 0 1 0 0 0 0 0 0 0 1 0 0 1 1 1 0 1 0 0 1 1
0.072861054401898 0 1 0 0 0 0 1 0 1 0 0 0 1 1 1 0 1 0 0 1 0
0.033020772982640 1 0 0 0 0 0 0 0 0 0 1 0 1 1 0 0 0 1 0 1 0
0.052416512960426 0 0 0 1 0 0 0 0 0 0 1 0 1 0 1 1 0 1 0 1 1
0.068185340135711 0 0 0 1 0 0 0 0 0 0 1 0 0 1 0 1 0 1 1 0 1
0.091385337834854 1 0 0 1 0 1 0 0 0 1 1 1 1 1 0 1 0 1 0 0 1
0.057159813057128 0 0 0 0 1 0 0 0 0 0 1 0 0 0 1 1 0 1 0 1 0
0.056177023096367 0 0 0 1 0 0 0 1 0 0 0 1 1 1 1 1 0 1 0 1 1
0.070313417143336 0 0 0 1 0 1 0 0 0 0 1 1 1 1 1 1 0 1 0 1 1
0.043012509250832 0 0 0 1 0 0 0 0 0 0 0 1 1 1 0 0 0 1 1 0 1
0.053792704784370 0 0 0 1 0 0 0 0 0 0 1 1 1 1 0 1 0 1 0 1 1
0.049025209557625 0 0 0 1 0 0 0 0 0 0 0 1 1 0 1 1 0 1 0 1 1
0.095747687852227 0 0 0 1 1 0 0 0 0 0 0 1 1 1 0 1 0 0 1 0 1
0.078283465819612 0 1 0 1 0 0 0 0 1 0 1 1 1 0 1 0 1 0 0 1 0
0.048874731411257 0 1 0 0 0 0 1 0 0 0 1 1 1 1 0 1 0 0 1 0 1
0.045091826180029 1 0 0 0 1 0 0 0 0 1 1 1 1 1 1 0 0 1 1 1 0
0.039314307501298 1 0 0 0 0 0 1 0 0 0 1 1 1 1 1 0 0 1 1 1 0
0.056182894447360 1 0 0 1 0 0 0 0 0 0 1 1 1 1 0 0 0 0 1 1 0
0.087654915618150 1 0 0 1 0 1 0 0 0 1 1 1 1 1 1 0 0 0 1 1 0
0.041374062502890 1 0 0 0 0 0 1 0 0 0 1 1 1 0 1 1 0 0 1 1 0
0.043902174954897 1 0 0 0 0 0 0 1 0 0 1 1 1 0 0 1 1 0 1 1 0
0.052414348518469 1 0 0 0 0 1 0 0 0 0 1 1 1 1 0 0 0 1 1 1 0
0.031143243047316 1 0 0 0 0 0 0 1 0 0 0 1 1 1 1 0 0 0 1 1 1
0.087306899456728 1 0 0 1 0 0 0 1 0 0 1 1 1 0 0 1 1 0 0 1 0
0.059235678570095 1 0 1 0 0 0 0 1 1 1 1 1 1 0 1 1 0 0 1 0 1
0.076988914503636 1 0 1 0 0 0 0 1 1 1 0 1 1 1 1 1 0 0 1 0 1
0.201167970053460 1 1 1 1 0 0 1 1 1 1 1 1 1 0 1 0 0 0 0 0 1
0.051862624866884 1 0 1 0 0 0 0 1 1 1 1 1 1 1 1 0 1 0 1 0 1
0.047226813913858 0 0 1 0 0 0 0 0 0 0 1 0 0 0 1 0 0 1 1 0 0
0.037050519449390 0 0 0 1 0 0 0 0 0 0 0 0 1 0 1 0 0 1 0 0 1
0.060608788549141 0 0 0 1 0 0 0 0 1 0 0 0 1 1 1 0 0 1 1 0 1
0.123497973392710 0 0 1 1 0 0 0 0 1 0 1 0 1 0 1 0 1 0 1 0 0
0.016491081703392 1 0 0 0 0 0 0 0 0 0 1 1 1 1 0 1 0 0 1 1 1
0.042007707474898 0 1 0 0 0 0 0 0 0 0 1 1 0 0 0 1 0 0 1 1 0
0.048974735627508 1 0 0 0 0 0 1 0 0 0 1 1 0 1 0 1 0 0 1 1 0
0.062357374473595 1 0 1 0 0 0 0 0 1 1 1 1 1 0 1 0 1 0 0 0 1
0.066427812643653 1 0 1 0 0 0 0 1 1 1 1 1 1 0 0 1 1 0 0 1 0
0.044705968513028 1 0 0 0 0 0 0 0 0 0 1 0 0 1 0 1 0 0 1 0 1
0.089007624799803 1 0 0 0 1 0 1 0 0 0 1 1 1 1 0 1 0 0 1 1 0
0.151991582764743 1 0 0 1 1 0 1 1 1 1 1 1 1 1 1 1 0 0 0 1 1
0.041944657515144 1 0 0 0 1 0 0 0 1 1 1 1 1 1 1 1 0 1 0 1 1
0.047373465494281 1 0 0 0 0 0 1 0 1 0 0 1 1 1 1 0 0 0 1 1 0
0.065241226600830 1 1 0 0 0 0 0 0 1 1 1 1 0 0 1 0 1 0 0 0 1
0.064119259570942 0 0 1 0 1 0 0 0 0 1 1 1 1 1 1 1 0 1 0 1 1
0.137453186195170 1 0 1 0 1 0 1 1 1 1 1 1 1 1 1 1 0 0 0 0 1
0.101702072827670 1 0 1 0 0 1 0 1 0 1 1 1 1 1 0 0 0 1 1 0 0
0.048897973242797 0 0 1 0 0 0 0 0 0 0 1 0 0 0 0 0 1 1 0 0 0
0.076348859691365 0 1 0 1 0 0 0 0 0 1 1 1 0 1 1 0 1 0 0 1 0
0.087454158952868 0 0 0 1 0 1 0 0 0 0 0 0 1 1 1 0 0 1 0 0 1
0.051740074762438 0 1 0 0 0 0 1 0 0 0 1 1 1 0 1 1 0 0 1 1 0
0.063059619765117 1 1 0 0 0 0 0 0 1 1 1 1 1 0 1 1 0 1 0 1 1
0.061971598945841 1 0 0 0 0 0 1 1 0 0 1 1 0 1 1 1 1 0 0 0 1
0.079967973863519 1 1 0 0 0 0 0 1 0 1 1 1 0 0 1 1 0 0 0 1 0
0.073864548575382 0 0 0 1 0 0 1 0 0 0 0 1 1 1 1 0 0 1 1 0 1
0.107882005438929 1 0 0 1 0 1 0 0 0 1 1 1 1 0 0 1 1 0 0 1 0
0.196530415688222 1 0 1 1 0 1 0 1 1 1 1 1 1 1 1 0 0 1 1 0 0
0.158211568928609 1 1 1 0 0 1 1 1 1 1 1 1 1 1 0 0 1 0 0 0 1
0.067583606524689 1 0 0 0 0 0 1 0 1 0 0 0 0 1 1 1 0 0 0 0 1
0.101401323103331 0 1 0 1 0 0 0 1 0 0 1 1 1 0 1 1 0 0 0 1 1
0.032043316144318 0 1 0 0 0 0 0 0 0 0 1 1 0 0 1 1 0 0 1 0 1
0.053563917903390 1 0 0 0 0 0 1 0 0 0 1 1 0 0 1 1 0 0 1 0 1
0.047689941513428 0 0 0 1 0 0 0 0 0 0 0 0 1 1 0 0 1 1 0 0 1
0.107854881848766 0 0 0 1 1 0 0 0 1 0 0 1 1 1 1 1 1 0 0 0 1
0.036488237139546 0 1 0 0 0 0 0 0 0 1 1 1 0 0 1 1 1 0 0 1 1
0.052905069301767 0 1 0 0 0 0 1 0 0 1 1 0 1 1 1 1 1 0 0 1 1
0.065957487709502 1 1 0 0 0 0 0 1 1 1 1 1 1 1 0 0 0 1 1 0 0
0.042108926861441 0 1 0 0 0 1 0 0 0 1 1 1 1 1 1 1 1 0 0 1 1
0.045431837772743 0 1 0 0 0 0 0 1 0 1 0 0 1 1 1 1 0 0 0 1 1
0.059574109319255 0 1 0 0 1 0 0 0 0 1 1 0 1 1 1 1 0 0 0 1 1
0.066151245616335 0 0 0 0 0 0 1 0 0 0 0 1 0 0 1 1 0 0 1 1 1
0.124142194702844 1 0 0 1 0 1 1 0 0 1 1 1 1 1 1 0 1 0 0 0 1
0.066593058702232 0 0 0 1 0 0 0 1 0 0 0 0 1 1 1 0 0 1 0 0 1
0.094634214086861 0 0 1 1 0 0 0 0 1 1 1 1 0 1 1 1 0 0 1 0 1
0.074294464578401 0 0 1 0 1 0 0 0 0 0 1 1 1 1 0 1 1 0 0 1 1
0.043338380104995 1 0 0 0 1 0 0 0 0 1 1 1 1 1 0 0 1 0 1 1 0
0.047973828395006 1 0 0 0 1 0 0 0 1 0 1 1 1 1 1 0 1 0 1 0 1
0.032426821863390 1 0 0 0 0 0 0 0 0 1 0 1 0 0 1 1 0 0 1 0 1
0.069651738459931 1 0 0 1 0 0 0 1 0 1 1 1 0 1 1 1 0 0 0 1 1
0.032531337972180 1 0 0 0 0 0 1 0 0 0 1 1 0 1 1 1 0 0 0 1 1
0.065127115106933 1 0 0 0 1 0 0 0 0 1 1 0 1 1 0 0 1 0 1 0 0
0.042720310792748 1 0 0 0 0 0 1 0 1 0 0 1 1 1 1 0 1 0 0 1 1
0.071330951688782 1 0 0 1 0 0 0 1 0 1 1 1 1 1 0 1 0 1 1 0 1
0.025628632141772 1 0 0 0 0 0 0 0 0 0 1 0 1 1 0 0 0 0 1 1 0
0.053664938458305 1 0 0 0 1 0 0 0 0 0 1 1 1 1 1 0 0 0 1 1 0
0.079850045090836 1 0 1 0 0 0 0 1 1 1 1 1 1 0 1 0 1 1 1 0 0
0.105422134369464 1 0 1 0 0 1 1 0 1 1 1 1 1 1 1 0 0 1 0 0 1
0.049265373062495 0 1 0 0 0 0 0 0 0 1 1 1 0 0 0 1 1 0 1 0 1
0.048063707290592 1 0 0 1 0 0 0 0 1 1 1 1 1 1 0 0 1 0 1 1 0
0.054745961632175 1 0 1 0 0 0 0 0 1 1 1 1 1 0 0 1 0 1 0 0 1
0.047813215953369 1 0 1 0 0 0 0 0 1 1 1 1 1 1 0 0 1 1 0 0 1
0.079535356426507 1 0 1 0 0 0 0 1 1 0 1 1 1 1 0 0 1 0 1 1 0
0.036478928879180 1 0 0 0 0 0 0 1 1 0 0 1 1 1 1 0 1 0 1 0 1
0.043883032927578 0 0 0 1 0 0 0 0 0 0 0 1 1 0 1 0 1 0 1 0 1
0.074872445249627 0 0 0 1 0 0 0 0 1 0 0 0 1 0 1 0 1 0 1 1 0
0.059697291169830 0 0 1 0 0 0 0 0 1 1 0 1 0 1 1 1 1 0 0 1 1
0.080103736726743 0 1 1 0 0 0 0 0 0 1 1 0 1 1 0 0 1 0 0 0 1
0.074731620494868 0 0 0 0 0 1 0 0 0 1 0 0 0 0 1 0 1 0 1 1 0
0.157439599888577 0 0 1 0 0 1 0 0 0 0 1 0 0 0 0 0 1 1 0 0 0
0.134626757484044 0 0 1 1 0 1 0 0 0 1 1 1 1 1 1 1 0 0 1 0 1
0.041937459444494 1 0 0 0 0 1 0 0 0 1 1 1 1 1 0 1 0 0 1 1 0
0.081946937750254 1 1 0 0 0 1 0 1 1 1 1 1 1 1 0 1 0 0 1 1 0
0.037223346172417 1 0 0 0 0 1 0 0 0 1 1 1 1 1 1 0 0 1 1 1 0
0.108304520446641 0 1 0 0 0 1 0 0 1 1 0 0 1 1 1 1 1 0 0 1 1
0.046333853320034 0 1 0 0 0 1 0 0 0 1 1 1 1 1 1 0 1 0 1 0 1
0.047274954860074 0 1 0 0 0 0 1 0 0 1 0 1 1 1 1 0 1 0 0 1 1
0.042494045479377 1 0 0 0 0 1 0 0 0 1 1 1 1 1 0 0 1 0 1 1 0
0.033785230991731 1 0 0 0 0 0 0 0 1 0 1 0 1 1 0 1 0 0 1 1 0
0.244823586192008 1 1 1 0 1 1 1 1 1 1 1 1 1 1 0 1 0 0 1 0 0
0.092708024670016 1 0 1 0 0 0 1 1 1 0 1 1 1 1 1 0 1 0 0 0 1
0.060409407410546 1 0 0 0 0 1 0 0 1 0 1 0 1 1 1 0 0 0 1 1 0
0.068416236114988 1 1 0 0 0 0 0 1 1 1 0 1 1 1 0 1 0 0 1 0 1
0.132079160667235 0 0 0 0 0 1 1 0 0 0 0 0 1 0 1 0 1 0 0 0 1
0.097145834090825 0 0 0 0 0 1 0 1 0 0 0 1 0 1 1 1 0 1 0 1 1
0.055162006751357 1 0 0 0 0 1 0 1 0 0 1 1 1 1 1 0 0 0 1 1 0
0.085750928899234 1 0 1 0 0 1 0 1 1 1 1 1 1 1 1 0 0 0 1 1 0
0.059963445180060 0 1 0 0 0 0 0 0 0 1 1 1 0 0 1 1 0 0 1 1 1
0.030277975942750 0 1 0 0 0 0 0 0 0 1 1 1 1 1 1 0 1 1 0 1 1
0.036399818560348 1 0 0 0 0 0 0 0 0 1 1 0 0 0 1 1 1 0 0 0 1
0.050015208333124 1 0 0 0 0 0 0 1 0 1 1 1 0 0 1 1 1 0 1 0 1
0.081718997160166 1 0 0 0 0 1 1 0 0 1 1 1 0 1 1 1 1 0 0 0 1
0.140237876149471 1 0 0 0 1 1 1 0 0 1 1 1 1 1 1 0 0 1 1 0 0
0.073468819849922 1 0 0 0 1 0 0 0 1 0 1 0 0 1 1 1 0 0 0 0 1
0.076673290433713 1 0 1 0 0 0 0 0 1 1 1 1 0 0 0 1 1 0 0 0 1
0.092716950628777 0 0 0 0 1 0 1 0 0 1 0 1 1 1 1 1 1 0 0 1 1
0.073693625211719 0 1 0 1 0 0 0 0 0 1 1 1 1 0 1 1 1 0 0 1 1
0.064032828154955 1 0 0 0 0 1 0 0 0 1 0 1 0 1 1 0 0 0 1 1 0
0.083132744598842 0 0 1 0 1 0 0 0 0 1 1 0 1 1 0 1 1 0 0 0 1
0.065135590812813 0 0 1 0 0 0 0 1 0 0 0 1 1 1 1 0 1 0 1 1 1
0.092087404254990 0 1 1 0 0 0 0 0 1 0 1 1 1 0 0 0 1 0 0 1 0
0.043284600773553 0 0 1 0 0 0 0 0 0 0 1 0 1 0 1 0 0 1 0 1 0
0.065046848875218 1 1 0 0 0 0 0 1 1 0 1 1 1 1 0 0 0 0 1 1 0
