0.253765344619751 1 0 0 0 0 1 0 1 0 1 0 0 0 1 1 0 1 0 1 1 1
0.150255411863327 0 0 0 0 0 1 1 0 0 0 0 0 0 1 1 1 0 0 1 1 1
0.145698636770248 1 0 1 0 0 0 1 0 0 1 1 1 1 0 1 1 1 0 1 1 0
0.060273889452219 1 0 1 0 0 0 0 0 1 1 1 0 1 1 1 0 0 1 0 0 1
0.197931364178658 1 1 1 0 0 1 0 1 1 1 1 1 1 0 0 1 1 0 1 0 1
0.164244189858437 1 0 0 0 0 0 1 0 1 1 1 0 1 0 1 0 0 0 1 0 0
0.187141984701157 1 0 1 0 1 0 1 1 1 1 0 1 1 1 0 0 0 0 1 1 0
0.181810989975929 1 0 1 1 0 1 0 1 1 1 1 1 1 0 0 0 0 0 1 1 0
0.598290145397186 0 1 1 1 1 1 0 1 0 0 1 1 0 1 1 1 1 1 1 0 1
0.244039312005043 1 0 1 0 1 0 0 0 0 0 1 1 1 0 1 1 1 0 0 1 1
0.373915821313858 0 0 1 0 1 0 0 1 1 1 0 0 0 0 0 1 0 0 1 1 0
0.378176212310791 0 0 0 1 1 1 0 0 0 1 0 1 1 0 1 0 0 1 1 1 1
0.315119981765747 0 1 0 1 1 1 0 1 1 0 1 1 1 0 1 0 1 0 0 1 1
0.267204314470291 0 1 1 1 0 0 1 0 0 1 1 1 1 0 0 0 0 1 1 0 1
0.447953671216965 0 1 0 1 0 1 1 0 1 0 0 1 0 1 0 1 1 1 0 1 1
0.264833271503448 0 0 1 1 0 0 0 0 0 0 0 0 0 1 0 1 0 0 0 1 1
0.281290203332901 1 1 1 0 0 0 0 1 1 1 1 0 1 1 0 1 1 1 1 0 0
0.420266449451447 1 0 1 1 1 0 0 0 0 1 1 1 0 0 1 0 1 1 0 1 1
0.555651247501373 1 1 1 1 1 1 0 0 1 1 0 1 1 1 0 1 1 1 1 0 1
0.495356976985931 0 0 1 1 1 0 1 0 1 1 1 0 0 0 1 1 1 1 1 0 1
0.548127532005310 0 0 1 1 1 0 1 1 0 0 0 1 0 1 1 0 0 1 1 1 1
0.520246684551239 0 0 1 1 1 0 1 0 0 0 1 0 0 0 0 1 1 0 0 1 1
0.600757360458374 1 1 0 1 0 0 0 0 0 0 0 1 0 0 1 1 1 1 1 1 1
0.263725131750107 0 0 0 0 1 0 0 1 0 1 1 1 1 0 0 1 1 1 1 1 1
0.355802208185196 0 0 0 1 1 1 1 0 1 1 0 1 1 0 1 1 0 0 0 1 1
0.288927737420286 0 0 1 0 0 1 1 0 1 1 0 1 1 1 0 0 0 1 0 1 1
0.235838517104276 0 1 0 0 0 1 1 1 0 0 0 0 1 0 1 1 0 0 0 0 1 x
0.207764044910016 1 0 1 0 1 1 1 0 1 0 1 1 1 0 1 1 0 0 0 0 0 x
0.113025426443648 0 0 0 0 0 0 1 0 0 0 1 0 1 0 1 1 0 1 0 1 0 x
0.132908941625310 0 0 0 0 0 1 1 0 0 0 1 0 1 1 1 1 0 0 1 0 0 x
0.158645007451451 1 0 1 0 0 0 1 0 1 0 0 1 1 1 1 1 0 0 1 0 0 x
0.338403270817452 0 0 1 0 0 1 1 1 1 1 1 1 0 1 0 0 0 1 0 1 0 x
0.360888504950578 0 0 1 0 1 1 1 1 0 0 1 0 1 1 0 0 0 1 0 1 0 x
0.287591531532262 1 0 0 0 1 0 1 0 1 1 0 0 1 0 0 1 0 0 0 1 1 x
0.225147213250378 1 0 1 0 0 1 1 1 1 1 1 0 1 0 0 1 0 1 1 0 0 x
0.248595629336127 1 0 1 0 0 1 0 0 0 1 0 0 1 0 1 0 0 0 1 0 1 x
0.186462028573637 1 0 0 0 0 1 1 1 0 1 1 1 1 1 0 0 0 0 0 1 0 x
0.176518183533038 1 0 0 1 0 0 1 0 0 0 1 0 1 1 1 1 0 1 0 1 0 x
0.076427642289423 1 0 0 0 0 0 0 1 1 1 1 0 1 0 1 1 1 1 0 0 0 x
0.241370011963090 0 0 0 0 0 1 1 1 0 1 1 1 1 1 1 1 1 1 0 1 1 x
0.310998590928951 0 0 1 0 0 0 1 1 1 1 1 1 1 1 0 0 1 0 1 1 1 x
0.107260339919065 1 0 0 0 0 1 1 0 0 1 0 0 1 1 1 0 0 0 0 1 0 x
0.113317693259948 1 0 1 0 0 0 0 0 1 0 1 0 0 1 1 1 0 0 0 0 0 x
0.074998147158077 1 1 0 0 0 0 0 1 1 1 1 1 1 0 1 0 0 1 0 1 1 x
0.184384224326281 1 0 0 0 1 0 0 0 1 1 1 0 1 1 1 0 0 0 0 0 0 x
0.115639501053764 0 0 1 0 0 1 0 1 0 1 1 0 1 1 1 1 0 0 0 1 0 x
0.269238835944071 1 0 1 1 0 1 0 0 1 0 1 1 1 0 1 1 1 0 0 0 1 x
0.326439917801365 1 1 1 0 0 0 0 1 0 1 1 0 1 0 1 0 1 1 0 1 1 x
0.069944625277240 1 0 0 0 0 0 0 0 1 0 1 1 1 0 1 1 0 1 1 0 0 x
0.089621662479437 0 1 0 0 0 0 1 0 1 1 1 1 1 0 1 1 0 1 0 1 0 x
0.113328665434194 1 1 0 0 0 0 0 1 1 1 1 1 1 1 1 0 0 0 0 1 0 x
0.260120435665600 0 0 0 0 0 0 0 0 0 0 1 0 1 1 1 0 0 1 0 1 0 x
0.092726689164440 1 0 0 0 0 0 0 1 1 1 0 0 1 1 1 1 1 1 0 1 1 x
0.296395837775650 1 0 0 0 0 0 1 0 1 0 0 1 1 0 0 0 0 0 0 0 0 x
0.099293022891236 1 0 0 1 0 0 0 1 1 1 1 0 1 1 1 0 0 0 0 1 0 x
0.121146581222758 1 0 0 0 0 1 0 1 1 1 0 0 1 1 1 1 0 0 0 1 1 x
0.070390953375068 1 0 0 0 0 0 1 0 0 1 0 0 1 1 1 1 0 1 0 1 1 x
0.118348845334680 1 0 1 1 0 0 0 1 1 1 1 1 1 0 1 0 0 1 0 1 0 x
0.302850590016083 1 1 1 1 0 1 1 0 1 1 1 1 1 0 1 0 0 1 1 0 0 x
0.207364286653433 0 1 0 0 1 0 0 1 1 1 1 1 1 0 0 0 0 1 0 1 0 x
0.177118647556692 1 0 1 1 0 0 0 1 0 1 1 0 1 1 0 0 0 1 0 1 0 x
0.131402010677000 0 1 1 0 0 1 0 1 1 1 1 1 1 0 1 0 0 1 0 1 0 x
0.248227557936195 0 0 0 0 0 0 1 1 1 1 0 0 1 1 1 1 0 0 0 1 0 x
0.097788163988842 1 0 0 0 0 0 0 0 1 1 1 1 1 0 1 0 1 1 1 1 1 x
0.143224189272198 1 0 1 0 0 1 0 0 1 1 1 1 1 1 1 1 0 1 1 1 0 x
0.065706284783302 1 0 1 0 0 0 0 1 1 1 1 1 1 0 1 1 0 0 0 1 1 x
0.135527257374143 0 0 1 0 0 1 0 1 0 1 1 1 1 0 1 1 0 0 1 1 0 x
0.103558881125644 1 0 1 0 0 0 1 0 1 1 1 1 1 0 1 1 0 1 0 1 1 x
0.126182080886061 1 0 1 0 0 0 0 1 1 1 0 0 1 1 1 0 1 0 0 1 1 x
0.114079692447076 0 1 1 0 0 0 0 1 0 1 1 1 1 0 0 1 0 0 0 1 1 x
0.136610715360764 1 0 0 0 0 0 0 1 1 1 1 0 1 1 0 1 0 0 0 1 0 x
0.172683778093951 1 0 1 0 0 0 0 1 0 0 1 0 1 1 1 1 0 1 0 1 1 x
0.233279416920380 0 0 0 0 0 0 0 0 1 1 1 0 1 0 1 1 0 1 0 0 1 x
0.115159732297537 0 1 1 0 0 0 0 0 1 0 1 1 1 0 1 1 0 1 0 1 1 x
0.095378228602383 1 0 0 0 0 0 0 1 1 1 1 1 1 0 1 1 1 1 0 1 1 x
0.184898543319819 0 0 0 0 0 0 1 0 0 1 1 0 1 0 0 1 0 0 1 1 0 x
0.088554187721751 0 1 1 0 0 0 0 1 1 1 1 1 1 0 1 1 0 0 0 1 0 x
0.245280136560246 1 0 1 1 0 0 1 0 1 1 1 0 1 1 1 0 0 1 1 1 0 x
0.108751413651751 1 0 0 0 0 1 1 0 0 1 1 0 1 1 1 1 0 1 0 0 0 x
0.210557124808484 1 0 1 0 0 0 1 1 0 1 1 0 1 0 1 1 0 1 0 1 1 x
0.126061138550400 0 1 1 0 0 0 1 0 0 1 1 1 1 1 1 1 0 0 0 1 0 x
0.119993179685329 1 0 0 0 0 0 0 1 0 1 0 1 1 0 1 1 1 0 0 0 0 x
0.188225640944776 1 0 1 0 0 0 0 0 0 1 0 0 1 1 1 1 0 1 0 0 0 x
0.080415126060590 1 0 0 0 0 0 0 0 0 1 0 0 1 1 1 1 0 0 1 1 0 x
0.057350316162890 1 0 0 0 0 0 0 0 1 1 0 1 1 0 1 0 0 1 0 1 0 x
0.162173412864212 0 1 1 1 0 0 0 0 1 1 1 0 1 1 0 0 0 0 0 1 0 x
0.122602852034251 1 0 0 0 0 0 0 0 0 0 1 0 1 1 1 1 0 0 0 1 0 x
0.164308055271107 1 0 0 0 0 0 1 1 1 1 0 0 1 1 1 1 0 1 1 1 0 x
0.202660246112769 1 1 1 0 0 0 0 1 1 1 1 0 1 1 1 1 0 0 0 1 0 x
0.175023829736817 1 0 0 0 0 0 0 1 1 0 1 0 1 0 1 1 1 1 1 1 1 x
0.095634343980793 1 0 0 1 0 0 0 0 0 1 0 0 1 0 1 1 0 0 0 1 0 x
0.078655230594536 1 0 0 0 0 0 0 0 1 1 1 0 0 0 1 0 0 1 0 1 0 x
0.107392556338035 1 0 0 0 0 0 0 0 1 1 1 0 1 1 1 0 1 1 0 0 0 x
0.194716849990749 1 0 0 0 1 0 1 1 0 1 0 0 1 0 1 1 1 0 0 1 0 x
0.151568539953875 0 1 1 0 0 0 1 1 1 1 1 0 1 0 1 1 0 0 0 0 1 x
0.103214067582719 0 1 0 1 0 0 0 1 1 1 1 1 1 0 1 1 0 1 1 0 0 x
0.095947609233717 0 1 0 0 0 0 0 1 1 1 0 0 1 0 1 1 1 1 0 0 0 x
0.085880559374845 0 0 1 0 0 0 1 0 0 0 0 0 1 1 1 1 0 0 1 1 0 x
0.149196690645239 0 1 1 0 0 0 0 0 1 1 0 1 1 1 1 1 0 1 1 1 1 x
0.179274594538667 0 1 1 0 0 0 0 1 0 1 0 0 1 0 0 1 1 0 0 1 0 x
0.104251058765113 0 1 0 0 0 0 0 0 1 1 1 1 1 0 1 1 0 0 0 1 1 x
0.100515449987833 0 1 0 0 0 0 0 1 1 0 1 0 1 0 1 1 0 0 0 1 0 x
0.125130778557110 0 1 1 0 0 0 1 0 1 0 1 1 1 0 1 1 0 0 0 1 1 x
0.057436450084407 1 0 0 0 0 0 0 0 1 1 1 1 0 1 1 1 0 0 0 1 1 x
0.047231986741088 1 0 0 0 0 0 1 0 0 1 0 1 1 0 1 1 0 0 1 1 0 x
0.330461712425228 0 1 0 0 0 0 0 1 1 1 0 1 1 0 0 0 0 0 0 0 1 x
0.070672588417326 1 0 0 1 0 0 0 0 1 1 0 1 1 0 1 1 0 0 0 1 0 x
0.093241496916054 0 1 0 0 1 0 0 0 1 1 1 1 1 0 1 1 0 0 0 1 0 x
0.076175566872436 1 1 0 0 0 0 0 0 1 1 1 0 1 0 1 1 0 0 0 1 1 x
0.087837430603542 1 1 0 0 0 0 1 0 1 1 1 1 1 0 1 0 0 1 0 1 1 x
0.103378540939384 1 0 1 0 0 0 0 0 1 1 1 1 1 0 0 0 0 1 0 1 1 x
0.202523579743526 0 1 0 0 1 0 1 0 1 1 1 1 1 0 1 0 0 1 0 1 1 x
0.047154435028542 1 0 1 0 0 0 0 0 1 1 1 1 1 1 0 1 0 0 0 1 1 x
0.112795856727291 1 0 1 0 0 0 0 0 1 1 1 1 1 1 1 0 0 0 0 1 0 x
0.123443621706749 0 0 0 1 0 0 1 0 0 1 0 1 1 0 1 1 0 0 0 1 0 x
0.106852523698754 0 0 1 1 0 0 0 0 0 1 1 1 1 1 1 1 0 0 0 1 0 x
0.074833692308989 0 1 0 0 0 0 0 0 1 1 1 1 1 0 1 1 0 1 0 1 0 x
0.148178247521637 0 1 1 1 0 0 0 1 1 1 1 1 1 0 1 1 0 0 0 1 0 x
0.150324426273743 1 0 1 0 0 0 0 1 1 1 1 1 0 1 0 0 0 1 0 1 1 x
0.107600836977282 0 0 1 0 0 0 0 0 0 1 1 1 1 1 0 1 0 0 0 1 1 x
0.109092357128518 1 1 0 0 1 0 0 1 1 1 1 1 1 0 1 1 0 0 0 1 0 x
0.137897979864375 1 0 1 0 0 0 1 0 0 0 1 1 1 0 0 1 0 0 0 1 1 x
0.066821530857488 1 0 0 0 0 0 0 0 1 1 0 1 1 0 1 0 1 0 0 1 0 x
0.071022481784272 1 0 0 1 0 0 0 0 0 1 1 1 1 0 0 1 0 0 0 1 0 x
0.073555493183244 1 0 0 0 0 0 1 0 0 1 0 1 1 1 0 1 0 0 0 1 0 x
0.084265547113449 1 0 0 0 0 0 0 0 1 1 0 1 1 0 1 1 0 0 0 1 0 x
0.094873090240057 0 1 0 0 1 0 0 0 1 1 1 1 1 0 1 1 1 0 1 1 0 x
0.075231724612432 1 0 0 1 0 0 0 0 1 1 1 1 0 0 1 1 0 1 0 1 0 x
0.072810271240199 0 1 0 0 0 0 0 0 1 1 1 1 0 0 1 1 1 0 0 1 0 x
0.076152499284977 1 1 0 0 0 0 0 0 1 1 1 1 1 0 1 0 1 1 0 1 0 x
0.058600579653245 1 0 0 0 0 0 1 0 0 1 0 1 0 1 1 1 0 0 0 1 0 x
0.157233218078475 0 1 0 1 0 0 0 1 1 1 0 1 1 0 1 0 0 0 0 1 0 x
0.070095891341180 1 0 1 0 0 0 0 0 1 0 1 1 1 1 1 1 0 0 0 1 1 x
0.097614561813451 0 1 1 0 0 0 0 0 0 0 1 1 1 1 0 1 0 0 0 1 0 x
0.084782229319968 0 1 0 0 0 0 1 0 1 1 1 1 1 0 1 1 1 0 0 1 0 x
0.196460679609847 1 1 1 0 1 0 0 1 1 1 1 1 1 0 1 0 0 1 0 1 0 x
0.100571906265361 1 0 1 0 0 0 0 0 1 1 1 1 1 1 1 1 1 0 0 0 1 x
0.075577153558987 1 0 1 0 0 0 0 0 0 1 1 1 1 0 0 1 1 0 0 1 0 x
0.064217962320322 1 0 0 1 0 0 0 0 1 1 1 1 1 0 1 0 0 1 0 0 1 x
0.080958486876297 1 0 0 0 1 0 0 0 0 1 1 1 1 0 0 1 0 0 0 1 0 x
0.046755261582151 1 0 1 0 0 0 0 0 0 1 1 1 1 1 0 1 0 0 0 1 1 x
0.146827725961056 1 0 0 0 0 0 0 0 0 1 1 1 1 1 0 1 0 0 0 0 1 x
0.078820438030731 1 0 0 0 0 0 0 0 1 1 0 1 0 0 1 1 1 1 0 0 0 x
0.098528682834327 1 1 0 0 0 0 0 0 1 1 1 1 0 0 1 1 0 1 0 0 0 x
0.129629921588449 1 0 1 0 1 0 0 0 0 1 1 1 1 1 0 1 0 0 0 1 0 x
0.094390530983785 0 1 0 0 0 0 0 0 1 1 1 1 1 1 1 1 1 0 0 1 0 x
0.097625510798993 1 0 1 0 0 0 1 0 0 1 0 1 1 1 0 1 0 0 0 1 0 x
0.096673025120572 1 0 0 1 0 0 0 0 1 1 0 1 1 0 1 0 1 1 0 1 0 x
0.122954019528362 0 0 1 0 0 0 0 0 0 1 1 1 1 1 1 1 1 0 0 1 0 x
0.098646321678400 1 0 0 1 0 0 0 0 1 1 1 1 1 0 1 1 0 1 0 0 0 x
0.039826562008181 1 0 0 0 0 0 0 0 0 1 1 1 0 0 0 1 0 0 1 1 0 x
0.063124538522171 0 0 1 0 0 0 0 0 0 0 1 1 1 1 0 1 0 0 1 1 0 x
0.239915507025973 0 0 1 1 0 0 0 0 1 1 1 0 1 0 1 0 0 0 0 0 0 x
0.116224744037866 0 1 0 1 0 0 0 0 0 1 1 0 1 1 1 1 0 1 0 1 0 x
0.035471549969710 1 0 0 0 0 0 0 0 1 0 1 1 0 0 1 1 0 0 1 1 0 x
0.126347079884243 1 1 0 0 0 0 0 0 1 1 1 0 0 0 1 1 1 0 0 1 0 x
0.081425871027820 0 1 0 0 0 0 0 0 1 0 1 1 0 0 1 1 0 0 1 0 0 x
0.072415089526197 1 0 0 1 0 0 0 0 0 1 0 1 1 0 1 0 0 0 0 1 0 x
0.038889388087748 1 0 0 0 0 0 0 0 1 1 1 0 0 1 1 1 0 1 0 0 1 x
0.103201980046331 1 0 0 0 0 0 0 0 1 1 1 1 0 0 1 1 0 0 1 0 0 x
0.108095542264833 1 1 0 0 0 0 0 0 1 1 1 0 1 0 1 0 0 1 0 1 1 x
0.079672747802350 0 1 0 0 1 0 0 0 1 0 1 1 1 0 1 1 0 0 1 1 0 x
0.137351085808063 0 0 1 0 0 0 0 0 1 0 1 0 1 1 1 1 1 1 0 0 0 x
0.055060644575218 0 1 0 0 0 0 0 0 0 1 1 1 1 0 1 1 0 0 1 1 0 x
0.152521016072614 0 0 0 0 0 0 0 0 0 0 1 1 0 0 1 1 0 1 1 1 0 x
0.042685917238195 1 0 0 0 0 0 0 0 1 0 1 0 0 1 1 1 0 1 0 0 1 x
0.077973709864132 1 0 0 1 0 0 0 0 0 1 1 1 1 1 1 1 0 0 1 1 0 x
0.098851124604018 0 1 1 0 0 0 0 0 1 0 1 1 1 0 0 1 0 0 1 1 0 x
0.117764276277447 1 0 1 0 0 0 0 0 1 1 1 1 0 0 0 1 1 0 0 1 1 x
0.075138413777426 1 1 0 0 0 0 0 0 0 1 1 1 1 0 0 1 0 0 1 1 0 x
0.066036255318049 1 0 0 0 0 0 0 0 0 1 1 1 1 0 1 1 0 1 0 1 0 x
0.058755437250483 1 0 0 0 0 0 0 0 0 1 0 0 0 1 0 1 0 1 0 1 0 x
0.064666057063894 1 0 0 1 0 0 0 0 1 1 0 1 1 1 1 0 0 1 0 1 1 x
0.056366820063200 1 0 0 0 0 0 0 0 1 0 0 1 0 0 1 1 0 1 0 1 0 x
0.069013818045093 0 1 0 0 0 0 0 0 0 1 1 0 0 1 1 1 0 0 0 1 0 x
0.081218859645421 0 1 0 0 1 0 0 0 0 1 1 1 1 0 0 1 0 0 1 1 0 x
0.112203479301467 1 1 0 0 0 0 0 0 1 1 1 1 0 0 1 1 0 0 1 1 1 x
0.051161300668497 1 0 0 0 0 0 0 0 0 1 0 1 1 0 0 1 1 0 1 1 0 x
0.197540649062227 0 0 0 0 0 0 0 0 0 1 0 0 0 1 1 1 0 1 0 1 0 x
0.127633628991549 1 0 0 1 0 0 0 0 1 1 1 1 0 0 1 0 0 0 0 1 0 x
0.105426090807138 1 0 1 0 0 0 0 0 1 0 1 1 0 1 1 1 0 1 0 0 1 x
0.056233274467667 1 0 0 0 0 0 0 0 1 0 1 0 0 0 1 1 0 1 0 0 0 x
0.102426044872639 0 1 0 0 0 0 0 0 1 1 1 0 0 1 1 1 0 1 0 0 0 x
0.077607761134494 1 0 0 1 0 0 0 0 1 1 0 0 1 1 1 0 0 1 0 0 1 x
0.060994765466627 1 0 0 0 1 0 0 0 0 1 1 1 0 1 0 1 0 0 1 1 0 x
0.022582062296826 1 0 0 0 0 0 0 0 0 1 1 0 0 1 1 1 0 0 0 1 1 x
0.093832080004650 1 0 0 0 1 0 0 1 1 1 1 1 1 0 1 0 1 1 0 1 0 x
0.068648497215152 0 0 0 1 0 0 0 0 0 0 1 1 1 0 1 1 0 0 1 1 0 x
0.044439072722232 1 0 0 0 0 0 0 0 0 1 1 0 0 1 0 1 1 0 0 1 0 x
0.131900829011325 1 0 0 1 0 0 0 0 1 1 1 0 1 0 1 0 0 1 0 1 1 x
0.106669963768649 1 1 0 0 0 0 0 0 1 1 1 0 1 1 1 1 0 1 0 0 1 x
0.081995241958829 1 0 0 1 0 0 0 0 0 1 1 0 0 1 1 1 0 0 0 1 0 x
0.120373272252611 0 0 0 1 0 0 0 0 0 0 1 0 1 1 1 1 0 0 0 1 0 x
0.062348503059470 1 0 0 0 0 0 0 0 1 1 1 0 0 1 1 0 0 1 0 0 1 x
0.095684319431165 1 0 0 0 0 0 0 0 1 1 1 0 0 1 1 1 1 1 0 0 0 x
0.107206103103990 1 0 0 0 0 0 1 0 0 1 1 0 0 1 0 1 0 0 0 1 1 x
0.064512069259307 1 0 0 1 0 0 0 1 1 1 1 1 1 1 1 0 0 1 0 0 1 x
0.051448804796287 0 0 1 0 0 0 0 0 1 0 1 0 1 1 1 1 0 0 1 1 1 x
0.089220689529459 1 0 1 0 0 0 0 0 1 1 1 0 0 1 1 1 0 0 0 1 1 x
0.060820665023558 1 0 1 0 0 0 0 1 1 1 1 1 1 1 1 0 0 1 0 0 1 x
0.040363216914725 0 0 1 0 0 0 0 0 0 0 1 0 1 1 1 1 0 0 0 1 1 x
0.108543457744775 1 0 0 0 0 0 0 1 1 1 1 1 0 0 0 1 1 1 0 1 0 x
0.141818479118504 0 0 1 1 0 0 0 1 1 0 1 1 1 0 1 1 0 0 1 1 0 x
0.059353468175263 0 1 0 1 0 0 0 0 0 1 1 1 1 1 0 1 0 0 1 1 0 x
0.123094899357139 0 1 1 0 0 1 0 0 0 1 1 1 1 1 0 1 0 0 1 1 0 x
0.086764682828165 0 1 0 1 0 0 0 0 0 1 1 1 1 0 0 1 0 0 0 1 0 x
0.137807122742997 1 0 1 0 0 0 0 0 1 0 1 1 0 0 0 1 0 0 1 1 0 x
0.051740074762438 0 1 0 0 0 0 1 0 0 0 1 1 1 0 1 1 0 0 1 1 0 x
0.054543572523973 0 0 1 0 0 0 1 0 0 0 1 1 1 1 1 1 0 0 1 1 1 x
0.115279901611497 0 0 0 0 0 0 1 0 0 0 1 1 1 0 1 1 1 0 1 1 0 x
0.143340530874275 1 0 0 1 0 0 1 1 1 1 0 1 1 0 1 0 0 1 0 0 0 x
0.110285424037161 0 0 1 0 0 0 0 1 1 0 1 0 1 1 1 1 0 0 0 0 1 x
0.058684984373868 1 0 0 0 0 0 1 0 0 0 1 1 0 0 1 1 0 0 1 1 0 x
0.058858860081157 1 0 1 0 0 0 0 1 1 1 1 1 1 1 0 1 1 0 0 1 1 x
0.057044229449332 0 1 0 0 0 0 1 0 0 1 1 0 1 1 1 1 0 0 1 1 0 x
0.087034734190388 0 1 0 1 0 0 0 0 1 0 1 1 1 0 1 1 0 0 1 1 0 x
0.050654650876491 0 1 0 0 0 0 0 0 1 0 1 0 0 1 1 1 0 0 1 1 0 x
0.036839225335191 1 0 0 0 0 0 0 0 0 0 1 1 0 1 0 1 0 0 1 1 0 x
0.046346618705638 1 0 0 0 0 0 1 0 0 1 0 1 1 1 1 0 0 1 1 1 0 x
0.056923347975993 1 0 0 0 0 0 1 0 0 1 0 1 1 0 1 0 1 1 0 1 0 x
0.104255748159256 1 0 0 0 0 0 0 0 1 0 1 0 0 1 1 1 0 1 1 1 1 x
0.048232235638330 1 0 0 0 0 0 0 0 0 0 1 1 0 0 1 1 0 0 0 1 0 x
0.080416095911299 1 0 0 0 0 1 0 0 0 1 1 1 0 1 0 1 0 0 0 1 0 x
0.154872613865831 0 1 0 0 0 1 0 0 1 1 1 0 0 0 1 1 0 0 0 1 0 x
0.096353902753201 0 1 1 0 0 0 0 0 1 1 1 1 1 0 1 0 1 1 0 0 0 x
0.199191759676422 0 1 1 0 0 0 0 0 0 0 1 0 1 1 0 1 0 0 1 1 1 x
0.085940958995062 1 0 0 0 0 0 0 0 0 1 1 1 1 1 1 0 0 0 0 1 1 x
0.144887994541829 1 1 1 0 0 0 0 0 1 1 1 1 1 0 0 1 0 0 0 1 1 x
0.057845852548945 0 0 1 0 0 0 0 0 1 0 1 0 0 1 1 1 0 0 0 1 1 x
0.080486154332721 0 0 0 1 0 0 0 0 0 0 1 1 1 1 0 1 0 0 1 1 0 x
0.064781087145123 0 1 0 0 0 0 0 0 0 0 1 1 0 1 0 1 1 0 1 1 0 x
0.054380786458215 1 0 0 0 0 0 0 0 0 1 0 1 0 0 1 0 0 0 0 1 0 x
0.101789467321076 0 0 1 0 0 1 0 0 0 0 1 0 1 1 1 1 0 0 1 1 1 x
0.127132983550584 1 0 1 0 0 1 0 0 1 1 0 1 1 0 1 0 0 0 0 0 1 x
0.050855473374086 0 1 0 0 0 0 0 0 0 0 1 1 1 1 0 1 0 1 1 1 0 x
0.022766431346641 1 0 0 0 0 0 0 0 0 1 0 1 1 1 1 1 0 0 1 1 1 x
0.097221865238520 0 1 0 0 0 0 0 0 0 0 1 0 1 0 1 1 0 1 1 0 0 x
0.099433705753895 1 1 0 0 0 1 0 0 1 1 1 1 1 0 1 1 0 0 1 1 0 x
0.175455077403039 0 1 1 0 0 1 0 0 1 1 1 1 1 0 1 1 1 1 0 0 0 x
0.054435979154520 1 1 0 0 0 0 0 0 1 1 1 1 1 0 1 0 0 1 1 0 1 x
0.106897005803489 1 0 0 0 1 0 0 0 0 1 0 1 1 0 1 0 0 1 1 1 0 x
0.117461546774631 1 0 1 0 0 0 0 0 0 1 0 1 1 1 0 1 0 0 1 1 1 x
0.066625703572638 0 1 0 0 0 0 1 0 0 0 1 1 0 1 0 1 0 0 1 1 0 x
0.062466858007785 1 0 0 0 0 0 0 0 0 1 0 0 0 0 1 1 0 1 0 0 1 x
0.054916563688278 0 1 0 0 0 0 0 1 0 1 1 1 1 1 0 1 1 0 1 1 0 x
0.100304170967270 1 1 0 0 0 0 0 1 1 1 0 1 1 0 1 0 1 1 0 0 0 x
0.093317747051929 0 1 0 0 0 0 1 0 0 1 1 0 1 0 1 1 1 1 0 0 0 x
0.071095338013641 1 0 0 1 0 0 0 1 0 1 0 1 1 1 1 1 0 0 0 1 1 x
0.109327300661885 0 0 1 0 0 0 1 0 1 0 1 0 1 1 1 1 0 1 0 1 1 x
0.085438189342057 0 1 0 0 0 0 1 0 0 1 1 1 1 1 0 1 1 1 1 1 0 x
0.055471598208251 1 0 0 0 0 0 0 0 0 1 0 1 0 1 0 1 1 0 0 1 0 x
0.031830773123249 1 0 0 0 0 0 1 0 0 1 1 1 1 1 1 1 0 0 1 1 1 x
0.035514519439200 1 0 0 0 0 0 0 0 1 1 0 1 1 0 1 0 1 1 0 0 1 x
0.036380982234600 1 0 0 0 0 0 1 0 0 1 0 1 1 1 1 0 0 1 1 0 1 x
0.036549601388116 1 0 0 0 0 0 0 0 1 0 0 1 1 0 1 0 0 1 1 0 1 x
0.104006670676580 1 0 0 0 0 0 0 1 1 1 0 1 1 0 1 0 0 1 1 0 1 x
0.108202350055257 0 0 1 0 0 0 0 0 0 0 1 1 1 0 1 1 0 0 0 1 0 x
0.041812697501446 1 0 0 0 0 0 1 0 0 1 1 1 1 1 0 1 0 1 1 1 0 x
0.101249930435203 1 1 0 0 0 0 0 0 1 1 1 1 1 0 1 0 0 0 0 0 1 x
0.135957574692493 1 0 0 0 0 1 1 0 1 0 0 1 1 1 1 0 0 1 1 0 1 x
0.101244806841770 1 0 1 0 0 1 0 1 1 1 1 1 1 1 0 1 1 0 0 1 0 x
0.068159534949669 0 1 0 0 0 0 0 1 0 1 1 1 1 0 0 1 1 1 0 1 0 x
0.063052559828188 1 0 0 0 0 0 0 1 0 1 1 0 0 1 1 1 0 0 0 1 0 x
0.117168663649688 0 1 1 0 0 0 0 0 1 0 1 1 1 1 1 0 0 0 1 0 0 x
0.089125946664291 1 0 0 1 0 0 0 1 0 1 0 1 1 1 0 1 0 1 0 1 0 x
0.112574436353009 1 0 1 1 0 0 0 1 1 1 1 1 1 1 0 1 0 0 0 1 1 x
0.043435192866844 1 0 0 0 0 0 0 0 0 0 0 1 0 1 1 0 0 1 0 0 1 x
0.025056811909334 1 0 0 0 0 0 0 0 0 0 1 1 1 0 1 0 0 1 1 0 1 x
0.087323015742959 1 0 1 0 0 0 0 0 1 0 1 1 1 0 1 0 1 1 0 0 1 x
0.031067453255852 1 0 0 0 0 0 0 0 0 0 1 1 0 0 1 1 0 0 1 0 1 x
0.107453137170316 1 0 0 0 1 0 0 0 1 0 1 1 0 0 1 0 0 1 0 0 1 x
0.062339127063601 1 0 0 0 0 0 0 0 0 0 0 1 0 0 1 0 0 1 1 0 0 x
0.023197307116350 1 0 0 0 0 0 0 0 0 0 1 1 1 0 1 1 0 0 1 1 1 x
0.048223744793550 0 1 0 0 0 0 0 0 1 0 1 1 1 0 0 1 1 0 1 1 0 x
0.060577876830910 0 1 0 0 0 0 0 0 1 0 1 1 1 0 1 0 1 1 1 0 0 x
0.078719714389114 0 1 0 0 0 0 0 0 0 0 1 1 1 0 0 1 1 0 1 0 0 x
0.049736351778464 1 0 0 0 0 0 1 0 0 0 1 1 1 0 1 1 0 1 1 0 1 x
0.035275069371098 1 0 0 0 0 0 0 0 0 1 0 1 1 0 0 0 1 1 0 1 0 x
0.048148777652575 0 1 0 0 0 0 1 0 0 0 1 1 1 1 1 1 0 1 1 0 1 x
0.026719694231339 0 1 0 0 0 0 0 0 0 0 1 1 1 1 1 1 0 0 1 1 1 x
0.069698159935914 0 1 0 0 1 0 0 0 0 1 1 1 1 0 0 1 1 0 0 1 0 x
0.055219965235229 0 1 0 0 0 0 0 0 1 0 1 1 1 0 1 1 1 1 1 0 1 x
0.041578814197874 0 1 0 0 0 0 0 0 1 0 1 0 1 1 1 1 0 0 1 0 1 x
0.089402370146109 0 0 0 1 0 0 0 0 0 0 1 1 1 1 1 1 0 0 1 0 1 x
0.029403468351912 1 0 0 0 0 0 0 0 0 1 1 1 0 0 1 0 1 1 0 0 1 x
0.054191803482120 1 0 0 0 0 0 0 0 0 1 0 0 0 0 1 0 1 1 0 0 0 x
0.133293480588896 1 0 0 0 0 0 1 0 0 1 1 1 0 0 1 0 0 1 0 0 0 x
0.052433467516197 1 0 0 0 0 0 0 0 0 1 0 1 1 1 1 0 1 1 1 0 1 x
0.045019296381168 1 0 0 0 0 0 0 0 0 1 0 1 0 1 1 1 0 1 0 1 1 x
0.089064171077649 1 0 0 0 0 0 0 0 0 0 0 1 0 0 1 0 1 1 0 0 1 x
0.060286518788407 1 0 0 0 0 0 0 0 0 1 1 0 1 0 1 1 1 1 0 0 1 x
0.053464311604461 0 1 0 0 0 0 0 0 1 0 1 0 0 1 1 1 1 0 0 0 1 x
0.069746999960170 0 1 0 0 0 0 1 0 0 0 1 0 0 1 1 1 0 0 1 0 1 x
0.077947318518005 0 1 0 0 0 0 0 1 1 1 1 0 1 1 1 1 1 0 1 0 1 x
0.052097685618745 1 0 0 0 0 0 1 0 0 0 0 1 1 1 1 1 0 0 1 1 1 x
0.121469440376119 0 1 1 0 0 0 0 1 1 1 1 1 1 0 0 0 1 0 0 1 0 x
0.050351982850717 0 1 0 0 0 0 0 0 1 0 1 0 0 1 0 1 1 0 0 1 0 x
0.085545798634690 0 1 0 0 0 0 1 0 1 0 1 0 0 1 1 1 0 0 0 1 0 x
0.048693391087625 0 1 0 0 0 0 0 1 0 0 1 1 1 1 1 1 0 0 1 0 1 x
0.064522457726633 0 1 0 0 0 0 0 0 1 1 1 0 1 0 1 1 1 1 0 1 0 x
0.102592233076681 0 1 0 0 0 0 0 1 1 0 1 0 0 0 1 1 1 0 0 0 0 x
0.042286697430362 0 1 0 0 0 0 0 0 1 0 1 1 0 1 1 1 0 0 1 0 1 x
0.079641975912558 0 1 0 0 0 0 0 0 0 0 0 1 1 1 1 1 0 0 1 0 1 x
0.070543344800418 0 1 0 0 0 0 0 1 1 0 1 1 1 1 1 1 0 0 1 1 1 x
0.073400494778965 1 0 0 0 1 0 0 0 0 1 1 1 0 0 0 1 1 0 0 1 0 x
0.066673364047251 0 1 0 0 0 0 0 0 1 1 1 1 1 0 0 1 1 1 1 0 0 x
0.037987975777605 1 0 0 0 0 0 0 0 0 1 0 0 0 1 1 1 0 0 0 0 1 x
0.072384022295130 0 0 0 1 0 0 1 0 0 0 1 1 1 1 1 1 0 0 1 1 0 x
0.037579324225194 0 1 0 0 0 0 0 0 0 1 1 1 1 0 1 0 1 1 1 0 1 x
0.083647997562571 0 1 0 0 0 0 0 0 1 1 1 1 0 0 1 0 1 1 0 0 1 x
0.039268647530034 0 1 0 0 0 0 0 0 0 0 1 1 1 1 1 0 0 1 1 0 1 x
0.040017988054794 0 1 0 0 0 0 0 0 0 1 1 1 1 1 1 1 0 1 1 0 1 x
0.051242249922311 0 1 0 0 0 0 0 1 0 1 1 1 1 1 1 0 1 1 1 0 1 x
0.031908124724513 1 0 0 0 0 0 0 0 0 1 0 1 1 1 1 0 0 1 1 0 1 x
0.050300197149051 0 1 0 0 0 0 1 0 0 1 1 1 1 1 1 0 1 0 1 0 1 x
0.063755306701433 0 1 0 0 0 0 0 0 0 0 1 1 0 1 0 1 0 0 0 1 0 x
0.087913339319408 1 0 1 0 0 0 0 1 1 1 1 1 1 0 0 0 1 1 0 0 0 x
0.055372852231780 0 1 0 0 0 0 1 0 0 1 1 1 1 1 1 0 0 1 1 0 1 x
0.026937696691187 1 0 0 0 0 0 0 0 0 0 1 1 0 1 1 0 0 0 1 0 1 x
0.039154599496327 0 1 0 0 0 0 0 0 0 1 1 1 0 1 1 0 1 0 1 0 1 x
0.048787919822669 0 1 0 0 1 0 0 0 0 1 1 1 1 1 1 0 1 0 1 0 1 x
0.054537978575168 0 1 0 1 0 0 0 0 0 1 1 1 1 1 1 0 0 0 1 0 1 x
0.037390720137013 1 0 0 0 0 0 0 0 0 1 1 1 1 0 0 0 1 0 1 1 0 x
0.064586145021729 1 0 0 0 1 0 0 0 0 1 1 1 1 0 0 0 1 1 1 0 0 x
0.055337159915850 0 1 0 0 0 0 0 0 0 1 1 1 1 1 0 0 1 0 1 1 0 x
0.031544977037462 1 0 0 0 0 0 0 0 0 1 1 1 1 1 0 1 0 0 1 1 1 x
0.046697889659642 1 0 0 0 0 0 1 0 0 1 0 1 1 1 0 0 1 0 1 1 0 x
0.124827079554407 1 0 0 0 0 1 1 0 0 1 1 1 1 0 0 1 1 0 1 1 0 x
0.037509143312169 1 0 0 0 0 0 0 0 0 1 0 1 1 1 0 0 0 0 1 1 0 x
0.088111231230932 0 1 0 0 1 0 0 0 0 1 1 1 1 0 1 0 1 1 0 0 0 x
0.058234141031148 0 1 0 0 0 0 0 1 0 1 1 0 0 1 1 1 1 0 0 0 1 x
0.088843057951445 0 0 0 0 0 0 1 0 0 0 1 0 1 1 1 1 0 0 1 1 1 x
0.088679562544596 1 0 1 0 0 0 0 0 1 0 1 1 1 0 1 0 0 1 1 0 1 x
0.071143960149349 1 1 0 0 0 0 1 0 0 1 1 1 1 1 0 0 0 0 1 1 0 x
0.140239494522802 0 0 1 0 0 1 1 0 1 0 1 1 1 1 1 1 0 0 1 1 0 x
0.063024036971230 1 0 0 0 0 1 0 0 0 1 1 0 0 1 1 1 0 1 0 0 1 x
0.019740938753710 1 0 0 0 0 0 0 0 0 1 1 1 0 1 1 1 0 0 1 1 1 x
0.046548919883391 1 0 0 0 1 0 0 0 0 1 1 1 1 0 1 0 1 0 1 0 1 x
0.043338380104995 1 0 0 0 1 0 0 0 0 1 1 1 1 1 0 0 1 0 1 1 0 x
0.047573286050560 1 0 0 0 1 0 0 0 0 1 1 1 1 0 1 0 1 1 0 0 1 x
0.058724462395123 1 1 0 0 0 0 0 0 1 1 1 1 1 0 0 1 0 1 0 1 0 x
0.045843827551060 1 0 0 0 0 0 0 0 1 1 1 0 0 0 1 1 1 0 0 0 1 x
0.081570831216542 1 1 0 0 0 0 0 0 1 1 0 1 1 0 1 0 0 1 0 1 0 x
0.099187842633370 0 1 0 1 0 0 0 1 0 1 1 1 1 1 1 0 1 0 1 0 0 x
0.058179142124035 0 1 0 0 0 0 0 0 1 0 1 1 1 1 0 1 0 0 1 1 0 x
0.122649334125638 1 1 0 0 1 0 0 0 1 1 1 1 1 0 0 0 1 0 1 1 0 x
0.051719470976385 0 1 0 0 1 0 0 0 0 1 1 1 1 1 1 1 0 0 1 0 1 x
0.052869035272250 1 0 0 0 0 0 0 0 0 0 0 1 0 1 1 0 0 0 1 1 0 x
0.050510027778973 0 0 1 0 0 0 0 0 0 0 1 0 0 1 1 1 0 0 0 0 1 x
0.081792704681740 0 1 1 0 0 0 0 0 0 1 1 1 0 1 1 0 0 0 0 0 1 x
0.069444559919815 1 0 1 0 0 0 0 0 0 1 1 1 1 1 0 0 1 0 0 0 1 x
0.067499457880184 0 1 1 0 0 0 0 1 0 1 1 1 1 1 1 0 0 0 1 0 1 x
0.061359215449906 0 0 1 0 0 0 0 0 0 1 1 0 0 1 1 1 1 0 0 0 1 x
0.094047341552497 0 1 1 0 0 0 0 0 1 1 1 0 0 1 1 0 1 0 0 0 1 x
0.121028860221382 1 0 1 0 0 1 1 0 0 1 1 1 1 1 1 0 0 1 0 0 1 x
0.032801351018758 0 0 1 0 0 0 0 0 0 0 1 1 1 1 1 1 0 0 1 1 1 x
0.048483247270181 0 1 0 0 0 0 0 0 0 1 1 0 0 1 0 1 1 0 0 1 0 x
0.085563277868444 0 1 1 0 0 0 0 1 0 1 1 1 1 1 1 0 1 0 0 0 1 x
0.162904653356930 0 1 0 1 1 0 0 1 0 1 1 1 1 1 1 1 0 0 0 1 0 x
0.126694076133311 1 0 0 1 0 1 0 1 1 1 1 1 1 0 1 1 0 1 0 1 0 x
0.056915549751718 1 0 0 1 0 0 0 0 0 1 0 1 1 1 1 0 0 0 1 0 1 x
0.095660439436363 0 1 0 0 1 0 0 0 1 1 1 0 0 1 1 1 1 0 0 0 1 x
0.046333853320034 0 1 0 0 0 1 0 0 0 1 1 1 1 1 1 0 1 0 1 0 1 x
0.081821292184155 0 1 0 0 0 1 1 0 0 1 1 1 1 1 1 1 0 0 1 0 1 x
0.037767807983033 0 1 0 0 0 0 0 0 0 1 1 0 1 1 1 0 1 0 1 0 1 x
0.057096293942462 0 1 0 0 0 0 0 0 0 1 1 1 1 1 1 0 1 0 1 0 1 x
0.111707523569866 0 1 0 0 0 1 1 0 0 1 1 0 1 1 1 0 1 0 1 0 0 x
0.067433857931654 0 1 0 0 0 1 0 0 0 0 1 1 0 1 1 0 0 0 1 0 1 x
0.174948749319762 1 1 0 0 1 1 0 0 0 1 1 1 1 1 1 0 0 0 1 0 1 x
0.133366619421504 0 1 0 0 0 1 0 1 0 1 1 1 1 0 0 0 1 1 1 0 0 x
0.081407312618922 0 1 0 0 0 1 0 0 0 1 1 0 0 1 1 0 1 0 0 0 1 x
0.121662161341688 0 1 0 1 0 1 0 1 0 1 1 1 1 1 1 0 0 0 1 0 1 x
0.047254298947010 0 1 0 0 0 1 0 0 0 0 1 1 1 1 1 1 0 0 1 1 1 x
0.147169559165198 0 1 0 0 1 1 0 0 0 1 1 1 1 0 1 0 1 0 1 0 1 x
0.099005712940641 1 1 0 0 0 1 0 0 1 1 1 1 1 0 1 0 1 1 0 0 1 x
0.102731706914596 1 0 0 0 0 1 0 0 1 0 1 0 0 0 1 1 0 0 0 1 0 x
0.142451189561214 0 1 0 1 0 0 1 0 0 1 1 0 1 1 1 0 1 0 1 0 1 x
0.085141039908024 0 1 0 0 1 0 0 0 0 1 1 1 0 1 0 0 1 0 1 0 0 x
0.098412997379574 1 0 1 0 0 1 0 1 0 1 1 1 1 1 0 1 0 0 0 1 1 x
0.125662736184068 0 1 0 0 0 1 0 0 1 1 1 0 1 1 1 0 1 1 1 0 1 x
0.068055093042435 0 1 0 0 0 1 0 0 0 1 1 1 1 1 0 1 1 0 0 1 0 x
0.072757877684103 1 0 0 0 1 0 0 1 0 1 1 1 0 1 1 0 1 0 0 0 1 x
0.110327482386740 0 1 0 1 0 0 0 0 0 0 1 1 1 1 1 0 0 1 1 0 0 x
0.069179749394873 1 0 0 0 1 0 1 0 0 1 1 1 1 1 1 0 1 0 1 0 1 x
0.031835051821152 0 1 0 0 0 0 0 0 0 0 1 0 0 1 1 0 0 0 1 0 1 x
0.075355037596838 1 0 0 0 0 1 0 0 0 1 0 1 1 0 1 0 1 1 0 0 0 x
0.074234973237960 0 1 0 0 1 0 0 0 0 0 1 1 0 1 1 0 0 0 1 0 1 x
0.035658212692868 0 1 0 0 0 0 0 0 0 1 1 0 0 1 1 1 0 0 1 0 1 x
0.067134874305654 1 0 0 0 1 0 0 0 0 0 1 1 1 1 1 1 0 0 1 0 1 x
0.103261069127712 1 0 0 0 0 1 1 0 0 1 0 1 1 1 1 1 0 1 0 1 0 x
0.051283951804892 1 0 0 0 0 1 0 0 0 0 1 1 0 1 1 1 0 0 1 0 1 x
0.063643742892878 0 1 0 0 0 0 1 0 0 1 0 0 1 1 1 0 1 0 0 1 0 x
0.086020278864012 0 1 0 1 0 0 0 0 1 1 1 0 1 1 0 1 1 0 0 1 0 x
0.058154883688063 1 0 0 0 1 0 0 0 0 1 0 1 1 1 0 0 1 0 0 1 0 x
0.111893834736625 1 0 0 1 0 0 1 0 0 1 0 1 1 1 0 0 0 0 1 1 0 x
0.183420514357049 1 1 1 0 0 1 0 1 1 1 1 1 1 1 1 0 0 0 0 0 1 x
0.040822748910541 1 0 0 0 0 1 0 0 0 1 1 1 1 0 1 1 0 0 1 0 1 x
0.069750994212383 1 0 0 0 0 1 0 0 0 0 1 1 1 0 1 1 0 1 1 0 1 x
0.030391851710528 1 0 0 0 0 1 0 0 0 1 1 1 1 1 1 1 0 0 1 1 1 x
0.128874707764979 1 0 1 0 1 0 0 1 1 1 1 1 1 1 1 0 1 1 0 0 1 x
0.104765200040237 0 1 0 0 1 0 1 0 0 1 1 1 1 1 1 0 1 0 1 0 0 x
0.060838268158993 1 0 0 0 0 0 1 0 0 1 0 0 1 1 1 0 1 1 0 0 1 x
0.062947984645066 0 1 0 0 0 0 1 0 0 0 1 0 1 1 0 1 1 0 0 1 0 x
0.082424101680114 0 1 0 0 0 0 1 0 0 0 1 0 1 0 1 0 1 0 1 0 1 x
0.072565515377237 0 0 1 0 0 0 1 0 0 0 1 0 1 1 1 1 1 0 0 0 1 x
0.048485624430332 1 0 0 0 0 1 0 0 0 1 0 1 1 1 0 1 0 0 1 1 0 x
0.101075888409386 1 0 0 1 0 1 0 0 0 1 0 1 1 1 1 0 0 0 0 0 1 x
0.052905069301767 0 1 0 0 0 0 1 0 0 1 1 0 1 1 1 1 1 0 0 1 1 x
0.073254150160461 0 0 1 0 0 0 1 0 0 0 1 0 0 1 1 1 0 0 0 1 0 x
0.040827783177740 0 0 1 0 0 0 0 0 0 0 1 0 0 1 1 0 1 0 0 0 1 x
0.100763650353272 0 1 1 0 0 0 0 1 0 1 1 1 0 1 0 0 1 1 0 0 0 x
0.059338132057642 0 1 0 0 0 0 0 0 0 0 1 1 0 1 1 1 0 1 1 0 1 x
0.110505221590823 1 1 0 1 0 0 0 1 1 1 1 1 1 0 1 0 0 1 0 0 1 x
0.037513866919937 0 0 1 0 0 0 0 0 0 0 1 0 0 1 1 0 0 0 1 0 1 x
0.069708440088905 0 0 1 0 0 0 0 0 0 0 1 0 0 1 1 0 1 0 1 0 0 x
0.072504366869389 0 0 1 0 0 0 1 0 0 0 1 0 1 1 1 0 0 0 1 0 1 x
0.099000259588192 0 1 0 1 0 0 0 1 0 1 1 0 1 1 1 0 0 0 1 0 1 x
0.080976090911393 1 0 0 1 0 0 0 0 0 1 0 1 0 1 1 0 0 1 0 0 1 x
0.049061734434115 0 0 1 0 0 0 0 0 0 0 1 1 0 1 1 0 0 0 1 0 1 x
0.050155532890365 1 0 0 0 0 0 0 0 0 0 1 1 1 0 0 1 0 1 1 1 0 x
0.103271721525448 1 0 0 1 1 0 0 0 0 1 1 1 1 1 1 0 0 0 1 0 1 x
0.048387994677725 0 1 0 0 0 0 0 0 1 0 1 0 0 1 1 0 1 0 1 0 1 x
0.039103279337739 1 0 0 0 0 0 0 0 1 1 0 0 0 1 1 1 0 0 0 1 1 x
0.056235977531389 0 0 1 0 0 0 0 0 0 1 1 0 1 1 1 0 1 1 0 0 1 x
0.106835947578874 0 0 1 0 0 1 0 0 0 1 1 0 0 1 1 0 1 0 0 0 1 x
0.074029249181179 0 1 1 0 0 0 0 1 0 1 1 1 1 1 1 0 0 1 0 0 1 x
0.047502646191895 0 0 1 0 0 0 0 0 0 0 1 0 1 1 1 0 1 0 1 0 1 x
0.071857727159553 1 0 1 0 0 0 0 1 0 1 1 1 1 1 0 0 1 0 0 1 0 x
0.057093698667224 0 0 1 0 0 0 0 0 0 1 1 0 1 1 1 1 0 0 1 0 1 x
0.090464974541185 0 1 0 0 1 0 0 1 0 1 1 0 1 1 1 0 1 0 0 0 1 x
0.081674095900222 0 1 0 0 0 0 1 0 0 1 1 0 0 1 1 0 1 0 0 0 1 x
0.078077222902934 0 1 0 0 0 1 0 0 0 1 1 0 1 1 1 1 1 0 1 0 1 x
0.061685157928414 1 0 0 0 0 0 0 0 0 0 1 0 0 1 1 1 0 0 1 0 1 x
0.034482444511512 1 0 0 0 1 0 0 0 0 1 1 1 1 1 1 1 0 0 1 1 1 x
0.072837834439583 1 0 0 0 1 0 1 0 0 1 1 1 1 1 0 1 0 0 1 1 0 x
0.087817776048839 1 0 0 0 1 1 0 0 0 1 1 1 1 1 1 1 0 0 1 0 1 x
0.058803773243308 1 0 0 0 0 0 1 0 0 1 1 1 1 0 1 0 1 1 1 0 1 x
0.059206559518017 0 1 0 1 0 0 0 0 1 1 1 1 1 1 1 0 0 1 1 0 1 x
0.081797706920802 1 0 1 0 0 0 0 0 1 1 1 0 1 1 0 1 1 0 0 1 0 x
0.082741242074065 0 0 0 1 0 1 0 0 0 1 1 1 1 1 1 1 0 0 1 1 0 x
0.097878251776119 1 1 0 0 0 0 0 0 1 0 1 1 1 0 1 0 0 1 1 0 1 x
0.138554708318222 0 1 1 0 1 0 0 0 1 1 1 1 1 1 1 0 0 1 1 0 1 x
0.059003860482637 0 1 0 0 0 0 0 0 0 1 0 0 0 1 1 0 1 0 1 0 1 x
0.027045797658322 0 1 0 0 0 0 0 0 0 1 1 0 1 1 1 1 0 0 1 1 1 x
0.071825241645428 0 1 0 0 0 1 0 0 0 1 1 1 1 1 1 0 0 0 1 1 1 x
0.082329012232624 1 1 0 0 0 0 1 1 0 1 1 1 1 1 0 0 1 0 0 1 0 x
0.079039520871399 0 1 0 0 1 0 0 0 0 1 1 1 1 1 0 0 1 1 1 0 1 x
0.045273795797259 0 0 1 0 0 0 0 0 0 0 1 1 1 1 1 0 0 1 1 0 1 x
0.136960608239609 0 1 1 0 0 0 0 1 0 1 1 1 1 0 1 0 1 1 1 0 1 x
0.066310104211577 0 0 1 1 0 0 0 0 0 0 1 1 1 1 1 0 0 0 1 0 1 x
0.064027789740186 0 0 1 0 0 1 0 0 0 0 1 1 1 1 1 0 0 0 1 0 1 x
0.047284851778600 0 0 1 0 0 0 0 0 0 0 0 1 1 1 1 0 0 0 1 0 1 x
0.110166908226415 0 1 0 0 0 0 1 1 0 1 1 1 1 1 1 1 0 0 1 1 1 x
0.074868767179670 0 1 1 0 0 0 0 1 1 1 1 1 1 1 0 1 0 1 0 1 0 x
0.092060155689292 1 0 1 0 0 0 1 0 0 1 1 1 1 1 0 0 1 1 0 1 0 x
0.075794204749765 1 1 0 0 0 0 0 0 0 1 1 1 0 1 0 0 0 1 0 1 0 x
0.066537385816238 0 1 0 0 0 0 0 0 0 1 1 0 0 1 1 0 1 1 1 0 1 x
0.075658156335452 0 0 1 0 0 0 1 0 0 1 0 0 1 1 1 0 1 0 0 0 1 x
0.064226023495248 1 0 0 0 1 0 0 0 0 1 1 1 1 1 0 1 1 0 1 1 1 x
0.045533742793394 1 0 0 0 0 0 0 0 1 0 1 1 0 0 1 1 0 1 1 0 1 x
0.061020307357582 0 0 1 0 1 0 0 0 0 0 1 1 1 1 1 0 0 0 1 0 1 x
0.077408753280910 0 0 1 0 0 0 0 0 0 0 1 1 1 1 1 1 0 0 1 0 1 x
0.067539954142759 0 0 1 1 0 0 0 0 0 1 1 1 1 1 1 0 0 0 1 1 0 x
0.041312904265051 0 0 1 0 0 0 0 0 0 0 1 1 1 1 1 0 0 0 1 1 1 x
0.068977785890693 0 0 1 1 0 0 0 0 0 1 1 1 1 1 1 1 0 0 1 1 1 x
0.036318173394547 1 0 0 0 0 0 0 0 0 1 1 1 0 1 0 0 1 1 0 1 0 x
0.036451510149481 1 0 0 0 0 0 0 0 0 1 0 0 0 1 0 0 1 0 0 1 0 x
0.097081663916223 1 1 0 0 0 0 1 0 1 1 1 1 1 0 1 1 0 1 1 0 1 x
0.079866941104568 1 0 0 0 0 1 1 0 0 1 0 1 1 1 1 1 0 0 1 0 1 x
0.068959063251644 0 1 0 1 0 0 0 0 0 1 1 1 1 1 0 0 1 1 0 1 0 x
0.077184261405659 1 0 0 1 0 0 0 1 0 1 0 1 1 1 0 0 1 0 0 1 0 x
0.024202490409884 1 0 0 0 0 0 0 0 0 1 1 1 1 0 1 1 0 0 1 1 1 x
0.084184862690768 1 0 1 0 0 0 0 1 1 1 1 0 1 0 1 1 1 0 0 0 1 x
0.078776115315408 0 0 1 0 1 0 0 0 0 1 1 0 1 1 1 0 1 0 0 0 1 x
0.057354740883363 1 0 1 0 0 0 0 1 1 1 1 1 1 1 0 1 0 1 0 1 0 x
0.077872243195900 0 0 1 0 0 0 1 0 0 1 1 0 1 1 1 1 0 0 0 1 1 x
0.117635797629889 1 0 1 0 0 0 1 0 1 1 0 1 1 1 1 0 1 1 0 0 1 x
0.079224233229419 1 0 1 0 0 0 1 0 0 1 1 1 1 1 0 1 0 0 1 1 0 x
0.033818509556146 1 0 0 0 0 0 0 0 0 1 0 0 0 1 1 0 1 0 0 0 1 x
0.149859696155647 0 0 1 1 0 1 0 0 0 0 1 1 1 1 1 0 0 0 1 1 0 x
0.076392417424024 0 0 1 0 0 0 0 0 0 1 1 0 1 1 1 0 0 0 1 0 1 x
0.091815173908012 0 0 1 1 0 0 0 0 0 1 1 1 1 1 0 0 1 1 1 0 0 x
0.055173485276304 0 1 0 0 0 0 1 0 0 0 1 1 1 1 1 0 1 1 1 0 1 x
0.157556252412814 0 1 1 1 0 0 0 1 0 1 1 1 1 1 0 0 0 0 1 0 0 x
0.056690724243368 0 0 1 0 0 0 0 0 0 0 0 0 1 1 1 0 1 0 0 0 1 x
0.154032255073174 0 1 1 0 0 0 0 1 0 0 1 0 0 1 1 0 0 0 0 0 1 x
0.083105536342001 0 1 1 0 0 0 0 0 0 1 1 1 1 1 0 0 1 1 0 1 0 x
0.076894983460097 0 0 1 1 0 0 0 0 0 1 1 1 1 1 1 0 1 1 0 0 1 x
0.136756206257921 1 0 1 1 0 0 0 0 1 1 1 1 1 1 1 0 0 1 0 0 1 x
0.083977766794613 0 0 1 1 0 0 0 0 0 1 1 1 1 1 0 0 1 0 0 1 0 x
0.096209575029743 0 0 1 1 0 0 0 0 0 1 0 1 1 1 1 0 1 0 1 0 1 x
0.079596749361602 0 1 0 1 0 0 0 1 0 1 1 1 1 1 1 0 1 1 0 0 1 x
0.035516150810951 1 0 0 0 0 0 0 0 0 0 1 1 0 1 1 1 0 0 1 1 1 x
0.051109405970664 1 0 0 0 0 0 0 0 0 1 0 1 0 1 0 0 0 1 1 1 0 x
0.038726313279437 0 1 0 0 0 0 0 0 0 0 1 0 0 1 0 0 1 0 1 0 0 x
0.089164734821046 0 1 0 1 0 0 0 0 0 1 1 1 1 0 0 0 1 1 1 0 0 x
0.074397235691829 0 1 0 0 0 1 0 1 0 1 1 1 1 1 1 1 0 0 1 1 0 x
0.059039593690500 1 0 0 0 0 1 0 0 0 1 1 1 0 1 1 0 0 0 1 0 1 x
0.074209424412262 1 0 0 0 1 0 0 0 0 1 0 1 0 1 1 0 0 0 1 0 1 x
0.092086245811520 0 1 0 0 1 0 0 0 0 1 1 0 1 1 1 1 0 0 1 1 1 x
0.091315414134385 0 0 1 0 0 0 0 0 0 0 1 0 0 1 0 0 1 0 0 0 0 x
0.090676331829022 1 0 0 0 1 0 0 0 1 0 1 1 1 0 1 1 0 0 1 1 1 x
0.068449363666558 0 1 0 0 0 0 0 1 0 1 1 0 1 1 0 1 1 0 0 1 0 x
0.062447212675785 0 0 0 1 0 0 0 0 0 1 1 0 1 1 1 1 0 0 1 1 1 x
0.067000083166234 0 0 0 1 0 0 0 0 0 1 1 1 1 1 1 0 1 1 1 0 1 x
0.094554868905610 0 0 0 1 0 0 1 0 0 1 1 0 1 1 1 1 1 0 0 1 0 x
0.054864588312570 1 0 0 0 1 0 0 1 0 0 1 1 1 1 1 0 0 0 1 0 1 x
0.042573701392784 1 0 0 0 0 1 0 0 0 0 0 1 1 1 1 0 0 0 1 0 1 x
0.084570823952030 1 0 0 1 0 0 0 1 0 0 1 1 1 0 1 0 0 0 1 0 1 x
0.032959333317073 1 0 0 0 0 0 0 0 0 1 1 0 0 1 0 0 1 1 0 0 1 x
0.052350353067119 1 0 0 0 0 1 0 0 0 1 1 1 1 1 0 0 1 1 1 0 1 x
0.031546626121591 0 1 0 0 0 0 0 0 0 0 1 1 0 1 0 0 1 0 1 0 1 x
0.054077847232685 0 1 0 0 0 0 0 0 0 1 1 0 0 1 0 0 1 0 1 0 1 x
0.064376978023048 1 0 0 0 1 0 0 0 0 1 1 1 0 1 0 0 1 1 0 0 1 x
0.055575869020040 0 1 0 0 0 0 0 0 1 0 1 1 0 1 0 0 1 1 1 0 0 x
0.086219313443850 1 0 1 0 0 1 0 0 1 1 1 1 1 1 0 0 1 1 0 0 1 x
0.032104360521821 1 0 0 0 0 0 0 0 0 0 1 1 0 1 0 0 0 1 1 0 1 x
0.028685410004921 1 0 0 0 0 0 1 0 0 0 1 1 1 1 1 0 0 1 1 0 1 x
0.078639313060057 0 0 0 1 0 0 1 0 0 0 1 1 1 1 1 0 0 1 1 0 1 x
0.046578756297751 1 0 0 1 0 0 0 0 0 1 1 1 1 1 0 0 0 1 1 0 1 x
0.077535960316961 1 0 0 1 0 0 1 0 0 1 1 1 1 1 1 0 0 1 1 0 1 x
0.077218633271441 0 1 0 0 0 0 0 1 0 0 1 1 0 1 0 0 1 0 1 0 0 x
0.075263751118285 1 1 0 0 0 0 0 0 0 1 1 1 1 0 0 0 1 1 0 0 1 x
0.052067911720580 0 0 1 0 0 0 0 1 0 0 1 1 1 1 1 1 0 0 1 1 1 x
0.106789533607109 0 0 1 0 1 0 1 0 0 0 1 1 1 1 1 0 1 0 0 0 1 x
0.075012827516786 1 0 0 1 0 0 0 1 0 1 1 1 1 1 0 0 0 1 1 1 0 x
0.043723528842552 0 1 0 0 0 0 0 0 0 0 1 1 1 0 0 1 0 0 1 1 1 x
0.041626016510568 1 0 0 0 0 0 0 0 1 1 0 0 1 0 1 0 1 1 0 0 1 x
0.058695507221910 1 0 0 1 0 0 0 0 1 0 1 1 1 1 1 0 0 1 1 0 1 x
0.043467918292550 1 0 0 0 1 0 0 0 0 1 1 1 0 1 1 1 0 0 0 1 1 x
0.091806716202386 1 1 0 0 0 0 1 0 0 1 1 1 1 1 1 1 0 0 0 1 1 x
0.058832740463889 0 1 0 0 0 1 0 0 0 0 1 1 1 1 0 0 1 0 1 1 0 x
0.075253790788772 0 1 0 0 0 0 1 0 0 0 1 1 1 1 0 0 1 0 0 1 0 x
0.075772483927628 1 0 0 0 1 0 0 0 0 0 1 1 1 1 0 0 0 0 1 1 1 x
0.087600488953266 1 0 1 0 0 0 1 0 1 1 1 0 1 1 1 1 0 0 0 0 1 x
0.068454590111094 0 1 0 0 0 0 0 0 1 0 1 0 1 0 1 1 0 0 1 1 1 x
0.037024767290872 1 0 0 0 0 0 0 1 0 0 1 1 1 0 1 1 0 0 1 1 0 x
0.035677637468326 1 0 0 0 0 0 0 1 0 0 0 1 1 1 1 0 0 1 1 0 1 x
0.069907790391846 1 0 1 0 0 0 0 1 1 0 1 1 1 1 0 0 0 1 0 1 0 x
0.036297896244530 1 0 0 0 0 0 0 0 0 0 1 1 1 1 0 0 1 1 1 0 1 x
0.061241422179406 1 0 0 0 0 0 0 0 0 0 0 1 1 1 0 0 0 1 1 1 0 x
0.050766470681649 0 1 0 0 0 0 0 0 1 0 1 1 1 0 0 1 1 1 0 1 0 x
0.031930013759597 1 0 0 0 0 0 0 0 0 1 0 1 0 1 0 0 1 1 0 0 1 x
0.048572946194193 1 0 0 1 0 0 0 0 0 1 1 1 1 1 0 0 1 1 0 0 1 x
0.052416262511203 0 0 0 1 0 0 0 0 0 0 1 1 1 1 0 0 1 1 1 0 1 x
0.075220102503431 0 0 0 1 1 0 0 0 0 0 1 1 1 1 1 0 1 0 1 0 1 x
0.048301053273425 0 0 0 1 0 0 0 0 0 0 1 0 0 1 1 0 1 0 1 0 1 x
0.059717216376378 0 0 0 1 0 0 0 0 0 0 0 0 1 1 1 0 1 0 1 0 1 x
0.191305075507388 0 0 0 0 0 0 0 0 0 0 0 0 0 1 1 0 1 0 1 0 1 x
0.090641866553070 0 1 0 1 0 0 0 0 0 1 1 0 0 1 1 0 1 0 0 0 1 x
0.127183362758362 0 0 1 1 0 0 0 0 0 0 1 0 1 1 1 0 1 0 1 0 1 x
0.069714076618246 0 0 0 1 0 0 0 0 1 0 1 0 0 1 1 1 0 0 1 1 0 x
0.069719672016481 0 0 0 1 0 1 0 0 0 0 1 1 1 1 1 0 1 0 1 0 1 x
0.074760109146285 0 1 0 1 0 0 0 0 0 0 1 1 1 1 0 0 1 0 1 0 1 x
0.056624827429422 0 0 0 1 0 0 0 0 0 0 1 0 0 1 0 0 1 0 1 0 0 x
0.071199917056424 0 0 0 1 0 0 0 1 0 0 1 0 1 1 1 0 1 0 1 0 1 x
0.072081872933943 0 0 0 1 0 0 0 0 0 0 1 1 0 1 1 0 0 0 1 0 1 x
0.064313844100057 1 1 0 0 0 0 0 0 1 1 1 1 0 1 0 0 1 1 0 0 1 x
0.136502815505116 0 1 1 1 0 0 0 0 1 1 1 1 1 1 0 0 0 1 0 1 0 x
0.079523537590727 0 1 0 1 0 0 0 0 1 1 1 0 1 1 1 0 0 0 1 1 0 x
0.060298982955905 1 1 0 0 0 0 0 1 0 1 1 1 1 1 0 0 0 1 1 0 1 x
0.087853479593354 1 0 0 1 0 0 0 1 0 1 1 0 1 1 0 0 1 1 0 0 0 x
0.071320648619274 0 0 0 1 0 0 0 0 0 1 1 0 0 1 0 1 1 0 1 1 0 x
0.072379350549618 0 0 0 1 0 0 0 0 0 1 1 0 0 1 1 1 1 0 0 0 1 x
0.115093357225716 1 0 1 0 0 0 1 1 0 0 1 1 1 1 1 0 0 0 1 0 0 x
0.090064900622095 0 0 0 1 0 0 1 0 0 0 1 0 0 1 1 1 0 0 1 0 0 x
0.058483229651009 0 0 0 1 0 0 0 0 0 0 1 1 1 0 1 0 1 0 1 0 1 x
0.068143878695143 0 1 0 1 0 0 0 0 0 1 1 1 1 1 1 0 1 0 1 1 1 x
0.059108931923984 1 1 0 0 0 0 0 0 0 1 1 1 1 1 0 0 1 0 0 1 1 x
0.061694257719214 0 1 0 0 1 0 0 0 0 0 1 1 1 1 0 0 1 0 1 0 1 x
0.063636390101473 0 0 1 0 0 0 0 0 0 0 1 0 0 1 1 1 0 0 1 1 0 x
0.057298862429927 0 1 0 0 0 0 1 0 0 1 0 0 1 1 1 1 0 0 1 0 1 x
0.057994125498739 0 1 0 0 0 0 0 0 0 1 0 0 1 1 1 1 1 0 0 1 1 x
0.053130841165944 0 1 0 0 0 0 0 1 0 1 1 0 1 1 1 1 0 1 1 0 1 x
0.118569329347729 0 1 1 0 0 0 1 0 0 1 0 1 1 1 1 0 1 0 0 0 1 x
0.085126309495757 0 1 0 0 0 1 0 0 0 1 1 1 1 1 0 1 1 0 1 1 1 x
0.122958789975937 0 1 0 1 0 1 0 0 0 1 1 1 1 1 1 0 1 0 0 1 0 x
0.100044880481076 0 1 0 0 1 0 0 1 0 1 1 1 1 1 1 1 1 1 0 0 1 x
0.034748701166085 0 1 0 0 0 0 0 0 0 0 1 0 0 1 0 0 1 0 0 1 0 x
0.125370167754618 0 0 0 1 0 1 0 0 0 1 1 0 0 1 1 1 0 0 1 0 1 x
0.105852765420900 0 1 0 1 0 0 0 0 0 1 0 0 1 1 0 0 1 0 0 1 0 x
0.084506163810731 0 0 0 1 0 0 0 0 0 1 1 1 1 0 0 1 1 0 1 1 0 x
0.104661374437006 0 1 0 1 0 0 0 0 0 1 1 1 0 1 0 0 0 0 1 1 0 x
0.042862324778873 1 0 0 0 0 1 0 0 0 1 1 1 1 0 1 1 0 0 1 1 0 x
0.063606744692636 0 1 0 1 0 0 0 0 1 1 1 1 1 1 1 1 0 0 1 1 1 x
0.052473253335726 1 0 0 0 0 1 0 0 0 1 1 1 0 0 1 1 1 0 0 0 1 x
0.082150202220044 1 0 0 1 0 0 0 1 1 0 0 1 1 1 1 0 0 1 0 0 1 x
0.067080757291877 0 1 0 0 0 0 0 0 0 0 1 0 1 1 0 0 1 1 1 0 1 x
0.053917946429631 0 1 0 0 0 0 0 0 0 1 1 0 1 0 1 1 1 0 0 0 1 x
0.101488995728408 1 0 0 1 0 0 0 0 1 1 1 0 0 1 0 1 0 1 0 1 0 x
0.091604800188436 1 1 0 0 0 0 0 0 0 1 1 1 0 1 0 0 1 0 1 0 1 x
0.054441652948561 1 1 0 0 0 0 0 1 1 1 1 1 1 1 0 0 1 1 0 1 0 x
0.045672824638579 1 0 0 0 0 0 0 0 1 0 0 1 0 1 1 0 0 1 1 0 1 x
0.041792615245540 1 0 0 0 0 0 0 1 0 1 0 1 1 1 0 0 1 1 0 1 0 x
0.054188970305392 0 1 0 0 0 0 0 0 0 0 1 1 0 0 0 0 1 0 1 1 0 x
0.049008852863776 1 0 0 0 0 0 0 1 0 1 1 1 1 1 0 0 1 1 1 0 1 x
0.036432376736000 0 0 1 0 0 0 0 0 0 0 1 0 0 1 1 0 0 1 0 0 1 x
0.072153240359508 0 0 1 0 0 0 0 0 1 0 0 0 0 1 1 0 0 1 0 0 0 x
0.108147923772501 0 1 1 0 0 0 0 0 1 0 1 1 0 1 0 0 0 1 0 1 0 x
0.047830528314520 0 0 0 1 0 0 0 0 0 0 1 0 1 1 0 0 1 0 1 0 1 x
0.051586096538166 0 0 0 1 0 0 0 0 0 0 1 0 1 1 0 0 1 0 1 1 0 x
0.070795372594487 0 0 0 1 0 0 1 0 0 0 1 1 1 1 1 0 1 0 1 0 1 x
0.162248328778344 0 1 1 0 1 0 0 1 0 1 1 1 1 1 0 0 1 0 0 0 0 x
0.057178617532024 0 0 1 0 0 0 1 0 0 0 0 1 1 1 1 0 0 1 0 0 1 x
0.070376758799914 0 0 1 0 0 0 1 0 0 1 0 0 1 1 1 1 0 1 0 0 1 x
0.047711549937976 0 0 1 0 0 0 0 0 1 0 0 0 1 1 1 0 0 1 0 0 1 x
0.036414634480328 0 0 1 0 0 0 0 0 0 1 0 0 1 1 1 1 0 0 0 1 1 x
0.069905417227184 0 0 1 0 0 0 1 0 0 0 0 0 0 1 1 1 0 0 0 0 1 x
0.068073769828349 0 0 0 1 0 0 0 0 1 0 1 0 1 1 1 0 1 0 1 0 1 x
0.033126242385807 0 0 1 0 0 0 0 0 0 0 0 1 1 1 1 0 0 1 0 1 1 x
0.061456286842205 0 0 1 0 0 1 0 0 0 0 0 1 1 1 1 0 0 1 0 0 1 x
0.046465273248274 0 0 1 0 0 0 1 0 0 0 0 1 1 1 1 1 0 0 0 1 1 x
0.075080328876395 0 0 1 0 1 0 0 0 0 0 0 1 1 1 1 0 0 0 0 1 1 x
0.032745966288547 0 0 1 0 0 0 0 0 0 0 0 1 0 1 1 0 0 0 0 1 1 x
0.067029800363430 0 0 1 0 0 1 0 0 0 0 0 1 1 1 1 0 0 0 0 1 1 x
0.031063986927814 0 0 1 0 0 0 0 0 0 0 0 0 0 1 1 0 0 0 0 1 0 x
0.041281128019520 0 0 1 0 0 0 0 0 0 0 0 1 0 1 1 0 0 0 1 1 0 x
0.094592567037396 0 1 1 0 0 0 0 0 1 1 0 0 1 1 1 0 0 0 0 1 0 x
0.063391876180577 0 0 1 0 0 0 0 1 0 0 0 1 1 1 1 0 0 1 0 1 0 x
0.108015737338698 1 0 1 0 0 1 0 1 1 0 1 1 1 1 1 0 0 1 0 0 1 x
0.096363929244881 0 0 0 1 0 0 1 0 0 0 1 0 1 0 1 1 0 0 1 1 0 x
0.133773515368173 0 0 1 0 1 0 0 0 0 0 1 0 0 1 1 0 0 0 0 0 1 x
0.068611374564712 0 0 1 0 1 0 0 0 0 1 1 1 1 1 1 1 0 0 1 1 1 x
0.095856624409481 0 0 1 1 0 0 0 0 0 0 1 1 1 1 0 0 1 0 1 1 0 x
0.067932734896089 0 0 1 0 0 0 0 0 0 0 0 0 1 1 1 0 0 1 1 0 1 x
0.050230681498988 0 0 1 0 0 0 0 0 0 0 0 1 0 1 1 0 0 1 0 1 0 x
0.051648536983490 0 1 0 0 0 0 0 0 0 0 1 0 0 1 0 0 0 0 1 1 0 x
0.077231639901722 0 0 1 1 0 0 0 0 0 1 0 1 1 1 1 0 0 0 0 1 1 x
0.024708541257197 1 0 0 0 0 0 0 0 0 1 1 1 0 0 1 1 1 0 0 1 1 x
0.072535471289434 1 0 0 1 0 0 0 0 0 1 1 1 0 0 1 1 1 0 0 0 1 x
0.026484413852691 1 0 0 0 0 0 0 0 0 1 0 1 1 1 0 0 1 1 0 1 1 x
0.030652605062099 1 0 0 0 0 0 1 0 0 1 0 1 1 1 1 0 1 0 0 1 1 x
0.033001598558225 1 0 0 0 0 0 0 0 0 1 0 0 1 1 0 0 1 0 0 1 1 x
0.053172318943710 1 0 0 0 0 0 0 1 0 0 1 1 0 1 1 0 0 1 1 0 0 x
0.020786194777810 1 0 0 0 0 0 0 0 0 1 0 1 1 0 1 0 1 0 0 1 1 x
0.058060556838538 1 0 0 0 0 1 0 0 0 1 0 1 1 1 0 0 1 0 0 1 1 x
0.025872603121841 1 0 0 0 0 0 0 0 0 1 0 1 0 1 1 0 1 0 0 1 1 x
0.029901220334376 1 0 0 0 0 0 0 0 0 1 0 1 1 1 0 0 1 0 1 1 1 x
0.046599442900633 0 0 0 1 0 0 0 0 0 1 0 0 1 1 1 0 1 0 0 1 1 x
0.060603939310132 0 0 0 1 0 0 0 0 0 1 0 0 1 1 1 0 1 0 1 1 0 x
0.039087580709225 0 0 0 1 0 0 0 0 0 0 0 1 1 1 1 0 0 0 1 1 1 x
0.047675613001051 0 0 0 1 0 0 0 0 0 0 1 1 1 1 1 0 1 0 1 1 1 x
0.057165683164389 0 0 0 1 0 0 0 0 0 1 0 0 0 1 1 0 1 0 0 1 0 x
0.048662251281860 0 0 0 1 0 0 0 0 0 1 0 1 0 1 1 1 1 0 0 1 1 x
0.061541428605779 0 0 0 1 0 0 0 0 0 1 0 1 0 1 1 1 0 0 1 1 0 x
0.087533736901454 0 0 0 1 0 0 0 1 0 1 0 0 0 1 1 1 1 0 0 1 0 x
0.091678726979441 0 0 0 1 1 0 0 0 0 1 0 1 1 1 1 0 1 0 0 1 1 x
0.081558298768491 0 0 0 1 0 1 0 0 0 1 0 1 1 1 1 1 1 0 0 1 1 x
0.075007660977870 0 1 0 0 1 0 0 0 0 1 1 1 0 1 1 0 1 0 0 1 1 x
0.133686298840427 0 0 1 0 1 0 1 0 0 1 0 1 1 1 1 1 0 0 1 0 1 x
0.051219719964809 1 0 0 0 0 0 0 1 0 1 0 0 1 0 1 0 1 0 0 1 0 x
0.048772430589034 1 0 0 0 1 0 0 0 1 0 1 1 1 1 1 0 0 1 1 0 1 x
0.094114572811257 0 0 1 0 1 0 0 0 1 0 0 1 1 1 1 0 0 0 1 1 0 x
0.049156559699990 0 1 0 0 0 0 1 0 0 0 1 1 1 0 1 1 1 0 0 1 1 x
0.040150396858560 0 0 1 0 0 0 0 0 0 0 0 1 1 1 1 0 1 0 0 1 1 x
0.051141425339082 1 0 0 0 1 0 0 0 0 1 0 1 1 1 1 0 1 0 0 1 1 x
0.064690309992886 1 0 0 0 0 1 0 0 0 1 1 0 1 0 1 0 1 0 0 0 1 x
0.048445405945286 0 0 1 0 0 0 0 0 0 1 0 0 0 1 1 0 1 0 0 1 0 x
0.051779405606743 1 0 0 0 0 0 0 0 0 1 1 0 0 0 1 1 1 0 0 1 0 x
0.046488643654545 1 0 0 0 0 0 0 1 0 1 0 0 1 1 1 0 1 1 0 0 1 x
0.031123450382312 1 0 0 0 0 0 0 0 0 1 0 1 0 0 1 1 0 0 0 1 1 x
0.106375242361790 1 0 1 0 0 0 0 1 1 0 1 0 1 0 1 0 0 1 0 0 0 x
0.048366964513673 0 0 0 1 0 0 0 0 0 0 1 1 0 0 1 1 1 0 0 1 1 x
0.068945648981195 0 0 0 1 0 0 0 0 0 0 1 0 0 1 0 0 1 0 0 1 1 x
0.073503727317935 0 0 0 1 0 0 0 0 0 1 1 0 0 0 1 1 1 0 0 1 1 x
0.080249072965630 0 0 0 1 0 0 1 0 0 0 1 1 0 1 1 1 1 0 0 1 1 x
0.040248113123814 0 0 0 1 0 0 0 0 0 0 0 1 1 0 1 0 1 0 0 1 1 x
0.080380355696383 0 0 0 1 0 0 1 0 0 0 1 1 1 0 1 1 1 1 0 0 1 x
0.057453498025168 0 0 0 1 0 0 0 0 1 0 0 1 1 0 1 1 1 0 0 1 1 x
0.050399258963763 0 0 0 1 0 0 0 0 0 0 0 1 1 0 1 1 0 0 1 1 1 x
0.088329370321504 0 0 0 1 0 0 1 0 0 0 0 0 1 1 1 1 1 0 0 1 1 x
0.087201598309521 0 1 0 1 0 0 0 0 1 1 1 1 1 0 1 1 1 1 0 0 1 x
0.058533484502167 0 0 1 0 0 0 0 0 1 0 0 1 1 0 1 0 1 1 0 1 0 x
0.067697350136567 0 0 0 1 0 0 0 0 1 0 0 1 1 0 1 0 1 1 0 1 0 x
0.081182734140942 0 1 0 0 0 0 1 0 0 0 1 1 1 0 0 1 0 1 1 0 1 x
0.038671865551769 0 0 1 0 0 0 0 0 1 0 0 1 1 1 1 1 0 0 1 1 1 x
0.101541925898342 0 0 1 1 0 0 0 0 1 0 0 1 1 1 1 0 0 0 1 1 0 x
0.066256258669291 0 0 0 1 0 0 0 0 1 0 0 0 0 0 1 1 1 0 0 1 0 x
0.173097529441397 0 0 1 1 1 0 0 0 0 1 1 1 1 1 1 0 1 0 1 0 1 x
0.085840021923171 0 0 1 1 0 0 0 0 0 1 1 1 0 1 1 0 1 0 0 1 0 x
0.059138999242435 1 0 1 0 0 0 0 0 1 0 1 1 1 1 0 0 0 1 0 0 1 x
0.051683048235124 0 0 1 0 0 0 0 0 1 1 0 0 1 1 1 1 1 0 0 1 1 x
0.054330126662792 0 0 1 0 0 0 0 0 1 0 0 1 1 0 1 1 0 1 0 1 1 x
0.061722582728499 0 0 0 1 0 0 0 0 0 1 0 1 1 0 1 0 1 1 0 0 1 x
0.067863541381663 0 1 0 0 0 1 0 0 0 0 1 1 1 0 1 0 1 0 0 1 1 x
0.104064788630176 1 1 0 0 0 1 0 1 0 1 1 1 1 0 0 0 1 0 0 1 0 x
0.081463256049131 0 0 1 0 1 0 0 0 1 0 1 1 1 1 1 0 1 1 0 0 1 x
0.040096437174513 1 0 0 0 0 0 0 0 0 1 1 1 0 1 0 0 1 0 0 1 1 x
0.059772078015371 1 0 0 0 1 0 0 0 0 1 1 1 0 0 1 1 1 0 0 0 1 x
0.027435446084411 0 1 0 0 0 0 0 0 0 0 1 1 0 1 1 0 1 0 0 1 1 x
0.103507275764844 0 1 0 1 0 0 0 0 1 0 1 1 0 1 1 0 1 0 0 1 1 x
0.030666491981714 0 1 0 0 0 0 0 0 0 1 0 1 0 1 1 0 1 0 0 1 1 x
0.052787647834973 0 1 0 0 0 0 0 0 1 0 0 1 0 1 1 0 1 0 0 1 0 x
0.046172726238878 0 1 0 0 0 0 0 0 0 1 0 1 0 1 0 0 1 1 0 1 0 x
0.071019651293284 0 1 0 0 0 1 0 0 0 1 0 1 0 1 1 0 1 0 0 1 0 x
0.100269017519182 0 1 1 0 0 0 0 0 1 1 0 1 0 1 1 0 1 0 0 1 0 x
0.053988873464464 0 1 0 0 0 0 0 0 0 1 0 1 1 0 1 0 1 1 0 1 0 x
0.056852928111299 0 1 0 0 0 0 0 0 1 1 0 0 0 1 1 0 1 0 0 1 0 x
0.065891038774992 0 1 0 0 0 0 0 0 0 0 0 1 0 1 1 0 0 0 1 1 1 x
0.068761805854678 0 1 0 0 1 0 0 0 1 0 1 1 1 1 1 0 1 1 0 0 1 x
0.052313666571919 0 1 0 0 0 0 1 0 0 1 0 1 1 1 1 0 1 1 0 0 1 x
0.066141536369413 0 0 0 1 0 0 0 0 0 0 0 1 0 0 1 0 1 0 1 1 0 x
0.068279840383639 0 0 0 1 0 0 0 0 0 1 0 1 1 1 0 0 1 0 1 1 0 x
0.074667186624343 0 1 0 0 0 1 0 1 0 0 1 1 1 1 1 0 1 0 1 0 1 x
0.112990553195498 0 0 1 1 0 0 0 1 0 1 0 1 1 1 1 0 0 0 1 1 0 x
0.052162336703545 1 0 0 0 0 0 0 1 0 1 1 0 0 0 1 1 1 0 0 0 1 x
0.041467867916477 0 0 0 1 0 0 0 0 0 0 0 1 0 1 1 0 1 0 0 1 1 x
0.104106368414379 1 0 1 0 0 0 0 0 0 1 1 0 0 1 0 0 0 1 0 0 0 x
0.033654207674142 0 1 0 0 0 0 0 0 0 0 1 1 0 1 0 0 1 1 0 0 1 x
0.047549699962185 0 1 0 0 0 0 0 0 0 1 0 1 0 1 1 0 1 1 0 0 1 x
0.200187327115156 1 1 1 1 0 0 1 1 1 1 1 1 1 0 0 1 0 0 0 1 0 x
0.029248854364560 1 0 0 0 0 0 0 0 1 0 1 1 1 1 1 0 0 1 1 0 1 x
0.069234417741136 0 0 1 0 1 0 0 0 1 0 1 1 1 1 1 1 0 0 0 1 1 x
0.065898896139881 0 1 0 0 0 0 1 0 0 1 0 1 0 1 1 0 1 0 0 1 0 x
0.085623152436213 0 1 1 0 0 0 0 0 1 1 1 0 1 1 1 1 0 0 0 0 1 x
0.044003396739103 0 1 0 0 0 0 0 0 0 1 1 0 1 1 0 1 0 0 1 1 0 x
0.072637662109094 0 1 0 0 1 0 0 0 1 0 1 1 1 0 1 1 1 0 0 0 1 x
0.036602115684033 1 0 0 0 0 0 0 1 0 0 1 1 1 1 0 0 0 1 1 0 1 x
0.124065925792376 0 1 0 1 1 0 0 0 1 1 1 1 1 1 1 0 1 0 0 0 1 x
0.075751039944018 0 0 0 1 0 0 0 1 0 0 0 1 1 0 1 1 1 0 0 1 0 x
0.059097687131662 0 0 1 0 0 0 0 0 1 0 1 0 1 0 1 0 1 1 0 0 1 x
0.044751360019874 0 0 1 0 0 0 0 0 1 0 0 0 1 1 1 0 1 0 0 1 1 x
0.100528191426771 0 0 0 0 1 0 1 0 0 0 1 1 1 1 1 1 0 0 1 1 1 x
0.068340253208373 0 0 1 0 0 0 0 0 1 0 0 0 1 0 1 1 1 0 0 1 1 x
0.069532630602714 1 0 0 1 0 0 0 1 0 1 1 1 1 0 1 0 1 1 0 0 1 x
0.085067515314834 1 1 0 0 0 0 0 1 0 1 1 1 0 1 0 0 1 1 0 0 1 x
0.072388523493949 1 1 0 0 0 0 1 0 1 1 1 1 1 1 0 0 1 1 0 1 0 x
0.059642932272299 0 0 0 1 0 0 0 0 0 0 1 1 0 1 1 0 1 1 0 0 1 x
0.059955754239388 1 0 0 0 1 0 0 1 0 1 1 1 1 1 0 1 0 0 1 1 0 x
0.032632528137779 1 0 0 0 0 0 0 0 0 1 1 0 1 0 0 1 1 0 0 1 1 x
0.083880193686844 1 0 0 1 0 0 0 0 0 1 1 0 1 1 0 0 1 0 0 1 1 x
0.034378972739234 0 1 0 0 0 0 0 0 0 0 1 1 0 1 0 0 1 0 0 1 1 x
0.040477995009952 1 0 0 0 1 0 0 0 0 1 1 1 1 1 0 0 1 0 1 0 1 x
0.055777149370282 1 0 0 0 0 1 0 0 0 0 1 1 1 0 0 1 0 0 1 1 0 x
0.080802965135605 0 0 0 1 0 0 1 0 0 1 0 1 1 1 1 0 1 1 0 0 1 x
0.071063257205906 1 0 1 0 0 0 0 1 1 0 1 1 1 1 0 1 0 0 1 1 0 x
0.137197875649732 0 0 0 1 1 0 0 0 1 0 1 1 0 0 1 1 1 0 0 1 0 x
0.137295432892680 0 0 1 0 0 1 1 0 0 1 0 0 1 1 1 1 0 0 0 0 1 x
0.132680616822412 0 0 0 1 0 1 0 0 1 0 0 1 1 1 1 1 0 0 1 1 1 x
0.059787122376032 0 1 0 0 0 1 0 0 0 0 1 1 1 1 1 0 1 1 0 0 1 x
0.049310330823468 0 0 0 1 0 0 0 0 0 1 0 1 1 1 1 0 1 1 0 1 1 x
0.052187847580341 1 0 0 0 0 1 0 0 0 1 0 1 1 0 1 1 0 0 0 1 1 x
0.059943999484795 0 1 0 0 0 0 0 0 0 0 1 1 0 1 1 0 1 0 0 0 1 x
0.035719827521769 0 1 0 0 0 0 0 0 0 1 1 1 0 1 1 0 1 1 0 1 1 x
0.088278761718478 1 1 0 0 0 1 0 0 1 1 1 1 1 1 0 0 0 1 1 0 0 x
0.037467175541366 0 1 0 0 0 0 0 0 0 1 1 0 0 1 1 0 1 0 0 1 1 x
0.048223695786060 0 1 0 0 0 0 0 0 1 0 1 1 0 1 1 0 1 1 0 1 1 x
0.097041507619559 1 0 0 1 0 1 0 0 0 1 1 1 1 1 0 0 1 0 1 0 1 x
0.036028706088961 0 1 0 0 0 0 0 1 0 0 1 1 1 1 1 0 1 1 0 1 1 x
0.057645811125560 0 1 0 0 0 0 0 1 0 0 1 1 0 1 1 0 1 1 0 1 0 x
0.054826455922070 0 1 0 0 0 0 0 1 0 0 1 0 1 1 1 0 1 0 1 1 0 x
0.066402607221921 0 1 0 0 0 0 0 1 0 0 1 1 1 0 1 1 1 0 1 1 1 x
0.035194927815771 0 1 0 0 0 0 0 0 0 0 1 1 1 0 1 0 1 1 0 1 1 x
0.050358727462357 0 1 0 0 1 0 0 0 0 0 1 1 1 1 1 1 0 0 0 1 1 x
0.036830026038472 0 1 0 0 0 0 1 0 0 0 1 1 1 1 1 1 0 1 0 1 1 x
0.043384029783760 0 1 0 0 0 0 1 0 0 0 0 1 1 1 1 0 1 0 0 1 1 x
0.112684468777227 1 1 0 0 1 0 0 1 0 1 1 1 1 1 0 0 0 1 0 1 0 x
0.048049811356073 0 1 0 0 0 1 0 0 0 0 1 1 1 1 0 1 0 0 1 0 1 x
0.042301142258610 0 1 0 0 0 0 0 0 0 0 1 0 0 1 0 1 0 0 1 0 1 x
0.054948386484419 1 0 0 0 0 0 1 0 0 0 1 1 1 1 1 1 0 0 1 1 0 x
0.111510782936323 0 1 0 0 0 0 1 0 1 0 0 1 1 0 1 1 1 1 0 1 0 x
0.042781444348855 0 1 0 0 0 0 1 0 0 0 1 0 1 1 1 1 0 0 0 1 1 x
0.125656052922699 0 0 0 1 0 0 0 1 1 0 1 0 1 0 1 1 1 1 0 0 1 x
0.055013645636292 0 1 0 0 0 0 1 0 0 1 1 1 1 1 1 0 1 1 0 1 1 x
0.025560715125202 0 1 0 0 0 0 0 0 0 0 1 1 1 1 0 1 0 1 0 1 1 x
0.062647074267473 0 1 0 1 0 0 0 0 0 1 1 1 1 1 0 1 0 1 0 1 1 x
0.058921742027698 0 1 0 0 0 1 0 0 0 0 1 1 1 1 0 1 0 1 0 1 1 x
0.054781627545205 0 1 0 0 0 0 1 0 0 0 1 1 1 1 0 1 0 0 0 1 1 x
0.030496440505906 0 1 0 0 0 0 0 1 0 0 1 1 1 1 1 1 0 1 0 1 1 x
0.041523667364084 0 1 0 0 0 0 0 1 0 0 1 1 1 1 0 1 0 1 1 0 1 x
0.038257833806230 0 1 0 0 0 0 0 0 0 0 1 1 1 1 0 1 1 1 0 1 1 x
0.042915383760897 0 1 0 0 0 0 0 0 0 1 1 0 1 0 1 0 1 0 1 1 0 x
0.078623571538470 1 0 0 0 0 0 0 1 1 0 0 0 0 1 1 0 0 1 0 0 0 x
0.061507576584535 0 0 0 1 0 0 0 1 0 0 0 1 1 1 1 0 1 0 0 1 1 x
0.093835001195341 0 1 0 1 0 0 0 0 0 1 0 1 1 1 1 0 0 1 1 0 1 x
0.070176370059599 0 1 0 1 0 0 0 0 0 0 1 1 1 1 1 0 0 1 0 1 1 x
0.078081447567552 0 0 0 1 0 0 0 1 0 0 1 1 0 1 1 1 0 0 1 1 0 x
0.137247243030050 1 1 0 1 0 0 0 1 1 1 1 1 1 1 0 1 0 1 0 1 0 x
0.048872734707762 0 0 1 0 0 0 0 0 0 1 0 1 0 1 1 0 1 1 0 0 1 x
0.051901715930323 0 0 1 0 0 0 0 0 1 0 0 1 0 1 1 0 1 1 0 0 1 x
0.041530280087650 0 0 1 0 0 0 0 0 0 0 1 1 0 1 0 0 1 1 0 0 1 x
0.060918504565793 0 0 1 0 0 0 0 0 0 0 0 1 0 0 1 0 1 1 0 0 1 x
0.095146229565622 0 0 1 0 0 1 0 0 0 0 1 1 1 1 0 0 1 1 1 0 1 x
0.067529145963054 0 0 1 0 0 0 1 0 0 0 1 1 0 1 1 0 1 1 0 0 1 x
0.110210691489475 0 0 1 1 0 0 0 0 0 1 1 1 0 1 0 0 1 1 0 0 1 x
0.046075064234287 0 0 1 0 0 0 0 0 0 0 1 1 0 1 1 0 1 1 0 1 1 x
0.093202841643003 0 0 1 0 0 0 0 0 0 0 0 0 0 1 1 0 1 1 0 0 1 x
0.078843393768153 0 0 1 0 0 1 0 0 0 0 1 1 0 1 1 0 0 1 0 0 1 x
0.049054821207596 0 0 1 0 0 0 0 0 1 0 0 0 1 1 1 0 0 0 1 1 0 x
0.083093476299587 0 0 1 0 0 0 0 0 1 0 1 0 0 0 1 0 1 0 0 1 0 x
0.094661539083630 0 0 1 0 0 0 1 0 1 0 1 1 1 0 1 1 1 1 0 0 1 x
0.049393593631906 1 0 0 0 0 1 0 0 0 1 1 0 1 1 0 1 1 0 0 0 1 x
0.051722559407696 1 0 0 0 0 0 1 1 0 0 1 1 1 1 1 1 0 1 0 1 1 x
0.055555824250411 1 0 0 0 0 0 1 1 0 0 1 1 1 1 1 0 0 1 1 0 1 x
0.045162036326307 1 0 0 0 0 0 1 0 0 1 1 1 1 1 0 1 1 1 0 1 1 x
0.033648317664434 0 1 0 0 0 0 0 0 0 0 1 0 1 1 1 0 1 0 0 1 1 x
0.042818202694815 1 0 0 0 0 0 0 1 0 0 1 1 0 1 1 1 0 1 0 0 1 x
0.051074901438645 1 0 0 0 0 1 0 1 0 0 1 1 1 1 1 1 0 0 1 0 1 x
0.071254057095333 0 0 1 0 0 0 0 0 1 0 0 1 1 0 1 0 1 1 1 0 1 x
0.080967590023291 1 0 0 0 1 0 1 0 0 1 1 1 1 1 1 1 0 1 0 1 1 x
0.091799894427799 0 1 1 0 0 0 0 1 0 1 1 1 1 1 1 1 0 0 1 1 0 x
0.056183528323216 1 0 0 0 0 1 0 0 0 1 0 1 1 1 1 0 1 0 0 0 1 x
0.059307801009950 0 1 0 0 0 1 0 0 0 0 1 0 1 1 1 0 0 0 1 0 1 x
0.049852577521753 0 0 1 0 0 0 0 0 0 1 0 0 1 0 1 0 1 0 0 1 0 x
0.065530813913204 1 0 0 0 0 1 0 0 0 1 1 0 1 0 0 1 1 0 0 1 0 x
0.088947545498284 0 1 0 0 1 0 0 0 0 0 1 0 1 0 1 0 1 0 0 1 0 x
0.059996454718630 0 0 1 0 0 0 0 1 0 0 1 1 0 1 1 0 1 1 0 0 1 x
0.095135091892864 0 0 0 0 1 0 1 0 0 0 1 0 1 0 1 1 1 0 0 0 1 x
0.084706636147335 0 0 0 1 1 0 0 0 0 0 1 0 1 1 1 0 1 0 0 0 1 x
0.065359581053442 0 0 0 0 0 0 1 0 0 0 0 0 1 0 1 1 1 0 0 1 1 x
0.040357274860527 1 0 0 0 0 0 1 0 0 1 1 1 1 1 1 0 1 1 0 0 1 x
0.037985376878015 0 1 0 0 0 0 0 0 0 0 1 0 0 1 1 1 0 0 0 1 1 x
0.016420607128950 1 0 0 0 0 0 0 0 0 1 0 1 1 1 1 0 0 0 1 1 1 x
0.096531529296524 0 0 0 1 1 0 0 0 0 0 1 1 1 0 1 0 1 1 0 0 1 x
0.068305952184992 0 0 1 0 0 0 0 0 1 1 0 0 1 0 1 1 0 1 0 1 0 x
0.095826438085710 0 0 0 1 0 0 0 0 1 1 0 1 0 0 1 1 1 0 0 1 0 x
0.048836217087548 0 0 0 1 0 0 0 0 0 0 0 0 0 1 1 0 0 0 1 1 0 x
0.119758394043992 1 0 0 1 1 0 0 1 1 1 1 1 1 1 0 0 1 1 0 0 0 x
0.137628990755987 0 1 0 1 0 0 0 0 1 0 1 0 0 1 0 0 1 0 1 0 0 x
0.083728149626785 0 0 1 0 0 0 1 0 0 1 1 0 1 0 1 1 1 0 0 0 1 x
0.066516283603937 0 1 0 0 0 0 0 0 0 0 0 0 0 0 1 0 1 0 0 1 0 x
0.036598202594232 1 0 0 0 0 0 1 0 0 1 0 1 1 1 1 0 0 1 0 1 1 x
0.060604812419980 0 1 0 0 0 1 0 0 0 0 0 1 1 1 1 0 1 0 0 1 1 x
0.049025209557625 0 0 0 1 0 0 0 0 0 0 0 1 1 0 1 1 0 1 0 1 1 x
0.044965066356904 0 0 0 1 0 0 0 0 0 0 1 1 0 1 1 1 0 1 0 1 1 x
0.063812568234470 0 0 0 1 0 0 0 0 0 0 1 1 0 0 0 1 1 1 0 1 0 x
0.134341520515236 0 0 0 1 0 0 1 0 0 0 1 1 0 0 1 1 0 1 1 1 0 x
0.052351027073544 0 0 0 1 0 0 0 0 0 0 1 1 1 0 1 1 1 1 0 1 1 x
0.169603207723716 1 1 1 0 0 0 1 1 1 1 1 1 1 1 0 0 0 1 0 0 0 x
0.169845095879901 1 0 1 1 0 0 1 1 1 1 1 1 1 1 1 1 0 0 0 1 0 x
0.134011593787629 1 0 1 1 0 0 0 0 1 1 1 1 1 0 0 1 0 0 1 1 0 x
0.045091758519335 0 0 1 0 0 0 0 1 0 0 1 1 1 1 1 1 0 1 0 1 1 x
0.114174885163401 0 0 1 0 1 0 0 0 1 0 1 0 1 1 1 0 1 0 1 0 1 x
0.100409111532711 0 0 0 1 1 0 0 0 0 1 1 0 1 1 0 1 1 0 0 0 1 x
0.036157712287488 1 0 0 0 0 0 0 0 0 0 1 1 0 1 0 1 0 1 0 1 1 x
0.053792530180012 1 0 0 0 0 0 0 1 0 0 1 0 0 1 0 1 0 1 0 1 0 x
0.058150034441624 1 0 0 0 1 0 0 1 0 0 1 1 1 1 1 0 0 1 0 0 1 x
0.086012530119446 0 0 0 1 1 0 0 0 0 0 1 1 1 1 0 1 1 0 0 1 1 x
0.051849452566226 1 0 0 1 0 0 0 0 0 1 1 1 0 1 1 1 0 0 0 1 1 x
0.086912819162828 0 0 1 0 1 0 0 1 0 0 1 1 1 1 1 1 0 0 0 1 1 x
0.090490876948587 1 0 0 0 1 0 0 1 0 0 1 1 1 1 0 0 1 1 1 0 0 x
0.042681621368418 1 0 0 0 0 0 0 1 0 1 1 0 1 1 0 1 1 0 0 1 1 x
0.066904730313779 0 0 1 0 0 1 0 0 0 0 0 1 1 1 1 0 0 0 1 1 0 x
0.039117392654353 0 0 0 1 0 0 0 0 0 0 0 1 0 1 1 1 0 0 0 1 1 x
0.046026210245361 0 0 1 0 0 0 0 0 0 1 1 1 0 1 1 1 0 1 0 1 1 x
0.044126002222911 0 0 1 0 0 0 0 0 0 0 1 1 0 1 0 1 0 1 0 1 1 x
0.038779037016885 0 0 1 0 0 0 0 0 0 1 1 0 1 1 1 1 0 1 0 1 1 x
0.055122459878906 0 1 0 0 0 0 1 0 1 0 1 1 1 1 1 1 0 0 1 0 1 x
0.054323095463926 1 0 0 0 1 0 0 0 1 1 0 1 1 1 1 0 0 1 0 0 1 x
0.095171878561839 0 0 1 0 1 0 0 0 1 1 1 0 1 1 1 1 0 1 0 0 1 x
0.063465353617426 1 0 1 0 0 0 0 0 1 0 1 1 1 1 0 0 1 0 1 0 1 x
0.058062853085279 0 0 0 1 0 0 0 0 0 1 0 0 1 0 0 1 1 0 0 1 0 x
0.055482727431089 0 0 1 0 0 0 0 0 1 0 1 1 1 1 0 1 1 1 0 1 1 x
0.052173303215208 0 0 1 0 0 0 0 0 0 0 1 1 1 0 0 1 1 1 0 1 1 x
0.060939267527003 0 0 1 0 0 0 0 0 0 1 1 1 0 0 1 0 1 1 0 1 0 x
0.085996595066983 0 0 1 0 1 0 0 0 0 0 1 1 1 1 0 1 0 1 0 1 1 x
0.131836096330205 0 0 0 1 0 1 0 0 0 1 1 0 1 1 0 0 1 0 1 0 0 x
0.046983196944016 1 0 0 0 0 0 0 0 0 0 1 0 0 0 0 0 1 0 1 0 0 x
0.120982835646387 1 0 0 0 0 1 0 0 0 0 1 0 0 1 0 0 0 0 1 0 0 x
0.048148161054249 1 0 0 0 0 1 0 0 0 0 1 1 1 0 1 0 1 0 1 0 1 x
0.028708831682139 1 0 0 0 0 0 0 0 0 1 1 1 0 0 1 0 1 0 1 0 1 x
0.047123249603342 1 0 0 0 0 0 0 0 0 1 1 1 0 1 0 0 1 1 1 0 0 x
0.036997685978133 1 0 0 0 0 0 0 0 0 1 1 0 0 0 0 1 1 0 0 0 1 x
0.053113405646015 0 0 1 0 0 0 0 0 0 1 1 0 0 0 1 1 0 1 0 0 1 x
0.037345126026855 1 0 0 0 0 0 0 1 0 0 1 0 1 1 0 0 1 1 0 0 1 x
0.049981830771913 1 0 0 0 0 0 0 0 1 0 1 0 1 0 0 0 1 1 1 0 0 x
0.059700259503387 1 0 0 0 0 0 0 1 0 0 1 0 1 0 0 0 1 0 1 0 0 x
0.064314029918806 1 0 1 0 0 0 0 0 1 1 1 0 1 1 0 1 0 1 0 0 1 x
0.082193831366563 0 0 1 0 1 0 0 0 0 1 1 1 1 0 1 0 1 1 0 0 1 x
0.024990140027563 1 0 0 0 0 0 0 1 0 0 1 1 1 1 1 0 0 1 0 1 1 x
0.055640553314005 1 0 0 0 0 1 0 1 0 0 1 1 1 1 1 0 0 1 0 0 1 x
0.027275737278721 1 0 0 0 0 0 0 1 0 0 0 1 1 1 1 0 0 0 0 1 1 x
0.045856390704832 1 0 0 0 0 0 0 1 1 0 0 1 1 1 1 0 0 1 0 1 1 x
0.027393261701236 1 0 0 0 0 0 0 1 0 0 1 1 0 1 1 1 0 0 0 1 1 x
0.031163843574814 1 0 0 0 0 0 0 1 0 0 1 1 1 1 1 0 0 0 1 1 1 x
0.024002137883628 1 0 0 0 0 0 0 1 0 0 1 1 1 1 0 1 1 0 0 1 1 x
0.035278099650483 1 0 0 0 0 0 0 1 0 0 1 1 1 1 0 0 1 1 0 1 1 x
0.079299430905979 1 1 0 0 0 0 0 1 0 0 1 1 1 1 0 1 0 0 0 1 1 x
0.045300637693989 1 0 0 0 0 0 0 1 0 0 1 0 1 0 0 1 1 0 0 1 0 x
0.026909677024201 1 0 0 0 0 0 0 0 1 0 1 0 1 1 0 1 1 0 0 1 1 x
0.058384673458490 1 0 0 0 0 1 0 0 1 0 1 0 1 1 0 1 1 0 0 0 1 x
0.030480875315089 1 0 0 0 0 0 0 0 1 0 1 0 1 1 0 0 1 0 1 0 1 x
0.045593773759620 1 0 0 0 0 0 0 0 1 1 0 0 1 1 0 1 1 1 0 0 1 x
0.093967526385619 1 0 0 1 0 0 0 1 1 0 1 0 1 1 0 1 1 0 0 0 1 x
0.034713689948634 1 0 0 0 0 0 0 0 1 0 1 0 0 1 0 1 1 0 0 0 1 x
0.079429269208266 1 0 1 0 0 0 0 0 1 0 1 0 1 1 0 0 1 0 0 0 1 x
0.065240780145150 1 0 0 1 0 0 0 0 1 1 1 1 1 1 0 0 1 1 1 0 1 x
0.045767655103337 1 0 0 0 0 0 0 0 1 0 1 0 1 0 0 1 1 0 1 0 1 x
0.049162313968030 1 0 0 0 1 0 0 0 1 1 1 1 1 1 0 1 1 1 0 0 1 x
0.051605636099844 1 0 0 0 0 0 0 1 0 0 1 1 0 0 1 0 0 1 0 1 0 x
0.051704962978790 1 0 0 0 1 0 0 0 1 0 1 1 1 1 0 0 1 1 0 0 1 x
0.060905890016095 1 0 0 0 0 1 1 0 0 0 1 1 1 1 1 1 0 0 0 1 1 x
0.052234405113927 1 0 0 0 0 0 0 1 1 0 1 0 1 1 0 1 1 1 0 0 1 x
0.028285097747446 1 0 0 0 0 0 0 1 0 0 1 0 1 1 1 0 1 0 0 1 1 x
0.031384273739107 1 0 0 0 0 0 0 1 0 0 1 1 1 0 1 0 1 0 1 0 1 x
0.047469791020595 1 0 0 0 0 0 0 1 1 0 0 0 1 1 1 0 1 0 0 0 1 x
0.068725332539448 1 0 0 0 0 0 1 1 0 0 1 0 1 1 1 1 1 0 0 0 1 x
0.038976660522457 1 0 0 0 0 0 0 1 0 0 1 0 0 1 1 0 1 0 0 0 1 x
0.061787092036095 1 0 0 0 1 0 0 0 1 1 1 1 1 1 0 1 0 1 1 1 0 x
0.065483812760800 1 1 0 0 0 0 0 1 0 1 1 1 1 0 1 0 1 0 0 1 1 x
0.023029536040929 1 0 0 0 0 0 0 0 0 0 1 1 1 0 0 1 1 0 0 1 1 x
0.037418297019581 1 0 0 0 0 0 1 0 0 0 1 1 1 0 1 1 1 0 0 1 1 x
0.030466167817176 1 0 0 0 0 0 0 0 1 0 1 1 1 0 1 0 1 0 1 0 1 x
0.075199388751029 0 1 0 0 0 0 1 0 1 1 0 0 1 1 1 1 1 0 0 0 1 x
0.026855595532833 1 0 0 0 0 0 0 0 1 0 0 1 1 1 0 1 1 0 0 1 1 x
0.025685939745482 1 0 0 0 0 0 0 0 1 0 0 1 1 1 0 0 1 0 1 0 1 x
0.048728072142287 1 0 0 0 0 1 0 0 1 0 1 1 1 1 0 1 1 0 1 0 1 x
0.138232004875833 0 0 0 1 1 0 1 0 0 0 1 1 1 1 1 1 1 0 0 0 1 x
0.024977206097854 1 0 0 0 0 0 0 0 1 0 0 1 1 1 1 0 1 0 0 1 1 x
0.072536493930807 1 1 0 0 0 0 0 0 1 1 0 1 1 1 0 0 1 0 0 1 1 x
0.038605230639560 1 0 0 0 0 0 0 0 1 0 1 1 0 1 0 0 1 0 1 0 1 x
0.091529032789924 0 0 1 0 0 0 1 0 0 0 0 1 0 1 1 0 0 0 0 1 0 x
0.020957476905423 1 0 0 0 0 0 0 0 1 0 0 1 1 1 1 0 0 0 1 1 1 x
0.056316906851627 1 0 0 0 1 0 0 0 1 1 0 1 1 1 1 0 1 0 1 0 1 x
0.034571314118296 1 0 0 0 0 0 0 0 1 0 0 1 1 1 0 0 1 0 1 1 0 x
0.125621840259843 0 0 0 1 0 1 1 0 0 0 1 1 1 1 1 1 0 1 0 0 1 x
0.032531337972180 1 0 0 0 0 0 1 0 0 0 1 1 0 1 1 1 0 0 0 1 1 x
0.028125250188331 1 0 0 0 0 0 1 0 0 0 1 1 1 1 0 1 1 0 0 1 1 x
0.033218972316251 1 0 0 0 0 0 1 0 1 0 1 1 1 1 1 1 1 0 0 1 1 x
0.051752756194421 1 0 0 0 1 0 0 0 1 0 1 1 1 1 0 1 1 0 0 1 1 x
0.040080268703065 1 0 0 0 0 0 1 0 0 0 1 0 1 1 1 0 1 0 0 1 1 x
0.064566798753931 1 0 0 0 0 0 1 0 0 0 1 0 0 1 0 1 1 0 0 1 0 x
0.078003744631240 0 1 0 0 0 0 1 0 1 0 1 1 0 1 1 1 1 0 0 1 1 x
0.033877615973884 1 0 0 0 0 0 1 0 0 0 1 1 1 1 1 0 1 0 1 0 1 x
0.034300815573584 1 0 0 0 0 0 1 0 0 0 1 1 1 1 1 0 1 1 0 1 1 x
0.094527216941519 0 0 0 0 0 1 1 0 0 0 1 0 1 1 1 1 1 0 0 1 1 x
0.021559328617190 1 0 0 0 0 0 0 0 0 0 1 1 1 0 0 0 1 0 1 0 1 x
0.036184459951478 1 0 0 0 0 0 1 0 1 0 1 1 1 1 1 1 0 1 0 1 1 x
0.076414294202898 1 0 0 1 0 0 1 0 1 1 1 1 1 1 1 1 0 1 0 0 1 x
0.079110934765354 1 1 0 0 0 1 0 0 1 1 1 1 1 1 0 1 0 0 1 0 1 x
0.052514960734170 1 0 0 0 0 0 1 0 0 1 1 0 1 1 0 0 1 1 0 1 0 x
0.045067127272406 0 0 1 0 0 0 0 0 0 1 1 0 1 0 1 1 1 0 0 1 1 x
0.058469520974993 0 1 0 0 0 0 1 0 0 1 0 1 1 1 0 1 0 0 1 1 0 x
0.106144328800434 0 0 0 1 1 0 0 0 1 0 1 1 1 1 1 1 0 1 0 1 1 x
0.082037065494772 1 0 0 0 1 0 0 1 0 1 1 0 1 1 1 1 1 0 0 0 1 x
0.034021293215468 1 0 0 0 0 0 0 1 0 0 1 1 1 1 0 0 1 0 1 1 0 x
0.051222313001920 1 0 0 0 0 0 1 0 1 0 1 1 1 1 1 0 1 1 1 0 1 x
0.049098154269803 0 1 0 0 0 0 0 0 0 1 1 1 1 1 0 1 0 1 1 1 1 x
0.026549400493068 1 0 0 0 0 0 0 0 1 0 1 1 1 1 0 1 1 0 1 1 1 x
0.070400095747132 1 0 1 0 0 0 0 0 0 1 1 1 0 0 1 0 1 0 0 0 1 x
0.039117166452456 0 1 0 0 0 0 1 0 0 0 0 1 1 1 1 1 0 0 0 1 1 x
0.042146788750777 1 0 0 0 0 0 0 0 1 1 0 0 1 1 0 0 1 1 0 1 0 x
0.151465626129229 1 0 1 0 1 0 1 0 1 1 1 1 1 1 1 0 0 1 1 0 0 x
0.037344388631112 1 0 0 0 0 0 0 1 0 0 0 0 1 1 1 0 0 0 0 1 1 x
0.108068781903598 0 0 0 1 0 0 1 0 1 0 0 0 1 1 1 0 1 0 0 1 0 x
0.113307376035487 0 0 1 1 0 0 0 0 0 1 1 1 1 0 0 1 1 1 0 1 0 x
0.095023682582159 1 0 0 1 0 0 0 1 0 0 1 1 0 0 1 1 0 0 0 1 0 x
0.054054527206201 0 1 0 0 0 0 0 0 0 0 1 0 1 0 0 1 1 0 0 1 1 x
0.056073886309173 1 0 0 1 0 0 0 0 1 0 1 1 1 1 0 0 1 0 1 0 1 x
0.078293054188112 0 1 0 0 1 0 0 0 1 1 0 1 1 1 1 0 1 0 0 1 0 x
0.038723540792510 1 0 0 0 0 1 0 0 0 0 1 1 1 1 0 1 1 0 0 1 1 x
0.048103138920593 1 0 0 0 0 0 1 0 0 1 1 1 0 1 1 1 0 1 1 0 1 x
0.043529923411683 0 0 0 1 0 0 0 0 0 0 0 1 1 1 0 1 1 0 0 1 1 x
0.043761997189795 1 0 0 1 0 0 0 0 1 1 1 1 1 1 0 1 1 0 0 1 1 x
0.064991878991499 1 0 0 1 0 0 0 0 1 1 0 1 1 1 0 1 1 0 0 0 1 x
0.100006634551324 1 0 0 1 1 0 0 0 1 1 1 1 1 1 1 1 0 0 0 1 1 x
0.065058497977738 1 0 0 1 0 0 0 0 0 1 1 1 1 0 0 1 1 0 0 1 1 x
0.084316881548428 0 0 0 1 0 0 0 0 1 1 0 1 1 1 0 1 1 1 0 1 0 x
0.057087792248581 1 0 0 0 0 0 0 0 0 0 0 1 1 0 1 0 0 0 1 1 1 x
0.051673057872585 0 0 1 0 0 0 0 0 0 0 1 1 0 0 1 1 0 1 0 1 1 x
0.069689571374992 1 0 0 1 0 0 0 1 0 1 1 1 1 0 1 0 0 1 1 0 0 x
0.073659131338207 0 0 0 1 0 0 1 0 0 0 1 1 1 1 0 1 1 1 0 0 1 x
0.071398865023772 0 0 1 0 0 0 0 0 1 1 0 0 1 0 1 1 1 1 0 0 1 x
0.032521141732643 1 0 0 0 0 0 0 1 0 0 1 1 1 0 1 1 0 0 0 1 1 x
0.035237297286837 1 0 0 0 0 0 1 0 0 0 1 1 1 1 0 0 1 1 0 0 1 x
0.023122848932730 1 0 0 0 0 0 0 0 1 1 0 1 1 1 1 1 0 0 1 1 1 x
0.065505467123594 1 0 0 1 0 0 0 0 1 1 1 1 1 1 0 1 0 0 1 1 1 x
0.028027346235264 1 0 0 0 0 0 0 0 1 1 0 0 1 1 1 0 1 0 0 1 1 x
0.074310277208693 0 0 1 0 0 1 0 0 0 0 1 1 1 0 1 0 1 1 0 0 1 x
0.080577080501505 0 0 1 0 0 0 0 1 0 1 1 0 0 1 1 1 0 1 0 0 1 x
0.069609207883925 1 0 1 0 0 0 0 1 0 0 1 1 1 1 0 0 0 1 0 0 1 x
0.058602226541257 0 0 0 1 0 0 0 0 0 0 1 0 1 0 0 0 1 1 1 0 0 x
0.048539499763227 0 0 0 1 0 0 0 0 0 0 1 0 0 0 1 0 1 0 0 1 0 x
0.055473651240939 0 0 0 1 0 0 0 0 0 0 1 0 0 0 1 1 0 0 1 1 0 x
0.065744897005018 0 1 0 0 0 0 0 1 0 1 0 1 0 1 1 0 1 0 0 1 0 x
0.029763194223091 0 1 0 0 0 0 0 0 0 0 1 1 1 0 1 1 0 1 0 1 1 x
0.054562530521417 0 0 1 0 0 0 0 0 0 0 1 1 0 0 0 0 1 1 1 0 0 x
0.027306717066484 1 0 0 0 0 0 0 0 1 0 0 0 1 1 1 0 0 0 1 0 1 x
0.068023322161812 1 1 0 0 0 0 0 1 0 1 1 1 1 0 1 0 0 1 0 1 0 x
0.091385337834854 1 0 0 1 0 1 0 0 0 1 1 1 1 1 0 1 0 1 0 0 1 x
0.031035760751319 1 0 0 0 0 0 0 0 0 0 1 0 1 0 1 0 1 0 0 0 1 x
0.084735090180911 1 0 1 0 0 0 0 1 1 0 0 1 1 1 1 0 0 0 0 0 1 x
0.056008916817130 1 0 0 0 0 0 1 0 1 0 1 1 1 1 0 1 1 1 0 1 0 x
0.055408184168783 0 1 0 0 0 0 0 0 1 1 0 1 1 1 1 0 1 1 1 1 0 x
0.033787661891488 0 1 0 0 0 0 0 0 1 0 0 1 1 1 1 1 0 1 0 1 1 x
0.078929340357066 0 1 0 0 0 0 1 0 1 1 0 1 1 1 1 1 0 1 1 0 1 x
0.064636706609046 0 1 0 0 1 0 0 0 1 0 1 1 1 1 0 1 0 1 0 0 1 x
0.060692330748629 0 1 0 0 0 0 0 0 1 0 0 1 0 1 0 1 1 1 0 0 1 x
0.060846166027753 0 0 1 0 0 0 0 0 1 0 0 1 1 1 0 1 0 1 0 1 0 x
0.071849442679024 0 0 1 0 0 0 0 1 0 0 1 1 1 0 0 1 1 1 0 1 0 x
0.032455489437718 1 0 0 0 0 0 0 0 1 0 0 1 1 1 0 0 1 1 0 0 1 x
0.049136083835210 1 0 0 0 0 0 1 0 1 0 1 1 0 1 1 1 0 0 1 0 1 x
0.089474108150639 1 0 0 0 1 0 1 0 1 0 1 1 1 1 1 1 0 1 0 0 1 x
0.081323163810792 0 0 1 0 0 0 1 0 0 0 1 1 0 1 0 1 0 1 0 0 1 x
0.051426844736130 1 1 0 0 0 0 0 0 1 1 1 1 1 1 0 1 0 1 0 1 1 x
0.034096188691734 1 0 0 0 0 0 0 0 1 0 0 0 1 1 1 1 0 0 0 1 1 x
0.074872445249627 0 0 0 1 0 0 0 0 1 0 0 0 1 0 1 0 1 0 1 1 0 x
0.056497456298086 1 1 0 0 0 0 0 1 1 1 1 1 1 1 0 1 1 0 1 0 1 x
0.057222706247415 1 1 0 0 0 0 0 1 1 1 1 1 1 0 1 1 0 1 0 0 1 x
0.065155439630398 1 1 0 0 0 0 0 1 1 1 1 1 1 1 0 1 0 1 1 1 0 x
0.073182445700597 1 0 0 1 0 0 0 1 0 1 1 1 0 1 0 1 1 0 0 0 1 x
0.050546736685446 0 1 0 0 0 0 0 0 1 0 0 1 0 1 1 1 1 0 0 1 1 x
0.041823926716375 0 1 0 0 0 0 0 0 0 1 1 1 0 1 0 1 1 1 0 0 1 x
0.093598711270666 0 0 0 1 0 1 0 0 0 0 1 1 0 1 1 1 1 0 0 1 1 x
0.107300148994080 1 1 0 0 1 0 0 0 1 1 1 1 1 0 0 1 1 0 0 0 1 x
0.046090629560968 1 0 0 0 0 1 0 0 0 0 1 1 1 0 0 1 1 0 0 0 1 x
0.104963013001971 1 0 1 0 0 1 0 0 1 1 1 1 1 0 0 1 0 1 0 0 0 x
0.042424177383789 0 0 1 0 0 0 0 0 0 0 1 0 1 0 1 0 1 0 1 0 1 x
0.061180780011301 0 0 0 1 0 0 1 0 0 0 0 1 1 1 1 1 0 0 1 0 1 x
0.112915347545992 0 0 0 1 0 0 1 0 1 0 0 1 1 1 1 1 1 0 1 1 0 x
0.095394370796745 0 0 0 0 0 0 1 0 0 0 0 1 1 1 1 1 0 1 0 1 1 x
0.052488011904127 0 0 0 0 1 0 0 0 0 0 1 0 1 0 1 1 1 0 0 1 1 x
0.129541080233989 0 0 1 0 1 1 0 0 0 0 1 1 1 1 1 0 1 0 0 0 1 x
0.074361143814808 0 0 0 0 1 0 0 0 1 0 0 0 1 0 1 1 1 0 0 1 0 x
0.064167798410145 0 0 0 0 1 0 0 0 0 0 1 0 1 0 0 1 1 0 1 1 0 x
0.150912202004317 0 0 0 1 1 0 0 0 0 0 1 0 1 0 0 0 1 0 1 0 0 x
0.057263815786982 0 0 0 0 1 0 0 0 0 0 1 0 1 0 0 1 1 1 0 0 1 x
0.094988770195920 0 0 0 0 1 0 0 0 1 0 1 0 1 0 0 1 1 1 0 1 0 x
0.059670079089406 0 0 0 0 1 0 0 0 0 0 1 0 1 0 1 1 0 1 1 0 1 x
0.076211276553709 0 0 0 0 1 0 0 0 0 1 1 0 1 0 1 1 1 1 0 0 1 x
0.099517652879498 0 0 0 0 1 1 0 0 0 0 1 0 1 0 1 1 1 0 0 0 1 x
0.042222359461069 0 0 0 0 1 0 0 0 0 0 0 0 1 0 1 1 0 0 0 1 1 x
0.049402599871168 0 0 0 0 1 0 0 0 0 0 0 1 1 1 1 1 0 0 1 1 1 x
0.050884158715885 0 0 0 0 1 0 0 0 0 0 0 1 1 0 1 1 0 1 0 1 1 x
0.075086850274338 0 0 0 0 1 1 0 0 0 0 0 1 1 1 1 1 0 0 0 1 1 x
