0.280018866062164 0 0 1 1 0 1 0 1 1 0 1 0 0 1 1 1 1 0 0 0 0 1 1
0.346834540367126 0 0 0 1 0 1 0 1 1 1 0 0 1 1 0 1 1 1 1 1 0 0 1
0.394069939851761 0 0 1 0 1 0 1 1 0 0 1 0 1 1 0 1 1 1 1 1 0 1 1
0.479861736297607 1 1 1 1 0 1 0 0 0 0 1 0 1 1 1 1 0 0 1 0 0 0 1
0.184718459844589 0 1 0 0 0 0 1 1 0 1 0 0 1 1 1 0 1 1 1 1 0 0 1
0.393902033567429 0 0 0 1 1 1 1 1 1 0 0 1 1 1 1 1 0 0 1 0 1 1 0
0.459997832775116 0 1 1 1 1 0 1 0 1 1 1 0 1 1 0 0 1 1 1 1 1 0 1
0.314023286104202 1 0 0 1 0 0 1 1 1 0 1 0 1 0 1 1 0 0 1 0 1 1 1
0.375682324171066 1 1 1 0 0 1 0 1 0 1 1 0 0 0 0 1 1 0 0 1 0 1 0
0.140237748622894 1 0 1 0 0 1 1 0 1 0 1 1 1 0 1 1 0 0 0 0 1 0 1
0.302226752042770 1 0 1 0 1 0 1 0 1 0 0 0 1 1 1 1 0 1 0 0 1 0 1
0.254837244749069 0 1 1 0 0 1 0 0 0 0 0 1 1 1 0 0 1 0 0 1 1 0 1
0.433798134326935 0 1 1 0 1 1 0 0 0 0 1 1 0 1 0 1 0 0 1 1 1 0 1
0.421231687068939 0 1 1 0 1 1 0 0 0 1 1 1 0 0 1 1 1 1 1 0 1 1 1
0.506371736526489 1 1 1 0 0 0 0 1 1 0 1 0 0 0 0 0 0 1 1 1 1 0 0
0.423769056797028 1 0 1 1 0 1 0 1 1 0 0 1 1 1 1 1 1 1 1 0 0 0 1
0.436854481697083 1 1 0 1 0 1 0 1 1 0 1 0 0 1 0 0 0 1 1 1 0 0 1
0.205090969800949 0 0 0 0 1 1 0 0 0 0 1 0 1 0 0 1 1 0 1 1 1 0 0
0.463642656803131 0 0 0 0 0 1 0 1 1 0 1 1 1 0 0 0 0 0 1 0 0 0 0
0.310373514890671 1 0 0 0 1 0 1 1 0 1 0 1 1 1 0 0 0 1 1 1 0 1 1
0.475700080394745 0 1 0 1 1 0 1 1 0 0 1 0 1 1 0 1 1 1 1 1 0 0 0
0.288205534219742 0 0 0 0 0 1 1 1 0 1 1 0 1 0 1 0 1 0 1 0 1 0 0
0.421057403087616 1 0 1 1 1 1 0 0 0 1 1 0 1 1 0 0 0 1 1 0 1 0 1
0.366538643836975 1 1 1 0 1 0 0 1 0 0 1 0 1 0 0 1 1 0 0 0 1 0 0
0.389705598354340 1 1 1 0 1 1 1 1 0 1 0 0 0 0 0 1 1 0 0 0 0 0 0
0.243014692976610 1 0 0 1 1 0 1 0 0 0 1 1 1 0 1 0 1 1 0 0 1 0 1
0.206972597001050 0 0 0 0 0 0 0 0 1 1 1 0 1 0 1 0 1 1 1 1 1 0 1
0.245270317501342 0 0 0 0 1 0 1 0 0 1 0 0 1 1 1 0 1 0 0 1 1 1 1
0.157800383849165 1 0 0 0 0 0 1 1 0 1 0 0 1 1 1 0 0 1 0 1 1 0 1
0.173341763882855 0 0 0 0 1 0 1 1 0 0 1 1 1 1 1 1 1 0 0 0 1 1 1
0.113724206601535 0 0 0 0 0 0 1 0 0 1 1 0 0 1 1 1 1 1 0 1 1 1 0
0.212537858603946 0 1 0 0 0 1 1 1 0 1 1 0 1 0 1 1 1 0 0 0 1 0 1
0.201507191310666 1 0 0 0 0 0 1 0 0 0 1 0 0 1 0 1 1 1 0 1 1 1 1
0.364200950600902 1 0 1 0 1 1 1 0 0 0 1 1 1 0 1 1 1 0 0 1 1 0 0
0.076677835744056 0 0 0 1 0 0 0 0 0 1 0 0 1 1 1 0 1 0 0 0 0 1 1
0.115654577713026 0 1 0 0 0 0 0 0 1 1 1 0 1 0 1 1 1 0 0 0 1 1 1
0.379840731129649 1 0 0 1 0 1 1 0 1 0 1 0 1 0 1 1 0 0 0 1 1 1 1
0.110319517865487 0 0 0 0 1 0 0 0 0 1 0 1 1 1 1 0 1 1 0 0 1 1 1
0.154793851087783 0 0 0 0 0 0 1 0 0 1 0 1 0 1 1 0 1 1 0 0 1 1 1
0.187046074372107 0 1 1 0 0 0 1 1 0 1 0 1 1 1 1 1 1 0 0 0 1 0 0
0.164122618987999 0 0 0 1 1 0 0 1 0 1 0 1 1 1 1 1 1 0 0 1 1 1 0
0.299670773497994 0 0 0 0 1 1 0 1 1 0 1 1 0 0 1 1 1 1 0 0 0 1 1
0.146254541045079 0 0 0 0 0 0 0 1 0 1 0 1 1 1 1 0 1 1 0 1 1 0 0
0.233478044143268 1 0 1 1 0 0 1 1 0 1 0 1 1 0 1 0 1 1 0 0 0 0 1
0.259045628821529 0 0 0 1 1 0 0 0 1 1 0 1 0 0 1 0 1 1 0 0 1 1 0
0.137891767173810 0 1 0 1 0 0 0 1 0 1 0 0 1 1 1 0 0 1 0 0 1 0 1
0.118637336002354 0 0 0 0 1 0 0 1 0 1 0 0 0 1 1 1 1 0 0 0 0 1 1
0.054917951284526 0 0 0 0 0 0 0 1 0 0 0 0 0 0 1 1 1 0 0 0 1 1 0
0.216767531021387 0 0 0 0 1 1 0 1 0 1 0 0 1 1 1 1 0 0 0 0 0 1 1
0.057482856252108 0 0 0 0 1 0 0 1 0 0 0 1 1 1 1 1 1 0 1 0 0 1 1
0.013709414540371 1 0 0 0 0 0 0 0 0 1 1 0 0 1 1 1 1 0 0 1 0 1 1
0.027775434029118 1 0 0 0 0 0 0 0 0 1 0 1 0 0 1 1 1 0 1 0 0 1 1
0.127538882891755 0 0 1 0 0 0 0 0 1 0 1 1 0 1 1 1 0 0 0 0 0 1 1
0.030323380719935 0 1 0 0 0 0 0 0 0 1 0 1 1 1 1 1 1 0 1 0 0 1 1
0.203114237233296 0 0 0 0 0 0 0 0 0 0 0 0 1 0 1 1 1 1 0 0 1 0 1
0.255122820845061 1 0 0 0 0 0 0 1 0 1 1 0 0 0 1 0 0 1 1 0 1 1 1
0.097243356072808 1 0 0 1 0 0 0 0 0 1 1 1 0 0 0 1 1 0 0 1 0 1 0
0.260362528576832 1 1 0 0 0 0 0 1 0 1 0 0 0 0 1 0 1 0 0 1 1 0 0
0.033052713648907 1 0 0 0 0 0 0 0 1 1 1 1 0 1 1 1 1 0 1 1 0 1 0
0.207215186581326 0 0 0 0 0 0 0 1 0 1 0 1 1 1 1 1 1 0 1 1 1 1 1
0.370938778829314 0 0 0 0 0 0 0 0 0 0 0 1 1 1 1 1 1 1 0 0 0 1 0
0.110063166134283 1 0 1 0 0 0 1 0 1 1 1 1 1 1 0 1 1 0 0 0 1 1 1
0.101380751324015 1 0 0 0 0 0 1 0 1 0 0 1 1 0 0 1 1 0 0 0 0 1 1
0.080723202428480 1 0 0 0 0 0 1 0 0 1 1 1 1 0 0 1 1 0 0 0 1 0 0
0.210535254461868 1 1 0 0 1 0 0 1 1 1 1 0 1 1 1 1 1 1 0 1 1 0 1
0.096326996145285 0 1 0 0 0 1 0 0 0 0 1 0 0 1 1 1 1 0 1 0 0 1 1
0.063443538691538 0 1 0 0 0 0 0 1 0 0 1 0 0 0 1 1 1 0 1 0 0 0 1
0.231151514283766 0 0 1 0 0 0 1 0 1 1 0 1 0 1 1 1 0 0 0 0 1 1 1
0.142667946149263 0 0 1 0 0 0 1 0 1 0 0 1 1 1 1 0 1 0 0 0 1 1 1
0.248710930312886 0 0 0 0 0 0 0 0 0 1 0 0 0 1 1 1 1 0 0 0 0 1 0
0.153995701570296 1 0 0 0 0 0 0 0 1 1 1 1 1 1 1 0 1 0 0 0 0 1 1
0.056882825602934 1 0 0 0 0 0 0 1 1 1 1 1 1 1 1 1 1 0 1 0 1 1 0
0.056852244773602 1 0 0 0 0 0 0 0 1 1 1 1 1 1 1 1 1 0 1 1 0 1 1
0.101300539315203 1 0 0 0 0 0 0 1 1 1 1 1 0 1 1 1 1 0 0 1 1 1 0
0.031241565651032 1 0 0 0 0 0 0 0 0 1 0 1 1 0 1 1 1 0 1 0 1 1 0
0.074812389072690 1 0 1 0 0 0 0 0 0 1 0 1 1 1 1 0 1 0 1 0 0 1 1
0.203837123407446 1 1 0 0 0 0 0 0 1 0 0 1 0 1 0 0 1 0 1 0 0 1 1
0.200260655086074 1 0 0 1 0 0 1 1 0 0 0 1 0 1 1 1 1 0 0 1 0 0 1
0.071708466168616 1 0 0 0 0 0 1 0 0 1 1 1 0 1 0 1 1 0 1 0 0 1 1
0.023688810224647 0 0 1 0 0 0 0 0 0 0 0 0 1 0 1 1 1 0 0 0 0 1 1
0.181188544648635 0 0 0 0 0 0 0 0 0 0 1 0 1 0 1 1 1 0 0 0 0 1 1
0.285886249812535 1 1 0 0 0 0 0 0 1 0 0 1 0 0 1 1 1 0 1 1 0 1 1
0.039110428573753 1 0 0 0 0 0 0 0 1 0 1 1 0 0 1 1 1 0 0 1 0 1 1
0.056356990413549 1 0 0 0 0 0 0 0 0 0 1 1 0 0 1 1 1 0 1 0 1 1 0
0.088534012164678 1 1 0 0 0 0 0 1 0 1 0 1 1 0 1 0 1 0 0 0 0 0 1
0.156758378736852 1 0 1 0 0 0 0 0 0 1 0 1 0 0 1 1 1 0 1 0 0 0 1
0.065775730294096 1 0 1 0 0 0 0 0 1 1 0 1 1 0 1 1 1 0 0 0 0 1 1
0.147463425842743 0 0 0 0 0 0 0 0 0 1 1 1 0 0 1 1 1 0 1 1 0 1 1
0.201713650020694 1 0 0 1 0 0 0 0 0 1 0 0 1 0 1 0 1 0 0 0 1 1 1
0.218541581038825 0 1 1 0 1 0 0 1 0 1 0 1 0 1 1 0 1 0 0 0 0 1 1
0.180822635981431 0 1 0 1 1 0 0 0 0 1 0 1 1 1 1 0 1 0 1 0 0 1 1
0.119883799986905 1 0 1 0 0 0 0 0 0 1 0 0 1 1 1 0 1 0 0 1 0 1 1
0.029048040767112 0 0 1 0 0 0 0 0 0 1 0 0 1 1 1 0 1 0 1 0 0 1 1
0.073872570437467 0 1 0 0 1 0 0 0 0 1 0 1 1 1 1 0 1 1 0 0 1 1 1
0.138863256336752 0 0 1 0 0 0 0 0 0 1 0 0 1 0 0 0 1 0 0 0 0 1 1
0.154374532929328 0 1 1 0 0 0 0 0 0 1 0 0 1 1 1 1 1 0 1 0 0 1 1
0.067179654619338 0 1 0 0 1 0 0 0 0 1 0 1 1 1 1 1 1 0 0 0 1 1 0
0.189790682482169 1 0 0 0 0 0 0 1 0 1 0 0 1 1 1 1 1 0 0 0 0 0 0
0.184759525570150 1 0 0 0 0 0 0 0 0 1 0 0 1 1 1 1 1 0 0 1 0 0 0
0.125463907270301 1 0 0 0 0 0 0 0 0 1 0 0 1 1 1 1 1 0 0 0 0 0 1
0.191038971316847 1 0 0 1 0 0 0 1 0 1 0 0 0 1 0 1 1 0 0 0 0 1 1
0.217336663448315 1 1 0 0 1 0 0 1 0 1 0 1 1 1 0 0 0 0 0 0 1 1 1
0.162526587257975 0 0 0 0 0 0 0 0 0 1 0 1 1 1 0 1 1 0 1 0 1 1 0
0.091882168258868 1 0 0 0 0 0 0 1 0 1 1 0 0 1 1 0 1 1 0 1 0 1 1
0.079355546462673 1 0 0 0 0 0 0 1 0 1 0 1 0 1 0 1 1 0 0 1 0 1 1
0.119680351078099 0 1 0 0 0 0 0 1 0 1 1 1 0 0 1 1 1 0 0 1 1 1 0
0.088841270731572 0 1 0 0 0 0 0 1 0 0 0 0 1 0 1 0 1 0 0 0 0 1 1
0.206452735417883 0 0 1 0 0 0 1 0 1 1 1 0 1 0 1 1 1 0 0 1 0 1 1
0.071716566155594 0 0 1 0 0 0 0 0 1 0 0 1 1 0 1 0 1 0 1 0 0 1 1
0.128633315095797 0 0 0 0 0 0 0 1 0 1 0 0 0 1 1 0 1 0 1 0 0 0 1
0.101431715143194 1 0 1 0 0 0 1 0 0 1 1 0 1 1 1 1 1 0 0 0 0 1 1
0.105709904388281 1 0 1 0 0 0 0 1 0 1 0 1 1 1 1 1 1 0 0 0 1 1 0
0.049293749471286 1 0 0 0 0 0 1 1 0 1 0 1 1 1 1 1 1 0 0 0 1 1 0
0.148133368479269 1 1 0 0 0 0 1 1 0 1 0 1 0 1 1 1 1 0 0 0 1 0 1
0.070658841644729 1 0 1 0 0 0 0 1 0 1 0 1 1 1 1 0 1 0 0 0 1 0 1
0.057273103524277 1 0 0 0 0 0 0 1 0 1 1 1 0 0 1 1 1 0 1 1 0 0 1
0.197165901754031 1 0 0 0 0 1 0 0 0 1 1 0 0 0 0 1 1 0 1 1 0 1 0
0.068985016899375 1 0 0 0 0 0 1 0 0 1 1 1 0 0 1 1 1 0 0 0 0 1 1
0.118951288490706 1 0 0 0 1 0 0 0 0 1 0 1 0 1 1 1 1 0 1 0 0 1 0
0.048171850399187 0 1 0 0 0 0 0 0 0 1 0 0 0 1 1 1 1 0 0 0 1 1 0
0.145666804099172 0 0 1 1 0 0 0 1 0 1 0 1 1 1 1 0 0 0 0 0 0 1 1
0.050933121750189 1 0 0 0 0 0 0 1 0 1 1 1 0 1 0 1 1 0 0 1 0 1 0
0.138705663726959 1 1 0 0 0 0 0 0 0 1 0 1 1 0 1 1 1 0 0 0 1 1 0
0.040347852095701 0 1 0 0 0 0 0 1 0 0 0 1 1 1 1 0 1 0 0 0 1 0 1
0.060282352869338 1 0 0 0 0 0 0 1 0 1 1 1 0 1 1 1 0 0 0 1 0 1 0
0.214319829599299 0 0 0 0 0 0 0 1 0 1 1 1 1 1 1 1 1 0 0 1 1 0 0
0.057807516443070 0 1 0 0 0 0 0 0 0 0 0 1 0 0 1 1 1 0 0 0 1 1 0
0.117129034425672 0 1 0 0 1 0 0 0 0 1 0 0 1 1 1 1 1 0 1 0 0 0 1
0.110002742257048 0 1 0 0 0 0 0 1 0 1 0 0 1 1 1 0 1 0 1 0 1 1 1
0.153729846642971 1 0 0 0 1 0 0 1 0 1 0 0 1 1 1 1 1 0 1 0 1 1 0
0.225070470110409 1 0 0 1 0 0 0 0 1 1 0 1 1 0 1 1 1 1 1 1 1 1 0
0.230260354151248 0 0 0 0 0 0 0 0 0 0 0 0 0 0 1 0 1 0 1 1 1 1 0
0.074284540451881 0 0 1 0 0 0 0 1 0 1 0 0 1 1 1 1 0 0 1 0 0 1 1
0.304525521610952 0 1 0 0 1 0 0 1 0 1 0 0 0 1 1 1 1 1 0 1 1 1 0
0.130910309045076 1 1 0 0 0 0 0 0 0 1 0 1 1 1 1 0 1 1 0 0 1 0 1
0.119468247828761 0 1 0 0 0 0 0 0 0 0 1 0 0 1 1 1 1 0 0 0 1 0 0
0.030408066505770 1 0 0 0 0 0 0 0 0 1 1 1 1 1 0 1 1 0 1 1 1 0 1
0.076948711568996 1 0 0 0 0 0 0 0 0 1 0 1 1 1 0 1 1 0 1 0 1 0 0
0.088689753830419 1 0 0 0 0 0 0 0 0 1 1 1 1 0 0 0 1 0 0 1 1 0 1
0.036025583940524 1 0 0 0 0 0 0 0 0 1 1 1 1 1 0 1 1 0 1 1 1 1 0
0.045385429799197 1 0 0 0 0 0 0 0 0 1 1 1 1 1 1 1 1 1 1 1 1 0 0
0.124286135412999 0 1 0 1 0 0 0 0 0 1 0 0 1 1 1 1 1 0 0 0 1 1 0
0.040689874598082 1 0 0 0 0 0 0 0 0 1 1 1 0 0 1 1 1 0 1 0 0 1 0
0.044829463454825 0 1 0 0 0 0 0 0 0 1 0 1 1 1 0 1 1 0 0 0 1 1 1
0.066173346869073 1 0 0 0 0 0 1 0 0 1 1 1 1 0 1 0 1 0 1 1 1 0 0
0.096975423899853 1 0 0 0 0 1 0 0 0 1 1 1 1 1 0 1 1 1 1 1 1 0 1
0.070692328035467 1 0 1 0 0 0 0 0 0 1 1 1 0 1 1 1 1 0 0 1 0 1 1
0.091741295311128 0 0 0 0 0 0 1 0 0 1 0 0 1 1 1 1 1 0 1 0 0 1 1
0.118984917364377 0 1 0 1 0 0 0 0 0 1 0 1 1 1 1 1 1 1 0 1 1 0 1
0.096032761970268 0 1 0 0 0 0 0 0 0 1 0 1 0 1 1 1 1 0 0 0 0 0 1
0.060815794160703 0 0 1 0 1 0 0 0 0 1 0 1 1 1 1 1 1 0 0 0 0 1 1
0.022865132946629 1 0 0 0 0 0 0 0 0 1 0 1 1 1 0 1 1 0 1 0 1 1 1
0.014551264686806 1 0 0 0 0 0 0 0 0 0 0 1 1 0 1 1 1 0 0 0 1 1 1
0.147601822938271 1 0 1 0 0 0 0 0 0 0 0 1 0 1 1 1 1 0 0 0 0 1 1
0.095670097997484 0 0 0 1 1 0 0 0 0 1 0 1 1 0 1 1 1 0 0 0 0 1 1
0.095066780924689 1 0 0 0 0 0 1 1 0 1 0 1 1 0 1 1 1 0 1 0 0 1 1
0.053212456396079 0 1 0 0 0 0 0 0 0 1 0 1 0 1 1 0 1 0 0 0 1 1 1
0.030511843240096 1 0 0 0 0 0 0 0 0 1 0 1 0 0 1 1 1 0 0 0 1 1 0
0.116068764638181 1 0 0 0 0 0 0 0 0 1 1 1 1 0 1 0 1 1 1 1 1 1 1
0.027792837422047 0 1 0 0 0 0 0 0 0 1 1 1 0 1 1 1 1 0 1 0 0 1 1
0.128644941988038 1 0 0 0 0 1 0 0 0 1 0 1 1 0 0 1 1 0 0 0 1 1 1
0.066965556977355 0 1 0 0 0 0 0 0 0 1 0 1 1 1 1 1 0 0 0 0 1 1 1
0.015271489296160 1 0 0 0 0 0 0 0 0 0 1 1 1 0 0 1 1 0 1 0 1 0 1
0.070644058206515 1 0 0 0 0 0 1 0 0 1 1 1 1 0 0 1 1 1 0 1 1 0 0
0.079080924953565 1 0 0 0 0 0 0 0 0 0 0 1 1 1 1 1 1 0 1 0 1 0 1
0.079342431143302 1 0 1 0 0 0 0 0 0 1 1 1 1 0 1 1 1 0 1 0 1 1 1
0.059016141071323 0 0 1 0 0 0 0 0 0 1 1 0 0 0 1 1 1 0 1 0 0 1 1
0.016852951640723 1 0 0 0 0 0 0 0 0 1 1 1 0 1 1 1 1 0 1 1 0 1 1
0.047806577116349 1 0 0 0 0 0 0 0 0 1 1 1 0 0 0 1 1 0 0 0 1 0 1
0.033271619304770 1 0 0 0 0 0 0 0 0 0 0 1 1 0 0 1 1 0 0 0 1 1 0
0.109859090595772 1 0 1 0 0 0 0 0 0 1 1 1 1 0 1 1 1 0 0 0 0 0 1
0.049691634524318 1 0 0 0 0 0 0 0 0 1 1 1 0 0 0 1 1 0 1 0 1 1 0
0.094440223372780 0 0 0 1 0 0 0 0 0 1 1 1 1 1 1 0 1 1 0 1 1 1 0
0.027192200089730 1 0 0 0 0 0 0 0 1 0 0 1 1 0 0 1 1 0 0 0 1 0 1
0.065081377369653 1 0 0 0 0 0 0 0 0 0 1 1 0 0 0 1 1 0 0 0 1 1 1
0.140491321327539 0 1 0 0 0 1 0 1 0 1 1 1 1 1 1 0 1 1 0 1 1 1 0
0.077812996493397 1 0 0 0 1 0 0 0 0 1 1 1 0 0 1 1 1 0 1 0 0 1 1
0.199777880887337 1 0 0 0 0 0 0 1 1 1 1 1 1 0 0 0 1 1 1 1 1 0 0
0.114923755785586 1 0 0 1 0 0 0 0 0 1 1 1 0 0 1 1 1 1 0 1 0 0 1
0.151086708440161 1 1 0 0 0 0 0 0 0 1 1 1 1 0 1 1 1 1 0 0 0 0 1
0.176293699152338 0 0 1 0 1 0 0 0 0 0 0 1 0 0 1 1 1 0 1 0 0 1 1
0.015600075286863 1 0 0 0 0 0 0 0 0 1 1 1 1 0 1 1 1 1 0 1 1 0 1
0.087397498205672 1 0 0 0 0 0 0 0 0 1 1 1 1 0 0 1 1 0 0 0 1 1 1
0.120983463729062 1 0 0 0 0 1 1 0 0 1 1 1 1 1 1 1 1 1 0 1 1 0 0
0.058599304424159 0 1 0 0 0 0 0 1 0 1 0 1 1 1 1 0 1 0 0 0 1 1 0
0.038455532413856 0 1 0 0 0 0 0 0 0 1 1 1 1 1 1 0 1 1 0 1 1 0 1
0.080367393384853 1 1 0 0 0 0 0 0 0 1 1 1 0 1 1 0 1 0 0 1 0 0 1
0.116033122913621 1 0 1 0 0 0 1 0 0 1 1 1 1 1 1 1 1 1 0 1 1 0 1
0.037166194663892 0 1 0 0 0 0 0 0 0 1 1 1 1 1 1 0 1 1 1 0 0 1 1
0.035355997347282 0 1 0 0 0 0 0 0 0 1 1 1 1 1 1 1 1 1 1 0 1 1 1
0.029609810749471 0 1 0 0 0 0 0 0 0 0 1 1 1 1 0 1 1 0 1 0 1 1 1
0.066969811128109 0 1 0 0 0 0 0 0 0 1 1 1 1 1 0 0 1 1 0 0 1 0 1
0.044171637502347 0 1 0 0 0 0 0 0 0 0 1 1 1 1 1 1 1 0 1 0 0 1 1
0.079652098568838 1 1 0 0 0 0 0 0 0 1 1 1 1 1 0 1 1 0 1 0 1 0 1
0.024055686867737 0 1 0 0 0 0 0 0 0 0 1 1 0 1 0 1 1 0 1 0 1 0 1
0.026303332696148 0 1 0 0 0 0 0 0 0 1 1 1 0 1 1 1 1 0 1 0 1 1 0
0.015453430931833 0 1 0 0 0 0 0 0 0 0 1 1 0 1 1 1 1 0 1 0 1 1 1
0.037372155077396 0 1 0 0 0 0 0 0 0 1 1 1 0 1 1 0 1 1 1 0 0 0 1
0.020769649539386 0 1 0 0 0 0 0 0 0 0 1 1 1 1 1 0 1 1 1 0 1 0 1
0.153749790111911 0 0 1 0 0 0 0 0 0 1 0 1 1 1 1 0 1 0 0 0 0 0 1
0.103295010472550 0 1 0 0 0 1 0 0 0 1 1 1 1 1 1 0 1 1 1 1 1 0 1
0.045744072228592 0 1 0 0 1 0 0 0 0 0 1 1 1 1 1 0 1 0 1 0 1 0 1
0.036659603896058 1 0 0 0 0 0 0 0 0 1 1 1 0 1 0 1 1 0 0 1 0 0 1
0.042592178633779 0 1 0 0 0 0 0 0 0 0 1 1 1 1 1 1 1 0 1 0 1 0 1
0.076682250832379 0 1 0 0 1 0 0 0 0 0 0 1 1 1 0 0 1 0 0 0 1 0 1
0.048724586235502 0 1 0 0 0 0 0 0 0 0 1 1 0 1 1 0 1 0 1 0 0 0 1
0.051145828338170 1 0 0 0 0 0 1 0 0 1 1 1 0 0 1 1 1 0 0 1 0 1 0
0.029570753633731 0 1 0 0 0 0 0 0 0 0 1 1 1 1 1 0 1 1 0 0 1 1 1
0.072260696847799 0 1 0 0 0 0 0 1 0 1 1 1 0 1 1 0 1 1 0 0 1 0 1
0.083998539973831 0 1 0 0 0 0 0 0 0 0 1 0 0 1 0 1 1 0 1 0 1 1 0
0.142527842089224 1 0 1 0 0 0 0 0 0 0 0 1 1 0 0 1 1 0 0 0 1 0 1
0.040062098562180 0 0 1 0 0 0 0 0 0 1 1 0 0 1 1 1 1 0 0 0 1 1 0
0.037193523251516 0 0 1 0 0 0 0 0 0 1 0 0 1 1 1 0 1 0 0 0 1 1 0
0.091709136970700 1 0 1 0 0 0 0 0 1 1 1 1 0 1 1 1 1 0 1 0 0 1 0
0.062605725363306 0 1 1 0 0 0 0 0 0 1 1 1 1 1 1 0 1 0 0 0 1 1 0
0.040732779072986 0 0 1 0 0 0 0 0 0 1 1 0 1 1 1 0 1 1 0 0 1 1 0
0.054954354028965 0 0 1 0 0 0 0 0 0 0 1 0 1 1 1 1 1 0 0 0 1 1 0
0.062500040148840 0 0 1 0 0 0 0 0 0 1 1 1 1 1 1 0 1 1 0 1 1 1 0
0.025944441252520 0 0 1 0 0 0 0 0 0 1 0 0 1 1 1 0 1 1 0 0 0 1 1
0.038104005209044 1 0 0 0 0 0 0 0 0 0 1 1 1 1 1 1 1 0 0 1 1 0 1
0.027535482427345 1 0 0 0 0 0 0 0 1 0 1 1 0 1 0 1 1 0 1 0 1 0 1
0.057745211933622 0 0 1 0 0 0 0 0 0 1 1 1 1 1 1 0 1 1 1 0 0 1 1
0.059130077650958 0 1 0 0 0 0 0 0 0 1 1 1 0 1 1 0 1 0 0 0 1 1 0
0.105685387130043 0 1 0 1 0 0 0 0 0 0 1 1 1 1 0 0 1 1 0 1 1 0 1
0.011788117985469 1 0 0 0 0 0 0 0 0 1 1 1 0 1 1 1 1 1 0 1 0 1 1
0.046406955413130 1 0 0 0 1 0 0 0 0 1 1 1 0 1 1 1 1 0 0 1 0 1 1
0.071151671020265 1 0 1 0 0 0 1 0 1 1 1 1 1 1 1 0 1 0 1 0 1 0 1
0.034069626838009 1 0 0 0 0 0 0 0 0 1 1 1 1 0 1 1 1 0 1 1 1 1 0
0.021773848603846 0 0 0 1 0 0 0 0 0 0 0 1 0 1 1 1 1 0 0 0 1 1 1
0.054982985481162 0 0 0 1 0 0 0 0 0 0 0 1 1 1 1 0 1 0 0 0 1 1 1
0.028956644767332 0 0 0 1 0 0 0 0 0 0 0 1 0 1 1 1 1 0 1 0 0 1 1
0.146666225766806 0 0 0 0 0 0 0 0 0 0 1 1 0 1 1 1 1 0 1 0 1 1 1
0.196328014172306 0 1 0 1 0 0 0 0 0 0 0 1 0 1 0 1 1 0 0 0 1 1 1
0.044762096389371 0 0 0 1 0 0 0 0 0 0 0 1 1 1 1 0 1 1 0 1 1 1 1
0.047017216421967 0 1 0 0 0 0 0 0 0 0 1 1 1 1 0 0 1 1 1 1 1 0 1
0.109831482071798 0 0 0 1 0 0 0 0 0 1 0 1 0 0 1 0 1 0 0 1 1 0 1
0.030342397156333 0 0 0 1 0 0 0 0 0 1 0 0 1 1 1 1 1 0 1 0 0 1 1
0.043965862776250 0 0 0 1 0 0 0 0 0 1 0 0 0 1 1 1 1 0 0 0 1 1 0
0.048530074615529 1 0 0 0 1 0 0 0 0 0 1 1 1 1 0 1 1 0 1 0 1 0 1
0.124050300148364 0 1 0 1 0 0 0 0 0 0 1 1 1 1 1 0 1 1 1 1 1 0 1
0.042129294001889 0 0 0 1 0 0 0 0 0 1 0 1 1 1 1 1 1 1 0 0 1 1 1
0.095144584806352 0 1 0 0 1 0 0 0 0 0 1 1 1 1 0 1 1 1 1 0 1 0 1
0.112777321064087 0 0 0 1 0 0 0 0 0 1 0 0 0 0 1 0 1 1 1 0 0 1 1
0.044562325995846 0 0 1 0 0 0 0 0 0 1 0 1 1 1 1 1 1 1 0 0 1 1 0
0.069953649479320 0 0 1 0 0 0 0 1 0 1 0 1 1 1 1 1 1 0 0 0 0 1 1
0.124888278306424 0 0 1 1 0 0 0 0 0 1 0 0 1 1 1 1 1 0 0 0 1 1 0
0.055038756781066 0 0 0 1 0 0 0 1 0 0 0 0 0 1 1 1 1 0 0 0 0 1 1
0.056280508452752 0 1 0 0 0 0 0 0 0 1 0 1 1 1 0 0 1 0 1 0 0 0 1
0.071966659608075 0 0 1 0 1 0 0 0 0 0 1 0 1 1 1 0 1 0 0 0 0 1 1
0.041172705113481 1 0 0 0 0 0 0 0 1 1 0 1 0 1 1 1 1 0 0 0 1 1 1
0.066023952112211 0 1 0 0 0 1 0 0 0 0 1 1 1 1 0 0 1 0 1 0 1 0 1
0.036831989254747 0 1 0 0 0 0 0 0 0 1 1 1 1 1 1 1 1 1 0 0 1 1 0
0.081092375024953 1 0 0 0 0 0 0 0 1 0 0 1 1 0 0 1 1 0 1 0 1 1 1
0.018073706469845 1 0 0 0 0 0 0 0 0 1 1 1 0 1 1 1 1 0 1 0 1 0 1
0.051557314325129 1 0 0 0 0 0 0 0 0 0 1 1 0 1 1 1 1 0 0 0 1 0 1
0.016252614061657 1 0 0 0 0 0 0 0 0 1 0 1 1 1 1 1 1 1 0 1 1 1 1
0.085762973057888 1 0 1 0 0 0 0 0 0 1 0 1 1 1 1 0 1 1 0 0 1 1 1
0.082363543070566 0 1 1 0 0 0 0 0 0 1 1 0 1 1 1 0 1 1 0 0 0 1 1
0.071673242910069 0 1 0 0 0 0 0 0 1 1 1 0 0 1 1 0 1 0 1 0 0 0 1
0.042122288502973 1 0 0 0 1 0 0 0 0 1 0 1 1 1 1 1 1 0 0 0 1 1 1
0.015062923795510 1 0 0 0 0 0 0 0 0 1 1 1 1 1 1 1 1 1 0 1 1 1 0
0.040485533789074 1 0 0 0 0 0 1 0 0 1 1 1 1 1 0 1 1 0 1 0 1 0 1
0.066930880944785 1 0 0 0 0 0 0 0 0 0 1 1 1 1 0 1 1 0 0 1 1 0 0
0.038577327909713 0 1 0 0 0 0 0 0 0 0 1 1 0 0 1 0 1 0 1 0 1 0 1
0.047018723598885 1 0 0 0 0 0 0 0 1 1 1 1 0 1 1 1 1 0 0 1 0 0 1
0.010129587180284 1 0 0 0 0 0 0 0 0 0 0 1 1 1 0 1 1 0 0 0 1 1 1
0.058380825459786 1 0 0 0 0 0 0 0 0 1 0 1 1 1 1 1 1 1 0 0 1 1 0
0.067011572059147 1 0 0 0 0 0 0 0 0 1 1 1 0 0 1 1 0 0 0 1 0 1 1
0.110264128055894 1 1 0 0 0 0 0 1 0 0 1 1 0 0 0 1 1 0 0 0 0 0 1
0.024436009650881 0 1 0 0 0 0 0 0 0 0 0 1 1 1 1 1 1 0 0 0 1 1 1
0.045662862262020 1 0 0 0 0 0 0 0 0 1 1 1 1 1 1 1 0 0 1 0 1 1 0
0.109308330735157 1 0 0 1 0 0 0 0 0 1 1 1 0 1 1 1 1 0 1 1 0 1 0
0.091130536405782 0 0 0 1 0 0 0 1 0 1 0 1 0 1 1 1 1 0 1 0 0 1 1
0.036755020563176 1 0 0 0 0 0 0 1 0 0 0 1 1 0 0 1 1 0 0 0 1 0 1
0.034210480641970 0 0 0 1 0 0 0 0 0 0 0 1 1 1 1 1 1 0 0 1 0 1 1
0.047479146549200 0 0 0 1 0 0 0 0 0 0 0 1 0 1 1 1 1 0 0 1 1 1 0
0.143795561563506 0 0 1 1 0 0 0 0 0 0 0 0 1 1 1 0 1 1 0 0 0 1 1
0.047512612289587 0 0 0 1 0 0 0 0 0 1 0 0 1 1 1 1 1 1 0 1 1 1 1
0.078456280579275 1 1 0 0 0 0 0 1 0 1 1 1 0 1 1 0 1 0 1 0 0 0 1
0.049376001643422 0 0 1 0 0 0 0 1 0 0 0 1 1 1 1 0 1 0 0 0 1 1 0
0.051081603458271 0 0 0 1 0 0 0 0 0 1 0 1 1 1 1 0 1 1 0 1 1 0 1
0.081282080222257 1 0 1 0 0 0 0 1 1 0 1 1 1 0 1 0 1 0 0 0 1 0 1
0.070686050914686 0 1 0 0 0 0 0 1 0 0 1 1 1 1 0 0 1 0 1 0 1 0 1
0.115149910843503 0 1 1 0 0 0 0 0 0 1 0 1 1 1 1 0 1 1 0 0 1 1 0
0.071062395285756 1 0 0 0 1 0 0 1 0 0 0 1 1 1 1 1 1 0 0 0 0 1 1
0.018438038407321 1 0 0 0 0 0 0 0 0 1 0 1 1 1 0 1 1 1 0 1 1 0 1
0.022002423244648 1 0 0 0 0 0 0 0 0 1 0 1 1 1 1 1 1 0 0 1 1 1 0
0.080010180781348 0 0 1 0 0 0 0 1 0 1 0 0 1 0 1 1 1 0 0 0 1 1 0
0.054589305244082 0 0 1 0 0 1 0 0 0 0 0 1 1 1 1 0 1 0 0 0 1 1 0
0.074328689575301 0 0 1 0 0 1 0 0 0 0 0 0 1 1 1 0 1 0 0 0 0 1 1
0.023607666953222 1 0 0 0 0 0 1 0 0 1 1 1 1 1 1 1 1 0 1 0 1 1 0
0.023489715481800 0 0 0 1 0 0 0 0 0 0 0 0 1 1 1 0 1 0 1 0 0 1 1
0.067244247499110 1 0 1 0 0 0 0 0 1 1 1 1 0 1 1 1 1 1 0 0 0 1 1
0.047802205475038 1 0 0 0 0 0 0 0 0 0 1 0 0 1 1 1 1 0 1 0 0 1 1
0.045568119914707 1 0 0 0 0 0 0 0 0 1 1 1 0 1 1 1 1 1 0 1 0 1 0
0.072005628510446 0 0 0 1 0 0 0 0 0 0 0 1 1 1 1 1 1 0 0 0 1 1 0
0.050430341724072 0 1 0 0 0 1 0 0 0 1 0 1 1 1 1 1 1 0 0 0 1 1 0
0.028102746264510 0 0 1 0 0 0 0 0 0 0 1 0 1 1 1 1 1 0 1 0 0 1 1
0.045733870184107 0 0 0 1 0 0 0 0 0 0 1 0 0 1 1 1 1 0 1 1 0 1 1
0.108259333937487 0 0 0 1 0 0 0 0 0 1 1 1 0 1 1 1 1 1 0 1 1 1 1
0.084499345774772 1 0 0 0 0 0 0 0 0 1 1 0 0 1 1 1 1 1 1 1 0 0 1
0.037192712159878 0 0 0 1 0 0 0 0 0 0 0 0 1 1 1 1 1 0 1 1 0 1 1
0.059187075531030 0 0 0 1 0 0 0 0 0 0 0 0 0 1 1 0 1 0 0 1 0 1 1
0.026297535424842 0 1 0 0 0 0 0 0 0 0 1 1 1 1 1 1 1 0 0 1 1 1 0
0.042775614714470 0 1 0 0 0 0 0 0 0 1 1 1 1 1 1 0 1 1 1 1 1 0 0
0.079497256461371 0 1 0 0 0 0 1 0 0 1 1 1 1 1 1 0 1 1 0 1 1 1 0
0.039149157245512 0 1 0 0 0 0 0 0 0 0 1 1 1 1 1 1 1 0 1 0 1 1 0
0.057233732669718 0 1 0 0 0 0 0 1 0 1 0 1 0 1 1 0 1 0 1 0 0 0 1
0.049178208777859 0 1 0 0 0 0 0 1 0 0 1 1 0 1 1 1 1 0 0 0 1 1 1
0.020734477197036 0 1 0 0 0 0 0 0 0 1 0 1 1 1 1 0 1 1 1 0 1 0 1
0.160659013684425 1 1 1 0 0 0 0 1 1 1 1 1 0 1 1 0 1 0 0 0 0 0 1
0.042485391839348 1 0 0 0 0 0 0 1 0 0 1 1 1 1 1 1 1 0 0 0 1 1 0
0.115036274151941 0 0 1 0 0 0 0 1 0 0 0 0 1 1 1 0 0 0 0 0 0 1 1
0.037876082536853 0 0 1 0 0 0 0 0 0 1 0 0 1 1 1 1 1 1 1 0 0 1 1
0.067026231955859 0 1 0 0 0 0 0 1 0 1 0 1 1 0 1 0 1 1 0 0 1 0 1
0.117633479428907 0 0 0 1 1 0 0 0 0 0 0 0 1 1 1 1 1 0 1 0 0 1 1
0.133780113672541 0 0 0 1 0 0 0 1 0 0 0 1 0 0 1 1 1 0 0 0 1 1 1
0.060963009109993 1 0 1 0 0 0 0 1 1 1 1 1 1 1 1 1 1 0 1 0 0 1 1
0.041770976539808 0 0 0 1 0 0 0 0 0 0 0 0 0 0 1 1 1 0 0 0 0 1 1
0.060915042552441 0 0 0 0 0 0 0 1 0 0 0 0 0 1 1 1 1 0 1 0 0 1 1
0.077356442516162 0 1 0 0 1 0 0 1 0 0 1 1 1 1 1 0 1 0 1 0 0 1 1
0.095601462258078 1 0 0 0 1 0 0 1 0 1 0 1 0 0 1 1 1 0 0 0 0 0 1
0.043402190858179 0 1 0 0 1 0 0 0 0 0 1 1 1 1 1 1 1 0 0 0 1 1 1
0.039639975816091 0 0 0 1 0 0 0 0 0 0 0 0 0 1 1 0 1 0 1 0 0 0 1
0.056344371957926 0 0 0 1 0 0 0 0 0 0 1 1 1 1 1 0 1 0 1 1 0 0 1
0.059606039629312 0 1 0 1 0 0 0 0 0 1 1 1 1 1 1 0 1 1 0 1 0 0 1
0.066594608588020 0 1 0 1 0 0 0 0 0 1 1 1 0 1 1 0 1 0 1 0 0 0 1
0.098584716188067 0 1 0 1 0 0 0 1 0 1 0 1 1 1 1 0 1 0 0 0 0 0 1
0.042962754718566 1 0 0 0 0 0 0 1 0 1 1 1 0 1 1 1 1 0 1 0 0 1 0
0.044046780562496 1 0 0 0 1 0 0 0 0 1 1 1 1 1 1 1 1 1 0 1 1 0 1
0.021538761656531 1 0 0 0 0 0 0 1 0 0 1 1 0 1 1 1 1 0 0 1 0 1 1
0.036536477828627 0 0 1 0 0 0 0 0 0 1 1 0 1 1 1 1 1 1 0 0 0 1 1
0.043512754249667 1 0 1 0 0 0 0 0 1 1 1 1 1 1 1 0 1 0 1 0 1 1 0
0.076914114745707 1 0 1 0 0 0 0 0 0 1 1 1 1 1 1 1 1 1 0 1 0 1 1
0.043326276267595 0 1 0 0 0 0 0 1 0 0 1 1 1 1 1 1 1 0 0 0 1 1 0
0.093852443520894 1 0 0 1 0 0 0 0 0 1 1 1 1 1 1 1 1 0 0 1 1 0 0
0.062391150969572 0 1 0 1 0 0 0 0 0 1 1 1 1 1 1 0 1 0 0 1 1 0 0
0.064863417554401 0 0 1 0 1 0 0 0 0 1 1 1 1 1 1 0 1 0 0 0 1 1 0
0.044975761281303 1 0 0 0 0 0 0 1 0 0 1 1 0 0 1 0 1 0 1 0 0 0 1
0.038104151864302 1 0 0 0 0 0 0 1 0 0 0 1 0 0 1 1 1 0 0 0 0 1 1
0.066888715427874 0 0 0 1 0 0 0 0 0 1 0 1 1 1 1 1 0 0 0 1 1 1 0
0.055534597885511 0 0 1 0 0 1 0 0 0 1 1 1 1 1 1 1 1 0 0 0 1 1 0
0.027777166812265 1 0 0 0 0 0 0 0 0 0 1 1 0 0 0 1 1 0 1 0 0 0 1
0.047099938448530 0 1 0 0 0 0 0 0 0 1 1 1 1 1 0 1 1 0 0 1 1 1 0
0.074626540004319 0 0 0 1 0 0 0 0 0 1 0 1 1 1 1 0 1 0 1 1 0 1 1
0.054964742952843 1 0 0 0 1 0 0 0 0 0 1 1 1 0 1 1 1 0 0 0 1 1 0
0.067505626852283 0 0 0 0 1 0 0 1 0 0 0 1 1 1 1 1 1 0 0 0 1 1 0
0.030197041052443 0 0 0 1 0 0 0 0 0 0 0 1 1 1 1 1 1 0 0 1 1 1 1
0.116105153680642 0 1 0 1 0 0 0 0 0 0 1 0 1 0 1 0 1 0 0 1 0 0 1
0.066253585607446 1 0 1 0 0 0 0 1 1 1 1 1 1 1 1 1 1 1 0 0 1 0 1
0.086654511638592 0 0 0 1 0 0 0 0 0 1 0 1 0 1 1 1 1 1 0 1 1 0 0
0.012664472737402 1 0 0 0 0 0 0 0 0 1 0 1 0 1 1 1 1 0 0 1 0 1 1
0.090406160644167 1 0 0 0 1 0 0 0 0 0 0 1 1 0 0 1 1 0 0 0 1 0 1
0.042946096048742 1 0 0 0 1 0 0 0 1 1 1 1 1 1 1 1 1 0 1 0 1 1 0
0.058377173583286 1 0 0 0 1 0 0 1 0 1 1 1 1 1 1 1 1 0 0 1 0 1 0
0.043371119772961 0 1 0 0 0 0 0 0 0 1 0 1 1 0 1 0 1 0 1 0 0 0 1
0.063151627720429 1 0 1 0 0 0 0 0 1 1 1 1 1 1 1 1 1 0 0 0 1 1 0
0.023121461717545 0 0 0 1 0 0 0 0 0 0 0 0 1 1 1 1 0 0 1 0 0 1 1
0.130740869218744 1 1 0 0 1 0 0 1 0 1 1 1 0 1 1 0 1 0 0 0 0 0 1
0.074487345581405 0 1 0 1 0 0 0 0 0 1 0 1 1 1 1 0 0 1 1 0 0 0 1
0.038784365915942 1 0 0 0 0 0 0 1 0 1 0 1 1 1 1 1 1 0 0 0 1 1 1
0.047976224898110 0 1 0 0 0 0 0 0 0 1 1 1 0 1 1 0 0 1 1 0 1 0 1
0.014869015028054 1 0 0 0 0 0 0 0 0 1 1 1 1 1 0 1 1 1 1 0 1 0 1
0.042995162912459 1 0 0 0 0 0 0 1 0 1 1 1 0 1 1 1 1 0 1 0 0 0 1
0.061642932161974 0 0 0 1 0 0 1 0 0 0 0 0 1 1 1 1 1 0 1 0 0 1 1
0.012448696335443 1 0 0 0 0 0 0 0 0 1 0 1 1 1 1 0 1 1 0 1 1 0 1
0.111867141532540 1 1 0 0 0 0 0 1 0 1 1 1 1 1 1 1 1 0 0 1 0 1 0
0.015438566217504 1 0 0 0 0 0 0 0 0 1 1 1 0 1 1 1 1 1 0 1 1 0 1
0.057551078594543 0 0 1 0 0 0 0 0 1 1 0 0 1 1 1 1 1 0 0 0 0 1 1
0.030725301762316 1 0 0 0 0 0 0 0 1 1 1 1 1 1 1 1 1 1 0 1 1 0 1
0.028619620460668 1 0 0 0 0 0 0 0 0 1 1 1 1 1 1 0 1 0 1 1 0 1 0
0.063633794641110 1 0 1 0 0 0 0 1 0 1 1 1 1 0 1 0 1 0 1 0 0 1 0
0.020101747273564 1 0 0 0 0 0 0 0 0 1 1 1 0 1 1 0 1 0 1 1 0 0 1
0.104560252697872 1 0 1 0 0 0 0 0 1 1 1 0 1 0 1 0 1 0 1 0 0 1 1
0.048011157890762 1 0 0 0 1 0 0 0 0 1 1 1 1 1 1 0 1 0 1 1 1 0 0
0.066100475545045 0 0 1 0 0 0 0 0 0 1 1 1 1 1 1 0 1 0 1 0 1 1 0
0.118465538608051 1 0 1 0 1 0 0 1 0 1 1 1 1 1 1 0 1 0 0 0 0 1 1
0.043864107936040 1 0 0 0 0 0 0 0 0 0 1 1 1 1 1 1 1 0 0 1 0 1 1
0.017776089651938 1 0 0 0 0 0 0 0 0 0 1 1 1 1 0 0 1 0 1 0 1 0 1
0.033134975902743 1 0 0 0 0 0 0 0 0 1 1 1 1 1 1 0 1 0 1 0 1 1 0
0.062369540959911 1 0 1 0 0 0 0 1 0 1 1 1 1 1 1 0 0 0 1 0 1 0 1
0.056052967431931 0 0 1 0 0 0 0 0 0 0 1 1 1 0 1 0 1 0 0 0 1 1 0
0.051705937371246 0 1 0 0 0 0 0 0 0 1 1 0 0 1 1 0 1 1 1 0 1 0 1
0.055064041959172 1 0 0 0 1 0 0 0 0 1 1 1 1 1 1 1 1 0 1 1 0 1 0
0.027808046419536 0 1 0 0 0 0 0 0 0 0 1 1 0 1 1 0 1 1 0 1 1 0 1
0.034677518810962 0 0 0 1 0 0 0 0 0 0 1 0 1 1 1 1 1 0 0 1 1 1 0
0.042183454385002 0 1 0 0 0 0 0 1 0 1 1 0 1 1 1 1 1 0 1 0 0 1 1
0.035676849608311 0 0 0 1 0 0 0 0 0 0 0 0 0 1 1 1 1 0 0 0 1 1 1
0.036979348365100 0 1 0 0 0 0 0 0 0 1 1 0 1 0 1 1 1 0 1 0 1 1 0
0.039734027146593 0 0 0 1 0 0 0 0 0 1 0 0 1 1 1 1 1 0 0 1 1 1 0
0.050141390400237 0 0 0 1 0 0 0 0 0 0 1 0 0 1 1 0 0 0 1 1 0 0 1
0.038837967329110 1 0 0 0 0 0 0 0 0 1 0 1 0 1 0 0 1 0 1 0 1 0 1
0.069054243072444 1 0 0 0 0 0 0 1 0 0 1 0 0 0 1 1 1 0 0 1 0 1 0
0.029454454173328 1 0 0 0 0 0 0 0 0 1 1 1 1 1 1 0 1 1 1 1 1 0 1
0.105297663769077 1 0 1 0 0 0 0 0 0 1 1 1 1 1 1 0 1 0 1 0 1 0 0
0.013884278583438 1 0 0 0 0 0 0 0 0 1 0 1 1 0 1 1 1 0 0 1 1 0 1
0.032577176457387 1 0 0 0 1 0 0 0 0 1 1 1 1 1 1 1 1 0 0 1 1 1 0
0.044573802520958 0 1 0 0 0 0 0 0 0 1 1 0 0 0 1 1 1 0 1 0 0 1 1
0.050211225126955 0 1 0 0 0 0 0 0 0 0 1 1 1 0 1 0 1 1 0 1 1 0 0
0.052678265568451 0 1 0 0 1 0 0 0 0 1 1 1 1 1 1 0 1 0 0 1 1 0 0
0.060905054052547 0 1 0 0 1 0 0 0 0 1 1 1 1 1 0 0 1 0 1 0 1 0 0
0.046302157524715 1 0 0 0 0 0 0 0 0 1 0 1 0 0 1 1 1 1 0 0 1 0 1
0.148558082260802 0 0 0 1 0 0 0 0 0 1 0 1 1 1 1 0 0 0 1 0 0 0 1
0.026592142092228 1 0 0 0 0 0 0 0 0 1 1 0 1 1 1 1 1 0 1 0 1 1 0
0.081373370012874 0 0 1 0 0 0 0 1 0 1 1 0 1 1 1 0 1 0 1 0 0 1 0
0.032154034229494 1 0 0 0 0 0 0 1 0 0 1 1 0 0 1 1 1 0 0 1 0 0 1
0.099408863564463 0 1 0 0 0 0 0 0 0 0 0 1 0 1 0 0 1 1 1 0 1 0 1
0.051398602991048 0 0 0 1 0 0 0 0 0 0 1 0 0 1 1 0 1 0 0 1 1 0 0
0.090964364335002 0 1 0 1 0 0 0 0 0 1 1 0 0 1 1 0 0 1 0 0 0 0 1
0.065601778235977 0 0 0 1 0 0 0 0 0 0 1 0 0 1 1 1 1 0 1 0 0 0 1
0.050473093285330 0 0 0 1 0 0 0 0 0 0 0 1 0 1 1 0 0 1 0 1 1 0 1
0.025223750366118 1 0 0 0 0 0 0 0 0 0 1 1 0 1 0 0 1 0 1 1 0 0 1
0.109473054425339 0 1 0 0 1 1 0 0 0 0 1 1 1 1 1 0 1 0 0 0 1 1 0
0.028623766167408 0 0 1 0 0 0 0 0 0 1 0 1 1 0 1 1 1 1 0 0 0 1 1
0.129912711063124 1 0 0 1 0 0 0 0 0 0 1 1 0 1 0 0 1 0 1 1 0 0 1
0.063949093037274 0 1 0 0 1 0 0 0 0 0 1 1 1 1 1 0 1 1 0 1 1 0 1
0.055982749867125 0 1 0 0 0 0 0 0 0 1 0 1 1 1 1 0 1 0 0 1 1 0 0
0.081362307985222 1 0 1 0 0 0 0 1 0 1 1 1 0 1 1 0 1 0 0 0 0 1 0
0.117964658019715 0 0 0 1 1 0 0 0 0 0 1 1 0 1 1 1 1 0 0 1 1 0 0
0.059341466397973 0 0 0 1 0 0 0 0 0 1 0 1 0 1 1 1 1 0 0 0 0 1 1
0.090794743494500 0 1 0 1 0 0 0 0 0 1 1 0 1 1 1 0 0 1 0 1 1 0 0
0.066055342676837 0 0 1 0 0 0 0 1 0 0 1 0 1 0 1 1 1 0 1 0 0 1 1
0.077184957332636 0 1 0 0 1 0 0 0 0 1 1 1 1 1 0 0 1 0 1 0 1 0 1
0.071126530972755 1 0 0 1 0 0 0 1 0 1 1 1 1 1 1 1 1 0 0 1 0 1 0
0.043545912688473 0 1 0 0 0 0 0 0 1 1 0 1 1 1 1 0 1 1 0 0 1 0 1
0.028816024512590 1 0 0 0 0 0 0 0 0 0 0 1 1 0 1 0 1 0 0 1 1 0 1
0.047215332323649 1 0 0 0 0 0 0 0 0 1 1 1 0 1 1 1 1 0 0 1 0 1 0
0.046995947508486 0 1 0 0 0 0 0 0 0 0 1 1 1 1 0 0 1 0 0 1 1 0 0
0.108992243357230 1 1 0 0 0 0 0 0 0 1 1 1 1 1 0 0 1 0 1 1 0 0 0
0.037074635706481 1 0 0 0 0 0 0 1 0 1 1 1 1 0 1 1 1 1 0 1 0 1 0
0.037488864894206 1 0 0 0 0 0 0 0 0 1 0 0 0 0 1 1 1 0 0 0 0 1 1
0.143708197853047 0 0 1 0 1 0 0 1 0 1 0 1 1 0 1 0 1 0 0 0 0 1 0
0.032585470614006 1 0 0 0 0 0 0 1 0 0 1 1 1 1 1 1 1 0 1 1 0 1 0
0.027662750266525 1 0 0 0 0 0 0 1 0 0 1 1 1 1 0 1 1 0 1 0 0 1 1
0.026618076009190 1 0 0 0 0 0 0 0 0 1 0 1 0 0 1 0 1 0 0 1 0 0 1
0.073342020334427 0 1 1 0 0 0 0 0 0 0 1 1 1 0 1 0 1 0 0 0 0 1 1
0.131801763332723 1 0 1 1 0 0 0 1 0 1 1 1 1 1 1 0 0 0 0 1 0 1 0
0.041487885977327 1 0 0 0 1 0 0 0 0 1 1 1 1 1 0 1 1 0 1 0 1 1 0
0.043935490075746 0 0 0 1 0 0 0 1 0 0 0 0 1 1 1 1 1 0 1 0 0 1 1
0.031752259517651 0 1 0 0 0 0 0 0 0 1 0 1 1 0 1 1 1 0 0 0 1 1 0
0.074254298901495 0 0 1 1 0 0 0 0 0 0 1 1 1 1 1 0 1 0 0 1 1 1 0
0.163835445434315 0 1 1 1 0 0 0 0 0 1 1 1 1 1 1 0 0 0 0 1 1 0 0
0.196615280504186 1 1 0 0 1 0 0 0 0 1 1 1 1 1 1 0 1 0 1 0 1 0 0
0.015462557260619 1 0 0 0 0 0 0 0 0 1 1 0 1 1 0 1 1 0 1 0 1 0 1
0.078481869727798 1 0 0 1 0 0 0 1 0 0 1 1 1 0 1 0 1 0 0 1 0 1 0
0.044599664273508 1 0 0 0 0 0 0 1 0 0 1 0 0 1 0 1 1 0 1 0 0 0 1
0.061918262496719 1 0 0 1 0 0 0 0 0 0 1 1 1 1 0 1 1 0 0 0 1 1 0
0.063281574218520 1 1 0 0 0 0 0 1 0 1 1 1 1 1 0 0 1 1 0 1 0 0 1
0.036328978445744 1 0 0 0 0 0 0 1 0 0 1 1 1 0 0 1 1 0 1 0 0 1 0
0.144658763130113 0 1 1 0 0 1 0 1 0 0 1 1 1 1 1 0 1 0 0 0 1 1 0
0.058720282631802 0 0 0 1 0 0 0 0 0 0 1 0 1 1 0 1 1 0 0 1 1 0 0
0.061390947152562 1 0 0 1 0 0 0 1 0 0 1 1 1 1 0 1 0 0 0 1 0 1 0
0.078075529868996 0 0 0 1 0 0 0 1 0 0 0 0 0 1 1 1 0 0 0 0 1 1 0
0.057624066810149 0 1 0 0 0 0 0 0 0 1 1 0 1 1 0 1 1 0 1 0 1 0 0
0.031495807879566 0 1 0 0 0 0 0 1 0 1 0 1 1 1 1 1 1 1 0 0 0 1 1
0.088344705489243 0 1 0 0 1 0 0 1 0 1 0 1 1 1 1 0 1 1 0 0 0 0 1
0.030018899890371 0 0 0 1 0 0 0 0 0 0 0 0 1 1 0 1 1 0 1 0 0 1 1
0.045809925379938 0 0 0 1 0 0 0 0 0 0 0 1 0 1 0 1 1 0 0 1 1 0 1
0.017477076140930 1 0 0 0 0 0 0 0 0 1 0 1 1 0 1 1 1 1 0 1 0 1 1
0.039650176381563 0 1 0 0 0 0 0 0 0 1 0 0 1 1 1 1 1 1 0 0 0 1 1
0.095674004771403 1 1 0 0 0 0 0 1 0 1 1 0 1 1 0 1 1 0 0 0 0 0 1
0.085780248222569 1 0 0 1 0 0 0 0 0 0 0 1 1 1 0 1 1 0 0 0 1 0 1
0.032511231525580 1 0 0 0 0 0 0 1 0 0 0 1 1 0 1 1 1 0 0 0 1 1 0
0.067727446726906 0 0 0 1 0 0 0 0 0 0 1 0 0 1 0 0 1 0 1 1 0 0 1
0.090638783539679 0 1 0 0 1 0 0 0 0 0 1 1 1 0 0 1 1 0 0 1 1 0 0
0.100715248475932 0 0 1 1 0 0 0 0 0 0 1 1 1 0 1 0 1 0 1 0 0 1 1
0.117276192689316 0 0 1 0 0 1 0 0 0 1 0 0 1 1 1 1 1 1 0 0 1 1 0
0.088614518472776 1 0 1 0 0 0 0 0 0 1 1 0 0 1 1 0 1 0 0 0 1 0 1
0.073802989271039 0 0 1 0 0 0 1 0 0 1 0 1 1 1 1 0 1 0 0 0 1 1 0
0.098631230194114 0 1 1 0 0 0 0 0 0 0 1 1 1 1 1 0 1 1 0 0 1 0 1
0.012718775083814 1 0 0 0 0 0 0 0 0 1 0 0 1 1 1 1 1 0 0 0 1 1 1
0.061731816268600 1 0 0 0 0 0 1 0 0 1 0 0 1 0 1 1 1 0 0 0 1 1 0
0.142495349219624 0 0 0 0 0 0 0 1 0 1 0 0 1 1 1 1 1 0 0 0 1 1 0
0.038605356415678 0 1 0 0 0 0 0 1 0 0 1 1 1 1 1 0 1 1 0 1 1 0 1
0.083536612602947 0 0 1 1 0 0 0 0 0 1 1 0 1 1 1 0 1 0 0 1 0 1 0
0.065863771278638 0 1 0 1 0 0 0 0 0 1 0 1 1 1 1 0 1 1 0 0 0 1 1
0.090139018416693 1 1 0 0 0 0 0 0 0 0 1 1 1 1 0 0 1 0 0 1 1 0 1
0.033467403780360 0 0 0 1 0 0 0 0 0 1 0 1 1 1 1 1 1 1 0 1 0 1 1
0.103431974845393 1 0 1 0 0 1 0 1 1 1 1 1 1 1 1 0 1 0 1 0 1 0 1
0.027536361037286 0 1 0 0 0 0 0 0 0 0 1 1 1 1 1 0 0 1 0 1 1 0 1
0.103297245245145 0 0 0 1 0 0 0 0 0 1 1 0 0 1 0 1 1 0 0 1 1 1 0
0.093142333613609 1 0 0 1 0 0 0 0 0 0 1 1 1 0 0 1 1 0 1 0 0 1 0
0.020715911972762 1 0 0 0 0 0 0 0 1 0 1 1 1 1 0 1 1 0 1 0 1 1 0
0.036192237902119 0 0 0 1 0 0 0 0 0 0 0 1 1 1 1 1 1 1 0 1 1 0 1
0.061847004602924 0 1 0 0 0 1 0 0 0 1 1 1 1 1 0 1 1 0 1 0 1 1 0
0.088592273454235 0 0 1 0 0 0 0 1 0 1 0 1 0 1 1 0 1 1 0 0 1 1 0
0.015850241611573 1 0 0 0 0 0 0 0 0 0 1 1 1 1 0 1 1 1 0 1 1 0 1
0.121482385614307 1 0 0 1 0 0 0 0 0 0 1 1 1 1 0 1 1 1 0 1 0 1 0
0.117719981617934 1 0 0 1 0 0 0 1 0 0 1 1 0 0 0 1 1 0 0 0 0 0 0
0.024474796659757 1 0 0 0 0 0 0 0 0 1 1 1 0 0 1 0 1 1 0 1 0 0 1
0.060075703197170 0 1 0 0 0 0 1 0 0 0 1 1 0 1 1 0 1 0 1 0 1 0 1
0.049311162618246 0 0 0 1 0 0 0 0 0 0 0 1 1 0 1 0 1 0 0 1 1 0 0
0.018470023635852 0 1 0 0 0 0 0 0 0 1 0 1 0 1 1 1 1 1 0 0 1 1 1
0.048507868085105 1 0 0 0 0 0 0 1 1 0 1 1 1 1 0 1 1 0 0 1 0 1 0
0.019802538285053 0 1 0 0 0 0 0 0 0 0 1 1 1 1 1 1 1 1 0 1 1 1 1
0.162211014311956 1 1 0 1 0 0 0 1 0 1 1 1 1 1 0 0 0 0 0 1 0 0 0
0.018822818097287 0 1 0 0 0 0 0 0 0 1 0 1 1 1 1 0 1 1 0 1 0 1 1
0.021184970112605 0 1 0 0 0 0 0 0 0 1 1 1 0 1 1 1 1 1 0 1 0 1 1
0.019497071081626 0 1 0 0 0 0 0 0 0 0 1 1 1 1 1 0 1 1 0 1 0 1 1
0.014386236001869 0 1 0 0 0 0 0 0 0 0 1 1 1 1 0 1 1 1 0 1 0 1 1
0.053944681200226 0 1 0 0 1 0 0 0 0 0 1 1 1 1 0 1 1 0 0 1 0 1 1
0.019260166712306 0 1 0 0 0 0 0 0 0 0 1 1 1 1 0 1 1 0 1 1 0 1 1
0.037679229685350 0 1 0 0 0 0 0 0 0 0 1 1 1 0 1 0 1 1 1 1 0 0 1
0.030868391653090 0 1 0 0 0 0 0 0 0 1 1 1 1 0 1 1 1 1 0 1 0 1 1
0.018555244956949 0 1 0 0 0 0 0 0 0 1 0 1 1 1 0 1 1 1 1 0 0 1 1
0.030334296683434 0 1 0 0 0 0 0 0 0 1 1 0 1 1 0 1 1 0 1 0 0 1 1
0.049583911298099 0 1 0 0 0 0 0 0 0 1 1 1 1 1 0 1 1 1 1 1 0 1 1
0.018505561053374 0 1 0 0 0 0 0 0 0 0 1 1 0 1 0 1 1 0 1 0 0 1 1
0.052199370576979 0 1 0 0 0 0 0 0 0 0 1 1 1 0 0 0 1 0 0 1 0 0 1
0.028819146484640 0 1 0 0 0 0 0 0 0 1 0 1 0 0 1 1 1 1 0 0 0 1 1
0.068833091803565 0 0 1 1 0 0 0 0 0 1 1 1 1 1 1 0 1 0 0 1 1 0 0
0.072738794180231 0 0 1 1 0 0 0 0 0 1 1 1 1 1 1 0 1 1 0 1 0 1 1
0.040176233433303 1 0 0 0 0 0 0 1 0 1 1 0 0 1 1 1 1 0 1 0 0 1 1
0.128735959697356 0 0 0 1 0 0 1 0 0 0 1 0 0 0 1 1 1 0 0 1 1 0 0
0.049953545316831 0 1 0 0 0 0 1 0 0 1 0 1 1 0 1 1 1 1 0 0 0 1 1
0.092157906186676 0 0 0 1 1 0 0 0 0 0 0 1 1 1 1 0 1 0 0 1 1 0 1
0.024269750729799 0 1 0 0 0 0 0 0 0 0 1 1 0 1 0 1 1 0 0 1 0 1 1
0.027397892023353 1 0 0 0 0 0 0 1 0 0 1 0 1 1 0 1 1 0 0 0 1 0 1
0.017047853881873 1 0 0 0 0 0 0 1 0 0 1 0 1 1 1 1 1 0 0 1 0 1 1
0.084857081416823 1 0 0 0 1 0 0 1 0 0 1 0 1 1 1 1 1 0 0 0 1 1 1
0.030201869771174 1 0 0 0 0 0 0 1 0 0 0 1 1 0 1 0 1 0 0 1 0 0 1
0.058975297334907 0 1 0 0 0 0 1 0 0 1 1 0 1 1 1 1 1 0 1 0 1 1 0
0.081807093554222 1 1 0 0 0 0 0 1 0 0 1 1 1 1 0 0 0 0 0 1 0 0 1
0.017059671324410 0 0 1 0 0 0 0 0 0 0 0 1 1 1 1 0 1 1 0 1 0 1 1
0.091387669341961 0 1 1 0 0 0 0 0 0 0 1 1 1 1 1 0 1 1 0 1 0 1 1
0.018394636452341 0 0 1 0 0 0 0 0 0 0 0 1 1 0 1 1 1 0 0 1 0 1 1
0.063391480946954 0 0 1 0 0 0 0 0 0 0 1 1 1 1 1 0 1 0 0 1 0 1 1
0.020517338834339 0 0 1 0 0 0 0 0 0 1 0 1 1 1 1 1 1 1 0 1 0 1 1
0.134772274388882 0 0 1 1 0 0 0 0 0 0 0 1 1 0 1 1 1 0 0 1 0 1 1
0.059853866863632 0 0 1 1 0 0 0 0 0 1 1 1 1 1 1 0 1 0 0 0 1 1 0
0.039602728675305 0 0 0 0 1 0 0 0 0 0 0 1 1 0 1 1 1 0 0 1 0 1 1
0.042735893498705 0 1 0 0 0 0 0 0 0 0 0 1 1 0 1 1 1 1 0 1 0 1 1
0.088716377049663 1 0 1 0 0 0 1 1 0 1 1 1 1 1 1 0 1 1 0 0 1 0 1
0.097501740587985 0 1 0 1 0 0 0 1 0 0 1 0 1 1 1 0 0 0 1 0 0 0 1
0.019299106665914 0 0 1 0 0 0 0 0 0 0 0 1 1 1 1 1 1 1 0 0 1 1 1
0.077585434691512 1 0 1 0 0 0 1 1 1 1 1 1 1 1 1 0 1 0 1 0 0 1 0
0.058581340197925 0 0 1 0 0 0 0 0 0 0 0 1 1 1 1 1 1 1 0 0 0 1 1
0.025726895295428 0 0 1 0 0 0 0 0 0 0 0 1 1 1 1 0 1 1 0 1 1 0 1
0.076624748884605 0 0 1 1 0 0 0 0 0 0 1 1 1 1 1 0 0 1 0 1 1 0 1
0.031663827245398 0 0 1 0 0 0 0 0 0 0 0 1 1 1 1 0 1 1 0 1 1 1 1
0.048538573349662 0 0 1 0 0 0 0 0 0 1 0 1 1 1 1 0 1 1 0 0 1 1 1
0.061060228051167 0 0 1 0 1 0 0 0 0 0 0 1 1 1 1 1 1 0 0 0 1 1 1
0.038064785187264 0 0 1 0 0 0 0 0 0 0 0 1 1 0 1 0 1 1 0 1 0 1 1
0.098680048251020 0 1 1 0 0 0 0 1 0 1 1 1 1 0 1 1 1 0 0 0 0 1 0
0.018721439015507 0 0 1 0 0 0 0 0 0 0 0 1 1 0 1 1 1 0 0 0 1 1 1
0.070075209655964 1 0 1 0 0 0 0 0 1 0 1 1 1 1 1 1 1 0 0 0 1 1 1
0.054701455619022 1 0 0 0 1 0 0 1 0 0 1 1 1 1 1 0 1 0 0 1 0 0 1
0.036048245667334 0 0 1 0 0 0 0 0 0 0 0 1 1 1 1 1 1 0 0 1 1 1 0
0.045476741275377 0 0 0 0 1 0 0 0 0 0 0 1 1 0 1 1 1 0 0 1 1 1 0
0.045140763925862 0 0 0 0 1 0 0 0 0 0 0 1 1 1 0 1 1 0 1 1 0 1 1
0.081378022851969 0 1 0 0 0 0 1 0 0 1 1 1 0 0 1 1 1 0 1 0 1 0 0
0.019452925370974 0 0 1 0 0 0 0 0 0 0 0 1 1 1 1 1 1 0 1 1 0 1 1
0.028946625206730 0 0 1 0 0 0 0 0 0 0 0 0 1 1 1 1 1 0 0 1 0 1 1
0.056692868121967 0 0 0 0 1 0 0 0 0 1 0 1 1 1 1 1 1 1 1 1 0 1 1
0.051834447015412 0 0 0 0 1 0 0 0 0 0 0 1 1 1 1 0 1 0 1 1 0 0 1
0.053932278769121 0 0 1 0 0 0 0 0 0 0 1 0 1 1 1 0 1 1 1 1 0 0 1
0.129648434076283 0 0 1 1 0 0 0 0 0 0 1 0 1 1 1 0 1 0 1 1 0 0 1
0.068057465463587 0 0 0 0 1 0 0 1 0 0 0 1 1 1 1 1 1 0 0 1 0 1 1
0.045661486063291 0 0 1 0 0 1 0 0 0 0 0 1 1 1 1 1 1 0 0 0 1 1 1
0.088776417296595 1 0 0 0 1 0 1 0 0 1 1 1 0 1 1 1 1 0 0 0 1 1 0
0.041035167514065 0 0 1 0 0 0 0 0 0 0 1 0 1 1 1 0 1 1 1 1 0 1 1
0.103863576683466 0 1 0 0 1 0 0 0 0 1 0 1 1 0 0 1 1 0 0 0 0 1 1
0.056800107128924 1 0 0 0 0 0 1 1 0 0 1 1 1 0 1 1 1 0 0 0 1 1 0
0.028039129329766 1 0 0 0 0 0 0 1 0 0 1 0 1 1 0 1 1 0 0 0 1 1 0
0.018080623045526 1 0 0 0 0 0 0 0 0 0 1 0 1 1 0 1 1 0 1 0 0 1 1
0.037712095265993 0 0 0 0 1 0 0 0 0 0 1 0 1 1 1 1 1 0 1 1 0 1 1
0.057221862645649 1 0 0 0 0 0 1 0 0 1 0 1 0 0 1 1 1 0 0 0 1 0 1
0.047482523741702 0 0 1 0 0 0 0 0 0 0 0 1 0 0 1 1 1 0 0 0 1 1 0
0.082611133249210 0 0 0 0 1 0 0 0 0 0 1 1 1 1 0 1 1 0 0 1 1 1 0
0.087264324986220 1 0 0 0 0 0 1 0 0 1 1 1 1 0 1 1 1 1 1 1 0 1 0
0.082634481968703 0 1 0 0 0 0 1 0 0 1 0 1 0 1 0 1 1 0 0 0 1 1 0
0.189544820587883 0 1 1 1 0 0 0 0 0 1 1 1 1 0 1 0 1 1 0 0 0 0 1
0.023371127457961 0 0 1 0 0 0 0 0 0 0 1 1 1 1 1 1 1 1 0 1 1 0 1
0.020843560104864 0 0 1 0 0 0 0 0 0 0 1 1 0 1 1 1 1 1 0 1 0 1 1
0.034761963853814 0 0 1 0 0 0 0 0 0 0 1 1 0 1 1 0 1 1 0 1 1 0 1
0.034595446875157 0 0 1 0 0 0 0 0 0 0 1 1 1 1 1 0 1 1 1 1 1 0 1
0.076969120056796 0 0 1 0 1 0 0 0 0 0 1 1 1 1 1 0 1 1 0 1 1 0 1
0.053293018909659 0 0 1 0 0 0 0 0 1 0 1 1 1 1 1 0 1 1 0 1 1 0 0
0.040215329469428 0 0 1 0 0 0 0 0 0 1 1 0 0 1 1 1 1 1 0 1 0 1 1
0.027670602623684 1 0 0 0 0 0 0 1 0 0 0 0 1 1 0 1 1 0 0 0 0 1 1
0.029483746434060 1 0 0 0 0 0 0 1 0 1 0 1 1 1 1 0 1 0 1 1 0 1 0
0.027327107781951 1 0 0 0 0 0 0 0 0 0 1 1 1 1 0 1 0 0 1 0 1 0 1
0.037972178141721 1 0 0 0 0 0 0 1 0 0 1 0 1 1 0 0 1 0 1 0 0 1 0
0.067344916420904 0 1 0 0 0 0 1 0 0 1 1 1 0 1 1 1 1 1 1 0 0 1 1
0.052057578965610 1 0 1 0 0 0 0 0 1 1 1 1 1 1 0 0 1 0 1 0 0 1 0
0.034457532645497 0 1 0 0 0 0 0 0 0 0 1 1 0 1 0 1 1 0 1 1 0 0 1
0.038906616357745 1 0 0 0 0 0 0 1 0 1 0 1 0 1 1 0 1 1 0 1 0 0 1
0.029588566094086 0 0 1 0 0 0 0 0 0 0 1 0 1 1 1 0 1 1 0 1 1 0 1
0.093815644610100 0 0 1 0 1 0 0 0 0 1 1 0 1 1 1 0 1 0 0 0 1 0 0
0.089993658011821 1 0 0 1 0 0 0 1 0 0 1 0 1 1 0 1 0 0 0 0 0 1 0
0.076812019358672 1 0 0 0 1 0 0 1 0 0 1 1 1 1 1 0 1 0 1 1 0 1 0
0.106622308516112 1 0 0 0 0 0 1 0 1 1 1 0 1 1 0 1 1 0 1 0 1 1 0
0.108609547433183 0 0 0 1 0 0 1 0 0 1 0 1 1 1 1 1 1 1 0 1 1 1 0
0.023908999553128 1 0 0 0 0 0 0 1 0 0 0 0 1 1 1 1 1 0 0 0 1 1 1
0.076750933335693 0 0 1 0 0 0 0 0 1 0 1 1 1 1 1 1 1 1 0 1 1 1 1
0.037381420410502 0 1 0 0 0 0 0 0 1 0 1 1 1 1 1 0 1 1 0 1 1 0 1
0.057250622971736 0 0 1 0 0 0 0 1 0 0 1 1 1 1 1 0 1 1 0 1 1 0 0
0.068362943296906 0 0 0 0 1 0 0 0 0 0 1 1 1 1 0 1 1 0 1 1 0 0 1
0.022205874267328 0 0 1 0 0 0 0 0 0 0 0 1 0 1 1 1 1 0 0 1 0 1 1
0.076806712487792 1 0 0 0 1 0 0 0 1 1 0 1 1 0 1 0 1 0 0 1 0 0 1
0.034254265915426 1 0 0 0 0 0 0 1 0 0 1 1 1 1 0 0 1 0 1 1 0 1 0
0.170190134668802 1 1 1 0 0 0 1 0 1 1 1 1 1 1 0 0 1 0 0 0 0 1 0
0.046137020408978 0 0 1 0 0 0 0 0 0 1 0 0 0 0 1 1 1 0 0 0 0 1 1
0.080970278722055 1 0 1 0 0 0 0 1 1 1 1 1 0 1 1 0 1 1 0 1 0 0 1
0.033251476410792 0 0 0 1 0 0 0 0 0 0 0 1 0 1 1 0 1 0 1 0 1 0 1
0.059853286416189 0 0 0 1 0 0 0 0 0 0 1 0 1 1 1 0 1 0 1 1 1 0 0
0.091313325576260 0 1 1 0 0 0 0 0 1 1 1 0 1 0 1 0 1 0 0 0 1 0 0
0.047970298020818 1 0 1 0 0 0 0 0 1 1 1 1 1 1 0 1 1 0 1 0 1 0 1
0.030324808409314 0 0 0 1 0 0 0 0 0 0 1 0 1 1 1 1 0 1 0 1 0 1 1
0.072466110784208 0 0 0 1 0 0 0 0 0 0 1 0 1 1 0 1 0 0 1 1 0 1 1
0.035759285584725 0 0 0 1 0 0 0 0 0 0 1 0 1 1 1 0 1 1 0 1 1 0 1
0.066307315687072 0 0 0 1 0 0 0 1 0 0 0 1 1 1 1 0 1 0 0 1 1 0 0
0.053602439384571 0 1 0 0 0 0 1 0 0 0 1 1 0 1 1 1 1 1 0 0 1 1 1
0.029781305856836 0 0 1 0 0 0 0 0 0 1 0 1 1 0 1 1 1 0 1 0 0 1 1
0.093675267069618 1 0 0 0 1 0 0 0 1 1 1 1 1 0 1 1 1 1 0 1 1 0 0
0.014242400168805 0 1 0 0 0 0 0 0 0 0 1 1 0 1 1 1 0 1 0 1 0 1 1
0.041055835579741 0 1 0 0 0 0 0 1 0 0 1 1 0 1 1 1 1 1 0 1 0 1 1
0.025406600712397 0 1 0 0 0 0 0 0 0 0 1 0 1 1 0 1 0 1 0 1 0 1 1
0.030412295960879 0 1 0 0 0 0 0 1 0 0 1 0 1 1 1 1 0 1 1 0 0 1 1
0.023337750610554 0 1 0 0 0 0 0 0 0 0 1 0 1 1 0 1 0 0 1 0 0 1 1
0.062638086804133 0 1 0 0 0 0 0 1 0 0 1 0 1 0 1 1 0 0 0 0 1 1 0
0.066455157834797 1 0 0 0 1 0 0 0 0 1 1 1 0 1 0 0 1 0 1 0 0 0 1
0.122552176928661 0 0 0 0 0 0 1 1 0 0 0 1 0 0 1 1 1 0 0 0 1 1 0
0.018756993879064 1 0 0 0 0 0 0 0 0 1 1 0 1 1 1 1 1 1 0 1 1 0 1
0.013656233133075 0 1 0 0 0 0 0 0 0 0 1 0 1 1 1 1 0 0 1 1 0 1 1
0.026486726603005 0 1 0 0 0 0 0 0 0 1 1 0 1 1 1 1 0 1 0 1 0 1 1
0.026307673892148 0 1 0 0 0 0 0 0 0 0 1 0 0 1 1 1 1 0 0 1 0 1 1
0.050127954540116 0 0 0 0 1 0 0 0 0 0 0 1 1 1 1 1 0 0 1 1 0 1 1
0.030019554650335 0 1 0 0 0 0 0 0 0 0 1 0 1 1 0 0 1 0 1 1 0 0 1
0.032286134259037 0 1 0 0 0 0 0 0 0 1 1 0 1 1 1 1 1 1 0 1 1 1 0
0.034877623037941 0 1 0 0 0 0 0 0 0 0 1 0 1 1 1 0 0 1 1 1 0 1 1
0.041194090911301 0 1 0 0 0 0 1 0 0 1 0 1 1 1 1 0 1 1 0 0 1 0 1
0.057591608098720 0 1 0 0 0 0 0 1 0 0 1 0 0 1 1 1 0 0 1 0 0 1 1
0.044219019038187 0 0 0 1 0 0 0 0 0 0 1 1 0 1 1 0 1 1 0 1 0 0 1
0.030675860879943 0 0 0 0 1 0 0 0 0 0 0 1 0 1 1 1 1 0 0 1 0 1 1
0.114066092927661 0 1 0 1 0 0 1 0 0 1 1 1 1 0 1 0 0 1 0 0 0 0 1
0.051462771539523 0 0 0 0 1 0 0 0 0 0 0 1 1 1 1 1 1 0 0 1 1 1 1
0.061230830331583 0 1 0 0 0 0 0 1 0 1 0 1 1 0 1 1 1 1 1 0 0 1 1
0.087024583575669 0 1 1 0 0 0 0 0 0 1 1 0 1 0 1 0 1 0 0 0 0 1 0
0.013513965867919 0 1 0 0 0 0 0 0 0 0 1 0 1 1 1 1 1 0 1 0 1 1 1
0.043253840728537 0 1 0 0 0 0 0 0 0 0 1 0 1 1 1 1 1 1 1 1 0 1 1
0.102010412066624 1 0 1 0 0 0 0 1 1 1 1 1 1 1 0 0 0 0 1 0 0 1 0
0.109898678157511 0 0 1 1 0 0 0 1 0 1 1 1 1 1 1 0 1 0 1 1 0 1 0
0.022788855682063 1 0 0 0 0 0 0 1 0 0 1 0 1 1 1 1 0 0 1 0 0 1 1
0.025971616497904 1 0 0 0 0 0 0 1 0 0 1 1 1 1 1 1 0 1 0 1 0 1 1
0.019706096482875 1 0 0 0 0 0 0 0 0 0 1 0 1 1 1 1 0 1 0 1 1 1 1
0.015692518771104 1 0 0 0 0 0 0 0 0 0 1 0 1 1 0 1 0 0 0 1 1 0 1
0.048540186339435 1 0 0 0 0 0 0 0 0 0 0 0 1 1 0 1 0 0 0 0 1 1 1
0.044458359708494 1 0 0 0 1 0 0 0 0 1 1 0 1 1 1 1 0 0 0 1 1 0 1
0.022388972528607 1 0 0 0 0 0 0 1 0 0 1 0 1 1 1 1 0 0 0 1 1 0 1
0.012543082682435 1 0 0 0 0 0 0 0 0 1 1 0 1 1 1 1 0 1 0 1 1 0 1
0.040067709553450 0 0 1 0 0 0 0 0 0 0 1 0 1 1 1 1 0 1 1 1 1 0 1
0.038536664202537 1 0 0 0 0 0 0 1 0 0 1 0 1 1 1 1 0 1 0 1 1 1 0
0.071216397280786 1 0 1 0 0 0 0 1 1 1 1 0 1 1 1 1 0 0 0 0 1 0 1
0.018094075912254 0 0 1 0 0 0 0 0 0 0 1 0 1 1 1 1 0 1 0 1 0 1 1
0.054263185965848 0 0 1 0 0 0 0 0 0 1 1 0 1 1 1 0 0 1 0 1 1 0 0
0.024386796575706 0 1 0 0 0 0 0 0 0 0 1 0 1 1 1 1 0 1 0 1 1 1 1
0.021129366933689 1 0 0 0 0 0 0 0 0 0 1 0 1 0 1 1 0 0 0 1 1 0 1
0.060437940689767 1 0 1 0 0 0 0 0 1 0 1 1 1 1 1 0 0 1 0 1 1 0 1
0.031907598446123 0 0 1 0 0 0 0 0 0 0 1 1 1 0 1 1 0 1 0 1 1 0 1
0.025875356541172 0 0 1 0 0 0 0 0 0 0 1 1 1 1 1 1 0 1 1 1 0 1 1
0.040608715865277 1 0 0 0 1 0 0 0 0 0 1 1 1 1 1 0 0 1 0 1 1 0 1
0.051257377009344 1 0 0 0 0 0 0 0 1 0 1 0 1 1 1 0 0 0 0 1 1 0 1
0.049288469147787 1 0 0 0 1 0 0 0 0 0 1 0 1 1 1 1 0 0 0 1 0 1 1
0.023284310794949 0 0 1 0 0 0 0 0 0 0 0 1 1 1 1 1 0 1 0 1 1 1 1
0.038174558259599 1 0 0 0 0 0 1 0 0 1 1 1 1 1 1 1 0 1 0 1 1 1 0
0.067592362497697 0 0 1 0 1 0 0 0 0 1 1 0 1 1 1 1 0 1 0 0 0 1 1
0.061435607198273 0 1 1 0 0 0 0 0 0 1 1 1 1 0 1 1 0 1 0 0 0 1 1
0.064097463992861 0 0 0 1 0 0 0 0 0 0 1 0 1 0 1 1 0 1 0 1 1 1 0
0.068859691362434 1 0 0 0 0 0 1 0 0 1 1 1 0 0 1 1 1 1 0 0 1 1 0
0.039871495119478 1 0 0 0 1 0 0 0 1 0 1 1 1 1 1 1 0 0 0 1 1 1 0
0.037110559931632 1 0 0 0 1 0 0 0 0 1 1 1 1 1 1 1 0 1 0 1 1 1 0
0.094778182149454 0 0 1 1 0 0 0 0 0 1 1 0 1 1 1 1 0 1 1 0 0 1 1
0.106276969651334 1 1 0 0 0 0 0 1 0 0 1 0 1 1 1 1 0 0 0 0 1 1 1
0.032541546834656 0 0 1 0 0 0 0 0 0 0 1 0 1 0 1 1 0 0 1 0 0 1 1
0.051256802914512 0 0 0 1 0 0 0 0 1 0 0 1 0 1 1 1 1 0 0 1 1 0 1
0.031749436348013 1 0 0 0 0 0 0 1 0 1 1 0 1 1 1 1 0 0 1 1 0 1 0
0.030510468356881 1 0 0 0 0 0 0 1 0 0 1 0 1 1 1 0 0 0 1 1 0 0 1
0.023877133755107 0 1 0 0 0 0 0 0 0 0 1 1 0 0 1 1 1 0 0 1 0 1 1
0.139646699299217 1 0 1 1 0 0 1 0 1 1 1 1 1 1 0 0 1 0 0 0 0 1 0
0.024145431548099 1 0 0 0 0 0 0 1 0 0 0 0 1 1 1 1 0 0 0 1 0 1 1
0.058837992012685 0 1 0 0 1 0 0 0 0 0 1 0 1 1 1 1 0 0 1 0 0 1 1
0.055661351223925 0 0 1 0 0 1 0 0 0 0 1 1 1 1 1 1 1 0 1 1 0 1 1
0.021851550001658 0 1 0 0 0 0 0 0 0 0 1 0 1 1 0 1 1 0 0 1 1 0 1
0.031400469622294 0 1 0 0 0 0 0 0 0 0 1 0 1 1 1 0 1 0 1 1 1 0 1
0.020319943226004 1 0 0 0 0 0 0 0 0 0 1 1 1 0 1 1 0 1 0 1 1 1 0
0.017654882922419 1 0 0 0 0 0 0 0 0 1 0 1 1 0 1 1 0 1 0 1 1 0 1
0.039236908849325 1 0 0 0 0 0 0 0 0 1 1 0 1 0 1 1 0 1 0 1 1 1 0
0.049294515080736 1 0 1 0 0 0 0 0 1 1 1 1 1 0 1 1 0 1 0 0 1 0 1
0.019473280362264 1 0 0 0 0 0 0 0 0 1 1 0 0 1 1 1 1 0 0 1 1 0 1
0.032248651635986 0 0 0 1 0 0 0 0 0 0 0 1 1 0 1 1 0 1 0 1 0 1 1
0.021846348724273 1 0 0 0 0 0 0 0 0 1 1 1 1 1 0 1 0 1 1 1 0 1 0
0.047013556809762 1 0 0 0 0 0 0 1 0 1 1 1 1 1 1 0 0 1 1 1 0 1 0
0.023695734622563 1 0 0 0 0 0 0 0 0 0 1 1 0 1 0 1 0 1 0 1 0 1 1
0.018486530186519 1 0 0 0 0 0 0 0 0 0 1 1 1 0 0 1 0 1 0 1 0 0 1
0.028416473139932 1 0 0 0 0 0 0 1 0 0 1 1 1 1 0 1 0 1 0 1 0 1 0
0.029540936228792 1 0 0 0 0 0 0 0 0 0 1 0 1 1 0 1 0 0 1 1 0 1 1
0.045816867552333 1 0 0 0 1 0 0 0 1 0 1 1 1 1 0 1 0 1 0 1 0 0 1
0.041025469911953 1 0 0 0 0 0 0 0 1 0 1 1 1 1 0 0 0 1 1 1 0 0 1
0.060629406236578 1 1 0 0 0 0 0 0 1 1 1 1 0 1 0 1 0 1 0 1 0 0 1
0.028717786033846 1 0 0 0 0 0 0 1 0 0 0 1 0 1 1 0 1 0 0 0 1 0 1
0.015534642137566 1 0 0 0 0 0 0 0 0 1 0 1 1 1 0 1 1 0 1 0 0 1 1
0.069323926097132 1 1 0 0 0 0 0 0 0 1 1 1 1 0 0 0 0 1 0 1 0 0 1
0.037359113894248 1 0 0 0 0 0 0 1 0 1 0 0 1 1 1 0 1 0 1 0 0 1 1
0.039189044692382 1 0 0 0 0 0 0 0 1 0 1 1 1 1 0 1 0 1 0 1 1 0 1
0.020379980559550 1 0 0 0 0 0 0 0 0 0 1 0 1 1 1 1 0 0 0 1 1 1 0
0.056774129516698 1 0 0 0 1 0 0 0 0 0 1 1 0 1 1 0 0 1 0 1 0 0 1
0.094168293062355 0 0 0 1 0 0 1 0 0 0 0 1 0 1 1 0 1 0 0 0 1 0 1
0.171147376303522 0 1 1 0 1 0 1 0 1 1 1 1 1 1 1 0 1 0 0 0 1 0 0
0.017367915637947 1 0 0 0 0 0 0 0 0 0 1 0 1 1 1 1 0 1 0 1 0 1 1
0.069297114088802 1 0 1 0 0 0 1 0 0 1 1 1 1 1 1 0 1 0 0 0 1 1 0
0.025196494660789 1 0 0 0 0 0 0 0 0 0 0 1 1 1 0 0 1 1 0 1 0 1 1
0.046477817030031 1 0 0 0 1 0 0 0 0 0 1 1 1 1 0 0 0 1 0 1 0 1 0
0.106395309950715 0 0 1 0 0 0 0 1 0 0 1 0 0 0 1 0 1 0 0 0 1 0 0
0.107373850265346 1 0 0 1 0 0 1 1 0 1 1 1 1 0 1 1 0 0 0 0 0 1 0
0.039510076036987 0 1 0 0 0 0 0 1 0 0 1 0 1 1 1 1 1 0 0 1 1 1 0
0.077234301630678 0 0 1 0 0 1 0 0 0 1 0 1 1 0 1 1 1 0 0 0 0 1 1
0.046818530462140 0 1 0 0 0 0 1 0 0 0 1 1 1 1 0 0 1 1 0 1 0 0 1
0.058588254476836 0 1 0 0 0 0 1 0 0 0 1 0 1 1 0 1 1 0 1 0 0 1 1
0.066715188468122 0 1 0 0 0 0 1 0 0 1 1 1 1 1 0 1 1 1 0 1 1 0 0
0.040569888787097 1 0 0 0 0 0 1 0 0 1 1 1 0 1 1 0 1 1 0 1 0 0 1
0.072749220396984 1 1 0 0 0 0 1 0 0 1 1 1 1 1 0 0 0 1 0 1 0 0 1
0.024069952203740 1 0 0 0 0 0 0 0 0 0 1 1 0 1 0 0 1 1 0 1 0 0 1
0.039450689154605 0 0 0 1 0 0 0 0 0 0 0 1 0 0 1 1 1 0 0 1 0 0 1
0.044733997278641 1 0 0 0 0 0 1 0 0 0 1 1 1 0 1 0 0 1 0 1 0 0 1
0.038342817871974 0 1 0 0 0 0 0 0 0 1 0 1 1 0 1 0 0 1 0 1 0 0 1
0.015904714860954 0 0 1 0 0 0 0 0 0 0 0 1 0 1 1 1 1 0 0 0 1 1 1
0.068403413212120 0 1 0 0 0 0 0 0 1 1 1 1 1 0 1 1 1 0 1 1 1 0 0
0.095569399898281 0 0 0 0 1 0 1 0 0 0 1 1 1 1 1 0 1 1 0 1 1 0 0
0.161613976557216 1 1 1 0 0 0 1 1 0 1 1 1 1 0 1 0 0 1 0 0 0 0 1
0.044225407854129 0 1 0 0 0 0 0 0 0 1 1 0 1 0 1 0 0 1 1 0 0 0 1
0.088935445767063 0 0 0 0 1 0 0 1 0 0 0 1 0 1 1 0 1 0 0 1 1 0 0
0.045532821302598 1 0 0 0 0 0 1 0 0 1 1 1 1 1 0 0 1 1 0 1 0 1 0
0.087267091382994 1 0 0 0 1 0 1 0 0 1 1 1 1 1 0 0 0 1 0 1 0 0 0
0.066033507763854 1 0 0 1 0 0 0 0 1 0 1 1 1 0 1 0 0 0 0 1 1 0 0
0.050596826531373 1 0 0 0 0 0 0 0 1 1 0 1 1 0 1 0 1 0 1 0 1 0 1
0.067204194099546 0 1 0 1 0 0 0 0 1 1 1 1 1 1 0 0 1 0 1 0 1 0 0
0.061260983584782 1 0 0 1 0 0 0 0 1 0 1 1 1 1 0 0 1 0 1 0 1 0 0
0.039220939778481 0 0 0 1 0 0 0 0 0 0 0 1 1 1 0 0 1 0 1 0 1 0 1
0.055310250109925 1 0 0 0 0 0 1 1 0 0 1 0 1 1 1 1 0 0 0 1 0 1 0
0.112831560558920 1 0 1 0 1 0 0 0 1 1 1 1 1 1 1 0 0 0 0 0 1 0 1
0.103970580770442 0 1 1 0 0 0 0 0 0 0 1 1 0 1 1 1 1 0 0 0 1 1 1
0.095759828599612 0 1 0 0 1 0 0 1 0 0 1 0 1 1 1 0 1 0 0 0 1 0 1
0.057356078870567 1 0 0 1 0 0 0 1 0 0 1 1 1 1 1 0 0 1 0 0 1 0 1
0.148555704734438 1 0 0 1 0 0 0 1 1 0 1 1 0 1 1 0 0 0 0 0 0 0 1
0.072852256157486 1 0 0 1 0 0 0 1 0 0 1 1 1 1 0 0 0 0 1 0 1 0 0
0.075029822795571 1 0 0 1 0 0 0 0 0 0 1 1 1 0 0 1 0 1 0 0 1 0 1
0.087471867944099 1 0 0 1 0 0 0 1 0 0 1 0 1 1 1 0 0 0 0 1 1 0 0
0.034860277788159 0 1 0 0 0 0 0 0 1 0 1 0 1 1 0 1 1 0 1 0 1 0 1
0.090268028019182 0 1 0 0 1 0 0 0 1 0 1 1 1 1 0 0 1 0 1 1 0 0 1
0.075716843629463 1 0 0 1 0 0 0 1 0 1 1 1 1 0 1 0 0 1 0 1 0 0 0
0.014711828366083 0 0 1 0 0 0 0 0 0 0 0 1 1 1 1 1 1 0 1 0 1 1 1
0.049220144200231 0 0 1 0 0 0 0 0 0 1 0 1 1 1 0 1 1 0 0 0 1 1 0
0.092034919616690 0 0 1 1 0 0 0 0 1 0 1 1 1 1 0 0 1 0 1 0 1 0 0
0.113236216947958 0 0 0 1 1 0 0 0 0 0 1 1 1 0 1 0 0 1 0 1 0 0 1
0.046804174500971 0 1 0 0 0 0 0 0 0 0 1 0 1 0 0 1 0 0 1 1 0 0 1
0.040225400907400 1 0 0 0 0 0 0 1 0 0 1 0 1 0 1 1 0 0 0 0 1 1 0
0.104537951137545 1 0 0 1 0 0 1 1 0 0 1 1 1 1 0 0 1 0 0 0 1 0 0
0.022750139255926 1 0 0 0 0 0 0 0 0 1 0 1 1 0 1 0 0 1 0 1 0 1 0
0.051652161629998 1 0 1 0 0 0 0 0 1 1 1 1 1 0 1 0 0 1 0 1 0 1 0
0.090839283973410 0 0 1 1 0 0 0 0 0 1 1 1 1 0 1 0 0 1 0 1 0 1 0
0.083315279404882 1 0 1 0 0 0 1 0 1 1 1 1 1 1 0 0 0 1 0 1 0 0 0
0.080482337815425 1 0 1 0 0 0 1 0 0 1 1 1 1 0 1 0 0 1 0 0 0 1 0
0.025821803181155 1 0 0 0 0 0 0 0 0 1 0 1 1 0 0 1 1 0 0 1 0 1 0
0.034164016380528 1 0 0 0 0 0 0 0 1 1 0 1 1 1 0 0 1 1 0 1 0 1 0
0.036440490874961 1 0 0 0 0 0 0 0 1 0 1 1 1 0 0 1 0 1 0 1 0 1 0
0.055836764232942 0 0 1 0 0 0 0 1 0 0 0 1 0 1 1 1 1 0 0 1 1 0 1
0.033573369129874 0 0 1 0 0 0 0 0 0 0 1 1 0 0 1 1 0 1 0 1 0 0 1
0.073712850365568 1 0 1 0 0 0 0 0 1 1 1 1 0 0 1 1 0 1 0 1 0 0 1
0.078869145997313 1 0 1 0 0 1 0 0 1 1 1 1 1 1 1 0 0 1 0 1 0 1 0
0.036916587360423 0 0 1 0 0 0 0 0 0 0 1 0 0 1 1 1 1 0 0 1 1 0 1
0.017046450852177 0 0 1 0 0 0 0 0 0 0 0 0 1 1 1 1 1 0 0 0 1 1 1
0.053348197909331 0 0 0 0 1 0 0 0 0 0 1 1 0 0 1 1 1 0 1 1 0 0 1
0.019861685934788 0 1 0 0 0 0 0 0 0 0 1 1 1 0 1 1 0 1 0 1 0 1 1
0.085281250195265 0 0 0 1 0 0 1 0 0 1 0 0 1 1 1 1 0 1 0 0 0 1 1
0.036964140566547 1 0 0 0 0 0 0 0 0 1 1 1 1 0 1 0 0 1 0 1 1 0 0
0.101344446119091 1 0 1 0 1 0 0 0 1 1 1 1 1 1 1 0 0 1 0 1 0 1 0
0.049603654149530 1 0 0 0 0 0 0 1 0 1 0 1 1 1 0 0 1 0 1 0 0 1 0
0.039610381902518 1 0 0 0 0 0 0 1 0 0 1 0 1 1 0 1 0 0 0 1 0 1 0
0.047875483215180 1 0 0 0 0 0 0 0 1 1 0 1 1 0 1 0 1 0 0 1 0 1 0
0.014660100226880 1 0 0 0 0 0 0 0 0 0 1 1 1 1 1 0 0 1 0 1 1 1 0
0.057770938192189 1 1 0 0 0 0 0 0 0 1 1 1 1 1 0 0 0 1 0 1 0 1 0
0.025921948578704 1 0 0 0 0 0 0 0 0 1 0 1 1 1 1 0 0 1 0 1 0 1 1
0.064279262684510 1 0 0 0 1 0 0 0 1 0 1 1 1 1 0 0 1 0 0 0 1 1 0
0.046570830047300 1 0 1 0 0 0 0 0 0 1 1 1 1 1 0 0 0 1 0 1 0 1 0
0.134945559351724 0 0 1 1 0 1 0 0 0 0 1 1 1 1 1 0 0 0 0 1 1 0 0
0.032966785902534 1 0 0 0 0 0 0 0 0 1 1 1 1 0 0 0 1 1 0 1 0 1 0
0.024889508244524 0 0 1 0 0 0 0 0 0 0 0 1 1 0 1 1 0 1 0 1 0 1 1
0.020262329284673 1 0 0 0 0 0 0 0 0 0 1 1 1 1 0 0 0 1 1 1 0 1 0
0.067120031842039 1 0 0 1 0 0 0 0 0 0 1 1 1 1 0 0 0 1 0 1 1 0 0
0.103901369230245 0 1 0 1 0 0 0 0 0 1 1 0 1 1 0 0 1 1 1 0 0 0 1
0.056410870212485 0 0 0 0 1 0 1 0 0 0 0 1 1 1 1 1 1 0 1 0 0 1 1
0.106970192711249 0 1 0 0 0 1 1 0 0 1 0 1 1 1 1 0 1 1 0 0 0 1 1
0.040813648794728 0 1 0 0 0 0 0 1 0 0 1 0 1 1 1 0 1 1 0 0 1 1 0
0.029889743950502 0 1 0 0 0 0 0 0 0 1 0 1 1 1 0 1 1 1 0 0 1 1 0
0.021186768921089 0 1 0 0 0 0 0 1 0 0 0 1 1 1 1 1 1 1 0 0 1 1 1
0.035308200120774 0 1 0 0 0 0 0 0 0 1 1 1 0 0 1 1 1 1 0 1 0 0 1
0.084355756929936 0 1 0 0 1 0 1 0 0 1 1 1 1 1 1 0 1 0 1 0 0 0 1
0.014907044913675 1 0 0 0 0 0 0 0 0 0 1 1 0 1 1 0 1 1 0 1 0 1 1
0.049989340562323 1 0 1 0 0 0 0 0 1 1 1 1 1 1 1 0 0 1 1 1 0 1 0
0.312953818042549 1 1 1 1 1 0 1 1 1 1 1 1 1 1 0 0 0 0 0 0 0 0 0
0.047856249169259 0 1 0 0 0 0 0 1 0 0 1 1 0 1 1 1 1 1 0 0 1 1 0
0.070997554191814 0 0 1 0 0 0 0 0 1 1 0 1 1 0 1 1 1 0 0 0 1 1 0
0.045767306074516 0 0 1 0 0 0 0 0 0 0 1 1 1 1 0 0 1 1 0 1 1 0 0
0.022926728625202 0 0 1 0 0 0 0 0 0 0 0 1 1 1 0 1 1 1 0 1 0 1 1
0.024467072039180 0 0 1 0 0 0 0 0 0 0 0 1 1 1 0 1 1 0 0 0 1 1 1
0.038287836764315 0 0 1 0 0 0 0 0 0 0 1 0 1 1 0 1 0 1 0 1 1 0 1
0.033890544777452 0 0 1 0 0 0 0 0 0 0 1 1 1 1 0 1 1 0 1 1 1 0 1
0.019627511527433 0 0 1 0 0 0 0 0 0 0 0 1 1 1 0 1 1 0 1 0 0 1 1
0.055402895665698 0 0 1 0 0 0 0 0 0 0 1 1 1 0 0 1 1 1 1 1 0 0 1
0.123481829587736 1 0 1 0 0 1 1 0 0 1 1 1 1 1 0 0 1 0 1 0 0 1 0
0.067192856460433 0 0 1 1 0 0 0 0 0 1 1 1 1 1 0 1 1 0 0 1 0 1 0
0.057228397664655 1 0 1 0 0 0 0 0 1 0 1 1 1 1 0 0 0 1 0 1 0 1 0
0.066170750462173 0 0 0 1 0 0 0 0 0 1 1 0 1 0 1 1 1 0 0 1 1 0 0
0.036495221148535 0 0 1 0 0 0 0 0 0 0 1 1 0 1 0 1 1 0 1 1 0 0 1
0.035378718607821 0 0 1 0 0 0 0 0 0 0 1 1 1 1 0 1 1 0 1 1 0 1 1
0.121764198664196 0 0 1 1 0 0 0 0 0 1 1 1 0 1 0 0 1 0 0 0 0 1 0
0.085571341403413 0 1 0 1 0 0 0 0 1 1 1 1 1 0 1 0 0 1 0 1 0 0 0
0.046470869323941 0 0 1 0 0 0 0 0 0 0 1 1 0 1 0 1 1 1 0 1 1 0 1
0.061242577357694 0 1 0 0 1 0 0 0 0 1 1 1 0 1 1 1 1 0 1 0 0 1 1
0.055156056136313 0 0 1 0 0 0 0 1 0 0 1 1 0 1 1 1 1 0 1 1 0 0 1
0.062659265419374 0 0 1 0 0 0 0 0 1 0 1 1 1 1 0 1 0 1 1 1 0 0 1
0.023806245103476 1 0 0 0 0 0 0 1 0 0 1 0 1 1 1 0 1 0 1 0 1 0 1
0.045561264913198 0 1 0 0 0 0 0 1 0 0 1 0 1 1 1 1 1 0 1 0 1 1 0
0.018411919208149 1 0 0 0 0 0 0 0 0 1 1 0 1 1 1 0 1 0 0 1 1 1 0
0.066245256566729 1 0 0 0 0 0 1 1 0 0 1 0 1 1 1 0 1 0 0 0 1 1 0
0.027090199716365 0 1 0 0 0 0 0 0 0 0 1 0 1 1 0 0 1 0 1 0 1 0 1
0.021295700928710 1 0 0 0 0 0 0 1 0 0 1 1 1 1 0 1 1 0 1 0 1 0 1
0.045820662669022 0 1 0 0 0 0 1 0 0 0 1 0 1 1 1 1 0 1 0 1 0 1 1
0.027524631900105 0 1 0 0 0 0 0 0 1 0 1 0 1 1 1 1 1 0 0 1 1 1 0
0.029042503701710 0 1 0 0 0 0 0 0 1 0 1 0 1 1 1 1 0 1 0 1 0 1 1
0.028265730787103 1 0 0 0 0 0 0 0 1 1 1 0 1 1 1 1 1 0 0 1 1 1 0
0.085103007531312 0 1 1 0 0 0 0 0 1 0 1 1 1 0 1 1 1 0 0 0 1 1 0
0.068082373159850 0 1 0 1 0 0 0 0 1 1 1 1 1 1 1 1 0 1 0 1 0 1 1
0.033684513654545 0 0 0 1 0 0 0 0 1 0 0 0 1 1 1 1 1 0 1 0 0 1 1
0.098075471395527 0 0 0 1 0 0 0 0 1 0 1 0 1 0 1 0 1 0 1 1 0 0 1
0.053689848608480 0 1 0 0 0 0 0 0 1 1 1 0 1 1 1 1 0 1 1 0 1 1 0
0.058848824310899 0 0 0 1 0 0 0 0 0 0 1 1 0 0 1 1 1 0 0 1 1 0 0
0.019283082239464 1 0 0 0 0 0 0 0 0 1 0 1 1 1 1 0 1 1 0 1 1 1 0
0.058570420162302 0 1 0 0 0 0 0 0 1 1 0 1 1 1 0 1 1 1 0 1 0 1 1
0.059311772692940 0 1 0 1 0 0 0 0 1 0 1 1 1 1 1 0 0 1 0 1 0 0 1
0.146709498214888 0 0 1 0 1 1 0 0 0 1 1 0 1 1 1 1 1 0 0 0 0 1 1
0.070100665570880 0 0 1 0 1 0 0 0 0 0 1 1 1 1 1 0 0 1 0 1 1 0 0
0.072931187782811 1 0 0 0 0 1 0 1 0 0 1 1 0 1 1 0 1 0 0 1 0 0 1
0.085836105848393 0 0 1 0 0 1 0 0 0 0 1 1 0 0 1 1 1 0 0 1 0 0 1
0.075909106404658 1 0 0 0 0 1 0 1 0 0 1 0 1 1 1 1 1 0 1 0 0 1 1
0.120533430236757 0 0 0 0 1 0 0 1 0 0 1 0 0 0 1 1 1 0 0 0 1 1 0
0.095163617129564 0 0 0 0 1 0 1 0 0 0 1 1 0 1 1 1 1 0 1 1 0 0 1
0.031210646259653 0 0 0 0 1 0 0 0 0 0 0 0 1 1 0 1 1 0 1 0 0 1 1
0.051062657746269 1 0 0 0 1 0 0 0 0 1 0 1 1 1 0 1 1 1 0 0 0 1 1
0.038506805261697 0 0 0 0 1 0 0 0 0 0 0 1 0 1 0 1 1 0 1 0 0 1 1
0.098678534574548 0 0 1 0 1 0 0 0 0 1 0 0 1 1 1 0 1 1 0 0 0 1 1
0.083402008331460 1 0 0 0 1 0 0 1 0 0 1 0 1 1 0 1 0 0 1 0 0 0 1
0.049913991838045 1 0 0 0 1 0 0 0 1 0 1 1 1 1 0 1 1 0 1 0 0 1 1
0.045256202924020 0 0 0 0 1 0 0 0 1 0 0 0 1 1 1 1 1 0 1 0 0 1 1
0.060585835782014 0 1 0 0 1 0 0 0 1 0 1 1 1 1 0 1 1 0 0 0 1 1 0
0.064361594655352 1 0 0 0 1 0 0 0 1 1 0 1 1 1 0 1 0 0 0 1 0 1 0
0.077605557247484 0 0 1 0 1 0 0 0 0 1 1 1 1 1 1 1 1 0 0 1 1 0 0
0.019910451729968 1 0 0 0 0 0 0 0 0 1 1 1 1 1 0 1 1 1 1 0 1 1 0
0.016023438809046 1 0 0 0 0 0 0 0 0 1 1 0 1 1 1 1 0 0 1 1 1 0 1
0.068195107603148 0 1 0 0 0 1 0 0 0 1 1 1 0 1 1 0 1 0 1 0 1 0 0
0.018580412713552 1 0 0 0 0 0 0 0 0 1 0 0 1 1 1 1 1 0 0 1 1 1 1
0.028026860876163 0 0 1 0 0 0 0 0 0 0 1 1 0 0 1 1 1 0 1 0 0 1 1
0.021668065730620 0 0 1 0 0 0 0 0 0 0 1 1 1 0 1 1 1 1 0 1 0 1 1
0.044235163900130 0 0 0 0 1 0 0 0 0 1 0 0 1 1 1 1 1 0 1 0 0 1 1
0.045312675505166 1 0 0 0 1 0 0 0 1 0 1 1 1 1 1 1 0 1 0 1 0 1 1
0.061298079565902 1 0 0 1 0 0 0 1 0 0 1 1 1 1 0 1 1 0 0 0 1 0 1
0.039780322090520 1 0 0 0 0 0 1 0 0 1 1 0 1 1 1 1 1 0 0 1 1 1 0
0.064370955947211 1 0 1 0 0 0 0 0 1 1 1 1 1 1 0 1 0 1 0 0 0 1 1
0.084759384394060 0 1 1 0 0 0 0 0 0 1 1 1 1 0 1 0 1 0 1 0 1 0 0
0.021534867227696 1 0 0 0 0 0 0 1 0 0 1 1 1 1 1 0 1 1 0 1 1 0 1
0.027388871958577 0 0 0 1 0 0 0 0 0 0 0 1 0 1 1 1 0 1 0 1 0 1 1
0.064266606702993 0 1 0 0 0 0 0 1 1 0 1 0 1 1 1 1 1 1 0 0 1 1 0
0.023834589804212 0 1 0 0 0 0 0 0 0 1 0 0 1 1 1 0 0 1 1 0 0 1 1
0.080048340856235 0 1 0 0 0 1 0 0 0 0 1 0 1 1 1 1 1 0 0 1 1 1 0
0.035984357667037 0 0 0 1 0 0 0 0 0 0 1 0 1 1 1 1 0 0 1 1 1 0 1
0.059921849864327 1 0 0 0 0 0 1 1 0 1 0 1 1 1 1 0 1 0 0 1 0 1 0
0.045200865669170 1 0 0 0 1 0 0 0 0 1 1 1 1 0 1 1 0 0 0 1 0 1 0
0.081390455101715 1 0 0 1 0 0 0 1 0 1 0 1 1 0 1 1 0 0 0 1 0 1 0
0.024431064306641 0 0 0 1 0 0 0 0 0 0 0 0 1 1 1 1 0 0 0 1 1 0 1
0.027858782176388 1 0 0 0 0 0 1 0 0 1 0 1 1 1 1 1 1 1 0 0 1 1 1
0.142184687756998 0 0 1 0 0 1 0 1 0 1 0 1 0 1 1 1 1 0 0 0 1 1 0
0.064088755540604 1 0 0 0 0 1 0 0 0 0 1 0 1 1 1 0 0 0 0 1 1 0 1
0.089803836474681 1 1 0 0 0 1 0 0 0 1 1 1 1 1 0 0 0 1 0 1 0 0 1
0.065263397794756 0 0 1 0 0 1 0 0 0 0 1 1 1 0 1 1 1 0 1 0 0 1 1
0.121785250892436 0 1 0 1 0 1 0 0 1 1 1 1 1 1 1 0 1 0 1 0 1 0 0
0.119714009930359 1 1 0 0 0 1 0 1 0 0 1 1 1 1 1 0 0 1 0 0 1 0 1
0.133324321948717 0 1 1 0 0 1 0 0 0 1 1 1 1 0 1 1 1 0 0 0 1 1 0
0.043143335431503 1 0 0 0 0 1 0 0 0 0 1 1 1 1 0 1 1 0 1 0 1 1 0
0.113385087508504 1 0 0 0 1 1 0 0 0 1 1 1 1 1 1 1 1 0 1 0 1 1 0
0.042641316352919 1 0 0 0 0 1 0 0 0 0 1 1 1 1 0 0 0 1 0 1 0 1 0
0.052062007480437 1 0 0 0 0 1 0 0 0 0 1 1 0 1 1 1 0 1 0 1 0 1 1
0.032338278701339 1 0 0 0 0 1 0 0 0 0 1 1 1 1 0 1 0 0 1 1 0 0 1
0.058438845472210 1 0 0 0 0 1 0 0 0 0 1 1 0 1 0 0 1 0 1 0 0 0 1
0.068786248779767 1 0 0 0 0 1 0 0 0 0 1 1 1 0 1 0 0 1 1 1 0 0 1
0.055430894917852 1 0 0 0 0 1 0 0 0 0 0 1 1 1 0 0 0 1 0 1 0 0 1
0.092054801600042 0 1 1 0 0 0 0 0 0 0 1 1 1 1 0 0 0 1 1 0 0 1 1
0.067790316849965 0 0 0 1 0 1 0 0 0 0 0 1 1 1 1 1 0 1 0 1 0 1 1
0.065596464569028 1 0 0 0 0 1 0 0 0 0 0 1 1 1 1 0 0 0 1 1 0 1 1
0.097577855890774 0 0 0 0 1 1 0 0 0 0 0 1 1 1 0 1 1 0 1 0 0 1 1
0.026491537521034 1 0 0 0 0 0 0 1 0 0 0 1 1 1 0 0 1 1 0 0 1 0 1
0.018218613795314 1 0 0 0 0 0 0 0 0 1 0 1 0 1 0 1 1 1 0 0 0 1 1
0.013180840776224 1 0 0 0 0 0 0 0 0 0 1 1 0 1 0 1 1 0 1 0 0 1 1
0.022976438336093 1 0 0 0 0 0 0 0 0 0 1 1 1 0 1 1 0 0 1 1 0 0 1
0.018186784156573 1 0 0 0 0 0 0 0 0 1 0 1 0 1 0 1 1 0 0 0 1 0 1
0.044341980757070 1 0 0 0 1 0 0 0 0 0 1 1 1 0 1 1 0 0 0 1 0 0 1
0.013727454064896 1 0 0 0 0 0 0 0 0 1 0 1 1 1 0 1 1 1 0 0 1 1 1
0.060117317699413 0 0 1 0 1 0 0 0 0 0 1 1 1 1 0 1 1 0 0 0 1 1 0
0.038420258516620 0 0 1 0 0 0 0 0 0 1 1 0 1 1 1 1 0 1 0 1 1 0 1
0.057490367727104 0 0 0 1 0 0 0 0 1 0 0 0 1 1 1 1 0 0 0 1 1 1 0
0.026287456331914 1 0 0 0 0 0 0 1 0 0 0 1 1 1 1 0 0 1 0 1 0 0 1
0.031065486672061 1 0 0 0 0 0 0 1 0 0 0 1 1 0 1 1 0 0 0 1 0 1 0
0.014788679179278 1 0 0 0 0 0 0 0 0 0 0 1 1 1 0 1 0 1 0 1 0 1 1
0.019274645395469 0 1 0 0 0 0 0 0 0 0 1 1 1 1 1 1 0 1 0 1 1 1 0
0.023007356268237 0 1 0 0 0 0 0 1 0 0 0 1 1 1 1 1 0 1 0 1 0 1 1
0.034069909384855 0 1 0 0 0 0 0 1 0 0 0 1 1 1 1 0 0 1 0 0 1 1 0
0.030137257107760 0 1 0 0 0 0 0 1 0 0 0 1 1 1 1 0 1 1 1 0 0 1 1
0.088508384161476 0 1 0 0 0 0 1 1 0 0 0 1 1 1 1 0 1 1 0 0 1 1 0
0.073003558177558 0 1 0 0 0 0 1 0 0 1 1 1 0 0 1 1 1 0 0 1 0 0 1
0.015950710724520 0 1 0 0 0 0 0 0 0 0 0 1 1 1 0 1 0 1 0 1 0 1 1
0.084885661458834 0 1 1 0 0 0 0 0 1 0 1 0 1 1 1 0 0 0 0 0 1 1 0
0.023091323050374 0 1 0 0 0 0 0 0 0 1 1 0 1 1 1 1 1 0 1 1 1 0 1
0.080957571462947 1 1 0 0 0 0 0 1 0 1 0 1 1 1 0 1 0 1 0 0 0 1 1
0.097502638718963 0 1 0 0 1 0 1 0 0 1 0 1 1 1 1 1 0 1 0 0 0 1 1
0.106818992268053 0 1 1 0 0 0 0 0 0 0 1 1 1 0 0 1 0 1 0 1 0 0 1
0.013827426284393 0 1 0 0 0 0 0 0 0 0 0 1 1 1 1 0 0 1 1 0 0 1 1
0.048413437135369 0 1 0 0 0 1 0 0 0 0 0 1 1 1 1 1 0 1 0 1 0 1 1
0.021126478200378 0 1 0 0 0 0 0 0 0 1 0 1 1 0 1 1 0 1 1 0 0 1 1
0.094071105993651 0 0 1 0 0 1 0 0 0 0 1 1 1 1 0 1 0 1 0 1 0 1 1
0.065388052416772 0 1 0 0 0 1 0 0 0 1 0 1 1 1 1 0 0 1 1 0 0 1 1
0.056924323797656 1 0 0 0 0 1 0 0 1 0 1 1 1 1 0 1 0 0 1 1 0 1 0
0.067804501409013 0 1 0 0 1 0 0 0 0 1 1 1 1 0 1 0 0 1 1 0 0 0 1
0.024114479546610 0 1 0 0 0 0 0 0 0 1 1 1 0 1 1 1 1 0 1 0 1 0 1
0.014787739182573 0 1 0 0 0 0 0 0 0 0 0 1 1 1 1 1 0 1 1 0 1 1 1
0.026110924928050 0 0 0 1 0 0 0 0 0 0 0 1 1 1 1 1 0 1 1 0 1 1 1
0.057757905448690 0 1 0 1 0 0 0 0 1 0 1 1 1 1 1 0 0 1 0 0 1 1 0
0.029540408812248 0 0 0 1 0 0 0 0 0 0 0 0 1 1 1 0 0 1 1 0 0 1 1
0.048028933249203 1 0 0 1 0 0 0 0 1 0 1 1 1 1 1 1 0 0 1 0 1 1 0
0.022766417842965 0 1 0 0 0 0 0 0 0 0 1 1 1 1 0 1 0 1 1 1 0 0 1
0.033988443297446 0 1 0 0 0 0 0 0 1 0 1 1 1 1 1 0 1 1 1 0 1 1 0
0.051385788563911 0 1 0 0 0 0 1 0 0 0 1 1 1 1 0 1 0 1 1 0 1 0 1
0.031514001091764 0 1 0 0 0 0 0 0 1 0 0 1 1 1 0 1 0 1 1 0 0 1 1
0.072232349321465 0 1 0 0 0 1 0 0 1 0 1 1 1 1 1 1 0 1 1 0 1 1 0
0.031176662074806 1 0 0 0 0 0 0 0 1 1 0 1 1 0 1 1 0 1 0 1 0 0 1
0.060594152273277 0 0 1 0 1 0 0 0 0 0 1 1 1 0 1 1 1 0 0 0 0 1 1
0.025634064347374 0 1 0 0 0 0 0 0 1 0 0 1 1 1 1 1 0 1 0 1 1 1 0
0.066380866460336 0 1 0 1 0 0 0 0 1 0 1 1 1 1 0 1 0 0 0 1 1 0 0
0.029287848668068 0 1 0 0 0 0 0 0 1 0 0 1 1 1 1 1 0 1 0 0 1 1 1
0.116237549761858 1 0 0 1 0 1 0 0 0 0 1 1 1 1 0 1 0 0 1 0 1 0 1
0.083112722017599 0 1 1 0 0 0 0 1 0 1 1 1 1 0 1 0 0 1 1 0 0 0 1
0.065418693687626 0 1 1 0 0 0 0 0 1 1 1 1 1 1 1 0 0 1 1 0 1 0 0
0.030693644798331 0 0 1 0 0 0 0 0 0 0 1 0 0 0 1 1 1 0 0 0 0 1 1
0.073458232448071 1 1 0 0 0 0 0 0 1 0 1 1 1 1 0 1 0 1 0 0 1 1 0
0.023595104975860 1 0 0 0 0 0 0 0 1 0 1 1 1 1 1 0 1 1 0 1 1 1 0
0.048997050732461 0 1 0 0 0 0 0 0 1 0 1 1 1 1 0 1 1 1 0 1 1 1 0
0.052701244717323 0 1 0 0 0 0 0 0 0 1 1 1 1 0 1 0 0 1 1 0 1 0 0
0.061613570636525 1 0 0 0 1 0 0 1 0 1 0 1 1 1 1 1 0 0 0 1 0 0 1
0.021783066153874 1 0 0 0 0 0 0 0 0 0 1 0 1 1 0 1 0 0 1 1 0 0 1
0.039386640661103 0 1 0 0 0 0 0 0 1 0 1 0 1 1 1 1 0 0 1 1 1 0 1
0.072114233847992 1 0 1 0 0 0 0 0 1 1 1 0 1 1 1 0 0 1 0 0 0 1 0
0.029750941287349 0 0 0 1 0 0 0 0 0 0 0 1 1 1 0 1 0 1 1 0 0 1 1
0.035408337983433 0 0 0 1 0 0 0 0 0 0 1 0 0 1 1 1 1 0 0 1 1 0 1
0.021338866087794 1 0 0 0 0 0 0 0 0 0 0 1 1 1 0 1 0 1 1 0 0 1 1
0.038234560431756 1 0 0 0 1 0 0 0 0 0 1 1 1 1 1 1 0 1 0 0 1 1 1
0.046130297313185 0 0 0 0 1 0 0 0 0 0 0 1 1 1 0 0 1 1 1 0 0 1 1
0.149433908795674 0 0 1 1 1 0 0 0 0 1 1 1 1 1 1 1 0 1 0 0 0 1 1
0.093712865458544 0 0 0 1 1 0 0 0 0 0 1 1 1 1 0 0 1 0 0 1 1 0 0
0.023073810104488 1 0 0 0 0 0 0 1 0 0 0 1 1 1 1 0 1 1 0 0 1 1 1
0.024580202659353 1 0 0 0 0 0 0 1 0 0 1 1 0 1 1 1 0 0 1 1 0 0 1
0.052302269043928 1 0 0 0 0 0 0 1 0 1 1 1 0 1 1 0 1 0 1 1 0 0 0
0.024428952980234 0 0 0 1 0 0 0 0 0 0 0 1 1 1 1 1 0 1 1 1 0 1 1
0.060515673464873 1 0 1 0 0 0 0 1 0 1 1 1 1 1 1 1 0 0 1 1 0 0 1
0.044647247509630 1 0 0 0 1 0 0 0 1 1 1 1 1 1 1 1 0 1 1 0 1 0 1
0.053933304460373 1 0 0 0 1 0 0 1 0 0 1 1 1 1 1 1 0 1 0 0 1 0 1
0.061201174118744 1 0 0 0 1 0 1 0 0 1 1 1 1 1 1 1 0 1 0 0 1 0 1
0.064758955524184 0 1 0 0 1 0 0 0 1 0 1 1 1 1 1 0 0 1 0 1 1 0 0
0.050739072219469 1 0 0 0 0 0 0 0 1 1 1 1 1 1 1 0 0 1 1 1 1 0 0
0.035435237233034 1 0 0 0 0 0 0 1 0 0 1 0 1 1 1 0 1 0 0 1 1 1 0
0.065403291394818 1 0 0 1 0 0 0 1 1 0 1 1 1 1 1 1 0 1 0 0 1 1 0
0.051781785072567 0 0 0 0 1 0 0 0 0 0 1 0 1 1 1 0 0 1 1 1 0 0 1
0.081760714848633 0 0 0 0 1 0 0 1 0 0 0 1 1 0 1 1 1 0 0 1 1 0 0
0.051764204800003 0 1 0 0 1 0 0 0 0 0 1 1 1 1 1 0 1 0 0 1 1 1 0
0.087445807768979 1 1 0 0 0 0 0 0 0 1 1 0 1 1 0 1 0 0 0 1 1 0 1
0.106865554186102 1 1 0 0 0 1 0 0 1 0 1 1 1 1 0 0 0 1 0 1 0 1 0
0.068651086148557 1 0 1 0 0 0 0 1 1 1 0 1 1 1 1 0 1 0 0 1 0 1 0
0.021434405396809 0 0 1 0 0 0 0 0 0 0 0 1 1 1 0 1 1 0 0 1 1 0 1
0.021511162532518 0 1 0 0 0 0 0 0 0 0 1 1 1 1 0 1 0 1 1 0 0 1 1
0.019357209617142 0 1 0 0 0 0 0 0 0 1 0 1 1 1 1 1 0 1 0 1 1 1 0
0.030274496572940 0 0 1 0 0 0 0 0 0 0 0 0 1 1 1 0 0 1 1 0 0 1 1
0.041400414873228 0 0 1 0 0 0 0 1 0 0 0 1 1 1 1 0 1 1 1 0 0 1 1
0.066985720274315 1 0 0 1 0 0 0 0 1 0 1 1 1 1 0 1 0 1 1 0 1 0 1
0.029203573855471 1 0 0 0 0 0 0 0 0 0 1 1 0 0 1 1 0 1 0 1 0 0 1
0.032770332556478 1 0 0 0 0 0 1 0 0 0 1 1 1 1 0 0 1 1 0 0 1 0 1
0.060888647274825 1 0 0 0 1 0 0 0 1 1 1 1 0 1 1 1 0 0 1 1 0 0 1
0.046564778865551 0 1 0 0 0 0 1 0 0 0 1 0 1 1 1 0 0 1 1 0 0 0 1
0.062443169360816 0 0 1 0 0 0 1 0 0 1 1 0 1 1 1 1 1 0 0 0 1 1 0
0.014620044290730 1 0 0 0 0 0 0 0 0 0 1 1 1 0 1 0 0 1 1 0 1 0 1
0.025511516755283 1 0 0 0 0 0 1 0 0 0 1 1 1 1 1 0 0 1 1 0 1 0 1
0.032958815593598 1 0 0 0 0 0 0 0 0 0 1 0 1 1 0 0 0 1 1 0 1 0 1
0.091809328357789 1 0 1 0 0 0 0 0 1 0 1 1 1 0 1 0 0 1 1 0 1 0 1
0.026883119049164 1 0 0 0 0 0 0 1 0 0 1 1 1 1 1 0 1 1 1 0 1 1 0
0.015507503034891 1 0 0 0 0 0 0 0 0 0 1 1 1 1 1 0 1 1 1 0 1 1 1
0.043822518186393 1 0 0 0 0 0 0 1 0 0 0 1 0 1 0 1 1 0 0 0 1 1 0
0.016341777739083 1 0 0 0 0 0 0 1 0 0 1 1 1 1 1 1 0 1 1 0 1 0 1
0.065366003563609 1 0 0 0 0 1 0 0 0 0 1 0 1 1 0 1 1 0 0 1 0 1 1
0.021724210306047 1 0 0 0 0 0 0 0 1 0 1 1 1 0 1 1 0 1 1 0 1 0 1
0.052049128305388 1 0 0 0 0 0 1 0 0 1 1 1 1 0 1 1 0 1 1 0 1 0 1
0.073262130959421 1 0 0 0 0 1 0 1 0 0 0 1 1 1 0 1 0 0 0 1 0 1 0
0.029298966817596 1 0 0 0 0 0 0 0 1 0 1 1 1 0 1 0 1 1 0 0 1 0 1
0.081206110304936 0 0 1 1 0 0 0 0 0 0 1 1 1 1 0 1 1 0 0 1 1 0 1
0.078025154976692 1 0 0 0 1 0 1 0 0 0 1 1 1 1 1 1 0 0 1 0 1 1 0
0.073177676674722 0 0 1 1 0 0 0 0 1 1 1 1 1 1 1 1 0 1 0 1 0 1 0
0.036813479341556 0 1 0 0 0 0 0 0 1 1 0 1 1 1 1 1 0 1 1 0 1 1 0
0.043948686111527 1 0 1 0 0 0 0 0 1 1 1 1 1 1 0 1 0 1 0 1 0 1 0
0.054211749864983 1 0 0 1 0 0 0 0 1 0 1 1 1 0 1 1 0 0 0 1 0 1 0
0.035481539674088 0 0 1 0 0 0 0 0 0 0 1 1 0 0 1 1 1 0 0 1 0 0 1
0.010999553275580 1 0 0 0 0 0 0 0 0 0 1 1 1 1 0 0 1 1 1 0 0 1 1
0.018015019801713 1 0 0 0 0 0 0 0 0 0 1 1 1 0 0 1 0 1 1 0 0 1 1
0.032413217721458 1 0 0 0 0 0 0 0 1 0 1 1 0 1 0 1 1 1 1 0 0 1 1
0.020084150784459 1 0 0 0 0 0 0 1 0 0 0 1 1 1 1 1 0 1 0 1 1 0 1
0.064251767517602 1 0 0 0 1 0 0 0 1 0 1 0 1 1 0 1 1 0 0 0 1 0 1
0.045528837165932 1 0 0 0 0 0 1 1 0 0 1 1 1 1 1 1 1 1 0 0 1 0 1
0.034870923685640 0 1 0 0 0 0 0 1 0 0 0 1 1 1 1 0 0 1 1 0 1 0 1
0.064224388220621 1 0 1 0 0 0 0 1 0 1 1 1 1 0 1 1 0 1 0 0 0 1 1
0.036249121212920 0 0 0 0 1 0 0 0 0 0 0 1 1 0 1 1 1 0 1 0 0 1 1
0.063078768518272 0 1 0 1 0 0 0 0 1 1 1 1 1 1 1 1 1 0 1 0 1 1 0
0.037130585973269 1 0 0 0 0 0 0 1 0 0 1 0 1 0 1 1 0 0 1 0 0 0 1
0.066230029784175 0 0 0 1 0 0 0 0 1 0 0 1 0 0 1 1 1 0 0 0 1 1 0
0.097056676291527 0 1 0 0 1 0 0 0 0 0 1 1 0 0 1 0 1 0 0 0 0 0 1
0.026587509027892 0 0 1 0 0 0 0 0 0 0 0 1 1 1 1 1 0 0 0 1 1 0 1
0.099798972865087 1 0 1 0 0 1 0 0 0 1 1 1 1 1 1 1 0 0 1 0 1 0 1
0.131321595561784 1 0 1 1 0 0 0 1 1 1 1 1 1 1 1 1 0 0 1 0 1 0 1
0.052666221561012 0 0 0 0 1 0 0 0 0 0 1 0 1 0 1 1 0 0 1 1 0 0 1
0.020771752110897 1 0 0 0 0 0 0 0 0 0 1 1 0 1 0 0 0 1 1 0 0 0 1
0.060948559381526 1 0 0 0 1 0 0 0 1 0 1 1 1 0 1 0 0 1 1 0 0 0 1
0.028979138143298 1 0 0 0 0 0 0 1 0 0 1 1 1 1 0 0 1 1 1 0 0 0 1
0.058179889107721 1 1 0 0 0 0 0 0 1 1 1 1 0 1 0 1 1 0 0 0 1 1 0
0.047770023388675 0 0 1 0 0 0 0 0 0 1 1 0 1 0 1 1 0 1 0 1 0 1 0
0.045708877298264 0 0 1 0 0 0 0 0 0 0 0 1 0 1 1 0 1 1 1 0 0 1 1
0.081152658698873 1 1 0 0 0 0 0 0 0 1 1 1 0 1 0 0 1 1 0 0 0 1 1
0.039277574332700 0 0 1 0 0 0 0 0 0 0 1 0 1 1 0 0 1 1 1 0 0 1 1
0.077328618635407 0 0 0 0 1 0 0 0 0 1 1 0 1 1 1 1 1 0 1 1 1 0 0
0.010762278942117 1 0 0 0 0 0 0 0 0 0 1 1 1 0 1 1 1 1 0 0 1 1 1
0.018448007173253 1 0 0 0 0 0 0 0 0 0 1 0 1 0 1 1 0 0 0 1 0 1 1
0.048412438992915 0 1 0 0 0 0 0 1 0 1 0 1 1 1 1 1 0 1 0 1 1 0 0
0.079467945873157 1 1 0 0 0 0 0 1 1 1 0 1 1 1 0 0 0 1 0 1 0 0 0
0.027249262420688 1 0 0 0 0 0 0 1 1 0 0 1 1 1 1 1 1 0 0 1 1 0 1
0.025022443613824 1 0 0 0 0 0 0 1 0 0 0 1 1 1 0 1 0 0 1 1 0 0 1
0.012411291805241 1 0 0 0 0 0 0 0 0 0 1 0 1 1 1 0 1 1 0 0 1 1 1
0.019934691360717 1 0 0 0 0 0 0 0 0 0 1 1 1 1 0 0 1 1 0 0 1 1 0
0.021652638406384 1 0 0 0 0 0 0 0 0 0 1 0 1 0 1 0 1 0 0 0 1 1 0
0.095724687408162 1 1 0 0 0 1 0 0 1 1 1 1 0 1 0 1 0 0 1 0 1 0 0
0.023788412800288 1 0 0 0 0 0 0 0 0 0 1 0 1 0 1 0 1 0 1 0 0 1 1
0.108532133346203 0 0 0 0 1 0 1 0 0 0 1 0 1 1 1 0 1 1 1 0 0 1 1
0.015979471334869 1 0 0 0 0 0 0 0 0 0 1 0 1 0 1 1 1 0 0 0 1 1 1
0.078305314149563 0 1 0 0 0 1 0 0 0 0 0 1 0 1 1 1 1 0 0 0 1 1 1
0.082241576154916 0 1 0 1 0 0 0 0 1 0 1 1 1 1 1 0 0 1 1 0 1 0 0
0.081684064935849 0 1 0 1 0 0 0 0 1 1 1 0 1 1 1 0 1 0 0 1 1 0 0
0.055263349990131 0 1 0 1 0 0 0 0 0 1 1 1 1 1 0 1 0 1 0 1 0 1 0
0.136875323457272 0 1 1 1 0 0 0 0 1 1 1 1 1 1 0 0 0 1 0 0 0 1 0
0.061145429699858 0 1 0 1 0 0 0 0 0 0 1 1 1 1 1 1 0 1 0 1 0 1 1
0.070079547245685 0 1 0 1 0 0 0 0 1 0 1 1 1 1 0 0 1 0 0 1 0 1 0
0.115833559390464 1 1 0 0 0 1 0 1 0 1 0 1 1 1 0 1 0 0 0 1 0 0 1
0.060761575562318 0 1 0 0 0 1 0 0 0 1 0 1 1 1 1 0 0 1 0 1 1 0 0
0.087784381822665 0 1 1 0 0 0 0 1 1 0 1 1 1 1 1 0 1 0 1 0 1 0 1
0.015444298110339 0 1 0 0 0 0 0 0 0 0 1 0 1 1 1 0 1 0 1 0 0 1 1
0.025025801053157 1 0 0 0 0 0 0 0 0 1 1 0 0 1 0 1 1 0 0 0 1 1 0
0.027097776958954 1 0 0 0 0 0 0 0 0 1 1 1 0 1 0 1 1 1 1 0 1 0 1
0.019255662446353 1 0 0 0 0 0 1 0 0 0 1 1 1 1 1 1 0 1 0 1 1 0 1
0.042005302885546 1 0 0 0 0 0 1 1 0 0 1 1 1 1 1 1 0 0 1 1 0 0 1
0.035683848534411 1 0 0 0 0 0 1 0 0 1 0 1 1 1 0 1 0 1 0 1 0 0 1
0.031396738667550 1 0 0 0 0 0 1 0 0 1 0 1 1 1 1 1 0 0 1 1 0 1 0
0.040962121718180 0 1 0 0 0 0 1 0 0 0 0 1 1 1 1 1 0 1 0 1 1 0 1
0.046251426060095 1 0 0 0 0 0 1 0 0 0 0 1 1 1 0 1 0 0 0 1 1 0 1
0.049699587612816 0 0 1 0 0 0 1 0 0 0 1 1 1 1 1 1 0 1 0 1 1 0 1
0.069395942358896 0 0 0 1 0 0 1 0 0 0 1 0 1 1 1 1 0 0 1 1 0 0 1
0.039490050634187 0 1 0 0 0 0 1 0 0 1 0 1 1 1 1 1 0 1 1 0 0 1 1
0.037783528497172 1 0 0 0 0 0 1 0 0 1 0 1 1 1 1 0 0 1 0 1 1 0 0
0.059310343168912 0 0 1 0 0 0 1 0 0 0 1 1 1 1 0 1 1 0 1 0 1 0 1
0.094533878694758 1 0 1 0 0 0 1 1 0 1 1 1 0 1 1 1 0 0 1 0 0 0 1
0.026308041330525 1 0 0 0 0 0 0 1 0 1 0 1 1 1 1 1 0 0 1 1 0 0 1
0.037005130239312 0 0 0 1 0 0 0 0 0 1 0 0 1 1 1 1 0 1 0 1 0 1 1
0.086805321948077 0 0 0 1 1 0 0 0 0 0 1 1 1 0 1 1 0 0 0 1 0 1 0
0.034887958639881 0 0 0 0 1 0 0 0 0 0 0 1 0 1 1 1 1 0 0 0 1 1 1
0.046958996667308 0 0 1 0 0 0 0 0 1 0 1 0 1 1 1 0 1 1 1 0 0 1 1
0.113241737945146 0 0 1 1 0 0 1 0 0 1 1 1 1 1 1 1 1 0 1 0 0 1 1
0.022013339582223 0 1 0 0 0 0 0 0 0 0 1 0 1 1 1 1 0 1 0 1 1 0 1
0.032877640271261 0 1 0 0 0 0 0 0 1 0 1 1 0 1 1 1 0 1 1 0 1 0 1
0.031340697771199 0 1 0 0 0 0 0 0 0 0 1 1 0 0 1 1 0 1 1 0 0 1 1
0.038245290625970 1 0 0 0 0 0 1 0 0 1 0 1 1 1 0 1 0 1 0 1 0 1 0
0.064772143520753 1 1 0 0 0 0 0 0 1 1 1 0 1 1 0 0 1 0 0 0 1 1 0
0.040984054910893 1 0 0 0 0 1 0 0 0 0 1 1 1 1 0 1 0 1 1 0 1 0 1
0.028110745176536 1 0 0 0 0 0 1 0 0 0 1 1 1 1 1 0 0 0 1 1 0 1 0
0.062584531115071 1 0 0 0 0 0 1 0 0 0 1 1 1 1 0 0 0 0 1 1 0 0 0
0.188671752369545 1 1 1 0 1 0 0 1 1 1 1 0 1 1 0 0 0 1 0 0 0 0 1
0.132776619028367 0 1 1 0 0 0 1 0 0 0 1 1 1 0 1 0 0 1 1 0 0 0 1
0.054594716385465 0 1 0 0 0 1 0 0 0 0 1 1 1 0 1 1 0 0 1 1 0 0 1
0.058032348647188 0 1 0 1 0 0 0 0 0 1 1 1 1 0 1 1 0 0 0 1 0 1 0
0.093588421175471 0 1 0 0 0 1 0 1 0 0 0 0 1 1 1 1 0 0 1 0 0 0 1
0.035636795515815 1 0 0 0 0 0 0 0 1 1 0 1 0 1 0 1 1 0 1 0 0 0 1
0.033533605459893 1 0 0 0 0 0 0 1 1 0 0 1 1 1 1 1 0 0 1 1 0 1 0
0.041025971850739 1 0 0 0 0 0 0 1 1 0 0 1 0 1 1 1 1 0 0 1 0 0 1
0.060020089898107 1 1 0 0 0 0 0 0 1 1 1 1 0 1 0 1 0 0 1 0 0 1 0
0.154330363620266 1 1 0 0 0 0 0 0 1 1 1 1 0 0 0 0 0 1 0 0 0 0 0
0.056537959691420 1 1 0 0 0 0 0 0 1 1 1 1 1 1 0 1 1 0 1 0 1 1 0
0.063252765239579 1 0 1 0 0 0 0 0 1 1 0 1 1 1 1 0 0 1 0 1 0 1 0
0.020026104617906 0 1 0 0 0 0 0 0 0 1 0 1 0 1 1 1 0 1 1 0 0 1 1
0.042893478893902 0 1 0 0 0 0 1 0 0 0 1 0 1 1 1 1 1 0 0 1 1 0 1
0.020335146206060 1 0 0 0 0 0 0 0 0 1 0 1 1 1 0 0 0 1 1 1 0 0 1
0.025359781431924 1 0 0 0 0 0 0 0 1 0 1 0 1 0 1 1 1 0 0 0 1 1 0
0.077207307788045 0 1 0 1 0 0 0 1 0 1 1 1 1 1 1 1 0 1 0 1 0 1 0
0.012935521922369 1 0 0 0 0 0 0 0 0 0 1 0 1 1 0 0 1 1 0 0 0 1 1
0.035529635043849 1 0 0 0 0 0 0 0 0 1 0 1 0 1 0 1 0 0 1 1 0 1 0
0.061444585093730 0 0 1 0 0 0 1 0 0 0 1 1 1 1 0 1 1 0 0 1 1 0 0
0.067811501719983 1 0 0 0 0 1 0 0 0 0 1 0 1 1 0 0 1 0 0 0 1 1 0
0.043677528224336 1 0 0 0 1 0 0 0 0 0 1 1 1 1 0 0 0 1 1 0 0 0 1
0.024446471480979 1 0 0 0 0 0 0 0 0 0 1 0 1 0 1 0 0 1 0 0 0 1 1
0.045691257425570 0 0 1 0 0 0 0 0 1 0 1 0 1 1 1 1 0 1 0 1 1 0 1
0.064653222596415 1 0 0 0 1 0 0 0 1 0 1 0 1 1 1 0 0 0 0 1 0 1 0
0.011615846563157 1 0 0 0 0 0 0 0 0 1 0 1 1 1 1 1 0 1 1 1 0 1 1
0.019231022628660 1 0 0 0 0 0 0 1 0 0 0 1 1 1 1 1 0 0 1 1 0 1 1
0.019624727007114 1 0 0 0 0 0 0 0 0 1 1 1 0 1 1 1 0 1 1 1 0 0 1
0.117501136559550 0 0 0 1 1 0 0 0 1 0 0 1 1 1 0 1 1 0 0 0 0 1 1
0.018579670485879 1 0 0 0 0 0 0 0 0 0 1 1 1 0 1 0 0 0 1 1 0 1 0
0.073682953707753 0 0 0 1 0 1 0 0 0 0 0 1 1 1 1 1 0 0 0 1 1 1 0
0.036707882793005 0 0 0 1 0 0 0 0 0 0 0 1 1 1 0 0 1 0 1 1 0 0 1
0.019178918046204 0 1 0 0 0 0 0 0 0 0 1 1 0 1 1 1 1 0 0 1 1 0 1
0.039910288844350 1 0 0 0 0 0 0 0 1 0 1 0 0 1 0 1 1 0 0 0 0 1 1
0.036250777552123 0 0 0 1 0 0 0 0 0 0 0 1 1 1 0 1 1 0 0 1 1 1 0
0.032534636694473 0 0 0 1 0 0 0 0 0 0 1 0 0 1 1 0 1 1 0 0 0 1 1
0.047086954972294 0 0 0 1 0 0 0 0 0 0 1 1 0 0 1 1 1 1 0 1 0 1 1
0.075954119723764 0 0 0 1 0 0 0 0 1 0 1 0 0 1 1 1 0 1 1 0 0 1 1
0.027693450080024 0 0 0 1 0 0 0 0 0 0 0 1 1 1 1 1 0 0 1 1 1 0 1
0.104246736821159 0 0 1 1 0 0 0 1 0 1 1 1 1 0 1 1 1 0 0 0 0 1 0
0.029642668489397 0 1 0 0 0 0 0 0 1 0 1 0 1 1 1 0 1 1 1 0 0 1 1
0.057056629559491 0 0 1 0 0 0 0 0 0 1 1 1 1 0 1 1 1 1 0 1 1 0 0
0.033614609023514 0 1 0 0 0 0 0 1 0 0 0 1 1 1 0 1 1 0 0 0 1 1 0
0.049821229565671 0 0 0 1 0 0 0 0 0 0 0 1 1 0 0 1 0 0 0 1 1 0 0
0.032587536626126 0 1 0 0 0 0 0 0 1 1 0 1 1 1 1 1 0 1 1 1 0 0 1
0.028572410394672 0 1 0 0 0 0 0 0 0 0 1 1 1 0 0 1 1 0 0 0 1 1 0
0.095107985555297 1 0 1 0 0 1 0 0 1 0 1 1 1 1 0 1 0 0 0 1 0 0 1
0.017868222420777 0 1 0 0 0 0 0 0 0 1 0 1 1 1 1 1 0 1 1 1 0 1 1
0.036445339220326 1 0 0 0 0 0 0 1 0 1 1 0 0 1 1 1 1 0 0 0 1 1 0
0.107744364299418 0 1 0 1 0 1 0 0 0 1 1 1 1 1 1 1 0 0 0 1 0 1 0
0.016720460015620 1 0 0 0 0 0 0 0 0 1 1 0 0 1 1 0 1 1 0 0 0 1 1
0.012676801797641 1 0 0 0 0 0 0 0 0 1 1 0 1 1 1 1 1 1 0 0 1 1 1
0.012285404250590 1 0 0 0 0 0 0 0 0 0 1 1 0 1 1 0 0 1 1 0 0 1 1
0.018449560119546 1 0 0 0 0 0 0 0 0 0 1 1 0 0 1 0 1 1 0 0 0 1 1
0.079930240159556 1 0 1 0 0 0 0 0 0 1 1 0 1 0 1 1 0 1 0 0 0 1 1
0.026455173140622 1 0 0 0 0 0 0 0 1 0 1 0 1 1 1 0 0 1 1 0 0 1 1
0.025767533524499 1 0 0 0 0 0 0 0 0 1 0 1 0 1 1 0 1 1 1 0 0 1 1
0.037161940950229 1 0 0 0 0 1 0 0 0 0 1 1 1 1 1 0 0 1 1 0 1 1 0
0.066633647407125 1 0 0 0 0 1 0 1 0 0 1 1 1 1 1 1 0 0 1 1 1 0 0
0.024734794586384 0 1 0 0 0 0 0 0 0 0 1 0 1 0 1 1 1 0 1 0 0 1 1
0.069468460664089 0 0 1 0 0 1 0 0 0 0 1 0 1 1 1 1 0 0 0 1 1 0 1
0.088621976158987 1 1 0 0 0 0 0 1 1 1 0 1 1 1 1 1 0 1 0 1 0 0 1
0.041823444074192 1 0 1 0 0 0 0 0 1 1 1 1 1 1 1 0 0 0 1 1 0 1 0
0.019736627678964 0 1 0 0 0 0 0 0 0 0 1 0 1 1 1 1 1 0 0 1 0 1 1
0.034189220942669 0 1 0 0 0 0 0 0 1 1 0 0 1 1 1 1 0 1 1 0 0 1 1
0.053666030388470 0 1 0 0 1 0 0 0 0 1 1 1 1 1 1 1 0 0 1 1 1 0 0
0.026458193444919 1 0 0 0 0 0 0 0 1 0 1 1 1 1 1 0 0 1 1 0 1 1 0
0.023470332753023 1 0 0 0 0 0 0 0 0 1 1 1 0 1 1 0 1 1 0 0 1 0 1
0.020709983801951 0 1 0 0 0 0 0 0 0 1 1 0 1 1 1 1 0 1 1 0 1 0 1
0.019631245119554 0 1 0 0 0 0 0 0 0 0 1 1 1 0 1 1 0 1 1 0 1 0 1
0.049589048032979 0 0 0 1 0 0 0 0 1 0 0 1 1 1 1 0 1 1 1 0 0 1 1
0.024623297861205 0 0 1 0 0 0 0 0 0 0 1 0 1 1 1 0 1 0 1 0 1 0 1
0.035370031588417 0 0 1 0 0 0 0 1 0 0 0 1 1 1 1 1 1 0 1 0 1 0 1
0.027583612683598 0 0 1 0 0 0 0 0 0 0 1 1 0 1 1 1 0 1 1 0 1 0 1
0.061939139461721 0 0 1 0 1 0 0 0 0 1 1 1 1 1 1 1 0 1 1 0 1 0 1
0.071181379423399 0 0 1 0 0 0 1 0 0 1 1 1 1 1 1 1 0 1 1 0 1 0 0
0.086026653857536 0 0 1 0 1 0 0 0 1 0 1 1 1 1 1 0 1 0 1 0 1 0 0
0.064783141047803 0 0 1 0 0 1 0 0 0 0 1 1 1 1 1 0 0 1 1 0 1 0 1
0.031316247775896 0 0 1 0 0 0 0 0 0 0 1 1 1 1 0 1 0 1 1 0 1 0 1
0.052665772170129 0 0 1 0 0 0 0 0 0 1 1 1 0 1 1 1 0 1 0 1 1 0 0
0.089396045616204 1 0 1 0 0 0 0 0 1 0 1 0 1 1 0 0 1 0 0 0 1 0 1
0.089389616362474 0 1 1 0 0 0 0 0 0 0 1 1 1 0 1 1 0 0 1 0 1 0 1
0.042483836176928 0 0 1 0 0 0 0 1 0 0 1 1 1 1 1 1 0 1 1 0 1 0 1
0.070384494733494 0 0 1 0 1 0 0 0 0 0 1 1 1 1 0 0 1 0 1 0 0 0 1
0.029006294741896 0 0 1 0 0 0 0 0 0 0 1 0 0 1 1 1 0 1 0 0 1 0 1
0.047059623312364 0 0 1 0 0 0 0 0 0 1 1 0 0 1 1 1 0 1 0 0 0 1 1
0.064740679322024 0 0 1 0 1 0 0 0 0 0 1 1 1 1 1 0 0 1 1 0 0 1 1
0.040053498036808 0 0 0 0 1 0 0 0 0 0 0 1 0 1 1 0 1 0 1 0 0 1 1
0.121037346482677 0 1 1 0 0 0 0 1 0 1 1 0 1 1 1 0 1 0 1 0 1 0 0
0.036807314788259 0 0 1 0 0 0 0 0 1 0 0 1 0 1 1 1 1 0 0 0 1 0 1
0.082492874494184 1 0 1 0 0 0 1 1 0 1 1 1 1 1 1 1 0 0 0 1 0 1 0
0.040548131088649 0 1 0 0 0 0 0 0 1 0 1 1 0 1 1 1 1 0 1 1 0 1 1
0.062382253685431 0 1 0 1 0 0 0 0 1 0 1 1 1 1 1 0 0 0 1 1 0 1 0
0.077811737364040 0 0 1 1 0 0 0 0 1 0 1 1 1 1 1 0 1 0 1 0 1 0 1
0.090954124787691 0 0 1 0 0 0 1 0 0 1 1 0 0 1 1 1 1 0 0 0 1 0 0
0.082790745520029 0 1 1 0 0 0 0 0 1 0 1 1 1 1 0 0 1 0 1 0 1 0 0
0.081920879867343 0 0 0 1 0 1 0 0 0 0 0 0 1 1 1 1 0 0 1 0 0 1 1
0.062887921894180 0 0 1 0 1 0 0 0 0 0 1 1 1 1 0 1 0 1 0 0 1 0 1
0.025267162462291 1 0 0 0 0 0 0 0 0 1 1 0 1 1 0 0 1 1 0 1 0 1 0
0.025742675743463 1 0 0 0 0 0 0 0 1 0 1 0 1 1 1 0 0 0 1 1 0 1 0
0.114793419474676 0 0 0 0 1 0 0 0 0 1 1 1 1 0 1 1 0 1 1 1 1 0 0
0.051483493328879 0 0 0 0 1 0 0 0 0 0 1 0 1 1 1 0 1 0 1 1 0 0 1
0.048417696738628 1 0 0 0 1 0 0 0 0 1 0 1 1 1 1 0 0 0 1 1 0 1 0
0.026686318302409 0 0 1 0 0 0 0 0 0 0 1 0 1 1 1 0 0 1 1 0 1 0 1
0.062453421725196 0 0 1 0 0 1 0 0 0 0 1 1 1 1 0 1 1 0 1 0 1 0 1
0.031346918801742 0 0 1 0 0 0 0 0 0 0 1 1 0 0 1 1 1 0 0 0 1 0 1
0.087342414372192 1 1 0 0 0 0 0 0 0 1 1 1 0 1 0 1 0 0 1 0 1 1 0
0.060873040329232 1 1 0 0 0 0 0 0 1 1 1 0 1 1 0 1 0 0 0 1 0 1 0
0.079194310270265 1 0 1 0 0 0 0 1 0 0 1 1 1 1 0 1 0 1 0 1 0 0 1
0.086522752527581 0 1 0 0 0 1 1 0 0 0 1 1 1 1 1 1 0 0 0 1 1 0 0
0.035545319093195 0 0 0 1 0 0 0 0 0 0 0 1 1 1 0 1 0 1 0 1 1 0 1
0.026497555628622 1 0 0 0 0 0 0 0 0 1 1 0 0 1 1 0 0 1 0 1 0 1 0
0.020025556764606 1 0 0 0 0 0 0 0 0 1 0 1 0 1 1 0 0 1 0 1 0 0 1
0.026554952801050 1 0 0 0 0 0 0 0 1 0 1 0 1 1 1 0 0 1 0 1 0 1 0
0.031776518204188 0 0 1 0 0 0 0 0 0 1 1 0 1 1 1 1 1 0 1 0 1 0 1
0.083158823646745 0 0 0 1 0 0 0 1 0 0 1 0 0 1 1 0 1 1 1 0 0 0 1
0.052166462735486 0 0 0 0 1 0 0 0 0 1 0 1 0 1 1 1 1 0 1 0 1 0 1
0.066096487209153 0 1 0 0 1 0 0 0 1 1 0 1 1 1 1 1 0 0 1 0 1 0 1
0.014789479318557 0 1 0 0 0 0 0 0 0 0 0 1 1 1 0 0 1 1 0 0 0 1 1
0.052172334013039 0 1 0 0 0 0 0 0 1 0 0 1 1 1 0 0 1 0 0 0 1 1 0
0.030709102032541 0 1 0 0 0 0 0 0 0 1 1 1 1 0 1 1 0 1 1 1 0 0 1
0.046933670642260 0 1 0 0 0 0 0 1 0 0 0 1 1 1 0 0 1 1 0 0 0 1 1
0.076239876476607 1 0 0 1 0 0 0 1 0 0 1 1 1 1 0 1 0 1 1 0 0 0 1
0.071569935663326 0 0 1 0 0 1 0 0 0 0 1 1 1 1 1 1 0 1 0 1 1 0 0
0.026287982996569 1 0 0 0 0 0 0 0 0 1 0 0 1 1 1 0 0 0 1 1 0 1 0
0.032729937739559 1 0 0 0 0 0 0 1 0 0 1 1 1 1 1 0 0 1 0 1 1 0 0
0.035628294185018 1 0 0 0 0 0 1 0 0 1 0 0 1 1 1 1 0 0 1 0 0 1 1
0.077785938133509 1 0 0 0 0 0 1 0 0 1 1 0 0 1 1 0 0 0 1 0 0 1 0
0.020254975536015 1 0 0 0 0 0 0 0 0 1 0 0 1 1 0 0 1 1 0 0 0 1 1
0.023056300037222 1 0 0 0 0 0 0 0 1 1 0 0 1 1 1 1 0 0 1 1 0 0 1
0.036220999279591 1 0 0 0 0 0 0 1 1 0 1 0 1 1 1 1 1 0 1 0 1 0 1
0.025101759724018 1 0 0 0 0 0 0 0 1 1 0 0 1 1 1 1 0 1 0 1 0 1 1
0.016017984074788 1 0 0 0 0 0 0 0 0 1 0 0 1 1 1 1 0 0 1 1 0 1 1
0.027286646935630 1 0 0 0 0 0 0 0 1 1 0 1 0 1 1 1 0 0 1 1 0 0 1
0.069406016481195 0 1 0 0 0 1 0 0 0 1 0 1 1 0 1 1 0 0 1 0 1 0 0
0.079914990301640 0 0 0 1 1 0 0 0 0 0 0 1 1 1 1 1 0 1 0 0 1 1 1
0.069754175378976 0 1 1 0 0 0 0 0 1 1 1 1 1 1 1 0 1 0 1 0 0 1 0
0.101584291462401 1 0 0 1 0 0 0 0 1 0 1 1 1 0 0 0 0 1 0 0 0 1 0
0.106768177250674 1 0 0 1 0 0 1 0 0 0 1 1 1 0 1 0 0 0 0 1 0 0 0
0.020743397444976 0 1 0 0 0 0 0 0 0 1 0 1 0 1 1 0 1 1 0 0 0 1 1
0.029702934269166 1 0 0 0 0 1 0 0 0 0 1 1 1 1 1 0 0 0 1 1 0 1 0
0.012042435504374 1 0 0 0 0 0 0 0 0 0 1 1 1 0 1 1 0 1 1 0 0 1 1
0.075368913035470 0 0 0 1 0 0 0 1 0 0 1 0 1 0 1 1 1 0 0 1 0 1 0
0.039987098036495 0 0 1 0 0 0 0 0 1 0 0 0 1 1 1 0 1 0 1 0 1 0 1
0.073785537541085 0 0 1 1 0 0 0 0 0 0 1 1 0 1 1 1 0 0 0 0 1 0 1
0.045237733824916 0 0 0 1 0 0 0 0 1 0 0 0 1 1 1 1 0 0 1 0 1 0 1
0.045240370539032 0 0 1 0 0 0 0 1 0 0 0 1 0 1 1 1 0 1 0 0 1 0 1
0.056639728464685 0 0 0 1 0 0 0 1 0 0 0 1 1 1 1 1 0 1 0 1 0 1 1
0.035794870257570 0 1 0 0 0 0 0 1 0 0 0 1 0 1 1 1 0 1 0 0 1 0 1
0.030322178154580 1 0 0 0 0 0 1 0 0 1 0 1 1 1 1 0 1 0 1 1 0 0 1
0.011300112630523 1 0 0 0 0 0 0 0 0 0 1 1 0 1 1 1 0 1 0 0 1 1 1
0.019459815660377 1 0 0 0 0 0 0 0 0 1 1 1 0 1 1 1 0 1 1 0 1 1 0
0.023913319321670 1 0 0 0 0 0 0 1 0 0 1 1 0 1 1 1 0 1 0 0 1 0 1
0.027367769203769 1 0 0 0 0 0 1 0 0 0 1 1 0 1 1 1 0 1 0 0 0 1 1
0.026562869642485 1 0 0 0 0 0 1 0 0 0 1 1 1 1 1 1 1 0 1 0 1 1 1
0.120214660386331 0 0 0 0 1 0 1 0 0 1 0 1 1 1 1 1 1 0 1 1 1 0 0
0.022609952291309 1 0 0 0 0 0 1 0 0 0 0 1 1 1 1 1 0 0 0 1 0 1 1
0.135000403109256 0 1 1 0 1 0 0 0 0 1 1 1 1 1 1 0 0 0 1 0 0 1 0
0.025811025546149 1 0 0 0 0 0 0 0 1 0 1 1 0 1 1 1 0 1 0 1 0 1 1
0.027904881159135 1 0 0 0 0 0 1 0 0 0 1 0 1 1 1 1 0 0 0 1 1 0 1
0.057644772602317 0 1 0 0 1 0 0 0 0 1 1 0 1 1 1 1 0 0 1 0 1 0 1
0.145815411316433 1 0 1 0 1 0 1 0 0 1 1 1 1 1 0 1 0 1 0 0 0 0 1
0.059374892116170 0 0 1 0 0 0 1 0 0 0 0 1 1 0 1 1 1 0 0 0 1 1 0
0.105122013538961 0 0 1 0 1 0 0 1 0 1 1 1 1 1 1 1 0 1 0 0 1 0 0
0.068846458373244 1 0 0 0 1 0 1 0 0 0 1 1 1 1 1 1 0 0 0 1 1 0 1
0.067816514405823 1 0 0 0 1 0 0 0 1 0 1 1 1 0 1 1 0 0 1 1 0 1 0
0.041789384637042 0 0 0 1 0 0 0 0 0 0 0 1 0 0 1 1 0 0 0 0 1 1 0
0.027989501816614 1 0 0 0 0 0 0 0 0 1 1 0 1 0 1 0 1 0 0 1 0 1 0
0.105331996079968 0 0 0 1 1 0 0 0 0 0 0 1 1 0 1 1 0 0 0 1 1 0 0
0.039139136117791 0 0 0 1 0 0 0 0 0 0 0 1 1 0 0 1 1 0 0 0 1 1 0
0.043496808858218 0 0 1 0 0 0 0 0 0 0 1 1 1 0 0 1 1 0 0 1 0 1 0
0.051537437508099 1 0 0 0 0 1 0 0 0 0 1 1 1 0 1 1 0 0 0 1 1 1 0
0.058779836228109 1 0 0 0 0 0 0 0 1 0 1 0 1 0 0 1 0 0 1 0 0 0 1
0.019095908287621 1 0 0 0 0 0 0 0 1 1 0 0 1 1 1 1 1 0 0 1 1 0 1
0.021394083741401 1 0 0 0 0 0 0 0 0 1 0 0 1 1 0 0 1 0 0 1 0 0 1
0.027052260530970 1 0 0 0 0 0 0 0 1 1 0 0 1 1 1 0 1 0 1 1 0 0 1
0.022406754098090 1 0 0 0 0 0 0 1 0 0 0 1 0 1 1 1 0 1 0 0 0 1 1
0.025705778447023 1 0 0 0 0 0 0 0 0 0 1 0 1 1 0 0 1 0 0 1 1 0 1
0.019281802121823 1 0 0 0 0 0 0 0 1 0 0 1 1 1 1 1 0 1 0 0 1 1 1
0.014991785360626 1 0 0 0 0 0 0 0 1 0 0 0 1 1 1 1 0 0 0 1 0 1 1
0.035640433254581 1 0 0 0 0 0 0 0 1 0 0 1 1 1 0 0 1 0 0 1 0 0 1
0.046448566616351 1 0 0 0 0 0 0 1 1 0 0 0 1 1 1 0 1 0 0 0 1 1 0
0.029328192246807 1 0 0 0 0 0 0 0 1 0 0 1 1 0 1 1 0 0 0 1 1 1 0
0.028805643324270 1 0 0 0 0 0 0 1 0 0 1 1 0 1 0 1 1 1 0 0 0 1 1
0.038283155360483 0 0 1 0 0 0 0 0 1 0 0 1 1 1 0 1 1 0 1 0 1 0 1
0.057696212024905 1 0 0 0 0 0 1 0 0 0 0 1 0 1 1 0 0 1 0 0 0 1 1
0.058686755826609 0 1 0 0 0 0 1 0 1 0 1 1 1 1 1 1 0 1 1 0 1 0 1
0.030303089966872 1 0 0 0 0 0 0 0 0 1 1 0 0 1 1 0 1 1 0 0 1 1 0
0.072799194978350 1 0 0 1 0 0 0 1 0 1 0 1 1 1 1 1 0 1 0 0 1 0 1
0.082301666381530 1 0 1 0 0 0 0 1 1 1 1 1 1 1 1 0 0 1 0 1 0 0 0
0.026599803532501 1 0 0 0 0 0 0 0 0 1 0 1 1 1 0 0 0 1 0 1 1 0 0
0.058537751149721 1 0 0 1 0 0 0 0 1 1 0 1 1 1 0 1 0 0 0 1 1 0 0
0.069809548102476 1 1 0 0 0 0 0 0 1 1 0 1 1 1 0 0 0 0 0 1 0 1 0
0.043978945493162 1 0 0 0 0 1 0 0 1 0 0 1 1 1 1 1 0 0 0 1 1 0 1
0.044255328985924 1 0 0 0 0 1 0 0 1 0 1 1 1 1 1 0 1 0 1 0 1 1 0
0.064710788351391 1 0 0 1 0 0 0 0 1 0 0 1 1 1 1 1 0 0 0 1 1 0 1
0.040556853393108 0 1 0 0 0 0 1 0 0 0 1 1 1 0 1 1 1 0 0 0 1 1 0
0.027299757694059 0 0 1 0 0 0 0 0 1 0 0 1 1 1 1 1 1 0 0 1 1 0 1
0.033591406129489 1 0 0 0 0 0 1 0 0 0 1 1 1 1 1 1 0 1 0 0 1 1 1
0.036754753886470 1 0 0 0 0 0 1 0 0 1 0 0 1 1 1 1 1 0 0 1 0 1 1
0.036069804812815 1 0 0 0 0 0 1 0 1 0 0 1 1 1 1 1 0 0 1 1 0 0 1
0.078154316104354 0 1 0 0 0 0 1 0 0 0 1 0 1 0 1 1 0 0 1 0 1 0 1
0.036632388942151 1 0 0 0 0 0 1 0 1 0 1 1 1 1 1 1 1 0 0 1 1 1 0
0.042353574674618 1 0 0 0 0 0 1 0 1 1 0 1 1 1 1 1 1 0 1 0 1 0 1
0.046253111817269 1 0 0 0 1 0 0 0 0 1 1 0 1 1 1 0 0 1 0 1 0 0 1
0.029055373250924 0 0 0 1 0 0 0 0 0 0 1 0 1 1 1 0 1 1 1 0 0 1 1
0.021315562767218 0 1 0 0 0 0 0 0 0 1 0 1 1 1 1 1 0 1 1 0 1 0 1
0.044759876090341 0 0 0 1 0 0 0 0 1 0 0 0 1 1 1 1 0 0 1 1 0 0 1
0.062433319412131 0 0 1 0 0 0 1 0 0 0 1 1 1 1 0 1 0 1 0 1 0 1 0
0.072135833998336 0 0 1 0 1 0 0 0 0 1 1 1 1 1 0 1 0 1 0 1 0 1 0
0.124242307224657 0 0 1 1 0 0 1 0 0 0 1 1 1 1 0 1 0 0 0 0 1 0 0
0.064129737093759 0 1 0 0 1 0 0 0 1 1 1 1 1 1 1 1 1 0 1 0 1 1 0
0.088640938253576 0 1 0 0 1 0 0 1 0 0 1 1 1 0 1 1 0 0 0 1 0 0 1
0.032760963065309 1 0 0 0 0 0 1 0 0 0 1 1 0 1 1 1 0 0 1 1 0 0 1
0.013490820692289 1 0 0 0 0 0 0 0 1 0 1 0 1 1 1 1 1 1 0 0 1 1 1
0.075365392410786 1 0 0 1 0 0 0 0 1 0 1 0 1 1 1 1 0 1 0 0 1 0 1
0.024510626734966 1 0 0 0 0 0 0 0 0 0 1 1 1 0 0 0 1 1 1 0 0 0 1
0.087424044690224 0 1 0 1 0 0 0 0 1 1 0 1 1 1 1 1 0 1 0 1 0 1 0
0.045296902903141 0 1 0 0 0 0 0 0 0 0 0 0 1 1 0 1 1 0 1 0 0 1 1
0.053260622992540 1 0 0 0 1 0 0 0 0 1 0 1 1 1 0 1 0 0 1 1 0 0 1
0.078788331159653 1 1 0 0 0 0 1 0 1 0 1 1 1 1 0 1 0 0 0 1 0 1 0
0.081421172071266 0 0 0 1 1 0 0 0 0 0 1 1 1 0 1 1 1 0 0 0 1 1 0
0.013578293994051 1 0 0 0 0 0 0 0 0 1 0 1 0 1 1 1 0 0 0 1 1 0 1
0.022929127772090 0 1 0 0 0 0 0 0 0 0 0 1 0 1 1 1 0 1 0 0 1 1 1
0.031420278834325 1 0 0 0 0 0 0 1 0 0 1 0 1 0 1 1 1 1 0 0 0 1 1
0.039871482808238 1 0 0 0 0 0 0 1 0 1 0 1 1 1 0 1 1 1 0 1 0 1 0
0.087164597546403 0 1 0 0 0 1 0 1 0 0 0 1 1 1 1 1 0 1 0 0 1 1 0
0.062205201045241 0 1 0 0 0 1 0 0 1 0 0 1 1 1 1 1 0 0 1 1 0 0 1
0.123942832406326 0 1 1 0 0 1 0 0 1 1 1 1 1 1 1 0 1 0 1 0 1 0 0
0.134934713539334 1 0 1 0 0 1 0 1 0 0 1 1 1 1 1 0 0 0 1 1 0 1 0
0.053792715761035 0 1 1 0 0 0 0 0 1 1 1 1 1 1 1 0 0 1 0 1 0 1 0
0.047840152874924 1 0 0 0 0 1 0 0 0 1 0 1 1 1 1 0 0 0 1 1 1 0 0
0.046230438363409 1 0 0 0 0 1 0 0 0 1 1 1 0 1 1 1 0 0 1 0 1 1 0
0.090625564909346 0 0 0 0 1 1 0 0 0 0 1 0 1 1 1 1 0 0 1 1 0 0 1
0.027952801716284 0 0 1 0 0 0 0 0 0 0 1 0 1 1 0 1 1 0 1 0 1 0 1
0.113472568706032 1 0 1 0 0 0 1 1 0 1 0 1 1 1 1 1 1 0 0 0 0 1 1
0.049952043693650 0 0 1 0 0 0 0 1 0 0 1 0 0 1 1 1 1 0 0 0 1 0 1
0.038851728707458 1 0 0 0 0 0 0 1 0 1 0 1 1 1 1 0 1 0 0 1 1 0 0
0.022699173845790 1 0 0 0 0 0 0 1 0 0 0 1 1 0 1 1 0 1 0 0 0 1 1
0.073667364098900 1 0 0 0 1 0 0 1 0 0 1 1 1 0 1 1 0 1 0 1 0 0 1
0.029929048097791 1 0 0 0 0 0 0 1 1 0 0 1 1 1 1 1 0 1 1 0 0 1 1
0.079973755026032 0 1 1 0 0 0 0 0 1 0 1 1 1 0 1 0 0 1 0 0 0 1 0
0.015690111156935 1 0 0 0 0 0 0 0 0 1 0 1 1 0 1 0 1 1 0 0 0 1 1
0.102871253315673 0 0 1 0 0 1 1 0 0 0 1 1 1 1 1 1 1 0 0 0 1 1 0
0.074611586337763 0 0 1 0 0 0 1 0 0 0 1 0 1 1 1 0 0 1 0 1 1 0 0
0.013018888201832 1 0 0 0 0 0 0 0 0 0 1 1 1 0 0 1 1 1 0 0 0 1 1
0.152537620694247 1 0 1 1 0 0 1 0 1 1 1 1 1 1 1 1 0 0 0 0 1 0 1
0.038645694284270 0 0 0 0 1 0 0 0 0 0 0 0 1 1 0 1 0 0 1 1 0 0 1
0.084374371085004 1 0 1 0 0 0 1 0 0 1 1 1 1 0 0 1 1 0 0 0 0 1 0
0.032235464972530 0 0 1 0 0 0 0 0 0 0 0 1 1 0 1 1 0 0 0 0 1 1 0
0.025892457127282 0 0 0 1 0 0 0 0 0 0 0 1 1 0 1 1 1 0 1 0 0 1 1
0.017960235975344 1 0 0 0 0 0 0 0 0 0 0 1 1 0 0 1 0 0 0 1 0 0 1
0.018376806720099 1 0 0 0 0 0 0 0 1 0 1 1 1 1 0 1 1 1 1 0 1 0 1
0.057335046452717 0 0 1 0 0 0 0 0 0 0 0 1 1 1 0 1 0 1 0 1 1 0 0
0.048389607064435 1 0 0 0 1 0 0 0 0 0 1 1 1 0 1 0 1 1 0 0 0 1 1
0.062465365260449 1 0 0 0 0 0 1 0 0 1 0 0 1 1 1 0 0 0 0 1 0 0 1
0.021190182006182 1 0 0 0 0 0 0 0 0 1 0 1 1 1 0 0 1 1 0 1 0 0 1
0.028209769737122 1 0 0 0 0 0 1 0 0 0 1 1 0 1 1 1 1 0 0 1 0 1 1
0.043629213335185 0 1 0 0 0 0 1 0 0 0 1 1 1 1 1 0 0 1 0 1 1 0 0
0.013313955891225 1 0 0 0 0 0 0 0 0 0 1 1 1 0 1 0 1 1 0 1 0 1 1
0.027768045777862 0 1 0 0 0 0 0 0 0 1 0 1 1 0 1 0 1 1 0 0 0 1 1
0.081272064280453 0 1 1 0 0 0 0 0 1 1 1 1 0 0 1 1 0 1 0 0 0 0 1
0.018607602575812 0 1 0 0 0 0 0 0 0 0 0 1 1 0 1 1 0 0 0 1 1 0 1
0.037761365366092 0 1 0 0 0 0 0 0 0 0 1 0 1 0 1 1 0 0 0 1 1 1 0
0.042899939353371 0 1 0 0 0 0 0 0 1 0 0 1 1 0 1 1 0 1 0 1 1 0 1
0.024856486583546 0 1 0 0 0 0 0 0 0 0 1 1 1 0 1 1 1 0 1 1 1 0 1
0.041135402756601 0 1 0 0 0 0 1 0 0 0 1 1 1 1 0 1 1 0 0 0 1 1 0
0.026157914367272 0 0 1 0 0 0 0 0 0 0 1 0 0 1 1 0 1 1 0 0 0 1 1
0.055040909867158 0 1 0 0 1 0 0 0 0 0 1 1 1 0 1 1 0 0 0 0 1 1 0
0.058520457683279 0 0 0 1 0 0 1 0 0 0 1 1 1 1 1 1 1 1 0 1 0 1 1
0.052932321067819 0 0 0 1 0 0 1 0 0 0 0 1 1 1 1 1 0 1 1 0 0 1 1
0.033342545522171 1 0 0 0 0 0 1 0 0 1 0 1 1 1 1 0 1 0 1 0 1 1 0
0.019075249563365 0 1 0 0 0 0 0 0 0 0 0 1 1 1 1 1 0 0 1 1 1 0 1
0.027652587344311 0 1 0 0 0 0 0 0 1 0 0 1 1 1 1 0 0 1 1 1 0 0 1
0.042316691809405 0 1 0 0 0 0 0 0 0 1 0 1 0 0 1 1 0 0 1 0 1 0 1
0.023555416789961 0 1 0 0 0 0 0 1 0 0 0 1 1 1 1 1 1 0 0 1 1 0 1
0.025361053223024 1 0 0 0 0 0 0 0 0 0 1 1 1 0 0 0 1 0 0 1 0 1 0
0.015326893215977 0 1 0 0 0 0 0 0 0 0 0 1 1 1 1 0 0 1 0 1 1 0 1
0.088593376828469 0 0 0 0 1 1 0 0 0 0 0 1 1 1 1 1 0 0 0 1 1 1 0
0.075070087581719 0 0 1 1 0 0 0 0 0 1 1 1 0 1 1 1 0 0 0 1 0 1 0
0.061017052103694 0 0 1 0 0 0 0 1 0 0 0 1 0 0 1 1 1 0 0 0 0 0 1
0.026338254124488 1 0 0 0 0 0 0 0 1 0 1 0 1 0 1 1 1 0 0 1 0 1 1
0.039622961170242 0 0 0 1 0 0 0 0 0 0 1 1 0 0 1 1 1 0 1 0 0 1 1
0.023737625624451 1 0 0 0 0 0 1 0 0 1 0 1 1 1 1 1 1 0 0 1 1 0 1
0.022090269621186 0 1 0 0 0 0 0 0 0 0 1 0 1 1 1 1 0 1 1 0 0 1 1
0.054195339012737 1 0 0 0 0 1 0 0 0 0 1 1 1 1 0 0 0 0 1 1 1 0 0
0.091229749941663 0 0 0 1 0 0 1 0 0 0 1 0 1 1 1 0 1 1 1 0 0 1 1
0.097452769891387 0 1 0 1 0 0 1 0 1 0 1 1 1 1 1 1 0 0 0 1 0 1 0
0.065395297703590 1 0 0 0 0 1 1 0 0 0 1 1 1 1 1 1 0 0 1 1 0 0 1
0.078959196141161 1 0 1 0 0 0 0 1 0 1 1 1 0 1 0 1 1 0 1 0 0 0 1
0.093597840926430 1 0 1 0 0 0 0 1 0 0 1 1 0 1 1 0 0 1 0 0 1 0 1
0.107642482511904 1 1 0 0 0 0 1 0 1 0 1 0 1 1 1 1 0 0 0 0 1 1 0
0.080430845924883 1 0 1 0 0 0 1 0 1 0 1 1 1 1 0 1 0 0 0 1 0 0 1
0.071045129524192 0 1 0 1 0 0 0 0 1 0 1 1 1 0 1 1 0 0 1 0 0 0 1
0.068996254738878 1 1 0 0 0 0 0 1 1 0 1 1 1 1 0 1 1 0 0 0 1 1 0
0.034878913808196 1 0 0 0 0 0 0 1 0 1 0 0 1 1 1 0 0 1 1 0 0 0 1
0.086353204771301 1 0 0 0 1 0 1 0 0 1 0 1 1 1 1 0 0 1 1 0 0 0 1
0.043234216951928 1 0 0 0 1 0 0 0 0 1 1 1 1 1 0 1 0 1 0 1 1 0 0
0.027721528250710 0 1 0 0 0 0 1 0 0 0 0 1 1 1 1 1 1 0 0 1 0 1 1
0.033325073399519 0 1 0 0 0 0 1 0 0 0 1 1 1 1 1 1 0 0 1 1 0 0 1
0.038929525307313 1 0 0 0 0 0 1 0 0 1 1 1 0 1 1 1 0 1 0 0 1 0 1
0.031890990938483 1 0 0 0 0 0 1 0 0 1 1 0 1 1 1 1 1 0 1 0 1 0 1
0.054348854774379 0 1 0 0 0 1 0 0 0 1 1 0 1 1 1 1 0 0 1 0 1 0 1
0.076257958356700 0 0 1 0 0 0 1 0 0 0 1 1 1 0 1 1 0 0 0 1 0 1 0
0.039250053007119 0 1 0 0 0 0 0 0 0 1 1 0 0 0 1 1 1 0 0 0 1 1 0
0.050326025478502 1 0 0 0 0 0 0 1 0 0 1 0 0 1 1 0 0 1 0 0 0 0 1
0.080976406415723 0 0 0 0 1 0 0 0 1 0 0 1 1 1 0 1 1 0 1 0 1 0 1
0.021683973529190 1 0 0 0 0 0 0 1 0 1 0 1 1 1 1 1 0 1 1 0 0 1 1
0.074284905862326 0 1 0 0 1 0 0 0 1 1 1 0 1 1 1 1 0 1 0 1 0 0 1
0.019079734012174 1 0 0 0 0 0 0 0 1 0 1 0 1 1 1 1 1 0 1 0 1 1 1
0.054502888278447 0 0 1 0 0 0 1 0 0 0 0 0 1 1 1 1 0 0 1 0 0 1 1
0.044191922838474 0 1 0 0 0 0 1 0 0 0 1 1 0 1 1 1 0 1 0 1 0 0 1
0.085612615149143 0 1 0 0 1 0 1 0 0 0 1 1 1 1 1 0 1 0 0 0 1 1 0
0.021372189910756 1 0 0 0 0 0 0 0 1 0 0 1 1 1 1 0 0 0 1 1 0 1 0
0.025952449371675 0 0 0 1 0 0 0 0 0 0 0 1 0 1 1 0 1 1 0 0 0 1 1
0.024094573466334 1 0 0 0 0 0 0 1 0 0 1 1 1 1 1 1 1 1 1 0 1 1 1
0.029395712164549 1 0 0 0 0 0 0 0 0 0 0 1 1 0 1 0 0 1 1 0 0 1 1
0.044566100370912 0 0 0 1 0 0 0 0 0 1 0 0 1 1 1 1 1 0 1 1 1 0 1
0.041678498971317 1 0 0 0 0 0 1 0 0 0 1 1 0 1 1 1 0 0 0 1 1 1 0
0.012263237738354 1 0 0 0 0 0 0 0 0 1 1 0 1 1 1 0 1 1 1 0 0 1 1
0.014000175683840 1 0 0 0 0 0 0 0 0 1 1 0 1 0 1 1 1 0 1 0 0 1 1
0.019811625307310 1 0 0 0 0 0 0 0 0 1 1 0 1 0 1 0 1 1 0 0 1 0 1
0.029109558697195 1 0 0 0 0 0 0 1 0 0 1 1 1 0 1 0 1 1 0 0 1 0 1
0.032332646159556 1 0 0 0 0 0 0 0 0 1 1 0 1 1 1 0 0 1 0 1 1 0 0
0.060263566154922 0 0 1 0 0 0 1 0 0 1 0 0 1 1 1 1 1 1 0 0 0 1 1
0.059212108876481 0 1 0 0 0 1 0 0 0 1 1 1 0 1 1 1 0 1 0 0 1 1 0
0.033782368119400 0 1 0 0 0 0 0 1 0 0 1 0 1 1 1 1 1 0 1 0 1 0 1
0.074601385059758 1 0 0 0 0 0 1 1 0 1 1 1 1 1 1 0 1 1 1 0 1 0 0
0.013805185888090 0 1 0 0 0 0 0 0 0 0 0 1 1 1 1 1 1 0 0 1 1 1 1
0.087589537869200 0 0 0 1 1 0 0 0 0 0 1 1 0 1 1 0 1 0 1 0 0 0 1
0.017456507397794 1 0 0 0 0 0 0 0 1 1 0 0 1 1 1 1 1 0 1 0 0 1 1
0.069305710163285 1 0 1 0 0 0 0 1 1 1 1 0 1 1 1 0 1 0 1 0 0 0 1
0.038810250081454 1 0 0 0 0 0 0 1 0 1 0 0 1 0 1 1 1 0 0 0 0 1 1
0.025218594124455 1 0 0 0 0 0 0 0 0 1 1 0 0 1 1 1 0 0 0 1 1 1 0
0.024177865929305 0 0 1 0 0 0 0 0 0 0 0 0 0 1 1 1 0 0 0 0 1 0 1
0.039031255542920 0 0 1 0 0 0 0 0 0 0 1 0 0 1 0 1 0 0 1 0 0 0 1
0.043948224397729 0 0 1 0 0 0 0 0 0 0 0 0 0 1 0 1 1 0 0 0 0 1 1
0.041907010930424 0 0 0 0 1 0 0 0 0 0 0 1 0 1 1 1 0 0 0 1 1 0 1
0.092114935583500 0 0 1 1 0 0 0 1 0 1 1 1 1 1 1 1 1 1 0 0 0 1 1
0.088529626715398 1 0 0 1 0 0 0 1 0 1 0 1 1 1 0 0 1 0 0 1 0 0 0
0.023288060791186 0 0 1 0 0 0 0 0 0 0 0 1 1 0 1 1 0 0 1 0 1 0 1
0.033910952078270 0 0 1 0 0 0 0 0 0 0 0 1 0 0 1 1 0 0 0 0 1 0 1
0.064384063652039 0 0 1 0 0 0 0 0 0 0 1 1 1 0 0 1 0 0 1 0 1 0 0
0.028311805179015 0 0 1 0 0 0 0 0 0 0 1 0 0 1 1 1 0 0 1 0 1 0 1
0.029749411350944 0 0 1 0 0 0 0 0 1 0 0 1 1 1 1 1 0 1 1 0 1 0 1
0.133200744663125 0 1 1 0 1 0 0 0 1 1 1 1 1 0 1 1 0 1 0 0 0 0 1
0.050365115701385 0 0 1 0 0 1 0 0 0 0 0 1 1 1 1 1 0 0 1 0 1 0 1
0.013992265093102 1 0 0 0 0 0 0 0 1 0 0 1 1 1 1 1 0 0 1 1 1 0 1
0.051583225687153 1 0 0 0 1 0 0 0 1 0 0 1 1 1 1 1 0 0 0 1 1 0 1
0.123222876260833 0 0 1 1 0 0 0 0 0 1 1 0 0 1 1 0 1 0 0 0 1 0 1
0.015738978403192 1 0 0 0 0 0 0 0 0 1 0 1 0 1 1 1 0 1 0 0 1 1 1
0.032381551167428 0 0 0 0 1 0 0 0 0 0 0 1 0 1 1 1 0 1 1 0 0 1 1
0.048930296581893 0 0 0 0 1 0 0 0 0 0 0 1 0 0 1 1 0 0 1 0 0 0 1
0.045671103481404 0 0 0 0 1 0 0 0 0 0 0 1 0 1 1 0 0 1 1 0 1 0 1
0.073814603958656 0 0 0 0 1 0 0 1 0 0 0 0 0 1 1 1 0 0 1 0 0 0 1
0.050753251891117 1 0 0 0 1 0 0 0 0 1 1 0 1 1 0 1 1 0 0 1 0 0 1
0.069958657115365 0 0 0 1 0 0 1 0 0 0 0 1 1 0 1 1 1 0 0 0 0 1 1
0.088715279459590 0 0 0 0 1 0 0 0 1 0 0 1 0 1 1 0 0 1 1 0 0 0 1
0.058021837139224 0 0 0 1 0 0 0 0 0 0 0 1 0 0 0 1 0 0 1 0 0 0 1
0.046242094592246 0 0 0 0 1 0 0 0 0 0 1 0 0 1 1 1 0 1 0 1 0 1 1
0.044972581760230 0 1 0 0 0 0 0 1 0 0 0 1 1 0 1 1 0 0 1 0 0 0 1
0.016860817485694 1 0 0 0 0 0 0 0 0 1 1 1 0 1 1 1 0 1 1 0 0 1 1
0.083502487522604 0 1 0 1 0 0 0 1 0 1 1 1 1 0 1 1 0 1 0 0 0 0 1
0.025825570155479 1 0 0 0 0 0 0 0 1 0 0 1 1 0 1 1 0 0 0 1 1 0 1
0.024017896560456 1 0 0 0 0 0 0 0 0 1 0 1 1 0 0 1 0 1 1 0 0 0 1
0.016766167723661 1 0 0 0 0 0 0 0 1 0 1 1 1 0 1 1 1 1 1 0 0 1 1
0.031708710704010 1 0 0 0 0 0 0 0 1 1 1 0 1 0 1 1 1 1 0 0 0 1 1
0.014211828761173 1 0 0 0 0 0 0 0 0 1 0 1 1 1 1 0 0 1 1 0 1 0 1
0.026188459290667 1 0 0 0 0 0 0 1 0 0 0 1 1 1 1 0 0 0 1 0 1 0 1
0.016858874726582 1 0 0 0 0 0 0 0 0 0 1 1 0 1 1 0 0 1 1 0 1 0 1
0.022523486165850 0 1 0 0 0 0 0 0 0 0 1 1 1 0 0 1 1 0 1 0 1 0 1
0.075732960157167 0 0 0 0 1 0 0 0 0 0 1 0 0 1 0 1 0 0 1 0 0 0 1
0.070470806672382 0 1 1 0 0 0 0 0 1 1 1 1 1 0 1 0 1 1 0 0 1 0 1
0.078179470527552 1 0 1 0 0 0 1 0 0 1 1 1 1 1 0 1 0 0 1 1 0 1 0
0.060247144229648 1 0 0 1 0 0 0 0 1 0 1 1 1 0 1 1 1 0 0 0 1 1 0
0.076566062903360 1 0 0 1 0 0 0 1 0 1 1 1 1 0 1 1 0 0 1 1 0 0 0
0.032490896193831 0 0 1 0 0 0 0 1 0 0 0 1 1 1 1 1 1 1 0 1 0 1 1
0.052030728604072 0 0 0 0 1 0 0 0 0 0 0 1 0 0 1 1 0 0 0 0 1 1 0
0.087826751245919 0 0 0 0 1 0 1 0 0 0 0 1 0 1 1 1 0 1 0 0 0 1 1
0.062274631674381 0 0 1 0 1 0 0 0 0 1 0 1 1 1 1 1 0 0 0 0 1 1 0
0.019695058069552 1 0 0 0 0 0 0 0 0 1 0 1 0 1 1 0 0 1 0 0 1 1 0
0.065759119488984 1 0 0 1 0 0 0 0 1 0 0 1 1 1 0 1 0 0 0 0 1 1 0
0.071607148945612 1 0 0 0 1 0 0 0 0 1 0 1 0 1 1 0 0 0 0 1 1 0 0
0.015805589112426 1 0 0 0 0 0 0 0 0 1 0 1 1 1 1 1 0 1 0 1 1 1 0
0.057111383238514 0 1 0 0 0 0 1 1 0 0 0 1 1 1 1 1 1 0 0 0 0 1 1
0.016583221310778 0 1 0 0 0 0 0 0 0 0 0 1 1 1 0 1 0 0 0 1 1 0 1
0.023284066733810 0 0 1 0 0 0 0 0 1 0 0 1 1 1 1 1 1 1 0 1 0 1 1
0.110322623332870 0 0 1 1 0 0 0 0 0 0 0 1 1 1 0 1 0 0 1 0 1 0 1
0.049980270705335 0 0 1 0 1 0 0 0 0 0 1 1 1 1 1 1 0 0 1 0 1 0 1
0.013162997382865 1 0 0 0 0 0 0 0 1 0 0 1 1 1 1 1 1 0 1 1 0 1 1
0.017529783737201 1 0 0 0 0 0 0 0 1 0 0 1 1 1 0 1 1 1 0 0 0 1 1
0.083028939201803 1 1 0 0 0 0 0 0 1 1 1 0 1 1 0 0 0 1 0 0 0 0 1
0.027399159307816 1 0 0 0 0 0 0 1 0 1 0 0 1 1 1 1 0 0 1 0 1 0 1
0.017532097316739 0 1 0 0 0 0 0 0 0 1 0 0 1 1 1 1 0 0 0 1 1 0 1
0.026879495509598 0 1 0 0 0 0 0 0 0 1 0 1 0 1 1 1 0 1 0 1 1 0 1
0.211236421793860 1 1 1 0 1 0 1 1 1 1 1 1 1 1 0 1 1 0 0 0 1 0 1
0.022584345860277 0 1 0 0 0 0 0 0 0 1 0 0 1 1 1 0 1 0 1 0 1 0 1
0.024367360791085 0 1 0 0 0 0 0 0 1 0 0 0 1 1 1 1 0 0 0 1 1 0 1
0.026761290733285 0 1 0 0 0 0 0 0 0 1 1 0 1 0 1 1 1 0 1 0 1 0 1
0.020290137855852 0 1 0 0 0 0 0 0 1 0 0 1 1 1 1 1 1 0 1 0 1 1 1
0.068264675578261 0 1 0 0 1 0 0 0 1 0 0 1 1 1 1 1 0 0 0 1 0 1 1
0.058151612500559 0 0 0 0 0 0 0 1 0 0 0 0 0 1 1 1 1 0 0 1 1 0 1
0.035535151230864 0 0 0 1 0 0 0 0 0 0 0 0 1 0 1 1 0 0 1 0 0 1 1
0.043088860116369 1 0 0 0 0 0 0 0 0 1 0 0 0 1 1 0 0 0 0 0 1 0 1
0.019685095850574 1 0 0 0 0 0 0 0 1 0 0 1 1 1 0 1 0 0 1 1 0 0 1
0.026534456143210 0 1 0 0 0 0 0 0 1 0 0 1 1 1 1 0 0 1 1 0 1 0 1
0.017473451086453 0 1 0 0 0 0 0 0 1 0 0 1 1 1 1 1 1 1 0 1 0 1 1
0.130967996532784 0 1 0 1 1 0 0 0 1 1 1 1 1 1 1 1 0 0 0 1 1 0 0
0.025432265316632 0 1 0 0 0 0 0 0 0 1 0 0 1 1 1 0 0 1 0 0 1 1 0
0.092096891087703 0 1 0 0 0 1 0 0 0 1 0 0 1 1 1 0 0 0 0 0 1 1 0
0.071079258758108 0 1 0 0 0 1 0 0 0 1 1 1 0 0 1 1 1 0 1 0 0 0 1
0.064130560065110 0 0 0 1 0 1 0 0 0 0 0 1 1 1 1 1 1 0 0 1 1 0 1
0.110372611591617 0 0 0 0 1 1 0 0 0 0 0 1 0 1 1 1 0 0 1 0 1 0 1
0.072864663532674 1 0 1 0 0 0 0 1 0 1 1 1 1 0 1 0 1 1 0 1 0 0 1
0.021023331518663 1 0 0 0 0 0 0 0 1 0 1 0 1 1 1 0 1 1 0 1 0 1 1
0.052906275052412 0 1 0 1 0 0 0 0 0 1 1 1 1 1 0 1 0 0 1 1 0 0 1
0.061654861224404 0 1 0 1 0 0 0 0 0 1 1 0 1 1 1 1 0 0 1 0 0 1 1
0.029223402998547 1 0 0 0 0 0 0 0 0 1 0 1 1 0 0 1 1 0 1 1 0 0 1
0.052269867749792 0 1 0 0 0 0 1 0 0 0 0 1 1 1 0 1 0 0 0 1 0 0 1
0.021690336425617 1 0 0 0 0 0 0 0 1 0 0 1 1 1 1 1 1 0 0 1 1 1 1
0.070385567562158 1 0 1 0 0 0 0 1 1 1 0 1 1 1 1 1 0 0 1 0 1 0 1
0.011954738284351 1 0 0 0 0 0 0 0 0 1 0 1 1 1 1 1 0 0 1 1 1 0 1
0.023741982358223 0 1 0 0 0 0 0 0 0 0 1 0 1 1 1 0 0 1 0 0 1 1 0
0.033722990579292 1 0 0 0 1 0 0 0 0 0 1 1 1 1 1 0 0 0 1 0 1 1 0
0.048245561411823 1 0 0 0 0 1 0 0 1 0 0 1 1 1 1 1 0 0 1 0 1 1 0
0.036745749007488 1 0 0 0 0 0 0 0 0 1 0 0 0 1 0 1 0 0 0 1 0 0 1
0.041703785831362 1 0 0 0 1 0 0 0 1 0 1 1 1 1 1 0 1 0 1 0 1 0 1
0.042026270113068 0 1 0 0 0 0 0 0 1 0 1 1 0 0 1 1 1 0 1 0 0 0 1
0.041704765103312 0 0 1 0 0 0 0 0 0 0 1 0 0 1 1 0 0 1 0 1 0 1 0
0.036410735279867 0 0 1 0 0 0 0 0 0 0 0 0 0 1 1 1 0 0 0 0 1 1 0
0.160543473506821 1 0 1 0 0 0 0 0 0 1 1 0 0 1 0 0 0 0 0 0 0 1 0
