0.552865922451019 0 1 1 1 1 0 0 1 0 0 0 1 0 1 0 1 1 0 1 0 1 1 0
0.451997846364975 0 0 0 0 1 1 1 1 0 1 0 1 0 1 0 1 1 1 1 1 0 0 1
0.357010692358017 1 1 0 1 1 0 1 1 0 1 1 0 1 1 1 1 0 0 1 1 0 0 0
0.039815183728933 0 0 1 0 0 0 0 0 0 0 0 0 0 0 0 1 0 1 0 0 0 0 0
0.457704573869705 0 0 0 0 0 1 1 1 0 0 0 1 0 0 0 0 0 1 0 1 1 0 1
0.365835964679718 1 1 1 0 1 0 0 1 1 0 0 1 1 1 1 0 1 0 1 0 1 1 0
0.206304445862770 0 0 0 0 1 0 1 0 0 0 0 1 1 1 1 0 0 0 0 0 1 1 1
0.668520629405975 0 0 1 1 1 1 1 1 0 1 0 0 0 0 1 0 1 0 0 1 0 1 1
0.250295579433441 0 0 1 1 1 0 0 1 1 1 1 1 0 1 0 0 1 0 1 1 0 0 0
0.090531244874001 1 0 0 0 0 0 0 0 0 1 0 1 1 0 0 1 0 0 1 0 1 1 1
0.321543842554092 1 0 1 0 1 1 1 0 0 0 1 1 1 1 0 1 1 0 1 0 0 1 0
0.621770977973938 1 1 1 1 1 1 0 0 1 0 0 0 1 1 1 0 0 1 1 1 0 0 1
0.345713675022125 1 1 0 1 0 1 0 0 0 1 1 0 0 0 1 1 0 0 0 1 1 0 0
0.435768932104111 1 0 0 1 0 1 1 1 0 1 1 0 1 0 0 0 1 1 0 1 0 1 1
0.353866606950760 0 1 0 1 0 0 1 1 0 0 1 0 1 1 1 0 0 1 1 1 1 1 0
0.475867778062820 1 0 0 0 1 1 1 1 1 1 1 0 0 0 1 1 1 1 0 1 1 0 1
0.100556910037994 0 0 0 0 1 0 0 0 0 0 1 0 0 0 1 0 1 1 0 1 1 0 1
0.347668230533600 1 0 0 1 1 1 0 1 1 1 1 0 0 0 0 0 0 1 1 0 0 0 0
0.093839116394520 0 0 1 0 1 0 0 0 0 0 1 0 1 1 1 0 0 0 1 1 0 0 1
0.225131526589394 1 0 1 1 0 1 0 0 1 1 0 1 1 1 0 0 0 1 0 0 1 1 0
0.211568325757980 0 0 1 0 0 1 0 1 1 0 0 1 1 1 1 0 1 0 0 0 1 1 1
0.285879582166672 1 0 1 0 1 1 1 0 0 1 1 1 1 1 1 1 0 1 0 0 1 0 0
0.049799080938101 1 0 0 0 0 0 1 0 0 0 0 1 0 1 1 1 1 0 0 1 0 1 1
0.215747058391571 1 0 1 0 0 0 1 1 1 1 0 1 0 1 1 1 1 1 0 0 1 0 0
0.366763561964035 0 0 1 1 1 0 1 1 1 1 0 1 0 1 1 1 0 1 0 0 1 1 0
0.182018266381977 1 0 0 0 0 0 1 1 1 1 0 1 1 0 1 0 0 1 0 1 0 1 0
0.146409854658383 1 0 0 0 0 0 0 0 1 1 1 0 1 1 1 1 0 0 0 0 0 1 0 x
0.051032698155789 1 0 1 0 0 0 0 0 0 1 1 1 1 1 0 1 0 0 1 1 0 1 0 x
0.151529213372956 1 0 1 0 0 0 0 0 0 1 0 0 1 1 0 1 0 0 1 1 0 0 0 x
0.093074057186907 1 1 0 0 0 0 1 0 1 0 1 1 1 0 1 1 1 0 0 0 0 1 1 x
0.300591758776468 0 0 0 0 0 0 0 0 1 1 1 1 0 1 0 0 1 0 0 1 1 0 0 x
0.292980409704916 0 1 1 0 0 1 1 0 1 0 1 0 0 0 1 1 0 1 0 0 0 0 1 x
0.223102163676597 1 0 1 0 0 0 1 1 0 1 1 1 0 0 1 1 1 1 1 0 0 1 1 x
0.436581547572765 0 1 1 1 0 0 1 0 0 0 1 1 0 0 1 0 1 1 1 0 0 1 1 x
0.120839679661848 1 0 0 1 0 0 0 1 1 0 1 1 1 1 1 1 0 1 0 1 0 0 0 x
0.104596982660893 1 0 0 0 0 0 0 0 1 0 1 1 1 1 1 1 1 1 0 0 0 1 0 x
0.155729932858664 1 0 1 0 0 0 0 0 0 0 1 1 0 0 1 0 0 1 0 1 0 1 0 x
0.076891465313544 1 0 0 0 1 0 0 0 0 0 0 1 1 0 0 1 0 0 0 0 1 0 0 x
0.282926926977899 1 0 1 0 1 0 0 1 0 0 0 1 1 1 0 1 0 0 1 1 0 1 1 x
0.472985756933766 0 1 1 1 0 0 1 1 1 1 1 0 1 0 0 0 0 0 1 0 1 1 1 x
0.254304538789421 0 1 1 0 0 0 0 0 1 0 0 1 1 0 0 1 0 1 1 1 0 1 0 x
0.249604839866997 1 0 1 1 0 0 0 0 0 0 0 1 1 1 1 1 0 0 0 1 0 1 1 x
0.133336623012888 1 0 0 1 0 0 1 0 1 1 0 1 1 0 0 1 1 1 0 0 0 0 0 x
0.140995556816790 0 0 1 0 1 0 0 0 1 0 1 0 1 0 1 1 0 1 0 0 1 0 1 x
0.122380970962727 1 0 0 0 1 0 0 0 1 0 0 1 0 0 1 1 1 0 0 1 0 0 0 x
0.034409625634436 0 1 0 0 0 0 0 0 0 0 1 1 1 0 1 1 1 1 0 0 1 0 1 x
0.081984808023995 0 0 0 0 0 0 0 0 1 0 0 1 1 0 0 1 1 1 1 0 1 0 1 x
0.165130250456490 0 0 0 0 0 0 0 0 0 0 1 0 1 0 1 1 1 1 0 0 1 0 1 x
0.318479400799411 1 1 0 0 0 0 0 0 0 0 0 1 1 0 1 1 1 1 0 0 0 0 0 x
0.392115796782478 1 1 1 0 1 0 0 0 0 0 1 1 1 0 1 0 0 1 0 1 1 0 0 x
0.291569016675995 0 1 1 0 1 0 0 0 0 1 0 1 0 1 1 0 1 0 1 1 0 0 1 x
0.077100258425849 0 0 1 0 0 0 0 0 1 0 1 1 1 1 1 1 1 1 1 0 1 0 0 x
0.203353787036480 0 0 1 0 1 0 0 0 0 0 0 0 1 1 0 1 0 1 1 1 0 0 0 x
0.072547562880418 0 0 1 0 0 0 0 0 1 0 0 1 0 0 1 0 0 1 0 1 0 0 0 x
0.063506280998098 0 0 1 0 0 0 0 0 0 0 0 1 0 1 0 0 0 0 1 1 0 0 1 x
0.436425277559244 1 0 0 1 1 0 0 0 0 0 1 1 0 0 0 1 0 1 1 0 1 1 1 x
0.207527638589194 0 0 1 0 0 1 0 1 1 0 0 1 1 1 0 1 0 0 1 1 0 1 0 x
0.067970703431968 0 0 1 0 0 0 0 0 1 0 1 0 0 1 0 1 1 1 0 1 0 0 1 x
0.045619306208051 0 0 1 0 0 0 0 0 1 0 1 1 1 1 1 1 1 1 0 1 0 0 1 x
0.181670175175246 0 0 1 1 0 0 0 1 1 1 0 1 1 1 0 1 0 0 1 1 0 1 0 x
0.304880689809692 0 0 1 1 0 0 1 0 1 0 1 0 0 0 0 1 1 1 0 0 1 0 0 x
0.177504303000315 0 0 1 0 0 0 1 0 1 0 0 1 0 1 0 1 0 0 1 1 0 1 0 x
0.029134601278295 0 1 0 0 0 0 0 0 0 0 1 1 1 1 1 1 0 1 1 0 0 1 1 x
0.054975640866030 0 1 0 0 0 0 0 0 0 0 0 0 1 1 1 1 0 1 1 0 0 1 1 x
0.301639251253917 0 1 0 0 1 0 0 0 1 0 0 0 1 1 0 0 0 0 1 1 0 1 1 x
0.058770684229408 1 0 0 0 1 0 0 0 0 0 1 1 1 1 0 0 0 1 1 0 1 0 0 x
0.112193036261428 0 0 1 0 0 0 0 0 0 0 0 1 0 0 0 1 1 1 1 0 0 1 1 x
0.077957314590910 0 1 0 1 0 0 0 0 1 1 0 1 1 1 0 1 0 0 1 0 0 0 1 x
0.137393825536898 0 1 0 0 0 0 0 1 1 1 0 1 1 1 0 1 0 0 1 0 0 0 1 x
0.061556972412781 1 0 0 0 1 0 0 0 1 0 1 1 1 1 0 1 0 0 1 0 0 0 1 x
0.242455384387788 0 0 0 0 0 0 0 1 1 0 0 1 1 1 0 1 0 0 1 1 0 1 1 x
0.129514033020847 1 1 0 0 0 0 0 0 0 0 1 1 1 1 1 0 1 1 1 0 1 1 1 x
0.190660502531854 0 1 0 0 0 0 1 0 1 1 0 1 1 1 0 1 0 1 0 0 1 1 1 x
0.252958712794252 0 0 0 0 1 0 0 0 1 1 0 1 1 1 1 0 0 0 0 1 0 0 1 x
0.051951311675395 1 0 0 0 0 0 0 0 1 0 0 1 1 1 0 1 0 0 1 0 0 0 1 x
0.170542939055289 1 0 0 0 1 0 1 0 0 0 0 1 1 1 0 0 0 0 0 0 1 0 1 x
0.221631867165432 1 0 1 0 0 0 0 1 1 0 0 1 0 0 0 1 0 0 0 0 0 0 0 x
0.160915924113172 0 0 1 0 0 0 0 0 0 1 0 1 1 1 0 1 0 0 0 0 0 1 0 x
0.133213401612737 0 0 1 0 1 0 0 0 1 0 1 1 0 1 1 0 1 0 1 1 0 0 1 x
0.138966519712234 1 1 0 0 0 0 1 0 1 1 0 1 1 1 0 1 0 0 1 1 0 1 1 x
0.052961825841966 0 0 1 0 0 0 0 0 1 0 0 0 1 1 1 0 0 0 1 1 0 1 0 x
0.081488684539140 1 0 0 0 1 0 0 0 0 1 1 1 1 1 0 0 0 0 1 0 0 1 0 x
0.094942778285284 1 0 1 0 0 0 1 0 0 0 1 1 1 1 0 1 0 0 1 0 1 0 1 x
0.069293689128401 0 1 0 0 0 1 0 0 1 0 0 1 1 1 0 1 1 0 1 0 0 0 1 x
0.071510336739129 0 1 1 0 0 0 0 0 1 1 0 1 1 1 1 0 0 0 1 1 0 0 1 x
0.042131066975427 0 1 0 0 0 0 0 0 1 0 0 1 0 1 1 1 1 0 0 1 0 0 1 x
0.084096644740705 0 0 0 1 0 0 0 0 1 0 0 1 1 1 1 0 0 0 1 1 0 0 1 x
0.098975537393178 1 0 1 0 0 0 0 0 1 1 1 1 1 1 1 0 0 0 0 1 0 1 1 x
0.075452871812173 0 0 0 1 0 0 0 0 0 0 0 1 1 1 0 0 0 0 1 1 0 0 0 x
0.129795102054781 0 1 0 1 0 0 0 0 1 0 0 1 1 1 0 0 0 0 1 1 0 0 1 x
0.117399369228950 1 0 0 0 1 0 0 0 0 0 1 0 1 1 0 0 0 0 1 1 0 1 0 x
0.183311980356158 0 0 0 0 1 1 0 0 0 0 1 1 1 1 0 0 0 0 1 1 0 0 1 x
0.074726624860059 1 0 0 0 0 0 1 0 1 0 1 1 1 0 1 0 1 0 1 1 0 0 1 x
0.048727863454037 1 0 0 1 0 0 0 0 0 1 1 1 1 1 1 1 0 0 1 1 0 1 0 x
0.176247478524566 0 1 1 0 0 0 0 0 0 0 0 0 1 1 0 0 0 0 1 0 0 0 1 x
0.066264986395029 0 1 0 0 0 0 0 0 0 1 1 1 1 0 1 0 0 1 1 0 1 0 1 x
0.147032037770249 1 0 0 1 0 0 1 0 1 0 0 1 1 1 1 1 0 0 1 1 0 1 0 x
0.170506609760300 0 1 1 0 0 1 0 0 1 1 1 1 1 0 1 1 1 1 0 1 0 1 1 x
0.088590973082487 1 0 0 1 0 0 0 1 1 1 0 1 1 1 0 1 1 0 1 0 0 1 0 x
0.112462870363298 1 0 1 0 0 0 1 0 1 1 0 1 1 1 1 1 0 0 1 1 0 1 0 x
0.268982183465636 1 1 0 0 0 0 1 0 0 0 1 0 0 1 1 1 0 0 1 1 0 1 1 x
0.051229757256919 0 1 0 0 0 0 0 0 0 0 0 1 1 1 1 1 0 0 1 1 0 0 1 x
0.129916880892221 1 0 0 0 0 0 1 0 1 0 1 1 1 1 0 0 0 1 1 0 0 1 1 x
0.066353917611702 1 0 0 1 0 0 0 0 1 0 1 1 1 1 1 1 1 0 1 0 1 0 1 x
0.075920072770442 1 1 0 0 0 0 0 0 1 1 1 1 1 1 1 1 1 0 1 0 0 1 1 x
0.150845963010478 1 0 1 0 0 1 0 0 1 0 1 1 1 1 1 1 1 0 1 0 1 0 1 x
0.074451891379849 1 0 0 1 0 0 0 0 1 1 1 1 1 1 1 1 0 0 1 0 0 0 1 x
0.034389237852291 0 1 0 0 0 0 0 0 1 0 0 1 1 1 1 0 1 0 1 1 0 1 1 x
0.103516816973929 1 0 0 0 0 0 0 0 0 1 1 1 1 1 1 1 1 0 1 0 0 0 1 x
0.073550360939741 1 0 0 0 1 0 0 1 1 0 1 1 1 1 1 1 0 0 1 0 1 0 0 x
0.118926016983898 1 1 0 0 1 0 0 1 1 1 1 1 1 1 1 0 0 1 1 0 1 1 0 x
0.066424795047217 1 0 0 0 1 0 0 1 0 1 1 1 1 1 1 0 0 0 1 0 1 0 0 x
0.121347998187179 0 1 0 0 0 0 0 0 1 1 1 0 1 1 1 1 0 0 1 0 1 1 1 x
0.073315311686755 1 0 0 1 0 0 0 0 1 1 0 1 1 1 0 0 0 0 1 0 1 0 0 x
0.173066716116630 1 1 0 1 0 0 0 0 1 1 1 1 1 1 1 1 0 1 1 0 1 1 1 x
0.036478183234590 0 0 0 1 0 0 0 0 0 0 1 1 1 1 1 1 1 1 1 0 1 0 1 x
0.064354701180907 0 1 0 1 0 0 0 0 0 1 1 1 1 1 1 1 0 1 1 0 1 1 0 x
0.027650429091904 0 1 0 0 0 0 0 0 0 1 1 1 1 1 1 1 0 1 1 0 1 1 0 x
0.120148911697359 0 1 1 0 0 0 0 0 0 1 1 0 1 1 1 0 0 1 1 0 1 1 0 x
0.246278357849653 1 1 1 0 0 0 0 0 0 1 1 1 1 1 1 1 0 1 1 0 1 1 1 x
0.037098915254741 0 1 0 0 0 0 0 0 1 0 1 0 1 1 1 1 0 1 1 0 1 1 0 x
0.064412282099867 0 1 0 0 0 0 0 0 1 1 1 1 1 0 1 0 1 1 1 0 0 1 0 x
0.024897147906896 1 0 0 0 0 0 0 0 0 0 1 1 1 1 1 1 1 0 1 1 1 1 1 x
0.159859926651969 0 1 0 0 0 1 0 0 1 1 0 0 1 1 1 1 0 1 1 1 0 1 0 x
0.205665655415073 0 0 0 0 1 0 0 1 1 0 1 1 1 1 1 0 0 0 1 0 1 0 0 x
0.097611713623518 0 0 1 1 0 0 0 0 1 0 1 1 1 1 1 1 0 0 1 0 1 0 0 x
0.079072816957282 0 1 0 0 0 0 0 0 0 1 1 1 1 1 1 1 1 0 1 1 1 1 1 x
0.050931158882769 0 1 0 0 0 0 0 0 0 0 1 1 0 1 1 0 0 0 0 0 1 1 0 x
0.139438463550833 1 1 0 0 1 0 1 0 1 1 1 1 1 1 1 0 1 0 1 0 1 1 0 x
0.170717928711199 1 1 0 0 1 0 0 0 0 1 1 1 1 1 1 0 1 0 1 0 0 0 1 x
0.094119513718387 0 1 0 1 0 0 0 0 1 1 1 1 1 1 1 1 1 0 1 0 1 0 0 x
0.061729626126381 1 0 0 0 1 0 0 0 0 0 1 0 1 1 1 0 0 0 1 0 1 0 1 x
0.120671444757032 1 1 0 0 0 0 1 0 0 1 1 1 1 1 1 1 1 0 1 0 1 1 0 x
0.139619799605219 0 0 1 0 0 1 0 0 1 0 1 0 1 1 1 0 0 0 1 1 1 0 0 x
0.107408343498530 0 0 0 1 0 0 0 0 1 0 0 1 1 1 1 1 0 1 0 0 1 0 0 x
0.213342043915753 0 1 0 0 0 0 0 0 0 1 1 1 1 1 0 1 0 0 1 0 0 0 0 x
0.115369207402046 0 0 1 0 0 0 0 0 0 0 1 0 0 1 1 1 1 1 1 0 1 1 0 x
0.169668290367068 0 1 0 1 0 0 0 1 1 1 0 1 1 1 1 1 1 1 1 0 1 0 1 x
0.067255499597757 0 0 0 1 0 0 0 0 1 0 1 1 1 1 0 1 1 1 1 0 0 0 1 x
0.063434929128079 0 0 1 0 0 0 0 0 1 0 0 1 1 1 0 1 0 0 1 0 1 0 1 x
0.068476819428627 0 0 1 1 0 0 0 0 0 1 1 1 1 1 1 0 0 1 1 0 1 0 1 x
0.033707263302752 1 0 0 0 0 0 1 0 0 0 1 1 1 1 1 0 0 0 1 0 1 1 0 x
0.077157028652469 1 0 0 1 0 0 0 1 0 1 1 1 1 1 1 1 0 0 1 0 1 0 0 x
0.077140558291031 0 0 1 0 0 0 0 0 0 0 0 0 1 1 1 0 1 1 1 0 1 0 1 x
0.114064198795364 1 0 0 0 1 1 0 0 0 0 1 1 1 1 0 0 1 0 0 1 1 0 0 x
0.300890113740450 1 0 1 1 0 0 0 0 0 1 1 1 1 1 1 0 1 1 1 0 0 0 0 x
0.142241053330622 0 0 0 1 0 1 0 0 1 1 0 1 1 1 0 1 0 1 1 0 0 0 1 x
0.124978225325291 1 0 0 1 1 0 0 1 0 1 1 1 1 1 1 0 0 0 0 1 1 1 0 x
0.101748793809925 0 0 0 1 0 0 0 0 1 1 1 0 1 1 1 1 1 1 0 1 0 1 1 x
0.105396421416259 1 0 0 0 1 0 0 0 1 0 1 1 1 1 1 0 1 0 0 1 1 1 1 x
0.116221018698282 0 1 1 0 0 1 0 0 1 0 1 1 1 1 1 0 0 1 0 0 1 0 1 x
0.097746304755080 0 0 0 1 1 0 0 0 0 1 1 1 1 1 1 1 0 1 0 0 0 0 1 x
0.091669631495221 1 1 0 0 0 1 0 1 1 1 1 1 1 1 0 0 1 0 0 0 1 1 0 x
0.042909855300998 1 0 0 0 0 0 0 0 1 0 1 1 0 1 0 0 1 0 0 1 1 0 0 x
0.077277754619035 1 0 0 0 0 0 1 0 1 0 0 1 1 0 1 1 0 0 1 0 1 1 0 x
0.216043260667533 0 1 0 0 0 0 0 1 1 0 1 1 1 1 1 0 0 1 0 1 1 1 1 x
0.132941869504413 0 0 0 1 1 0 0 0 1 0 1 0 0 1 1 1 0 0 0 1 0 0 0 x
0.084851578823040 1 0 0 0 1 0 0 1 1 1 0 1 1 1 0 1 0 1 0 0 1 0 0 x
0.050723750084511 0 1 0 0 0 0 0 0 1 1 0 1 0 1 1 1 1 1 0 0 1 1 1 x
0.113141439937260 1 1 0 1 0 0 0 1 1 1 1 1 1 1 0 1 0 0 0 1 0 1 0 x
0.181013423241543 0 1 0 0 1 0 0 0 1 0 1 0 0 1 1 1 1 1 0 0 0 0 0 x
0.130490671659601 1 1 0 0 1 0 0 1 0 1 1 1 1 1 0 1 0 0 1 0 1 0 0 x
0.106684668000476 0 0 0 1 0 0 0 0 0 1 1 1 1 1 1 0 0 1 1 0 1 1 0 x
0.035944123917716 0 1 0 0 0 0 0 0 1 0 0 1 0 0 1 1 1 0 0 0 1 0 1 x
0.095845339871227 1 1 0 0 0 0 0 1 0 1 1 1 1 1 0 1 1 0 1 0 1 1 1 x
0.094243721061276 0 0 0 1 0 0 0 0 0 0 0 0 1 1 0 1 1 0 1 0 1 0 0 x
0.035988703424294 1 0 0 0 0 1 0 0 0 0 1 1 1 1 0 1 0 0 1 0 1 1 0 x
0.077806157464014 1 0 0 0 0 0 0 0 0 0 1 1 1 1 0 1 0 0 1 0 0 1 0 x
0.089081835321287 1 0 0 0 0 1 0 0 1 0 0 1 1 1 0 1 1 0 0 1 1 1 0 x
0.081148063879725 1 0 0 0 1 0 0 0 0 1 1 0 1 1 0 1 0 1 0 1 1 0 0 x
0.054905566844598 0 1 0 0 0 1 0 0 1 0 1 1 1 1 1 1 1 1 0 0 1 0 1 x
0.134918460871716 1 0 0 1 0 1 0 0 0 1 1 1 1 1 0 1 0 0 1 1 1 0 1 x
0.129873323812412 1 0 0 0 0 1 0 0 0 0 1 1 0 1 1 0 0 0 1 0 1 1 1 x
0.133314850570511 1 0 1 0 0 0 0 1 1 1 1 1 1 1 0 1 1 0 1 1 1 1 0 x
0.163071051717262 1 0 1 0 0 1 0 0 0 1 1 1 1 1 0 1 0 1 0 1 1 1 1 x
0.135414704746098 0 0 1 1 0 0 0 0 0 0 1 1 1 1 1 1 0 0 1 1 0 0 0 x
0.103835592747137 1 0 1 0 0 1 0 0 0 1 1 1 1 1 0 1 0 0 1 0 1 0 0 x
0.054241316318482 1 0 0 0 0 0 0 0 0 0 1 1 1 1 0 1 1 0 0 0 1 0 1 x
0.086823519880340 0 1 0 0 0 1 0 0 1 0 0 1 1 1 1 1 1 0 1 0 1 1 0 x
0.120143012027382 1 0 0 0 0 0 0 0 1 1 1 1 1 1 0 1 0 0 1 1 1 1 0 x
0.152192559809087 1 1 0 0 0 1 0 0 1 0 1 1 1 1 0 1 1 0 1 0 1 1 0 x
0.085748397437493 0 0 0 1 0 0 0 0 0 1 0 1 1 0 0 1 0 1 1 0 1 0 1 x
0.122914111209807 1 0 0 0 0 1 0 0 1 0 1 1 1 1 0 1 0 0 1 0 0 0 0 x
0.042361845299006 1 0 0 0 0 0 0 0 1 0 0 1 0 1 0 1 1 0 1 0 1 0 1 x
0.079768617836329 0 0 1 0 0 0 0 0 1 0 1 1 1 0 0 1 1 0 1 0 0 0 1 x
0.099621930252145 1 0 1 0 0 0 1 0 0 1 1 1 1 1 0 0 0 0 0 0 1 1 0 x
0.129332173848513 1 0 0 1 0 1 0 0 0 0 1 1 1 1 0 1 0 0 1 0 1 1 0 x
0.032199273957638 0 1 0 0 0 0 0 0 1 0 0 1 1 1 0 1 0 1 1 0 1 0 1 x
0.029526036404896 1 0 0 0 1 0 0 0 0 1 1 1 1 1 1 1 0 0 1 0 1 1 0 x
0.059065579563331 0 0 1 0 0 0 0 0 0 0 1 0 0 1 1 1 0 1 1 0 0 0 1 x
0.063811850540715 1 0 0 0 1 0 0 0 0 1 1 0 1 1 1 1 0 0 1 0 0 1 0 x
0.100969962090134 0 1 0 1 0 0 0 0 0 1 1 0 1 1 1 1 0 1 1 0 0 0 1 x
0.071441335851257 1 0 0 1 0 0 0 1 1 1 1 1 1 1 1 1 1 0 1 0 1 1 0 x
0.083767900199823 1 0 0 0 1 0 0 0 1 0 1 0 1 1 1 1 0 0 1 0 1 0 0 x
0.077990289221776 1 1 0 0 0 0 0 1 1 1 0 1 1 1 0 1 0 0 1 0 1 0 1 x
0.107592684567264 1 0 1 0 0 0 1 0 1 0 1 1 1 1 1 1 0 0 1 0 1 1 1 x
0.095578097786467 1 0 0 1 0 0 0 1 1 0 1 1 1 1 0 1 0 0 1 1 1 0 0 x
0.119839593430297 0 1 0 0 0 1 0 0 0 0 1 1 1 0 1 1 1 1 1 0 1 1 0 x
0.190346221364022 1 1 0 0 0 0 0 0 1 1 0 1 1 0 0 1 1 1 1 0 1 1 1 x
0.181918816871972 0 1 0 1 0 1 0 0 1 1 1 1 1 1 0 1 1 1 1 0 1 0 1 x
0.042669602526658 0 1 0 0 0 0 0 0 1 0 0 1 1 1 1 0 0 1 1 0 0 0 1 x
0.056088716354128 0 1 0 0 0 0 0 0 0 0 0 1 0 1 1 1 0 1 0 0 1 1 0 x
0.137716073320327 1 0 1 0 0 1 0 0 0 0 1 1 1 1 0 1 0 0 1 0 1 1 0 x
0.028976953500716 1 0 0 0 0 0 0 1 0 0 1 1 1 1 1 1 0 0 1 1 1 1 0 x
0.049814399087944 1 0 0 0 1 0 0 0 0 0 1 1 1 1 1 1 0 0 1 1 0 0 1 x
0.128100823391358 0 1 0 1 0 0 0 0 1 1 1 0 1 1 1 0 0 0 0 0 0 1 0 x
0.088982868169091 1 0 0 1 0 0 0 0 0 1 1 1 0 1 0 1 1 0 1 1 0 0 1 x
0.096010045122644 1 0 0 0 0 0 0 1 0 1 1 1 0 1 0 1 0 0 1 0 1 1 0 x
0.065368970234606 1 0 1 0 0 0 0 0 1 1 0 1 1 1 0 1 0 0 1 0 0 0 1 x
0.101841011909771 0 1 1 0 0 0 0 1 1 1 1 1 0 1 1 1 0 0 0 0 1 0 0 x
0.060517979481141 0 0 0 1 1 0 0 0 0 0 1 1 1 1 1 1 0 0 1 0 1 0 1 x
0.040502498605927 1 0 0 0 0 0 0 0 0 0 0 1 0 1 1 0 0 0 1 0 1 1 0 x
0.073634117728708 1 1 0 0 0 0 0 1 1 1 0 1 1 1 1 1 0 0 1 0 0 1 1 x
0.148268329617763 0 1 0 0 0 0 1 0 1 1 1 1 1 1 1 0 0 0 1 0 1 1 0 x
0.250788843128804 0 0 1 1 0 0 0 0 1 1 0 1 0 1 0 1 1 1 1 1 0 0 1 x
0.082726435144777 1 0 1 0 0 0 0 0 0 1 1 1 0 1 0 1 0 0 0 0 0 1 0 x
0.229513634508194 0 0 0 0 0 0 0 0 0 0 1 0 1 1 0 1 0 0 1 0 1 0 0 x
0.027351600192151 1 0 0 0 0 1 0 0 0 0 1 1 1 1 1 1 0 0 1 0 1 1 0 x
0.032877640271261 0 1 0 0 0 0 0 0 1 0 1 1 0 1 1 1 0 1 1 0 1 0 1 x
0.033406605429146 1 0 0 0 0 0 0 0 0 0 1 1 0 1 0 1 0 1 1 0 0 0 1 x
0.046836462445233 1 0 0 0 0 0 1 0 0 0 1 1 0 0 1 1 0 0 1 0 0 1 0 x
0.081297070671438 1 0 0 0 1 0 0 0 0 1 1 1 0 1 0 1 0 1 1 0 1 0 0 x
0.019425378372053 1 0 0 0 0 0 0 0 0 0 1 1 0 1 1 1 0 0 1 0 1 0 1 x
0.053062008342119 1 0 0 0 0 0 0 1 0 0 1 1 0 1 1 1 0 0 1 0 1 0 0 x
0.163476202276543 0 0 0 0 0 0 0 0 0 0 0 1 0 1 0 1 0 1 1 0 0 0 1 x
0.144943585978972 0 0 1 1 0 0 0 0 1 1 0 1 1 1 1 1 1 1 1 0 1 1 1 x
0.294919701798626 0 0 1 0 0 0 0 1 1 0 0 0 0 0 0 0 0 0 1 0 1 0 0 x
0.102519455562201 1 0 0 0 0 0 0 1 1 0 1 1 1 1 1 0 0 0 1 0 1 0 1 x
0.151879549288545 0 0 0 1 1 0 0 0 0 0 1 0 1 1 1 1 1 1 1 0 0 0 1 x
0.078397980027847 1 0 0 0 0 0 0 0 0 0 1 1 0 0 0 1 0 0 0 0 0 0 1 x
0.101637785363187 0 0 0 1 1 0 0 0 0 1 1 1 1 1 1 1 1 0 1 0 1 0 0 x
0.186964559891216 1 0 0 1 0 0 0 1 0 1 1 1 0 1 0 1 0 0 0 0 0 0 0 x
0.044109792379048 0 0 1 0 0 0 0 0 0 0 1 1 1 0 1 1 0 0 1 1 1 0 1 x
0.037556491868820 0 1 0 0 0 0 0 0 0 1 1 0 0 1 1 0 1 1 0 0 1 1 0 x
0.157693984722395 1 0 0 0 0 0 1 0 0 0 1 1 0 1 1 1 1 1 1 1 1 0 0 x
0.015228748989585 1 0 0 0 0 0 0 0 0 0 1 1 1 1 1 0 0 1 1 1 1 0 1 x
0.140516291013624 0 1 0 0 0 0 0 0 1 0 1 1 1 1 1 0 0 0 1 0 1 1 1 x
0.018644446367196 0 1 0 0 0 0 0 0 0 0 1 1 1 0 1 0 1 1 1 0 0 1 1 x
0.160152695425745 0 0 0 0 0 0 1 0 1 0 1 1 1 0 1 1 1 1 1 0 0 1 1 x
0.129624210813670 0 0 0 1 0 0 0 0 0 0 1 1 1 0 1 0 0 1 1 0 0 0 0 x
0.082536835852202 1 0 0 0 0 0 1 0 0 0 1 1 1 0 1 1 1 0 1 1 1 1 0 x
0.034115657180209 0 0 1 0 0 0 0 0 1 0 1 0 1 1 1 1 1 1 1 0 0 1 1 x
0.090184662111305 1 0 0 0 0 0 1 0 0 1 0 1 1 0 1 1 0 0 1 1 0 1 1 x
0.052913463554487 0 1 0 0 0 0 0 0 1 0 1 1 1 1 1 0 1 1 1 0 1 0 0 x
0.054374520956368 0 1 0 0 0 0 0 0 0 1 1 1 0 1 1 0 1 0 1 0 0 1 1 x
0.044712101936563 0 1 0 0 0 0 0 0 1 0 1 1 1 0 1 1 1 1 1 0 0 0 1 x
0.126751604997348 1 0 0 1 0 0 0 0 0 1 1 0 1 1 1 1 1 0 1 1 1 1 0 x
0.042946112948848 0 1 0 0 0 0 0 0 0 1 0 1 1 1 1 1 1 1 0 0 0 1 1 x
0.052723294122455 0 1 0 0 0 0 0 0 1 0 1 0 0 1 1 0 1 1 0 0 1 1 0 x
0.070872997769965 0 1 0 1 0 0 0 0 0 1 1 1 1 1 1 1 1 1 1 0 0 1 1 x
0.068271438003723 0 1 1 0 0 0 0 0 1 1 1 1 0 1 1 1 0 1 0 0 1 0 1 x
0.066866015953135 1 1 0 0 0 0 0 1 0 1 1 1 0 1 1 1 0 0 0 0 1 1 0 x
0.032167245445299 0 0 1 0 0 0 0 0 0 0 1 0 1 1 1 1 0 0 0 1 0 1 1 x
0.175107922339994 1 0 0 0 1 0 0 1 0 1 0 0 1 1 1 0 0 1 1 0 1 1 0 x
0.025408655162066 0 1 0 0 0 0 0 0 0 0 1 1 0 1 1 1 1 1 1 0 1 1 1 x
0.065264420654555 0 1 0 1 0 0 0 0 0 1 0 1 1 1 1 1 0 0 1 0 1 0 1 x
0.053192475721798 1 0 0 0 0 0 0 0 1 0 0 1 1 1 0 1 0 1 1 1 1 0 1 x
0.048716545230890 0 1 0 0 0 0 0 0 0 1 1 0 1 0 1 1 0 1 1 0 1 1 0 x
0.056958447641316 1 0 0 0 0 0 0 0 0 0 1 1 0 1 1 1 0 0 1 1 1 0 0 x
0.087558954148561 0 0 1 1 0 0 0 0 0 0 1 1 1 1 1 0 1 0 0 1 1 0 0 x
0.046545386403275 0 0 1 0 0 0 0 0 0 0 1 1 1 1 1 0 0 1 0 1 1 0 1 x
0.037989698891659 0 0 1 0 0 0 0 0 0 0 1 0 1 0 1 0 0 1 0 1 0 0 1 x
0.048674106559277 0 0 0 0 1 0 0 0 0 0 1 1 1 1 1 1 1 1 1 0 1 0 1 x
0.085488192512641 0 1 1 0 0 0 0 0 0 1 1 1 0 1 1 0 0 1 0 0 1 0 0 x
0.171877873557017 0 0 0 1 0 0 0 0 1 0 1 1 1 1 1 0 1 0 0 0 1 0 0 x
0.023751891953657 1 0 0 0 0 0 0 0 0 0 1 1 1 0 1 0 0 0 1 1 1 0 0 x
0.096985537034545 0 0 0 1 1 0 0 0 0 1 1 1 1 1 1 0 0 1 1 1 0 0 0 x
0.066328787758205 0 0 0 1 0 0 0 0 0 0 0 0 1 0 1 1 0 0 1 1 0 1 0 x
0.165113173875568 1 1 0 1 0 0 0 1 0 1 1 1 1 1 1 0 0 0 1 1 1 1 0 x
0.075090789236518 0 0 0 0 1 0 0 0 0 0 0 1 1 0 1 1 0 0 1 0 1 1 1 x
0.045391935408245 0 1 0 0 0 0 0 0 0 1 0 1 0 0 1 0 1 1 0 1 0 0 1 x
0.067854375929287 0 0 1 0 0 0 0 0 1 0 1 0 1 0 1 1 0 0 1 1 0 1 0 x
0.145690997603718 0 1 0 0 1 0 0 0 0 1 0 0 1 1 1 1 1 1 0 0 1 1 0 x
0.069424913804568 1 0 0 0 0 0 0 0 0 0 0 1 0 1 1 1 1 0 1 1 0 1 1 x
0.021829815618206 0 0 0 1 0 0 0 0 0 0 0 1 1 1 1 1 1 0 1 1 0 1 1 x
0.110867250268803 1 1 0 0 0 0 1 0 0 1 1 1 0 1 1 0 1 0 0 0 1 0 0 x
0.126800199127177 0 0 1 0 0 0 0 0 0 0 1 0 1 1 1 0 1 1 0 1 0 0 0 x
0.082739563053805 1 1 0 0 0 0 1 1 1 1 1 1 0 1 1 0 1 0 1 0 0 1 0 x
0.045983825326738 0 1 0 0 0 0 0 0 0 0 0 1 1 1 1 0 1 1 1 0 1 0 1 x
0.054984108913168 0 0 0 1 0 0 0 0 0 0 0 1 1 1 1 1 0 0 1 1 1 1 1 x
0.161972315605341 0 0 1 1 0 0 0 0 0 1 0 0 1 1 1 0 0 0 1 1 1 0 0 x
0.049259728031502 0 0 1 0 0 0 0 0 0 0 1 1 1 1 1 0 0 1 1 1 0 1 1 x
0.109626773770007 1 1 0 0 0 0 0 1 1 1 1 1 0 1 1 0 1 1 1 0 1 0 0 x
0.048459588158299 0 0 1 0 0 0 0 0 1 0 0 0 1 0 1 1 0 1 0 0 0 0 1 x
0.102765207791118 1 0 0 0 0 0 1 0 1 0 0 1 0 0 1 0 1 0 0 0 0 1 0 x
0.068979655534856 1 0 0 1 0 0 0 0 1 1 1 1 1 1 1 0 1 0 1 1 0 0 0 x
0.063027066076698 0 0 1 0 0 0 0 0 1 0 1 0 0 1 1 1 0 1 0 0 0 1 0 x
0.110379655277068 0 1 0 0 0 0 0 0 0 0 1 0 0 0 1 0 1 1 1 0 0 1 0 x
0.043938732459844 0 0 0 1 0 0 0 0 0 0 0 0 1 1 1 1 0 0 1 1 0 0 1 x
0.141335103206042 1 0 0 1 1 0 0 0 1 1 1 1 1 1 0 1 1 0 0 1 0 0 0 x
0.100456649493391 0 0 0 1 0 0 0 0 0 0 0 0 1 1 1 1 0 1 1 0 0 1 0 x
0.080345533942644 0 1 0 0 1 0 0 0 0 1 1 1 0 1 1 0 0 1 0 0 1 1 0 x
0.101633615149737 0 0 1 0 0 0 0 0 1 0 0 1 1 0 1 0 1 0 1 1 1 0 1 x
0.020798482159413 0 1 0 0 0 0 0 0 0 0 0 1 1 0 1 0 1 0 0 0 0 1 1 x
0.020411583702979 1 0 0 0 0 0 0 0 0 0 0 1 1 1 1 1 0 1 1 0 1 1 1 x
0.140823396872208 1 1 0 0 0 0 1 1 1 0 1 1 1 1 1 1 1 0 0 0 0 0 1 x
0.029176173470103 0 0 1 0 0 0 0 0 0 0 0 1 0 0 1 1 0 0 0 1 0 0 1 x
0.060454821115959 1 0 0 0 1 0 0 0 0 1 1 1 1 0 1 1 0 1 0 0 0 1 0 x
0.077711108023477 0 1 0 0 1 0 0 0 1 1 1 1 1 0 1 1 0 1 0 0 1 0 0 x
0.058404388552383 0 1 1 0 0 0 0 0 1 1 1 1 1 1 1 0 1 0 0 0 1 1 0 x
0.021126478200378 0 1 0 0 0 0 0 0 0 1 0 1 1 0 1 1 0 1 1 0 0 1 1 x
0.079389470888189 0 1 0 0 0 0 1 0 0 1 0 1 1 0 1 0 1 1 0 0 0 1 1 x
0.083744498381448 0 0 0 1 0 0 0 0 0 0 0 1 1 0 1 1 1 1 1 1 0 0 1 x
0.128176205240456 0 0 0 0 1 0 0 0 0 0 1 1 1 0 1 1 0 1 0 0 1 0 0 x
0.082625353091163 1 0 0 0 0 0 0 0 0 0 1 1 1 1 1 0 0 0 0 0 1 1 0 x
0.104030429069606 0 1 0 0 0 0 0 0 0 1 1 1 0 0 1 0 1 0 0 1 0 1 1 x
0.064091446217851 1 0 0 0 0 0 1 0 0 0 0 1 1 0 1 1 1 0 1 0 0 0 1 x
0.016302360158044 0 1 0 0 0 0 0 0 0 1 0 1 1 1 1 0 1 1 1 0 0 1 1 x
0.032177960104738 1 0 0 0 0 0 0 0 0 0 1 1 1 0 1 1 0 1 1 1 0 0 1 x
0.031000727593642 1 0 0 0 0 0 0 0 0 0 0 1 1 1 1 0 1 0 1 1 1 0 1 x
0.033464355135000 1 0 0 0 0 0 0 0 0 0 1 1 1 1 1 1 0 1 1 0 1 0 1 x
0.043626951307044 1 0 0 0 0 0 0 0 0 0 1 1 1 0 0 0 1 1 1 1 0 0 1 x
0.099808001289424 0 1 0 0 1 0 0 0 0 0 1 1 0 1 1 1 1 1 0 0 1 0 1 x
0.063887411468926 0 1 0 0 0 0 0 0 0 1 0 1 0 1 1 0 1 1 1 0 1 1 0 x
0.068851241630782 0 1 0 0 0 1 0 0 0 0 0 1 0 1 1 1 1 0 0 0 1 0 1 x
0.026105982317034 0 1 0 0 0 0 0 0 1 0 0 1 1 1 1 1 1 1 1 0 0 1 1 x
0.070940592404673 1 0 0 0 0 1 0 1 0 0 0 1 1 1 1 1 0 0 1 0 1 1 0 x
0.076105712586752 0 0 1 1 0 0 0 0 0 1 1 1 1 1 1 1 0 0 0 0 1 0 1 x
0.061376833138881 1 0 0 0 1 0 0 0 1 1 1 1 0 1 1 1 0 1 0 0 0 1 0 x
0.069941036871590 0 1 0 1 0 0 0 0 0 1 0 1 1 1 1 1 1 0 0 1 0 1 1 x
0.069676540938816 0 0 0 1 0 0 0 0 0 0 1 1 1 1 1 1 0 0 1 1 0 1 1 x
0.055295335805875 1 0 0 0 0 0 0 0 0 0 0 1 0 0 1 0 0 1 1 0 0 0 1 x
0.076123061922909 0 1 0 0 0 0 1 0 0 0 1 1 0 1 1 0 1 0 0 0 0 1 0 x
0.074818086754126 1 0 0 0 0 0 0 0 0 0 1 1 0 1 0 0 0 1 1 1 1 0 0 x
0.049375682412055 1 0 0 0 0 0 0 0 0 0 1 1 0 1 0 1 1 1 0 1 0 0 1 x
0.023374880168125 1 0 0 0 0 0 0 0 0 0 1 1 0 1 0 0 1 0 1 0 1 0 1 x
0.029839283417471 0 0 0 1 0 0 0 0 0 0 0 1 1 1 0 1 1 0 0 1 1 0 1 x
0.067652828288195 1 0 1 0 0 0 0 0 1 1 1 1 0 1 0 1 0 1 0 0 0 0 1 x
0.019750198708503 0 0 1 0 0 0 0 0 0 0 0 0 1 1 1 1 0 0 1 0 0 1 1 x
0.083978039439518 0 1 0 0 0 0 0 0 1 1 1 1 0 1 1 1 0 1 0 0 1 0 0 x
0.071238268180364 1 0 1 0 0 0 0 0 0 1 1 1 1 0 1 1 0 0 1 0 0 0 1 x
0.028371421192790 0 1 0 0 0 0 0 0 1 0 0 1 1 0 1 1 0 1 0 0 1 0 1 x
0.033605515253850 0 0 1 0 0 0 0 0 0 0 1 1 1 1 1 1 1 0 1 0 1 1 1 x
0.096459893185735 1 0 0 0 0 0 0 0 1 0 1 1 1 1 1 0 1 1 0 0 0 0 1 x
0.071007386636671 0 1 1 0 0 0 0 0 0 0 1 1 1 1 1 1 0 0 0 0 1 1 1 x
0.053740307186316 1 0 0 0 1 0 0 0 0 1 1 0 1 1 1 1 0 1 1 0 0 1 1 x
0.153905616077686 0 0 1 1 0 0 0 0 0 1 1 1 1 1 0 0 0 0 0 1 0 0 0 x
0.084981961280352 1 0 0 0 1 0 0 0 0 1 1 1 0 0 1 0 0 0 1 0 1 0 0 x
0.081025387939616 0 1 1 0 0 0 0 0 1 0 1 1 1 1 1 1 1 0 0 1 1 0 1 x
0.096097769329814 0 0 1 0 0 0 0 0 0 0 0 0 0 0 1 0 0 0 0 1 0 1 0 x
0.046174990492313 0 0 0 1 0 0 0 0 0 0 0 1 1 1 1 1 1 0 1 0 1 0 1 x
0.103371644534093 0 1 1 0 0 0 0 0 0 1 0 1 0 1 1 1 1 0 0 0 0 1 1 x
0.031758527779858 0 0 1 0 0 0 0 0 0 0 0 1 1 0 0 1 0 1 0 1 0 0 1 x
0.059552276143972 1 0 0 1 0 0 0 0 1 1 0 1 1 1 0 1 0 1 0 1 0 0 1 x
0.042548912157465 0 0 1 0 0 0 0 0 0 0 0 1 0 0 1 0 0 1 0 0 0 0 1 x
0.028431056168286 0 0 1 0 0 0 0 0 1 0 0 1 1 1 1 1 1 0 1 1 0 1 1 x
0.083390070583212 0 0 0 1 0 0 0 0 0 0 1 1 1 1 0 0 1 1 1 1 1 0 1 x
0.024436009650881 0 1 0 0 0 0 0 0 0 0 0 1 1 1 1 1 1 0 0 0 1 1 1 x
0.094075691623515 1 0 1 0 0 0 0 0 0 1 1 1 0 1 0 0 0 0 1 1 0 0 1 x
0.030982513965745 0 0 1 0 0 0 0 0 0 0 0 1 0 1 0 1 0 1 0 0 1 0 1 x
0.023381765931014 0 1 0 0 0 0 0 0 0 0 1 1 0 1 1 0 1 1 0 0 1 0 1 x
0.028404712572423 1 0 0 0 0 0 1 0 0 0 1 1 0 1 1 1 1 0 1 0 0 1 1 x
0.101016520117040 0 0 1 0 0 0 0 0 1 1 1 1 1 1 1 1 0 1 1 0 0 1 1 x
0.075228148821292 0 0 1 1 0 0 0 0 0 0 1 1 1 1 1 1 0 1 0 1 1 0 1 x
0.079897253208879 1 0 0 1 0 0 0 0 1 0 0 1 1 1 0 1 1 0 0 1 0 0 1 x
0.119450175632629 0 1 1 0 0 1 0 0 1 1 0 1 1 1 1 1 0 0 0 0 1 0 1 x
0.089311772121255 0 1 1 0 0 0 0 0 1 0 1 1 0 1 1 0 1 0 0 0 0 0 1 x
0.059412422772202 1 1 0 0 0 0 0 1 1 1 1 1 1 1 1 0 1 0 0 0 1 1 0 x
0.030536149852208 0 0 1 0 0 0 0 0 0 0 0 1 1 1 1 0 0 0 1 1 0 0 1 x
0.069521230754415 1 0 0 0 1 0 0 0 1 1 1 1 1 0 1 0 0 1 1 1 0 0 0 x
0.107297958876308 1 1 0 0 0 0 1 0 1 1 0 1 0 1 1 0 1 0 0 0 0 1 1 x
0.041908720323845 0 1 0 0 0 1 0 0 0 0 0 1 1 1 1 0 1 0 0 0 0 1 1 x
0.082208673413172 1 0 0 0 1 1 0 0 0 1 1 1 1 1 1 1 0 0 1 0 1 1 0 x
0.054007561104310 1 0 0 0 0 0 1 0 0 0 1 1 0 1 1 0 1 0 1 0 1 0 0 x
0.058882682235233 0 0 0 1 0 0 0 0 0 0 0 0 1 1 0 1 1 0 1 1 0 1 1 x
0.092485518633236 1 0 0 1 0 0 0 1 1 1 1 1 1 1 1 1 0 1 1 1 0 1 0 x
0.039128032905408 1 0 0 0 0 0 0 1 0 0 1 1 1 1 0 0 1 0 1 1 1 0 0 x
0.028325825754846 0 0 1 0 0 0 0 0 0 0 0 0 1 1 1 1 0 1 0 1 0 1 1 x
0.167471642336750 0 0 0 0 1 0 0 0 1 0 1 1 1 1 1 1 1 1 1 1 1 1 1 x
0.073491269357794 0 1 0 0 0 0 0 0 1 1 0 1 1 0 1 0 1 1 1 1 0 0 1 x
0.031507439552227 0 1 0 0 0 0 0 0 0 0 0 1 0 0 1 0 0 1 0 0 0 0 1 x
0.057116660086565 1 0 0 0 1 0 0 0 0 0 1 1 0 1 1 0 0 0 0 1 1 0 0 x
0.035263345506934 0 1 0 0 0 0 0 0 0 0 0 1 0 1 1 0 1 0 0 1 1 0 1 x
0.057181719217346 1 0 0 1 0 0 0 0 0 1 0 1 1 1 1 1 0 0 0 1 1 1 0 x
0.017202073245783 0 1 0 0 0 0 0 0 0 0 0 1 1 1 1 0 1 1 0 1 0 1 1 x
0.071624464668346 0 0 0 1 0 0 0 0 1 1 0 1 1 1 1 1 1 0 1 1 0 1 0 x
0.026151732040768 0 1 0 0 0 0 0 0 0 0 0 1 0 1 1 0 1 1 0 0 0 1 1 x
0.038804922380763 1 0 0 0 0 0 0 0 0 0 1 1 1 1 0 0 0 0 1 1 1 0 1 x
0.065893172577708 1 0 0 0 0 0 0 1 0 0 1 1 0 1 1 0 1 0 1 1 1 0 1 x
0.022746280012946 1 0 0 0 0 0 0 0 0 0 0 1 1 1 1 0 0 1 1 1 0 1 1 x
0.016257912179688 1 0 0 0 0 0 0 0 0 0 1 1 1 1 1 0 1 0 1 1 1 1 0 x
0.050738577575666 1 0 0 0 1 0 0 0 0 0 1 1 1 0 1 0 0 1 0 1 0 0 1 x
0.021434405396809 0 0 1 0 0 0 0 0 0 0 0 1 1 1 0 1 1 0 0 1 1 0 1 x
0.022963821039177 0 0 1 0 0 0 0 0 0 0 1 1 0 1 1 1 1 0 0 1 1 0 1 x
0.044977740646425 0 0 1 0 0 0 0 0 0 0 1 1 0 0 0 1 1 1 0 0 1 0 1 x
0.058007159120480 1 0 0 0 1 0 0 0 0 0 1 1 0 1 0 1 1 0 0 0 1 0 1 x
0.025579557835912 0 0 1 0 0 0 0 0 1 0 0 0 1 1 1 1 1 0 0 1 0 1 1 x
0.043521404038485 0 1 0 0 0 0 0 0 1 0 0 1 0 1 0 1 1 1 0 0 1 0 1 x
0.089120060089182 0 0 0 1 1 0 0 0 0 0 0 1 1 1 1 1 0 0 0 1 1 0 0 x
0.090134885504113 0 0 1 0 0 0 0 0 0 0 0 0 0 0 1 1 0 1 0 1 0 0 1 x
0.053676523015687 0 0 1 0 0 0 0 0 0 0 0 0 1 1 0 0 0 1 0 0 0 1 1 x
0.047582021222137 0 0 1 0 0 0 0 0 0 0 0 1 0 1 0 1 1 0 0 0 0 0 1 x
0.036884980119683 1 0 0 0 0 0 0 0 0 0 1 0 1 1 1 0 0 1 1 1 0 0 1 x
0.101160511339370 0 0 1 0 0 1 0 0 1 0 0 1 1 1 0 1 1 1 0 0 1 0 1 x
0.094355422295162 0 0 1 0 1 0 0 0 0 0 1 1 0 1 1 1 0 0 0 0 1 0 0 x
0.060725336440725 0 1 0 0 0 0 0 0 0 0 0 1 1 1 1 0 1 0 0 1 0 1 0 x
0.031746241218409 0 0 1 0 0 0 0 0 0 0 0 1 1 1 1 1 0 0 0 1 0 1 1 x
0.034258199208846 0 0 1 0 0 0 0 0 0 0 1 0 1 1 0 1 0 1 1 0 1 0 1 x
0.066980590100990 0 1 0 0 0 1 0 0 0 0 0 1 1 0 1 0 1 0 0 1 0 0 1 x
0.029882623523675 0 0 1 0 0 0 0 0 0 0 1 0 1 1 1 0 1 0 1 1 0 1 1 x
0.035265068457064 0 0 0 1 0 0 0 0 0 0 1 1 1 1 1 1 1 0 1 1 1 0 1 x
0.035481163152058 1 0 0 0 0 0 1 0 0 0 1 1 0 1 1 1 1 0 0 0 1 1 0 x
0.182045154339059 1 0 0 0 1 0 0 0 1 1 1 0 0 1 0 0 0 1 0 0 0 0 0 x
0.048493140106391 0 0 1 0 0 0 0 0 0 0 0 1 0 0 1 1 0 0 0 0 1 0 0 x
0.058808958054338 1 0 0 0 1 0 0 0 0 1 0 1 1 1 0 1 0 1 1 0 0 0 1 x
0.022198447067992 1 0 0 0 0 0 1 0 0 0 0 1 1 1 1 1 0 0 1 0 0 1 1 x
0.046148951151466 0 0 0 0 1 0 0 0 0 0 0 1 1 0 0 1 1 0 1 0 1 0 1 x
0.070155439076571 0 0 0 0 1 0 0 0 0 0 1 1 1 0 1 0 1 1 1 0 0 0 1 x
0.095276896947667 1 0 0 1 0 0 0 1 1 1 0 1 1 1 0 1 1 0 0 1 1 0 0 x
0.061469269206669 1 0 0 0 0 0 1 0 0 0 0 1 1 1 0 1 1 0 1 0 1 1 1 x
0.012073600988393 1 0 0 0 0 0 0 0 0 0 1 1 0 1 1 0 1 0 0 1 1 0 1 x
0.045049358918198 0 0 1 0 0 0 0 0 1 0 0 0 1 1 0 1 0 1 0 1 0 0 1 x
0.079124866560238 0 0 1 0 0 0 0 0 0 0 0 0 1 0 1 0 0 1 1 0 0 1 1 x
0.079615630437658 1 0 0 1 0 0 0 0 0 1 0 1 1 0 1 0 0 0 1 1 0 0 0 x
0.066839149252961 1 0 1 0 0 0 0 0 0 1 1 0 1 1 1 1 0 0 1 0 0 1 1 x
0.052890874701008 0 1 0 0 0 1 0 0 0 1 1 1 1 1 1 0 1 1 1 0 0 1 1 x
0.053885487857380 1 0 0 0 0 0 0 0 0 0 0 0 1 1 1 1 0 1 0 1 0 1 1 x
0.112927249494966 1 0 1 0 0 0 1 0 0 0 1 1 1 1 1 1 1 0 0 1 0 1 1 x
0.018303534158072 0 1 0 0 0 0 0 0 0 0 0 1 1 0 1 1 1 0 0 1 0 1 1 x
0.039555699630193 0 0 1 0 0 0 0 0 1 0 0 0 1 1 1 1 0 1 0 0 1 1 0 x
0.045080184653559 1 0 0 0 1 0 0 0 0 1 1 1 1 1 1 1 0 1 0 1 0 1 0 x
0.058948103686772 0 0 1 0 0 0 0 0 0 0 0 0 1 1 1 1 0 0 1 1 1 1 1 x
0.085659172844901 0 0 1 0 0 0 0 0 0 0 1 1 0 0 0 0 1 0 0 1 0 0 1 x
0.141215570833836 0 0 0 1 1 0 0 0 0 1 1 0 1 1 1 1 0 0 1 1 1 0 1 x
0.052130141952221 0 1 0 0 0 0 1 0 0 0 0 1 1 0 1 1 1 0 1 0 0 1 1 x
0.073226786073872 1 0 0 0 1 0 1 0 0 1 1 1 1 1 1 1 0 0 1 0 0 1 0 x
0.036321724825205 0 1 0 0 0 0 0 1 0 0 1 1 0 1 1 1 1 0 0 0 1 1 0 x
0.036093605294392 0 1 0 0 0 0 0 0 1 0 1 1 0 1 1 1 1 0 0 0 1 1 0 x
0.068775403664937 0 1 0 0 0 0 0 1 0 1 1 1 1 1 1 0 1 1 1 0 1 1 0 x
0.014160136715642 0 1 0 0 0 0 0 0 0 0 0 1 1 0 1 1 0 0 1 0 0 1 1 x
0.019299106665914 0 0 1 0 0 0 0 0 0 0 0 1 1 1 1 1 1 1 0 0 1 1 1 x
0.013356107262711 1 0 0 0 0 0 0 0 0 0 0 1 1 0 1 1 0 0 1 0 0 1 1 x
0.058884035807210 0 0 0 1 0 0 0 0 0 0 0 1 0 1 1 1 1 0 0 1 0 0 1 x
0.036469829717318 0 0 0 0 1 0 0 0 0 0 0 1 0 0 1 1 1 0 0 0 1 0 1 x
0.081320812773772 0 1 1 0 0 0 0 0 0 1 1 1 1 0 1 0 0 1 0 0 0 0 1 x
0.042104559234031 1 0 0 1 0 0 0 0 0 1 1 1 1 1 1 0 0 1 1 1 0 0 1 x
0.020964599190052 1 0 0 0 0 0 0 1 0 0 1 1 1 1 1 1 1 0 1 0 1 1 0 x
0.024775022965918 1 0 0 0 0 0 0 0 0 0 0 1 0 1 1 1 1 0 0 0 1 1 1 x
0.059806545612170 0 0 1 0 0 0 0 0 0 0 0 0 1 1 0 1 1 1 0 0 1 0 1 x
0.050796018488963 1 0 0 0 1 0 0 0 0 0 0 1 1 1 1 1 0 0 1 0 0 1 1 x
0.043328299902937 0 0 0 0 1 0 0 0 0 0 0 1 1 0 1 0 1 1 0 0 1 0 1 x
0.086954221640583 0 1 0 0 1 0 0 0 0 0 1 1 0 0 1 0 1 0 0 0 1 0 0 x
0.062546066950147 0 1 0 0 0 1 0 0 0 0 1 0 1 1 1 1 0 1 0 0 1 1 0 x
0.040585725902362 0 1 0 0 0 0 0 0 0 1 0 1 1 0 1 0 0 1 0 0 1 1 0 x
0.043502598779785 1 0 0 0 0 0 0 0 0 0 0 1 1 0 1 0 0 1 0 1 1 0 1 x
0.080756272694968 0 1 0 1 0 0 0 0 0 1 0 1 1 0 1 0 0 1 0 0 0 1 0 x
0.067103388321970 0 0 1 0 1 0 0 0 0 0 1 1 1 1 1 0 0 1 1 0 1 0 1 x
0.090088408331111 1 0 0 0 1 0 0 0 0 0 1 1 1 1 1 0 1 1 1 1 1 0 1 x
0.057998348729788 0 0 0 1 0 0 0 0 0 0 0 1 1 0 1 1 1 0 0 1 0 1 0 x
0.076961787925028 1 0 0 0 0 0 0 0 0 0 0 0 1 1 1 1 0 0 1 0 1 1 0 x
0.066017611014922 1 0 0 0 1 0 0 0 0 0 1 0 1 0 1 1 0 0 0 1 0 0 1 x
0.054980679081757 0 0 1 0 0 0 0 0 0 0 1 0 1 1 1 1 1 0 1 1 0 0 1 x
0.059669593979656 1 0 1 0 0 0 0 0 0 1 1 1 1 1 1 0 0 0 1 1 1 1 0 x
0.047094468684756 0 1 0 0 0 0 0 0 0 0 0 1 1 0 1 1 0 1 1 0 1 0 1 x
0.073924484853247 1 0 1 0 0 0 0 0 1 1 1 0 1 1 0 1 0 1 0 1 0 1 0 x
0.023622192289427 0 1 0 0 0 0 0 0 0 0 1 1 0 0 1 1 1 1 0 0 0 1 1 x
0.073583191588428 0 0 0 1 0 0 0 0 1 0 0 0 1 0 0 1 0 1 0 1 0 0 0 x
0.048753938915004 0 1 0 0 0 0 0 0 0 1 1 1 0 0 1 0 1 1 0 0 1 1 0 x
0.065951616406095 1 1 0 0 0 0 0 0 1 1 0 1 1 1 0 0 0 1 0 1 0 0 1 x
0.077311968698266 0 1 0 1 0 0 0 0 1 1 1 1 1 0 1 1 0 1 0 0 0 0 1 x
0.043489394749985 0 0 1 0 0 0 0 0 1 0 0 1 0 1 1 1 1 1 0 0 1 0 1 x
0.016334126903393 1 0 0 0 0 0 0 0 1 0 1 1 0 1 1 1 1 0 0 1 1 0 1 x
0.013878379561966 1 0 0 0 0 0 0 0 0 0 1 1 1 0 1 1 1 0 0 1 0 1 1 x
0.028111080376325 1 0 0 0 0 0 0 0 1 0 0 1 1 0 1 1 1 1 0 1 0 1 1 x
0.018406350108753 1 0 0 0 0 0 0 0 0 0 1 1 1 1 1 1 1 1 0 1 1 1 1 x
0.031194304023705 1 0 0 0 0 0 0 1 0 0 1 1 0 1 1 1 1 0 0 1 1 1 0 x
0.038106043399034 0 0 0 0 1 0 0 0 0 0 0 1 1 0 1 1 1 0 0 1 1 0 1 x
0.028923873290765 1 0 0 0 0 0 0 0 0 0 1 1 0 0 1 1 1 0 0 1 1 0 1 x
0.049103804029492 1 0 0 0 1 0 0 0 1 1 0 1 1 1 1 1 0 1 0 0 1 1 0 x
0.052222425626005 1 0 0 1 0 0 0 0 1 1 1 1 1 1 1 1 1 1 0 1 0 1 1 x
0.056987369274484 0 0 1 0 0 0 0 0 1 0 1 0 1 1 1 0 0 1 1 1 0 0 1 x
0.031663827245398 0 0 1 0 0 0 0 0 0 0 0 1 1 1 1 0 1 1 0 1 1 1 1 x
0.065923531508680 0 0 1 0 0 0 0 0 1 0 0 0 1 0 0 1 0 1 0 0 0 1 0 x
0.082808032307595 0 1 0 1 0 0 0 0 1 1 0 1 1 0 1 1 0 0 1 0 0 1 0 x
0.036048245667334 0 0 1 0 0 0 0 0 0 0 0 1 1 1 1 1 1 0 0 1 1 1 0 x
0.056249912928314 0 0 1 0 0 0 0 0 0 0 1 1 0 0 1 1 0 1 0 0 0 0 1 x
0.017363023272824 0 1 0 0 0 0 0 0 0 0 1 0 1 1 1 1 1 1 0 0 1 1 1 x
0.044536071947758 0 1 0 0 0 0 0 0 0 1 1 1 1 0 1 1 1 1 0 0 1 1 1 x
0.051854907030177 0 1 0 0 0 0 0 0 0 0 1 0 0 1 1 1 1 0 0 0 1 1 0 x
0.073955190219840 0 1 1 0 0 0 0 0 1 1 0 1 1 1 1 0 0 1 0 0 0 1 1 x
0.020792315223110 1 0 0 0 0 0 0 0 0 1 0 1 1 1 1 1 0 1 1 0 0 1 1 x
0.033679713243438 0 0 1 0 0 0 0 0 0 0 1 1 1 1 0 0 1 1 1 0 1 0 1 x
0.026711468240459 1 0 0 0 0 0 0 1 0 0 1 1 1 1 1 1 1 0 0 1 0 1 1 x
0.018609443376259 1 0 0 0 0 0 0 0 0 0 0 1 1 1 1 1 1 0 0 1 1 1 1 x
0.035253213474824 1 0 0 0 0 0 0 0 1 0 1 1 1 1 1 1 0 1 0 1 0 1 1 x
0.017149418729728 0 1 0 0 0 0 0 0 0 0 1 0 1 1 1 0 1 1 0 1 0 1 1 x
0.028559166190825 0 1 0 0 0 0 0 0 1 0 1 0 1 0 1 1 1 1 0 0 0 1 1 x
0.044171637502347 0 1 0 0 0 0 0 0 0 0 1 1 1 1 1 1 1 0 1 0 0 1 1 x
0.075120560947106 1 0 0 0 0 1 0 0 0 0 0 1 1 1 0 0 0 1 1 0 1 0 0 x
0.065636991706990 1 1 0 0 0 0 0 0 1 1 1 1 1 1 1 0 1 1 0 1 0 1 1 x
0.087855919572498 0 1 0 0 0 0 0 0 0 1 0 0 1 0 1 0 0 1 0 1 0 1 1 x
0.064551423899210 1 1 0 0 0 0 0 0 1 1 1 1 0 1 0 0 0 1 1 0 0 0 1 x
0.031816850562597 0 1 0 0 0 0 0 0 1 0 1 0 1 1 1 1 1 1 0 1 1 0 1 x
0.040501515457748 0 1 0 0 0 0 0 0 1 0 1 1 1 0 1 0 1 1 0 1 0 0 1 x
0.068334294832184 0 1 0 0 0 1 0 0 0 0 0 1 1 0 1 1 0 0 0 0 0 1 1 x
0.037603525459037 0 1 0 0 0 0 0 0 1 1 1 0 1 1 1 1 1 1 0 0 1 1 0 x
0.054168444768313 0 0 0 1 0 0 0 0 0 0 0 1 1 0 1 1 0 0 0 1 0 0 1 x
0.029702934269166 1 0 0 0 0 1 0 0 0 0 1 1 1 1 1 0 0 0 1 1 0 1 0 x
0.046214510029905 0 1 0 0 0 0 0 0 0 0 1 0 1 1 1 0 1 1 0 1 1 1 0 x
0.058946753985930 1 0 0 0 0 0 0 1 1 0 1 1 1 1 0 1 1 1 1 0 1 0 1 x
0.059849856876301 1 0 1 0 0 0 0 0 1 1 1 1 1 0 0 1 0 0 0 1 1 0 0 x
0.025173582149565 1 0 0 0 0 0 0 0 1 0 0 1 1 0 0 1 1 0 0 1 0 0 1 x
0.070930282505008 0 1 0 1 0 0 0 0 0 1 1 1 0 1 1 1 1 0 0 0 1 1 0 x
0.076443753672205 0 1 0 0 0 1 0 0 0 0 0 1 1 1 1 0 1 0 1 1 0 1 1 x
0.063944325972440 0 1 0 0 0 0 0 0 1 0 0 1 1 0 0 1 1 0 0 1 1 0 1 x
0.061121077068413 1 0 0 0 0 1 0 1 0 0 1 1 1 1 1 0 1 0 1 0 1 1 0 x
0.129458138728843 0 1 0 1 1 0 0 0 1 1 1 1 1 1 1 0 0 1 0 0 1 0 0 x
0.048042323823370 1 0 0 0 0 0 0 0 1 0 1 1 1 0 0 1 1 1 0 1 1 0 1 x
0.051269315426374 0 0 1 0 0 0 0 0 0 0 0 1 1 0 0 0 0 1 0 0 1 0 0 x
0.030539138726920 0 0 1 0 0 0 0 0 0 0 1 1 1 1 1 1 1 1 0 1 1 1 1 x
0.034861268398226 1 0 0 0 0 1 0 0 0 0 1 1 1 1 1 1 1 1 0 1 0 1 1 x
0.012381033929176 1 0 0 0 0 0 0 0 0 0 1 1 1 1 1 0 1 1 1 1 0 1 1 x
0.053328458892162 0 0 0 1 0 0 0 0 0 0 0 0 1 1 1 1 1 0 0 1 1 1 0 x
0.016155993806338 1 0 0 0 0 0 0 0 1 0 1 0 1 1 1 1 1 1 0 1 0 1 1 x
0.054253927221037 1 0 0 0 0 1 0 0 0 0 1 0 1 1 1 1 0 1 1 0 0 1 1 x
0.051759725369149 0 0 0 0 1 0 0 0 0 0 0 1 0 0 1 0 1 0 0 1 1 0 0 x
0.019933834491459 1 0 0 0 0 0 0 0 1 0 1 1 0 1 1 1 1 1 1 0 0 1 1 x
0.080821612626787 1 0 0 1 0 0 0 0 0 1 0 1 1 1 0 0 0 1 0 1 1 0 0 x
0.152580878214233 0 1 1 1 0 0 0 0 1 1 1 1 1 1 1 1 0 0 0 0 1 1 0 x
0.029807330859653 0 1 0 0 0 0 0 0 0 1 0 1 0 1 1 0 1 0 0 0 1 1 0 x
0.038115653209506 0 0 1 0 0 0 0 0 0 0 0 1 0 1 1 0 1 0 0 0 1 1 1 x
0.063827264269484 1 0 0 0 1 0 0 0 1 1 0 1 1 0 1 1 0 1 0 0 0 0 1 x
0.069149364599019 0 1 0 0 0 1 0 0 1 0 1 0 1 1 1 1 1 1 0 0 0 1 1 x
0.023517235532293 0 0 1 0 0 0 0 0 0 0 0 1 1 1 1 0 1 0 1 0 0 1 1 x
0.117662515144833 0 0 0 0 0 0 0 0 0 0 0 1 1 0 1 1 1 0 1 1 0 1 1 x
0.060351385923913 0 0 1 0 1 0 0 0 0 0 0 1 1 1 1 0 1 0 0 0 1 0 1 x
0.076486926334939 0 0 1 1 0 0 0 0 0 0 0 1 1 1 1 0 0 0 0 0 1 0 1 x
0.069205607620544 1 0 0 0 0 0 1 1 0 0 1 1 1 0 1 1 1 0 1 0 0 1 1 x
0.051108538737189 0 0 0 1 0 0 0 1 0 0 0 1 1 1 1 1 1 0 0 1 1 1 0 x
0.073012186421328 1 0 0 1 0 0 0 0 0 1 0 1 1 1 1 1 0 1 1 0 0 1 1 x
0.068199005864691 0 1 0 0 1 0 0 0 0 1 1 1 1 0 1 0 0 1 1 0 0 1 0 x
0.021846033212854 0 1 0 0 0 0 0 0 0 0 1 1 1 1 1 1 1 1 0 1 0 1 1 x
0.046639280490930 1 0 0 0 1 0 0 0 0 0 1 1 1 0 1 1 0 0 1 0 1 0 1 x
0.135132607434293 0 1 1 0 0 0 0 0 1 0 0 1 0 1 1 0 0 0 0 0 1 1 0 x
0.115272096600344 0 0 1 0 1 0 0 0 0 0 1 1 1 0 1 0 1 0 0 1 1 0 1 x
0.062984032162985 1 0 0 0 0 1 0 0 0 0 0 1 1 1 0 1 0 1 1 0 0 1 1 x
0.040789213134758 1 0 0 0 0 1 0 0 0 1 1 1 1 1 1 0 0 1 1 1 0 1 0 x
0.083845908034714 0 0 1 1 0 0 0 0 0 0 1 1 1 1 0 1 1 0 1 0 1 0 1 x
0.061250698254726 0 0 1 0 0 0 0 0 0 0 1 0 1 0 0 1 0 1 0 1 1 0 0 x
0.049692382177267 1 0 0 0 0 1 0 0 0 0 1 0 1 1 1 1 0 0 0 1 1 1 0 x
0.134477483007996 1 0 1 0 1 0 0 0 1 1 1 1 1 1 1 1 0 0 1 0 0 1 0 x
0.015987298987814 1 0 0 0 0 0 0 0 0 0 1 1 0 1 1 1 1 0 0 1 0 1 1 x
0.063812261610393 1 0 0 0 1 0 0 1 0 0 1 1 1 1 1 1 1 0 0 0 1 1 0 x
0.086105922688749 1 1 0 0 0 0 0 1 1 0 1 1 0 1 0 1 1 0 0 0 1 0 1 x
0.061291454595454 0 1 1 0 0 0 0 0 0 1 1 1 1 1 1 0 1 0 0 1 0 1 1 x
0.055567610716494 0 1 0 0 0 0 0 0 1 0 0 1 1 0 0 0 1 1 0 0 0 0 1 x
0.030959496606701 0 1 0 0 0 0 0 0 1 0 0 1 1 0 1 1 0 1 0 1 0 0 1 x
0.070077529551256 0 1 0 0 1 0 0 0 0 0 0 1 1 0 1 1 0 0 0 0 1 0 1 x
0.026854373836974 0 0 0 1 0 0 0 0 0 0 0 1 1 1 1 1 1 1 0 1 0 1 1 x
0.077015551433294 1 1 0 0 0 0 0 0 1 1 0 1 1 0 1 0 0 0 0 1 0 0 1 x
0.077811667886245 0 1 1 0 0 0 0 1 1 1 1 1 1 1 1 1 1 0 1 0 0 1 1 x
0.058676429307987 0 1 0 0 0 1 0 0 0 0 1 1 0 1 1 0 1 0 0 0 1 1 0 x
0.155214369941446 0 0 0 1 1 0 0 0 0 1 0 1 1 0 1 0 0 0 1 0 0 0 0 x
0.059191594600111 0 0 0 1 0 0 0 0 0 0 0 1 1 1 0 1 1 0 1 1 1 1 0 x
0.077953935239056 0 0 0 1 0 1 0 0 0 0 0 0 1 1 1 1 0 0 0 1 0 1 0 x
0.089249425136802 0 0 0 0 1 0 0 0 1 0 0 1 1 0 0 1 1 1 0 0 1 0 1 x
0.038898527640075 0 0 0 0 1 0 0 0 0 0 0 1 0 1 1 0 1 0 1 0 1 0 1 x
0.090957155041793 0 1 0 0 1 0 0 0 0 1 1 0 1 0 1 0 0 1 0 0 1 0 0 x
0.120417443537776 1 1 0 0 1 0 0 1 1 1 1 1 1 0 1 1 0 0 0 0 0 1 0 x
0.019431798863705 1 0 0 0 0 0 0 0 0 0 0 1 1 0 1 0 0 0 0 1 0 0 1 x
0.041068418091548 0 0 0 1 0 0 0 0 0 0 0 1 1 1 1 0 1 0 0 1 0 1 1 x
0.049654831954030 0 0 1 0 0 0 0 0 0 0 0 1 1 1 1 0 1 0 0 0 1 0 1 x
0.115353492391472 0 0 1 0 1 0 0 0 0 0 0 1 0 1 1 1 0 0 1 0 1 0 1 x
0.032548599368289 0 1 0 0 0 0 0 0 0 0 0 1 0 0 1 1 0 0 0 0 0 1 1 x
0.068702336860690 0 0 1 0 0 0 0 0 0 0 0 1 0 1 0 1 1 0 0 1 1 0 0 x
0.048307458891444 0 0 1 0 0 0 1 0 0 0 0 1 1 1 1 0 1 0 1 0 0 1 1 x
0.052691944487117 0 0 1 0 0 0 0 0 0 0 0 0 1 0 0 1 0 0 0 1 0 0 1 x
0.156519695623907 0 0 1 1 1 0 0 0 0 1 1 1 1 1 1 0 0 1 0 0 1 0 0 x
0.104570970067918 0 0 0 1 1 0 0 1 0 0 1 1 1 1 1 1 1 0 0 1 0 0 1 x
0.027825360518827 0 1 0 0 0 0 0 0 0 0 1 1 1 0 1 1 0 1 0 0 1 1 0 x
0.038992298198275 1 0 0 0 0 1 0 0 0 0 1 1 1 0 1 1 0 0 0 1 0 1 0 x
0.017420653992029 1 0 0 0 0 0 0 0 1 0 0 1 1 1 1 0 1 1 0 1 1 0 1 x
0.034824650095868 1 0 0 0 0 0 0 0 1 0 1 1 0 0 1 0 1 1 0 1 0 0 1 x
0.067725243850709 0 1 0 1 0 0 0 1 0 1 1 1 1 1 1 1 0 0 0 0 1 1 0 x
0.033841244589385 1 0 0 0 0 0 0 0 1 0 0 1 1 0 1 0 1 0 0 1 1 0 0 x
0.018268390196766 1 0 0 0 0 0 0 0 1 0 1 1 1 1 1 0 1 1 1 1 0 0 1 x
0.018305202336057 1 0 0 0 0 0 0 1 0 0 1 1 1 1 1 1 1 0 0 1 1 0 1 x
0.096700709280475 1 0 1 0 0 0 0 0 0 1 1 1 1 1 1 1 0 0 0 1 1 0 0 x
0.046380913044038 1 0 1 0 0 0 0 0 1 1 1 1 1 1 0 0 0 1 1 0 1 0 0 x
0.055063963559681 1 0 1 0 0 0 0 0 1 1 1 1 1 0 0 1 0 1 1 0 0 0 1 x
0.096826521124062 1 0 1 0 0 0 0 0 0 1 0 1 1 1 0 0 0 1 1 0 0 1 1 x
0.016860817485694 1 0 0 0 0 0 0 0 0 1 1 1 0 1 1 1 0 1 1 0 0 1 1 x
0.052116661010481 0 1 0 1 0 0 0 0 0 1 1 1 1 1 1 0 0 1 0 1 0 0 1 x
0.073017473347347 0 1 0 1 0 0 0 0 0 0 1 1 1 1 1 1 0 1 0 0 1 0 1 x
0.034058126551295 0 0 0 1 0 0 0 0 0 1 0 1 1 1 1 1 1 1 0 1 1 0 1 x
0.079030158302605 1 0 1 0 0 0 1 0 0 1 1 1 1 0 1 0 0 0 1 0 0 1 0 x
0.030526750601660 1 0 0 0 0 0 0 0 0 1 1 1 1 1 1 0 0 1 1 0 1 1 0 x
0.031063605105334 0 1 0 0 0 0 0 0 0 0 1 0 1 0 1 1 0 1 0 1 0 1 1 x
0.028890910122300 1 0 0 0 0 0 0 0 1 0 1 1 0 1 1 0 1 1 1 0 1 0 1 x
0.030124486723800 1 0 0 0 0 0 0 0 0 0 1 1 1 0 1 0 0 1 1 1 0 1 0 x
0.027430860720558 0 1 0 0 0 0 0 0 1 0 0 1 1 1 1 1 1 0 1 0 1 0 1 x
0.068469015773712 0 1 0 1 0 0 0 0 0 1 1 1 0 1 1 0 0 1 1 0 0 0 1 x
0.017312391759565 0 1 0 0 0 0 0 0 0 1 0 1 1 1 1 1 0 1 0 1 1 0 1 x
0.033872892722591 0 1 0 0 0 0 0 0 0 1 0 1 0 1 1 0 0 1 0 0 1 0 1 x
0.071574707147013 0 0 0 1 0 0 0 0 1 0 0 0 1 1 1 1 1 0 1 1 0 1 0 x
0.026594215337892 0 1 0 0 0 0 0 0 1 0 0 1 1 1 1 1 1 1 0 1 1 0 1 x
0.090933893818475 0 1 0 1 0 0 0 0 0 1 0 1 1 1 1 1 0 0 0 1 1 0 0 x
0.051293643873758 0 1 0 0 0 1 0 0 0 1 0 1 1 1 1 0 0 1 0 1 0 0 1 x
0.015664929607743 0 1 0 0 0 0 0 0 0 1 1 0 1 1 1 1 1 1 0 1 0 1 1 x
0.025983701457006 0 1 0 0 0 0 0 0 0 1 1 0 1 1 1 1 0 1 0 1 1 1 0 x
0.012404242229715 1 0 0 0 0 0 0 0 0 0 1 0 1 1 1 1 0 0 1 1 0 1 1 x
0.016885607046177 1 0 0 0 0 0 0 0 0 1 1 0 1 1 1 1 0 1 1 1 0 1 1 x
0.049239257192381 0 0 0 0 1 0 0 0 0 0 0 1 1 1 1 0 1 0 1 0 1 1 0 x
0.031458645098068 0 0 1 0 0 0 0 0 0 0 0 1 1 1 1 0 0 1 1 0 1 1 0 x
0.023359313520016 1 0 0 0 0 0 0 0 0 1 1 1 1 1 1 1 1 1 0 1 0 1 1 x
0.108970600453442 0 0 1 1 0 0 0 0 0 0 0 1 1 1 1 0 0 0 0 1 1 1 0 x
0.103536231533700 0 0 1 1 0 0 0 1 0 0 1 1 1 1 1 1 1 0 0 1 1 0 1 x
0.038283574676784 0 1 0 0 0 0 0 0 0 1 0 1 1 1 1 0 0 1 1 1 0 1 1 x
0.024479232188690 0 1 0 0 0 0 0 0 0 1 1 1 0 1 1 1 1 1 0 1 1 0 1 x
0.045508753511693 1 0 0 1 0 0 0 0 0 1 1 1 1 1 1 1 1 0 0 1 1 0 1 x
0.030069705146501 0 0 0 1 0 0 0 0 0 0 1 0 1 1 1 1 0 1 0 1 1 0 1 x
0.032365748508965 0 0 0 1 0 0 0 0 0 0 1 1 1 1 1 1 1 1 0 1 1 0 1 x
0.092664306343847 0 0 1 1 0 0 0 0 0 0 1 0 1 1 1 0 0 1 0 0 1 0 1 x
0.021892445552395 1 0 0 0 0 0 0 0 0 0 1 0 1 1 0 1 1 0 0 1 1 0 1 x
0.037743938763829 1 0 0 0 0 0 0 1 0 0 1 0 1 1 1 1 1 0 0 1 1 1 1 x
0.081879882473284 1 0 0 1 0 0 0 0 0 0 1 0 1 1 1 1 0 0 0 1 0 0 1 x
0.037088362460377 0 0 1 0 0 0 0 0 1 0 0 1 1 1 1 0 1 1 0 0 1 1 0 x
0.070655113718592 1 0 0 0 0 1 0 0 1 0 0 1 1 0 1 0 1 0 0 1 0 0 1 x
0.016766167723661 1 0 0 0 0 0 0 0 1 0 1 1 1 0 1 1 1 1 1 0 0 1 1 x
0.019837884923947 1 0 0 0 0 0 0 0 0 0 1 0 1 1 0 1 0 1 1 0 0 1 1 x
0.031240819630855 1 0 0 0 0 0 0 0 1 0 1 0 1 0 1 1 0 1 1 0 0 1 1 x
0.060835075907642 1 0 0 1 0 0 0 0 1 1 1 1 1 0 1 0 0 1 0 1 1 0 0 x
0.014555214837578 1 0 0 0 0 0 0 0 1 0 0 1 1 1 1 0 1 1 1 0 0 1 1 x
0.032771211848349 1 0 0 0 0 0 0 0 1 0 0 1 1 1 0 0 1 1 1 0 1 0 1 x
0.022784253562494 1 0 0 0 0 0 0 0 1 0 0 1 1 1 1 0 1 0 0 1 0 1 1 x
0.025218086258404 1 0 0 0 0 0 0 1 0 0 0 1 1 1 0 1 1 0 0 1 1 0 1 x
0.045690925525379 0 1 0 0 0 0 0 0 0 0 1 0 1 1 0 1 1 1 0 1 1 0 1 x
0.115258005359017 0 1 1 0 0 0 1 1 0 1 1 1 1 1 1 1 1 0 0 0 1 1 0 x
0.034476015705245 1 0 0 0 0 0 1 0 0 0 1 1 1 0 1 1 0 1 1 0 0 1 1 x
0.089880863475909 1 0 0 0 1 0 0 0 1 0 0 1 1 0 1 0 0 0 1 0 0 0 1 x
0.033396140782330 1 0 0 0 0 1 0 0 0 0 1 1 1 1 0 1 1 0 0 1 1 0 1 x
0.049084038242157 1 0 0 0 0 0 0 0 0 0 1 0 0 1 1 1 0 1 1 0 0 1 1 x
0.105092893167250 0 0 0 1 1 0 0 0 0 0 1 1 0 1 1 0 1 0 0 1 1 0 0 x
0.034971103453693 0 0 0 0 1 0 0 0 0 0 0 1 0 1 1 1 1 0 0 1 1 0 1 x
0.032719817897053 1 0 0 0 1 0 0 0 0 1 1 1 1 1 1 1 0 1 0 1 1 0 1 x
0.073179530659247 1 0 0 0 1 0 0 1 0 0 0 1 1 1 1 1 0 0 0 1 1 0 1 x
0.086079883397490 0 0 1 0 1 0 0 0 0 0 0 1 0 1 1 0 1 0 0 0 0 1 0 x
0.024594952966645 1 0 0 0 0 0 0 0 0 0 1 1 0 1 1 0 1 0 1 0 1 1 0 x
0.065366003563609 1 0 0 0 0 1 0 0 0 0 1 0 1 1 0 1 1 0 0 1 0 1 1 x
0.195847046647385 0 0 1 0 1 0 0 0 0 0 1 0 0 1 0 0 0 1 0 0 0 0 1 x
0.065326235717659 0 0 1 0 1 0 0 0 0 0 1 1 1 1 1 0 1 0 1 0 1 1 0 x
0.045849716942067 0 1 0 0 1 0 0 0 0 0 1 1 1 1 1 0 1 0 0 0 1 1 0 x
0.046630551098974 0 1 0 0 1 0 0 0 0 0 1 1 1 1 1 1 0 0 1 0 1 1 0 x
0.022205874267328 0 0 1 0 0 0 0 0 0 0 0 1 0 1 1 1 1 0 0 1 0 1 1 x
0.091782545780452 0 1 0 0 1 0 0 0 0 0 1 0 1 0 1 1 0 0 0 0 1 1 0 x
0.018340189130197 1 0 0 0 0 0 0 0 0 0 1 1 0 1 0 1 1 0 0 1 1 0 1 x
0.054846861226533 0 0 0 0 1 0 0 0 0 0 0 1 0 1 1 1 1 0 0 0 1 1 0 x
0.123511235990569 0 1 1 0 1 0 0 0 1 1 1 1 1 1 1 0 0 0 1 0 1 0 0 x
0.043630376225371 1 0 0 0 0 1 0 0 1 0 1 1 1 1 1 0 0 1 0 1 1 0 0 x
0.065605621970968 0 1 0 0 1 0 0 1 0 1 1 1 1 1 1 1 1 0 0 0 1 1 0 x
0.029333469855011 1 0 0 0 0 0 0 0 0 0 1 0 1 0 1 1 0 1 0 1 0 1 1 x
0.020025556764606 1 0 0 0 0 0 0 0 0 1 0 1 0 1 1 0 0 1 0 1 0 0 1 x
0.061592444945303 1 0 0 0 1 0 0 0 0 1 0 1 1 1 1 0 0 1 0 1 1 0 0 x
0.054032239666509 1 0 0 1 0 0 0 0 1 1 1 1 0 1 1 1 0 1 0 1 0 0 1 x
0.043654297336245 1 0 0 0 0 0 0 0 0 0 0 1 0 1 1 1 0 0 0 1 0 0 1 x
0.028712017007671 1 0 0 0 0 0 0 0 1 1 0 1 0 1 1 0 1 1 0 1 0 0 1 x
0.017470182808301 1 0 0 0 0 0 0 0 0 1 1 1 0 1 1 1 0 1 0 1 1 0 1 x
0.027097776958954 1 0 0 0 0 0 0 0 0 1 1 1 0 1 0 1 1 1 1 0 1 0 1 x
0.029877626776260 1 0 0 0 0 0 0 0 0 1 0 1 0 1 1 1 0 1 0 0 1 1 0 x
0.061604542360134 0 0 1 0 0 0 0 0 0 1 0 1 0 0 0 1 0 1 0 0 1 0 0 x
0.029262239027447 1 0 0 0 0 0 0 0 0 1 1 1 0 1 1 0 1 0 0 1 1 1 0 x
0.205577416695259 1 1 0 1 1 0 0 1 1 1 1 1 1 1 1 0 0 0 0 0 0 1 0 x
0.073068433057947 1 0 0 0 1 0 0 1 0 0 1 1 1 1 0 1 1 0 1 0 1 0 1 x
0.023710408823501 1 0 0 0 0 0 0 1 0 0 0 1 1 1 1 0 1 0 0 1 1 1 0 x
0.020298482696175 0 1 0 0 0 0 0 1 0 0 0 1 1 1 1 1 1 0 0 1 0 1 1 x
0.033234371757115 0 1 0 0 0 0 0 1 0 1 0 1 1 1 1 1 1 0 0 1 1 0 1 x
0.086331768619660 1 1 0 0 0 1 0 1 1 1 1 1 1 1 1 0 1 0 0 1 1 0 0 x
0.088654570885026 0 1 1 0 0 0 0 1 0 1 0 1 1 1 1 1 0 0 0 1 0 1 1 x
0.039416620462701 1 0 0 0 0 0 0 0 0 1 1 0 1 1 1 1 0 1 0 1 1 1 1 x
0.144300366124892 0 1 0 0 1 1 0 0 1 0 1 1 1 1 1 0 1 0 1 0 1 0 0 x
0.032004959843570 1 0 0 0 0 0 1 0 0 0 1 0 1 1 1 1 1 0 1 0 0 1 1 x
0.021339106891812 1 0 0 0 0 0 0 0 1 0 1 0 1 1 0 1 1 0 1 0 1 0 1 x
0.038262888604194 1 0 0 0 0 0 0 0 0 0 1 0 1 0 0 1 1 0 1 0 0 1 1 x
0.031120719239988 0 0 1 0 0 0 0 0 0 0 1 1 0 1 0 1 1 0 1 0 1 0 1 x
0.027249262420688 1 0 0 0 0 0 0 1 1 0 0 1 1 1 1 1 1 0 0 1 1 0 1 x
0.013937385397963 1 0 0 0 0 0 0 0 0 1 0 1 0 1 1 1 0 1 0 1 0 1 1 x
0.040168419682342 1 0 0 0 0 0 1 0 0 1 0 1 0 1 1 1 1 1 0 0 0 1 1 x
0.072354348553437 1 1 0 0 0 0 0 1 1 1 0 1 1 1 0 0 1 0 0 1 0 0 1 x
0.029595576349590 1 0 0 0 0 1 0 0 0 0 1 1 1 1 1 0 1 0 0 1 1 1 0 x
0.064861861233815 1 0 0 0 1 0 0 0 0 1 1 1 0 0 1 1 0 0 0 1 0 1 0 x
0.020560309637905 1 0 0 0 0 0 0 0 0 1 0 1 0 0 1 1 0 1 0 0 0 1 1 x
0.078729344019003 1 0 1 0 0 0 0 0 1 1 1 1 1 0 0 0 0 0 1 1 0 0 0 x
0.032603222566471 0 0 0 1 0 0 0 0 0 0 0 0 1 1 1 0 0 1 0 1 0 0 1 x
0.058942059934985 0 1 0 0 0 0 0 0 1 0 1 1 0 1 0 1 1 1 1 0 1 0 1 x
0.027206497524506 0 1 0 0 0 0 0 0 0 1 1 0 1 1 1 0 1 1 0 1 1 0 1 x
0.108253168983094 1 1 0 0 0 1 0 0 0 1 1 1 1 1 0 1 0 1 0 1 0 0 1 x
0.053559100473801 1 0 0 0 0 0 1 0 1 0 0 1 1 1 1 1 1 1 1 0 0 1 1 x
0.091313803540853 0 1 1 0 0 0 0 0 1 0 1 0 1 1 1 1 0 1 0 0 0 1 1 x
0.019636982352855 1 0 0 0 0 0 0 0 0 1 0 1 0 1 0 1 0 1 0 0 1 0 1 x
0.057919656128217 0 0 0 1 0 0 0 1 0 0 0 0 1 1 1 1 0 0 0 1 0 1 0 x
0.014270193665570 1 0 0 0 0 0 0 0 0 1 0 1 0 1 1 0 1 1 0 0 0 1 1 x
0.057210817086571 1 0 0 0 1 0 0 0 0 1 0 1 0 1 1 1 0 1 0 0 0 1 1 x
0.049129239565220 0 0 1 0 0 0 0 0 0 0 0 1 1 0 1 1 1 0 0 1 0 0 1 x
0.059086470178941 1 0 1 0 0 0 0 0 1 1 1 1 0 1 0 1 1 0 0 0 1 0 1 x
0.030925238902435 1 0 0 0 0 0 0 0 1 1 0 1 0 1 1 1 1 1 0 0 1 1 1 x
0.018941214775298 1 0 0 0 0 0 0 0 0 1 0 1 0 1 1 0 1 0 0 1 1 0 1 x
0.035906427670308 0 0 0 1 0 0 0 0 0 0 0 0 1 1 0 1 0 1 0 1 0 0 1 x
0.083041955615400 0 0 1 1 0 0 0 0 1 0 1 1 1 1 1 0 1 0 0 1 1 0 1 x
0.076690484151212 1 0 0 1 0 0 0 1 0 1 0 1 1 1 1 1 1 0 0 1 0 1 1 x
0.066309449820452 1 0 0 0 0 1 1 0 0 0 1 1 1 1 1 1 0 0 1 0 1 1 0 x
0.056484906095651 0 0 1 0 0 0 1 0 0 0 1 0 1 1 1 1 0 1 1 0 0 1 1 x
0.044800864003446 0 0 0 1 0 0 1 0 0 0 0 1 1 1 1 1 1 0 1 0 0 1 1 x
0.109311069117406 0 1 0 1 0 0 1 0 0 1 1 1 1 0 1 1 0 0 0 0 0 1 0 x
0.104989937878200 1 0 1 0 0 0 1 0 0 1 1 1 0 1 1 1 0 0 1 0 1 1 0 x
0.018218613795314 1 0 0 0 0 0 0 0 0 1 0 1 0 1 0 1 1 1 0 0 0 1 1 x
0.030887574813385 0 0 1 0 0 0 0 0 1 0 0 1 1 1 1 1 1 1 0 1 1 0 1 x
0.022550873450817 1 0 0 0 0 0 0 0 0 1 0 1 1 1 0 0 1 1 0 1 1 0 1 x
0.018534865624267 1 0 0 0 0 0 0 0 0 0 1 0 1 1 1 0 1 0 1 1 0 1 1 x
0.028661103111353 0 0 0 1 0 0 0 0 0 0 0 1 1 1 0 1 1 0 1 0 0 1 1 x
0.022396458622979 0 1 0 0 0 0 0 0 0 1 0 1 1 1 0 1 1 0 0 1 1 0 1 x
0.073513655392449 0 1 0 0 0 1 0 0 0 1 0 1 1 1 0 0 1 1 0 0 1 0 1 x
0.017001741582097 0 1 0 0 0 0 0 0 0 0 0 1 1 0 1 1 0 1 0 0 0 1 1 x
0.043431682058054 1 0 0 0 1 0 0 0 0 1 0 1 1 1 0 1 1 0 0 0 1 0 1 x
0.024551272492807 1 0 0 0 0 0 0 0 0 1 0 1 1 0 1 0 1 1 0 1 0 0 1 x
0.049244933576450 1 0 0 1 0 0 0 0 0 1 1 1 1 0 1 1 0 1 0 1 0 0 1 x
0.022413646727194 0 0 0 1 0 0 0 0 0 0 0 0 1 1 1 1 0 0 0 1 0 1 1 x
0.064980410304188 1 1 0 0 0 0 0 0 1 1 1 0 1 1 0 1 0 1 0 0 1 0 1 x
0.080654316340903 1 0 1 0 0 0 0 0 1 1 1 0 1 0 0 1 0 1 0 0 1 0 0 x
0.028588402544354 1 0 0 0 0 0 0 0 1 0 1 0 1 0 1 1 1 0 0 1 0 0 1 x
0.046372002956910 1 0 0 0 1 0 0 0 0 1 1 1 1 0 1 0 1 0 0 1 1 0 0 x
0.047257583330260 1 0 0 0 0 1 0 0 0 1 1 1 0 1 1 0 1 0 0 1 1 0 0 x
0.048230484144527 0 0 1 0 0 0 0 0 0 0 1 1 1 1 0 1 0 1 1 1 1 0 1 x
0.054097132519803 0 0 0 1 0 0 0 0 1 0 0 1 1 0 1 1 1 1 1 0 0 1 1 x
0.031608560833393 0 0 1 0 0 0 0 0 1 0 0 1 0 1 1 1 1 1 0 0 0 1 1 x
0.056926833254779 0 1 0 0 0 0 0 0 0 0 0 1 1 1 1 0 1 0 0 1 0 0 1 x
0.037021254888851 0 1 0 0 0 0 0 1 0 1 0 1 1 1 1 1 1 0 0 1 1 1 0 x
0.021459531233083 0 1 0 0 0 0 0 0 0 1 0 1 0 1 1 1 0 0 1 0 1 0 1 x
0.034579867140744 0 1 0 0 0 0 0 0 1 0 0 1 1 0 1 0 1 1 0 0 0 1 1 x
0.039051394480470 0 1 0 0 0 0 0 0 0 0 1 0 1 0 1 0 0 1 0 0 0 1 0 x
0.080410074710554 1 0 0 1 0 1 0 0 0 1 1 1 1 1 1 0 0 0 0 1 1 0 0 x
0.072984215380048 1 0 0 1 0 0 0 0 1 1 1 1 1 0 0 1 1 1 1 0 0 0 1 x
0.031243454594598 1 0 0 0 0 0 0 0 0 1 0 1 1 0 0 0 1 0 0 1 1 0 0 x
0.125688210256737 0 0 1 0 1 0 0 0 1 0 0 1 1 1 1 1 1 1 0 0 1 1 0 x
0.044647247509630 1 0 0 0 1 0 0 0 1 1 1 1 1 1 1 1 0 1 1 0 1 0 1 x
0.024728115281954 0 1 0 0 0 0 0 0 1 0 0 1 0 1 1 1 1 0 1 0 0 1 1 x
0.032966058308741 1 0 0 0 0 0 0 0 0 0 0 1 0 1 1 1 0 1 0 0 0 1 1 x
0.032251023511810 1 0 0 0 0 0 0 0 0 1 0 1 0 0 0 1 1 0 0 1 0 0 1 x
0.084022967870602 1 1 0 0 0 0 0 1 1 1 1 0 1 1 0 1 1 0 0 1 1 0 0 x
0.067715360127752 0 1 0 0 0 0 0 1 0 1 0 1 0 1 1 1 1 0 0 0 1 1 1 x
0.036379835375096 1 0 0 0 0 0 0 1 0 0 1 1 1 0 1 0 1 0 0 1 1 0 0 x
0.042733083128990 1 0 0 0 0 0 0 0 0 1 0 1 0 0 0 0 1 1 0 0 1 0 0 x
0.079696650901115 0 1 1 0 0 0 0 1 1 1 1 1 1 1 1 1 1 0 0 1 0 1 0 x
0.054962611143921 1 0 0 0 0 1 0 0 0 1 1 1 1 0 1 0 0 1 0 1 1 0 0 x
0.067908687701350 1 0 0 0 1 0 0 0 0 1 0 1 0 1 1 0 1 0 0 0 1 1 0 x
0.024975299009394 1 0 0 0 0 0 0 0 0 0 0 1 1 1 1 0 1 0 1 0 0 1 1 x
0.019598443273839 1 0 0 0 0 0 0 0 1 0 1 1 1 1 1 0 1 1 1 0 1 1 0 x
0.038528949718262 0 0 1 0 0 0 0 0 0 0 1 0 1 0 0 1 0 1 1 0 0 0 1 x
0.037062679778306 0 0 1 0 0 0 0 0 0 0 0 1 0 1 1 0 0 0 1 0 0 1 0 x
0.061884713660288 0 1 1 0 0 0 0 0 1 1 1 1 1 1 0 1 1 1 0 0 1 0 1 x
0.164845124845564 0 0 0 1 1 1 0 0 0 0 1 1 1 1 1 1 0 1 0 1 0 0 1 x
0.060697816939785 1 0 0 0 0 0 0 1 1 0 1 0 1 1 1 1 1 0 1 1 0 1 1 x
0.047435931173717 1 0 0 0 0 0 0 0 1 1 1 0 1 1 1 0 1 1 0 1 1 0 1 x
0.045231526634150 1 0 0 0 0 1 0 0 0 1 1 1 0 1 1 1 0 1 0 1 0 1 0 x
0.048142094112781 0 0 0 1 0 0 0 0 0 1 0 0 0 1 1 1 0 0 0 1 0 1 0 x
0.035947165760535 0 0 0 1 0 0 0 0 0 1 0 1 0 1 1 1 1 1 0 0 0 1 1 x
0.043008004776328 0 0 0 1 0 0 0 0 1 0 0 1 0 1 1 1 1 0 1 0 0 1 1 x
0.093736946191886 1 0 0 1 0 0 0 0 1 1 0 1 0 1 1 1 1 1 0 0 0 1 1 x
0.055325999407352 0 0 0 1 0 0 0 0 0 1 1 0 0 1 1 1 0 1 0 1 0 0 1 x
0.053980600439817 0 0 0 1 0 0 0 0 0 1 0 1 0 1 1 1 0 1 0 1 0 1 1 x
0.040405893410986 0 0 0 1 0 0 0 1 0 0 0 1 1 1 1 1 1 0 1 0 0 1 1 x
0.042129294001889 0 0 0 1 0 0 0 0 0 1 0 1 1 1 1 1 1 1 0 0 1 1 1 x
0.118453908321509 0 0 0 1 1 0 0 1 0 0 0 1 1 1 1 1 0 0 1 0 0 1 0 x
0.090661981412935 0 1 0 1 0 0 0 0 0 1 1 0 1 1 1 1 0 1 0 1 1 0 1 x
0.052479628115823 0 0 0 1 0 0 0 0 0 1 0 1 0 1 1 1 0 0 1 0 1 1 0 x
0.053270814098923 0 0 0 1 0 0 0 0 0 0 1 0 1 0 1 0 0 1 0 1 0 0 1 x
0.067243611685436 0 1 0 1 0 0 0 0 0 1 0 1 1 1 1 0 0 0 1 0 0 1 1 x
0.035853496214196 0 0 0 1 0 0 0 0 0 0 1 1 0 1 1 1 0 1 1 0 1 0 1 x
0.083238653536851 0 1 0 1 0 0 0 1 0 1 1 1 1 1 1 1 1 0 0 1 0 1 0 x
0.037954748169438 0 0 1 0 0 0 0 1 0 0 0 1 1 1 1 1 1 0 1 1 0 1 1 x
0.089975079364914 0 0 1 0 0 0 0 0 1 0 1 0 1 0 0 1 0 1 0 1 0 0 1 x
0.052322542134335 0 0 1 0 0 0 0 0 1 0 1 1 0 1 1 1 1 0 0 1 0 1 0 x
0.021051613006864 1 0 0 0 0 0 0 0 0 1 0 1 1 0 0 1 0 1 0 1 0 0 1 x
0.070807302289178 1 0 0 1 0 0 0 0 1 1 1 0 1 0 1 1 0 0 0 1 0 1 0 x
0.048913786913603 0 0 1 0 0 0 0 0 1 0 0 1 1 1 1 0 1 1 1 0 0 0 1 x
0.052295497911105 1 0 1 0 0 0 0 0 1 1 1 1 1 1 0 1 1 1 0 0 1 1 0 x
0.040114481261502 1 0 0 0 0 0 0 0 1 0 1 1 1 0 0 1 1 0 1 0 1 0 0 x
0.080066037434068 1 1 0 0 0 0 0 0 1 1 1 1 0 1 0 0 1 0 0 0 1 0 0 x
0.052932063659919 0 0 1 0 0 0 0 1 0 0 1 0 1 1 1 1 0 0 1 1 0 1 0 x
0.012743356967544 0 1 0 0 0 0 0 0 0 0 0 1 1 1 0 1 1 0 0 1 0 1 1 x
0.027568439431250 0 1 0 0 0 0 0 0 0 0 0 1 1 0 0 1 1 1 0 0 0 1 1 x
0.038620275911113 0 1 0 0 0 0 0 1 0 0 0 1 1 1 0 1 1 0 0 1 1 0 1 x
0.043901570525188 0 0 1 0 0 0 0 0 1 0 0 1 1 1 0 1 1 1 0 1 0 1 1 x
0.016848404003875 0 1 0 0 0 0 0 0 0 0 0 1 1 1 0 0 1 0 1 0 0 1 1 x
0.088880932197049 1 1 0 0 0 0 0 0 0 1 0 1 1 1 0 0 0 0 1 0 0 1 1 x
0.061323468149129 1 0 1 0 0 0 0 0 0 1 1 1 1 0 0 1 0 0 1 0 1 0 0 x
0.046046818794733 0 0 0 1 0 0 0 0 0 0 0 0 0 1 1 1 0 0 0 1 1 0 1 x
0.027723903653151 0 1 0 0 0 0 0 1 0 0 0 1 1 1 1 1 0 0 1 0 1 1 0 x
0.019866178561847 0 1 0 0 0 0 0 0 0 0 0 1 1 1 1 0 0 0 1 0 1 1 0 x
0.026114019533460 0 1 0 0 0 0 0 0 0 1 1 0 0 1 1 1 0 1 0 0 1 0 1 x
0.030994801012964 0 1 0 0 0 0 0 0 0 1 1 0 1 0 1 1 0 1 0 1 0 0 1 x
0.026537662472437 1 0 0 0 0 0 0 0 0 1 1 0 1 0 0 1 0 1 1 0 0 0 1 x
0.054846447935405 1 0 1 0 0 0 0 0 1 1 1 1 1 1 0 0 1 1 0 1 1 0 0 x
0.047406579626424 0 0 0 1 0 0 0 0 0 1 0 0 1 1 1 1 0 0 0 1 1 0 1 x
0.066585741319345 0 1 0 1 0 0 0 0 0 1 0 1 1 1 0 1 0 0 0 0 1 1 0 x
0.020599952994702 0 1 0 0 0 0 0 0 0 0 0 1 1 1 0 1 1 0 1 0 1 1 1 x
0.039671747226881 1 0 0 0 0 0 0 0 1 1 0 1 1 1 0 1 1 0 0 1 1 0 1 x
0.064940919959635 0 1 0 0 1 0 0 0 0 1 0 1 1 1 1 0 0 0 1 0 1 1 0 x
0.124858371761380 0 0 1 0 1 0 0 0 0 0 1 1 1 0 1 0 0 0 1 0 0 0 0 x
0.135718012407112 1 0 1 0 0 0 1 0 0 1 1 0 1 0 0 1 0 0 1 0 0 0 1 x
0.052537833882607 1 0 0 0 0 0 0 0 1 0 1 0 1 0 0 1 1 1 1 0 0 0 1 x
0.090636684530966 1 0 0 0 0 1 0 0 0 1 1 0 1 0 0 1 0 1 1 0 0 1 0 x
0.023127357000311 1 0 0 0 0 0 0 0 0 1 1 0 0 1 0 1 1 0 0 0 1 0 1 x
0.067871938216252 0 0 1 0 0 1 0 0 0 0 1 0 1 1 1 1 0 1 0 1 0 0 1 x
0.068870142248223 1 0 0 0 1 0 0 0 0 1 1 0 1 1 0 1 0 0 1 0 1 0 1 x
0.019473280362264 1 0 0 0 0 0 0 0 0 1 1 0 0 1 1 1 1 0 0 1 1 0 1 x
0.067968882199819 0 0 0 1 0 0 0 0 1 0 1 1 0 1 1 1 1 1 1 0 1 0 1 x
0.017528664013222 1 0 0 0 0 0 0 0 0 0 1 0 1 1 1 1 1 0 1 0 1 1 1 x
0.043309656176070 1 0 0 0 1 0 0 0 0 1 1 1 0 1 1 1 1 0 0 0 1 0 1 x
0.025767215574791 1 0 0 0 0 0 0 0 0 1 1 1 0 1 1 0 1 1 0 1 0 1 1 x
0.062278020154580 1 0 0 0 1 0 0 0 1 1 1 1 1 0 1 1 0 1 0 1 1 0 0 x
0.035854102722521 1 0 0 0 0 0 0 0 0 0 1 0 1 0 1 0 1 0 0 1 1 0 1 x
0.034697797341237 0 0 0 0 1 0 0 0 0 0 0 0 1 1 1 0 1 0 0 1 1 0 1 x
0.021294724771600 0 1 0 0 0 0 0 0 0 1 1 0 1 1 1 0 1 1 1 0 0 1 1 x
0.039491755431831 0 0 0 0 1 0 0 0 0 0 1 0 0 1 1 1 1 0 0 1 1 0 1 x
0.042724314032286 1 0 0 0 1 0 0 0 1 0 1 1 1 1 1 1 0 1 1 0 0 1 1 x
0.046494882933553 0 0 1 0 0 0 0 0 0 0 1 0 1 0 1 1 0 1 0 1 0 1 0 x
0.026931066506089 0 0 0 1 0 0 0 0 0 0 0 0 0 1 1 1 1 0 0 0 0 1 1 x
0.027795161809925 0 0 0 1 0 0 0 0 0 0 1 0 0 1 1 1 1 0 0 1 0 1 1 x
0.092518548331053 0 0 0 1 0 0 0 0 1 0 0 0 0 0 0 1 1 0 0 0 0 1 0 x
0.028559354216955 0 0 0 1 0 0 0 0 0 0 1 0 0 1 1 1 1 0 1 0 0 1 1 x
0.072852680173394 0 0 0 1 0 0 1 0 0 0 1 1 0 1 1 1 1 0 1 0 0 1 1 x
0.045552167819489 0 0 0 0 1 0 0 0 0 0 1 0 1 1 1 1 1 0 1 0 1 1 1 x
0.032208010983895 0 1 0 0 0 0 0 0 0 1 1 0 0 1 0 1 1 1 0 0 0 1 1 x
0.045735068574045 1 0 0 0 1 0 0 0 0 1 1 0 1 1 1 1 1 0 0 1 0 1 1 x
0.017781248089351 1 0 0 0 0 0 0 0 1 0 1 0 1 1 1 1 1 0 1 0 0 1 1 x
0.061413175799655 0 0 0 0 1 0 0 1 0 0 0 0 1 1 1 1 1 0 0 1 1 0 1 x
0.027805268511677 0 0 0 1 0 0 0 0 0 0 0 1 1 1 1 1 0 1 0 1 1 0 1 x
0.016600329745077 1 0 0 0 0 0 0 0 0 1 1 0 1 1 0 1 1 1 1 0 0 1 1 x
0.017428473961420 1 0 0 0 0 0 0 0 0 1 1 0 1 0 1 1 1 0 0 1 0 1 1 x
0.034366851395389 1 0 0 0 0 1 0 0 0 0 1 1 1 1 1 0 0 1 1 1 0 0 1 x
0.025575334247136 0 1 0 0 0 0 0 0 0 0 1 1 1 1 0 0 1 1 0 0 1 1 0 x
0.074173876286958 0 1 1 0 0 0 0 0 0 0 1 1 1 1 0 0 1 1 0 0 0 1 1 x
0.036326355575130 0 1 0 0 0 0 0 0 0 1 1 0 1 1 0 1 0 1 0 0 1 1 0 x
0.101549200303072 0 0 1 0 1 0 0 1 0 0 1 1 1 1 1 1 1 0 1 0 1 0 1 x
0.018699862232280 1 0 0 0 0 0 0 0 0 1 1 0 1 0 1 1 0 1 1 0 0 1 1 x
0.070619881402551 1 1 0 0 0 0 0 0 1 1 1 1 0 0 1 1 0 1 0 0 0 0 1 x
0.062234764455127 0 0 1 0 0 0 1 0 0 0 0 1 1 0 1 1 0 0 1 0 0 1 0 x
0.033739740086434 0 0 0 1 0 0 0 0 0 0 0 0 1 1 0 0 1 0 0 1 0 0 1 x
0.079915473336236 1 1 0 0 0 0 1 1 0 1 1 1 1 1 0 0 1 0 0 0 1 1 0 x
0.065839535418576 0 0 0 1 0 0 0 0 0 1 0 0 0 1 0 1 1 0 0 0 0 1 1 x
0.024520639967667 0 1 0 0 0 0 0 0 0 1 0 1 0 1 1 1 0 0 0 1 1 0 1 x
0.055027481811817 1 0 0 0 0 1 0 1 0 0 1 1 1 1 1 1 0 0 0 1 1 0 0 x
0.026958763012567 1 0 0 0 0 0 0 0 0 0 1 0 1 1 1 1 1 0 0 1 0 1 1 x
0.025422705590506 1 0 0 0 0 0 0 0 0 1 1 0 1 0 1 1 0 0 1 1 0 1 0 x
0.074320777188531 1 0 0 0 0 0 0 0 0 1 0 1 0 0 1 0 0 0 0 1 0 0 0 x
0.019769386869423 1 0 0 0 0 0 0 1 0 1 0 1 1 1 1 1 1 1 0 1 0 1 1 x
0.034401652446038 1 0 0 0 0 0 0 0 0 1 1 0 1 0 0 1 1 0 0 1 1 0 0 x
0.039210560884170 1 0 0 0 0 0 0 1 0 1 0 1 1 0 1 1 1 0 0 1 1 0 1 x
0.061433060537037 1 0 0 0 0 0 0 1 0 1 1 0 1 1 0 1 1 0 0 1 1 0 1 x
0.058406832146645 0 1 0 0 0 1 0 0 0 0 1 1 1 1 0 0 1 1 0 0 0 1 1 x
0.037675390538223 0 1 0 0 0 0 0 1 0 0 0 1 1 0 1 1 1 0 0 0 1 1 0 x
0.073603102726021 0 1 0 0 0 0 0 1 0 1 1 0 1 0 1 1 0 1 0 0 0 1 0 x
0.040715933747473 1 0 0 0 1 0 0 0 0 1 1 1 1 0 1 1 1 0 1 0 0 1 1 x
0.031983270803253 0 1 0 0 0 0 0 0 1 0 0 1 1 1 0 1 1 0 0 0 1 1 0 x
0.089083359822868 0 1 1 0 0 0 1 0 1 1 1 1 1 1 1 0 1 0 1 0 0 1 0 x
0.018762413586101 0 1 0 0 0 0 0 0 0 1 0 1 1 1 0 1 1 1 0 1 0 1 1 x
0.060219477208433 1 1 0 0 0 0 0 1 1 1 1 1 1 1 0 1 1 1 0 0 1 1 0 x
0.049916126238848 0 1 0 0 1 0 0 0 0 1 1 1 1 1 1 0 0 1 0 1 1 0 0 x
0.133624177714728 0 0 0 1 1 0 0 1 0 1 1 1 1 1 1 1 0 1 0 1 1 0 0 x
0.054352110933210 0 1 0 0 1 0 0 0 0 1 1 1 1 1 1 0 0 1 1 0 1 0 1 x
0.089846006177338 0 1 0 0 0 0 1 0 1 0 1 0 1 0 1 1 1 1 0 0 0 1 0 x
0.067604972725685 1 0 0 0 0 1 0 0 0 1 1 1 0 1 0 1 1 1 0 0 1 1 0 x
0.045217192255651 0 0 1 0 0 0 0 0 1 0 0 1 1 0 1 1 0 1 1 0 0 0 1 x
0.030890090602178 0 0 0 1 0 0 0 0 0 0 1 0 0 1 1 1 0 1 0 0 0 1 1 x
0.031568767416433 0 0 0 1 0 0 0 0 0 0 1 0 0 1 1 1 1 0 0 0 1 1 1 x
0.060786006486587 1 0 0 0 0 1 0 0 0 1 1 0 1 0 1 1 0 0 0 1 0 0 1 x
0.075793451640639 1 1 0 0 0 0 0 1 0 1 1 1 1 0 1 1 1 0 0 1 0 1 1 x
0.043441584795906 1 0 0 0 0 0 0 0 1 0 1 0 0 1 0 1 1 1 0 0 1 0 1 x
0.077632893122509 1 0 0 0 1 0 0 0 1 1 1 0 1 0 1 1 1 0 0 1 0 1 0 x
0.069785416529408 0 1 0 0 0 0 1 0 0 0 0 1 1 0 1 0 0 0 1 0 0 1 0 x
0.049657807332409 0 0 1 0 0 0 0 0 1 0 0 1 0 1 1 0 1 0 0 1 0 0 1 x
0.048948690789870 1 0 0 0 0 0 0 0 1 1 0 1 1 0 0 1 1 1 0 0 1 0 0 x
0.064984854539731 1 0 0 1 0 0 0 0 0 1 1 1 1 0 0 0 1 0 0 1 1 0 0 x
0.083920992071671 1 0 1 0 0 0 0 0 1 0 1 1 1 1 0 1 1 0 1 1 0 0 1 x
0.075684624639613 1 0 0 0 1 0 0 1 0 1 1 1 0 1 1 1 1 0 0 1 0 1 0 x
0.030346716662458 0 1 0 0 0 0 0 0 1 0 1 0 0 1 1 1 1 1 0 0 0 1 1 x
0.059464997624291 0 0 0 0 1 0 0 0 0 0 1 0 1 1 1 0 1 0 1 1 1 0 1 x
0.026683887075579 1 0 0 0 0 0 0 1 0 0 0 1 1 0 1 1 1 0 0 1 0 1 1 x
0.034564113654235 0 1 0 0 0 0 1 0 0 0 1 1 1 1 1 0 1 1 1 0 0 1 1 x
0.107983829776741 1 0 1 1 0 0 0 0 1 1 1 1 1 1 0 0 0 0 0 1 1 0 0 x
0.046495053657209 0 0 0 1 0 0 0 0 1 0 0 0 1 1 0 1 1 1 0 0 0 1 1 x
0.052031833839759 0 0 0 1 0 0 0 0 1 0 0 0 1 1 0 1 1 0 0 1 0 0 1 x
0.035624866616325 0 0 0 1 0 0 0 0 0 0 0 0 1 0 0 1 0 1 0 0 0 0 1 x
0.054010154628834 0 0 0 0 1 0 0 0 0 0 1 1 0 1 1 1 1 0 1 0 0 1 1 x
0.034778373776200 0 0 0 0 1 0 0 0 0 0 0 0 0 1 1 1 1 0 0 1 0 1 1 x
0.054267597603120 0 0 0 0 1 0 0 0 0 0 1 0 0 1 1 0 1 0 0 1 0 1 0 x
0.030249561316322 0 0 0 0 1 0 0 0 0 0 0 0 1 0 1 1 1 0 0 0 0 1 1 x
0.037307894826119 0 0 0 0 1 0 0 0 0 0 0 0 0 1 1 0 1 0 0 0 0 1 1 x
0.037801411150546 0 0 0 0 1 0 0 0 0 0 0 0 1 1 1 1 1 0 1 0 0 1 1 x
0.033303349700494 0 0 0 0 1 0 0 0 0 0 0 0 1 1 1 0 1 1 0 1 0 1 1 x
0.068740814227754 1 0 0 0 1 0 0 0 0 1 0 1 1 0 0 1 1 0 0 1 0 0 1 x
0.049904036092240 0 0 0 0 1 0 0 0 0 0 1 0 1 1 1 1 1 0 0 1 0 1 1 x
0.025975810866616 0 0 0 0 1 0 0 0 0 0 0 0 1 1 1 1 1 1 0 0 1 1 1 x
0.036241164134821 0 0 0 0 1 0 0 0 0 0 0 0 1 1 1 1 0 1 0 1 1 0 1 x
0.031176149423996 0 1 0 0 0 0 0 0 1 0 0 0 1 1 0 1 1 1 0 0 0 1 1 x
0.037957363872623 0 0 0 0 1 0 0 0 0 0 0 0 1 1 1 1 0 0 0 1 1 1 0 x
0.113273156254157 0 0 1 0 1 0 0 0 0 0 0 0 1 1 1 0 0 0 0 0 1 1 0 x
0.058003014625714 0 0 0 0 1 0 0 0 0 0 0 0 1 0 1 1 0 1 0 1 0 1 0 x
0.034460098186775 1 0 0 0 1 0 0 0 0 0 1 1 1 1 1 0 1 0 1 0 0 1 1 x
0.071530900732551 0 0 0 1 0 0 0 0 1 0 0 1 1 0 0 1 1 0 1 0 0 0 1 x
0.046583368865847 0 0 0 0 1 0 0 0 0 0 0 1 0 0 1 0 1 1 0 0 0 1 1 x
0.019862419821137 0 1 0 0 0 0 0 0 0 0 1 0 1 1 0 0 1 1 0 0 0 1 1 x
0.118620999705060 1 0 0 1 1 0 0 0 1 1 1 1 1 1 1 0 0 1 1 0 1 0 0 x
0.047572045863533 0 0 0 1 0 0 0 0 0 0 1 0 0 1 1 1 0 0 0 1 1 1 0 x
0.055448997812256 0 1 0 0 0 0 0 1 0 0 0 1 1 1 0 0 1 0 0 0 1 1 0 x
0.034187902380823 0 0 0 1 0 0 0 0 0 0 1 0 0 1 1 1 0 0 1 0 1 0 1 x
0.045151333989939 0 1 0 0 0 0 0 1 0 0 0 1 1 0 1 1 0 0 0 1 0 0 1 x
0.062464932081750 0 1 0 1 0 0 0 0 0 1 1 1 1 1 0 0 1 0 0 0 1 1 0 x
0.029461166606077 1 0 0 0 0 0 0 0 1 0 1 1 1 0 1 0 1 0 1 1 0 1 0 x
0.033660604030719 0 0 1 0 0 0 0 0 0 0 1 0 0 1 0 1 1 0 0 0 0 1 1 x
0.031086926795641 0 0 1 0 0 0 0 0 0 0 1 0 0 1 1 1 0 0 0 0 1 0 1 x
0.037022043541046 0 1 0 0 0 0 0 0 0 0 1 0 1 1 0 1 1 1 1 0 0 1 1 x
0.055707567127037 1 0 1 0 0 0 0 0 1 1 0 1 1 1 1 0 0 1 0 0 1 1 0 x
0.056719579797736 1 0 1 0 0 0 0 0 1 1 1 1 1 0 1 1 1 0 0 1 0 1 0 x
0.020052046202373 0 1 0 0 0 0 0 0 0 0 1 1 1 1 0 1 1 1 0 0 1 1 1 x
0.034406625802130 1 0 0 0 0 1 0 0 0 1 0 1 1 1 1 1 0 1 0 1 0 1 1 x
0.068511328609202 1 0 0 0 1 0 0 0 0 0 1 1 1 0 1 0 0 0 1 1 0 1 0 x
0.064268266825488 0 1 0 0 1 0 0 0 0 0 1 1 1 0 1 0 1 1 0 0 0 1 1 x
0.069051645497022 1 1 0 0 0 0 1 0 1 1 1 1 1 0 1 0 0 1 1 0 0 1 0 x
0.121170887926975 0 0 1 1 0 0 1 0 0 0 1 1 1 1 1 0 0 0 1 0 1 0 1 x
0.034383238821495 1 0 0 0 0 0 0 0 1 0 1 1 1 0 1 0 1 1 0 1 1 0 0 x
0.091146284629275 0 0 0 1 1 0 0 0 0 1 0 1 0 1 1 1 1 0 0 0 0 1 1 x
0.066623882696914 0 0 0 0 1 1 0 0 0 0 0 0 1 1 1 1 1 0 0 0 0 1 1 x
0.049982339021890 0 1 0 0 0 1 0 0 0 1 1 1 1 1 1 1 1 1 0 1 1 0 1 x
0.067857955132887 0 0 1 0 0 1 0 0 0 0 0 1 0 1 1 1 0 0 0 1 0 0 1 x
0.151701325023164 1 1 0 1 0 0 1 1 1 1 1 1 1 1 0 0 1 0 1 0 0 0 0 x
0.034997503759365 1 0 0 0 1 0 0 0 0 1 1 1 1 1 0 1 1 1 0 0 0 1 1 x
0.051129635309020 0 0 0 0 1 0 0 0 0 0 0 0 0 0 1 1 0 0 0 1 1 0 0 x
0.042600513163952 0 0 0 0 1 0 0 0 0 0 0 1 1 1 0 1 1 1 0 0 1 1 1 x
0.017919214015084 1 0 0 0 0 0 0 1 0 0 0 1 1 1 1 1 1 1 0 0 1 1 1 x
0.020860507583722 1 0 0 0 0 0 0 1 0 0 0 1 1 1 1 0 1 1 0 1 0 1 1 x
0.075469573855134 1 0 0 0 1 0 0 1 0 1 0 1 1 1 1 1 1 1 0 0 0 1 1 x
0.065186836272001 0 0 1 0 0 0 0 1 1 0 0 0 1 1 1 1 1 1 0 0 0 1 1 x
0.023914189922504 1 0 0 0 0 0 0 0 0 0 1 1 1 1 0 0 1 1 1 0 1 1 0 x
0.054245869972650 0 0 1 0 1 0 0 0 0 0 1 1 1 1 1 1 1 0 1 0 0 1 1 x
0.015163435721312 1 0 0 0 0 0 0 0 0 1 0 1 1 0 0 1 1 1 0 0 0 1 1 x
0.024407958616998 1 0 0 0 0 0 0 0 1 1 0 0 1 1 0 1 1 1 0 0 0 1 1 x
0.078538467890017 1 1 0 0 0 0 0 0 1 1 1 0 1 1 0 1 1 1 0 0 0 1 1 x
0.019488567857310 1 0 0 0 0 0 0 0 1 0 0 1 1 1 0 1 1 1 0 0 1 1 1 x
0.027894978129325 1 0 0 0 0 0 1 0 0 0 0 1 1 0 1 1 1 0 0 0 0 1 1 x
0.042323712958860 0 1 0 0 0 0 0 0 1 1 0 0 1 1 0 1 1 1 0 0 1 0 1 x
0.020944872332819 1 0 0 0 0 0 0 0 1 0 0 1 1 1 1 0 0 1 1 0 1 1 0 x
0.073785537541085 0 0 1 1 0 0 0 0 0 0 1 1 0 1 1 1 0 0 0 0 1 0 1 x
0.044768929998290 0 1 0 0 1 0 0 0 0 1 1 1 1 1 1 1 1 0 0 1 1 1 0 x
0.117796949364126 1 1 0 0 1 0 0 1 1 1 1 1 1 1 1 1 0 0 0 1 1 0 0 x
0.042164931800145 0 0 0 0 1 0 0 0 0 0 0 0 1 0 0 1 1 1 0 0 0 1 1 x
0.042167469978062 1 0 0 0 0 0 0 0 1 0 0 0 1 1 0 1 1 0 0 1 1 0 1 x
0.028006410390398 1 0 0 0 0 0 0 0 1 0 1 1 1 0 1 0 1 0 1 1 0 0 1 x
0.036897843961722 0 1 0 0 0 0 0 0 1 0 0 1 1 0 1 1 0 0 1 0 1 1 0 x
0.038156298871639 1 0 0 0 0 0 0 0 0 1 0 1 0 0 0 0 1 1 0 0 0 0 1 x
0.051602574812032 0 0 0 1 0 0 0 0 0 1 0 0 0 0 1 1 0 1 0 0 0 1 0 x
0.051955496178557 1 0 0 0 0 0 1 1 0 0 0 1 1 1 1 1 1 0 0 0 1 1 1 x
0.038593703382542 0 0 1 0 0 0 0 0 1 1 0 0 1 1 1 1 1 1 0 0 0 1 1 x
0.019485048802779 0 0 1 0 0 0 0 0 0 0 0 1 1 1 1 1 0 0 1 1 1 0 1 x
0.052499742456418 0 1 0 0 0 0 0 1 1 0 0 1 1 1 1 1 1 0 1 0 1 1 0 x
0.104319324301171 0 0 0 1 0 0 1 0 0 0 0 0 1 0 1 1 0 1 0 0 0 1 1 x
0.050071963474713 0 0 0 1 0 0 0 0 0 0 0 0 1 0 0 1 0 0 0 1 1 0 0 x
0.116695491206509 0 0 1 1 0 0 0 0 1 1 0 1 1 0 1 0 0 1 0 0 1 0 0 x
0.031262858876780 0 0 1 0 0 0 0 0 1 0 0 0 1 1 1 0 1 1 0 0 0 1 1 x
0.060602084203916 0 1 0 0 0 0 0 0 1 0 1 0 1 0 1 1 0 1 0 0 1 0 0 x
0.066082446029335 0 0 0 1 0 0 0 0 0 1 0 0 1 0 0 0 1 1 0 1 0 0 0 x
0.018139905687809 1 0 0 0 0 0 0 0 0 1 0 1 1 1 0 0 1 1 0 0 1 1 0 x
0.030476143466847 1 0 0 0 0 0 0 0 0 1 0 0 1 1 0 1 1 1 0 0 1 1 1 x
0.033271619304770 1 0 0 0 0 0 0 0 0 0 0 1 1 0 0 1 1 0 0 0 1 1 0 x
0.045102105787233 1 0 0 0 1 0 0 0 0 1 1 1 1 1 0 1 1 0 0 1 1 1 0 x
0.151734931015923 1 1 1 0 0 0 1 1 1 1 1 1 1 1 1 0 0 0 1 0 0 1 0 x
0.054326337620619 0 0 1 0 0 0 1 0 0 0 1 1 0 1 1 1 1 0 0 0 0 1 1 x
0.024363962529914 0 0 1 0 0 0 0 0 0 0 1 0 0 1 1 1 0 0 1 0 0 1 1 x
0.026602997381000 0 0 0 1 0 0 0 0 0 0 0 1 0 1 1 1 0 0 1 0 0 1 1 x
0.011583377512192 1 0 0 0 0 0 0 0 0 1 0 1 1 1 0 1 1 1 0 1 0 1 1 x
0.049859514190446 1 0 0 0 1 0 0 0 1 0 1 1 0 1 1 1 1 0 0 0 0 1 1 x
0.039529171029580 0 0 1 0 0 0 0 0 0 1 1 0 0 1 1 1 1 0 0 1 0 1 1 x
0.046589900327143 0 0 1 0 0 0 0 0 1 0 1 0 0 1 1 1 1 0 0 0 0 1 1 x
0.038420258516620 0 0 1 0 0 0 0 0 0 1 1 0 1 1 1 1 0 1 0 1 1 0 1 x
0.052241382930447 0 0 1 0 0 0 0 1 0 0 0 1 0 1 1 1 0 0 0 1 0 1 0 x
0.052686950452227 1 0 0 0 1 0 0 0 0 1 0 1 1 1 0 1 0 1 0 0 1 1 0 x
0.036805538276971 0 0 0 0 1 0 0 0 0 0 1 0 0 1 1 1 1 1 0 0 0 1 1 x
0.022721799237604 1 0 0 0 0 0 0 0 0 1 0 1 1 0 1 0 1 1 0 0 1 1 0 x
0.018381725896554 1 0 0 0 0 0 0 0 0 1 0 1 1 1 1 0 1 1 0 0 1 1 1 x
0.087277567068152 0 1 0 0 0 1 0 0 1 1 0 1 0 1 1 0 1 1 0 0 0 0 1 x
0.037641451580993 0 0 1 0 0 0 0 0 0 0 1 0 0 1 1 1 0 0 0 1 0 1 0 x
0.048088708429501 0 0 1 0 0 0 0 0 0 1 1 0 0 1 0 1 1 1 0 0 1 0 1 x
0.031148749349336 0 0 1 0 0 0 0 0 0 1 0 1 1 1 1 0 1 1 0 1 1 0 1 x
0.070791910102287 0 1 1 0 0 0 0 0 1 1 1 1 1 1 1 0 1 1 1 0 1 0 1 x
0.039266016865525 0 0 0 1 0 0 0 0 0 0 0 1 0 1 1 0 1 1 1 0 0 1 1 x
0.044825031137769 1 0 0 0 0 0 0 1 0 1 0 1 0 1 1 0 1 1 0 0 1 1 0 x
0.069363670722893 1 1 0 0 0 0 0 1 0 1 1 1 1 0 1 0 0 0 1 0 0 1 0 x
0.038817317985056 1 0 0 0 0 0 1 0 0 0 1 1 1 0 1 0 1 0 1 0 0 1 0 x
0.036122425375814 1 0 0 0 0 0 0 0 1 1 0 1 1 1 1 0 1 1 0 1 1 1 0 x
0.037121276943201 0 0 0 0 1 0 0 0 0 0 0 1 1 1 1 0 1 1 1 0 0 1 1 x
0.064887728095710 1 0 0 0 0 1 0 0 0 0 1 0 1 1 0 1 0 0 1 0 1 0 1 x
0.094309370030781 1 0 1 0 0 1 0 0 1 1 1 1 1 0 1 0 0 1 0 1 0 0 0 x
0.042362090666561 0 0 1 0 0 0 0 0 0 1 0 1 0 1 1 1 0 0 0 1 1 0 1 x
0.073488019231954 1 0 0 0 1 0 0 0 1 1 1 1 0 1 1 1 1 1 0 1 0 0 1 x
0.025680764088948 0 0 1 0 0 0 0 0 0 0 1 1 0 1 0 1 1 1 0 0 0 1 1 x
0.041471379319513 0 0 1 0 0 0 0 1 0 0 1 1 0 1 1 1 1 1 0 0 0 1 1 x
0.039446002245242 0 0 1 0 0 0 0 0 0 1 0 1 0 1 1 0 1 1 0 0 1 1 0 x
0.076798019016487 0 0 1 0 0 0 1 0 0 0 1 1 0 1 1 0 1 1 0 0 1 1 0 x
0.066193126976195 0 0 0 1 0 0 0 0 0 0 0 0 1 0 0 0 0 1 0 0 0 1 0 x
0.050632280136708 0 0 1 0 0 1 0 0 0 0 0 1 1 1 1 0 1 1 0 0 0 1 1 x
0.047792305691618 0 0 1 0 0 0 0 1 0 0 0 1 1 1 1 0 1 1 0 1 0 1 1 x
0.024292658842710 0 1 0 0 0 0 0 0 1 0 0 1 1 1 0 1 1 0 1 0 0 1 1 x
0.060179576875441 0 0 1 0 0 1 0 0 0 0 1 0 1 1 1 1 0 0 1 0 0 1 1 x
0.052271279197894 1 0 0 0 1 0 0 0 0 1 1 1 1 0 0 1 0 1 1 0 0 0 1 x
0.082833692420884 1 0 0 1 0 0 0 1 0 1 0 1 1 0 1 1 0 0 0 0 1 1 0 x
0.087569436102312 0 1 0 0 1 0 1 0 0 1 1 1 1 1 1 0 1 0 1 0 0 1 0 x
0.021795344492366 0 1 0 0 0 0 0 0 0 0 1 0 1 0 1 0 1 1 0 0 0 1 1 x
0.132133713380966 0 0 0 0 0 0 0 0 0 0 0 0 1 1 0 1 1 1 0 1 0 1 1 x
0.153073615377266 0 0 0 1 1 0 0 0 0 0 0 0 1 1 0 0 1 0 0 1 0 1 0 x
0.100070941575838 0 1 0 1 0 0 0 0 0 1 1 0 1 0 0 1 0 1 0 0 0 1 0 x
0.031207920641215 0 0 0 0 1 0 0 0 0 0 0 0 1 0 1 1 0 1 0 0 0 1 1 x
0.068714120123540 1 0 0 0 1 0 0 0 1 0 0 1 1 1 0 1 1 1 0 0 0 1 1 x
0.063396122898713 0 0 0 0 1 0 0 0 0 0 0 1 1 1 1 1 0 0 1 0 1 0 1 x
0.071259476280649 0 1 0 0 1 0 0 0 0 1 1 1 1 1 1 0 1 1 1 0 1 1 0 x
0.055259280537339 0 1 0 0 1 0 0 0 0 1 1 1 1 0 1 1 0 1 0 1 0 0 1 x
0.044299454610188 0 0 0 0 1 0 0 0 0 1 0 0 1 0 1 1 1 1 0 0 0 1 1 x
0.076023519024212 1 0 0 1 0 0 0 0 1 1 1 1 0 0 1 1 1 0 0 1 0 1 0 x
0.131204357816932 0 1 0 1 1 0 0 0 0 1 1 1 1 1 1 0 0 0 1 0 1 0 0 x
0.077814578549538 0 1 0 0 1 0 0 0 0 1 1 0 1 1 1 1 0 1 0 1 0 1 0 x
0.050894261849957 0 0 0 1 0 0 0 0 1 0 0 0 1 1 1 1 0 0 1 0 0 1 1 x
0.048358180878063 0 1 0 0 1 0 0 0 0 1 1 1 1 1 0 1 1 0 0 0 1 1 0 x
0.043820382664740 1 0 0 0 0 0 0 0 1 1 1 0 0 1 1 1 1 0 0 1 0 1 1 x
0.027807041202830 1 0 0 0 0 0 0 0 1 1 0 0 1 0 1 1 1 1 0 0 0 1 1 x
0.024595158628621 1 0 0 0 0 0 0 0 1 0 0 1 1 0 1 1 1 0 0 0 1 0 1 x
0.039810453206248 1 0 0 0 1 0 0 0 0 0 1 1 1 1 0 1 1 0 1 0 0 1 1 x
