0.362883538007736 0 1 1 0 1 0 1 1 0 0 1 1 0 0 0 1 1 1 0 0 1 0 0
0.214982390403748 0 1 0 0 1 1 1 0 1 1 1 0 1 0 1 1 0 0 0 0 0 1 0
0.347618609666824 1 1 1 1 0 1 1 1 1 1 1 0 0 1 0 1 0 1 0 1 0 1 0
0.549816727638245 0 1 0 0 1 0 1 1 1 1 0 0 0 1 0 0 0 0 0 0 0 1 1
0.246633306145668 0 0 0 0 0 1 1 0 1 0 0 0 1 1 1 0 0 0 0 1 0 0 1
0.517430365085602 0 0 0 1 1 0 1 1 0 1 1 0 1 0 0 1 0 1 1 1 1 0 1
0.233617261052132 1 0 0 0 0 0 1 1 0 1 0 0 1 0 0 0 0 1 0 1 1 0 0
0.248736158013344 1 0 1 1 0 1 0 1 0 1 0 1 1 1 1 1 0 0 0 1 0 0 1
0.255782157182693 1 0 1 0 0 0 0 0 0 0 1 1 0 1 1 1 1 1 0 1 1 0 0
0.119204066693783 1 0 0 1 0 0 0 0 1 0 1 1 0 1 0 1 0 1 1 0 0 1 1
0.247794613242149 1 1 0 1 0 1 0 1 1 1 1 0 1 1 1 0 1 0 0 1 1 1 1
0.632176101207733 1 1 1 1 1 0 0 0 1 1 0 0 0 0 1 1 1 1 1 0 0 0 1
0.357955545186996 1 0 0 0 1 1 1 0 1 1 0 1 1 0 0 0 1 0 1 0 0 1 1
0.455508828163147 1 1 1 1 0 1 0 0 0 1 1 1 1 1 1 1 1 0 1 0 1 1 0
0.760036706924438 1 1 1 0 1 1 1 0 0 0 0 0 0 1 0 1 0 1 1 1 1 1 0
0.470005959272385 1 0 1 1 0 0 0 1 1 1 0 0 0 0 0 0 1 0 1 1 0 0 1
0.356263309717178 1 0 1 1 1 1 0 1 1 0 0 1 1 1 1 1 0 0 0 0 1 1 0
0.636628985404968 0 0 1 0 1 0 1 1 0 0 0 0 0 0 1 0 1 1 1 1 1 1 1
0.369244903326035 0 1 1 1 1 0 1 1 1 1 0 1 1 0 1 0 0 1 1 0 1 0 0
0.210228875279427 0 0 0 0 0 0 1 1 0 0 0 0 1 0 1 0 1 1 1 1 1 1 0
0.020612483844161 1 0 0 0 0 0 0 0 0 1 1 1 0 1 1 1 0 1 0 1 1 1 0
0.283949434757233 1 1 1 0 0 0 0 0 0 1 1 0 1 1 1 0 1 0 1 1 0 1 1
0.536940157413483 0 0 0 0 0 1 0 1 0 1 1 1 0 0 0 0 0 0 0 0 0 1 0
0.110922068357468 0 1 1 0 0 0 0 0 0 0 1 1 1 0 0 0 0 0 1 0 0 1 0
0.563153624534607 0 0 0 1 1 0 1 0 1 1 0 0 1 0 0 0 0 1 1 1 0 1 1
0.243179180740039 0 1 0 1 0 0 0 0 0 1 1 1 1 1 1 1 1 0 0 0 0 0 0
0.228485862778291 1 1 0 1 0 0 0 0 0 1 1 1 0 0 0 1 0 1 1 0 0 0 0
0.314104140666112 1 1 0 1 0 0 1 1 1 0 0 1 1 1 0 1 0 1 0 1 1 1 1
0.220248288820161 1 1 1 0 0 0 0 0 1 1 1 1 1 0 1 1 1 0 0 0 0 0 1
0.274925855840261 1 0 0 0 0 0 0 1 1 1 1 1 1 1 0 0 0 0 1 0 0 0 0
0.145757837497457 0 1 1 0 0 0 1 0 0 0 1 0 1 0 1 0 0 1 0 0 0 0 0
0.130095984380908 1 0 0 0 0 0 1 0 0 1 1 1 0 0 1 1 0 1 1 1 1 0 0
0.163378571422895 1 1 0 1 0 0 0 0 1 1 1 0 0 1 1 1 0 0 0 0 1 0 1
0.104090734107734 0 1 0 0 0 0 1 0 0 0 0 0 1 0 1 1 0 1 0 0 1 1 0
0.492358892251280 1 0 0 1 0 1 1 0 1 0 1 0 0 0 1 1 0 1 1 0 1 1 1
0.270902779922303 0 1 1 0 0 0 1 0 0 0 1 0 0 1 1 0 0 0 1 1 0 1 0
0.084542243794183 0 0 0 0 0 0 0 0 0 0 1 0 0 0 0 1 0 1 0 0 0 1 0
0.268687372089823 0 0 0 1 0 0 1 0 1 0 0 1 0 0 1 0 1 1 1 0 1 1 0
0.389553550587311 1 0 1 0 0 0 1 1 0 1 0 0 1 0 0 1 0 1 0 1 1 1 0
0.084397441399158 1 0 0 0 0 0 1 0 1 0 1 0 1 1 0 0 0 1 1 0 1 0 0
0.147040332534384 0 1 0 0 1 0 0 0 0 0 1 0 1 0 1 0 0 0 0 0 1 1 0
0.084576663333471 1 1 0 0 0 0 0 0 1 0 1 1 0 1 0 0 1 0 0 0 1 0 0
0.062748561030789 1 0 0 0 0 0 0 0 0 0 1 1 1 0 0 0 0 1 0 1 1 1 0
0.034424401663684 0 1 0 0 0 0 0 0 0 1 1 0 0 1 1 1 0 1 0 1 0 1 1
0.095956296427154 1 0 0 0 0 0 0 0 0 0 0 1 0 1 1 0 0 0 1 1 1 1 0
0.143666333993773 1 0 0 0 0 0 0 0 1 0 1 0 1 0 1 0 0 0 1 0 1 1 1
0.034906369314940 0 1 0 0 0 0 0 0 0 1 1 1 1 1 1 1 1 1 1 1 0 1 0
0.141629930583737 1 1 0 0 0 0 0 0 0 1 1 1 0 1 0 0 0 1 0 0 1 1 1
0.080384209958688 0 0 0 1 0 0 0 0 0 0 1 0 0 1 0 1 0 1 0 1 0 1 1
0.173357759982008 0 0 0 0 0 0 0 1 1 0 1 0 0 1 0 1 0 1 0 1 0 1 0
0.093900316269028 0 0 0 0 0 0 1 0 0 0 1 0 0 1 0 1 1 1 1 1 0 1 0
0.227491320261261 0 0 0 0 0 0 0 0 1 0 1 0 1 1 1 1 0 0 0 1 1 0 0
0.101085232313428 0 0 0 0 0 1 0 0 0 0 1 1 1 1 1 1 0 1 1 1 1 1 0
0.093322569962928 1 0 0 0 0 1 0 0 0 1 1 1 0 1 1 1 0 0 1 1 1 1 0
0.357290681228556 1 1 1 0 0 0 0 0 0 0 0 0 1 1 0 1 0 0 0 0 0 1 1
0.172314349061898 0 0 1 0 1 0 1 0 1 0 1 1 1 0 1 1 0 0 0 0 1 1 0
0.055028458024476 0 1 0 0 0 0 0 0 1 1 1 0 0 1 1 1 0 1 1 0 0 1 0
0.143830474452169 0 0 0 1 0 1 0 0 0 1 0 1 0 1 1 1 0 1 1 1 0 0 1
0.077034633332158 0 1 0 0 0 1 0 0 0 1 0 1 1 0 1 1 0 1 0 1 0 1 0
0.116511708891005 0 1 0 0 0 0 0 1 0 1 1 1 0 1 1 1 0 1 1 1 0 1 1
0.040536026761722 0 1 0 0 0 0 0 0 0 0 1 1 1 0 1 1 1 1 0 0 1 1 0
0.314595088913969 0 1 1 0 1 1 0 1 0 0 1 0 1 0 1 0 0 0 0 0 0 1 0
0.165286017669468 1 1 0 0 0 1 0 0 0 1 1 1 0 1 0 1 0 1 0 1 0 1 1
0.061691845660492 0 0 0 0 0 0 0 0 0 0 1 0 0 1 0 0 0 1 0 0 1 1 0
0.181717960161504 0 0 0 0 0 0 0 0 0 0 1 1 1 0 0 1 0 1 1 0 0 1 0
0.088737585586760 0 1 0 0 0 0 0 0 0 0 1 1 0 0 1 0 1 1 0 1 1 1 0
0.114061297995117 1 0 0 0 1 0 0 0 1 1 0 1 1 1 1 0 0 0 0 0 1 0 0
0.122330819658720 1 0 0 0 0 0 1 0 1 1 0 0 0 1 1 0 1 0 0 0 1 0 1
0.216837467258171 1 1 0 0 1 0 0 0 0 0 1 1 1 1 1 1 0 0 0 0 0 0 1
0.237108306713444 0 0 0 0 0 0 0 0 0 1 0 1 0 1 1 1 0 0 0 1 0 0 1
0.045217602381818 1 0 0 0 0 0 0 0 0 1 1 1 1 0 1 0 1 0 0 1 1 0 0
0.125632289520132 1 0 0 1 0 0 0 0 0 1 1 1 1 1 1 0 1 1 0 1 0 0 0
0.065363141636705 1 0 0 0 0 0 0 1 1 1 1 1 1 1 1 1 1 1 1 0 1 0 0
0.094059142248322 0 0 1 0 0 0 0 0 1 1 1 1 1 1 0 1 1 1 0 0 0 1 0
0.289990297777954 0 1 1 1 0 0 0 0 0 0 1 1 1 1 1 1 1 1 0 0 0 1 1
0.098433752848913 1 1 0 0 0 0 0 0 1 1 1 1 1 1 1 1 1 0 0 0 0 1 1
0.137255436132268 0 0 1 0 0 0 0 1 0 1 1 1 1 0 1 1 1 1 0 0 0 0 0
0.273753643451121 1 0 0 0 0 0 0 0 0 1 0 1 1 1 1 1 1 1 0 0 0 0 0
0.170797957422665 1 1 0 0 0 0 0 0 0 1 1 0 0 0 1 1 1 0 0 0 1 1 0
0.239494349570039 1 1 0 0 1 1 0 0 0 1 1 1 1 1 1 1 1 0 0 1 1 1 0
0.129748127659002 0 1 0 0 1 1 0 0 1 1 1 1 1 1 1 0 1 1 0 0 1 0 0
0.216167959757416 1 1 0 1 0 1 0 0 0 1 1 1 1 0 1 0 1 0 0 1 0 1 0
0.213905774387217 1 1 0 0 0 1 0 1 0 1 0 1 1 1 1 0 1 1 0 1 1 1 0
0.182595792298431 0 0 0 0 0 0 0 0 1 1 1 1 0 1 1 0 1 1 1 1 0 0 0
0.048750697363553 1 0 0 0 1 0 0 0 0 1 1 1 1 1 1 1 1 1 0 0 1 0 1
0.055343990848422 1 0 0 1 0 0 0 0 0 1 1 1 0 1 1 1 1 0 0 1 0 1 1
0.067063909631131 1 0 0 0 0 0 0 0 1 1 1 0 1 1 1 1 1 1 0 1 1 1 1
0.054266761110786 0 1 0 0 0 0 0 0 0 1 1 0 1 0 1 1 1 1 0 1 0 1 0
0.088454548286129 0 0 1 0 0 0 0 0 1 1 1 1 0 1 0 1 1 1 0 0 1 0 0
0.128349987067447 1 1 0 0 0 0 0 0 0 1 1 1 1 1 1 0 1 1 0 1 1 0 0
0.029684248710027 1 0 0 0 0 0 0 0 1 0 1 1 0 1 1 0 1 1 0 1 0 1 0
0.072901575960896 0 1 1 0 0 0 0 1 1 1 1 1 1 1 1 0 1 1 0 0 1 0 1
0.042928000305709 1 0 0 0 0 1 0 0 0 1 1 1 1 1 1 0 1 1 0 1 1 0 0
0.130422886769796 1 0 1 0 1 0 0 1 1 1 1 1 1 1 1 0 1 0 0 0 1 0 0
0.033902488530185 1 0 0 0 0 0 0 0 0 1 1 1 0 1 1 1 0 1 0 0 1 0 1
0.211133400288025 0 1 1 0 0 1 0 1 0 1 1 1 1 1 1 1 1 1 0 1 0 1 0
0.186785309015350 0 0 1 0 0 0 0 0 1 1 1 1 1 0 1 0 1 0 0 0 1 0 0
0.144888029170362 1 0 0 1 0 1 0 0 0 1 1 1 1 1 1 1 1 0 0 1 1 0 0
0.188212411403957 0 1 0 0 0 0 1 1 1 1 1 1 1 1 1 1 1 1 1 0 1 1 0
0.064158184767067 1 0 0 0 0 0 0 1 0 0 1 1 1 1 1 0 1 1 1 1 1 1 0
0.064377485447464 1 0 0 0 0 0 0 1 1 0 1 0 0 1 1 1 0 1 0 0 1 1 0
0.040879225520177 1 0 0 0 0 0 0 1 0 0 1 1 0 1 1 1 1 0 0 1 0 1 0
0.196549022657993 0 1 0 0 0 0 0 0 1 1 1 0 1 1 0 0 0 1 0 0 0 1 1
0.098123083883090 1 0 0 0 1 0 0 0 1 0 1 1 0 1 1 1 1 1 0 0 1 1 0
0.248160741922518 0 1 1 0 0 0 0 0 0 0 1 0 0 1 0 0 0 1 0 1 1 0 0
0.173457849958527 0 0 0 0 0 0 1 0 1 0 1 1 0 1 1 0 1 1 0 0 1 1 0
0.048936682730592 1 0 0 0 0 1 0 0 1 0 1 1 1 1 1 1 1 0 0 1 0 1 0
0.194783682260403 0 1 1 0 0 0 0 0 0 0 1 0 1 1 0 1 1 1 0 0 1 1 0
0.030807838464801 1 0 0 0 0 0 0 0 0 1 1 1 0 1 0 1 1 1 0 1 0 1 0
0.110078632713633 0 1 0 0 0 1 0 0 0 0 1 1 1 1 1 1 1 1 1 1 0 1 0
0.134808312993181 1 0 0 0 1 1 0 0 0 0 1 1 1 0 1 0 0 1 0 0 1 0 1
0.131386946179515 1 0 0 0 0 0 0 0 0 0 1 0 0 1 1 1 0 1 1 1 0 1 0
0.258666570934946 0 0 1 0 0 0 1 0 1 0 1 0 1 1 0 1 0 0 0 0 1 1 1
0.195037304650444 1 1 0 1 0 0 0 0 1 1 0 1 0 1 1 0 1 0 0 1 0 0 1
0.052464404194800 1 0 0 0 1 0 0 0 0 1 1 1 0 1 1 1 1 0 0 1 0 0 1
0.180758222926306 1 0 0 0 0 0 0 1 1 1 1 0 0 1 0 1 1 1 0 1 1 0 1
0.174990474109650 0 1 1 0 1 0 0 0 0 1 1 1 0 0 1 1 0 0 0 0 1 0 1
0.101760183134886 1 0 0 1 0 0 0 0 0 0 1 1 0 1 0 0 0 0 0 1 1 0 0
0.134728859621115 1 0 0 0 0 0 0 1 1 1 0 1 0 1 1 0 0 0 0 1 0 1 0
0.171167980745322 1 0 1 0 0 0 1 0 1 0 1 1 0 1 0 1 1 0 0 1 1 0 1
0.173077498578769 1 0 0 0 1 0 0 1 0 1 1 1 1 1 1 0 0 1 0 1 1 1 1
0.193800868799462 0 1 0 1 0 0 0 1 1 0 0 0 1 1 1 1 0 1 0 0 1 1 1
0.070028541361101 1 0 1 0 0 0 0 1 0 1 1 1 1 1 1 1 0 1 0 1 1 1 0
0.115898798940075 0 0 0 0 0 0 0 0 0 1 1 0 0 1 1 1 0 1 1 0 1 0 1
0.205814118387582 1 1 1 0 0 0 0 1 0 1 1 1 0 1 1 1 0 0 0 1 1 1 0
0.077883806586066 1 0 0 0 0 0 1 0 0 0 1 1 0 1 1 0 0 0 0 1 1 1 0
0.056455255013504 0 0 0 0 1 0 0 0 0 0 1 0 1 1 1 1 1 1 0 0 1 0 1
0.186205766830293 1 0 1 0 0 0 1 1 1 1 1 1 0 0 1 0 1 1 0 0 1 0 1
0.224261889436869 0 1 0 0 0 1 0 0 0 1 0 0 0 1 1 1 0 1 0 1 1 1 1
0.101742707229295 1 0 0 0 0 0 0 1 1 1 1 0 1 1 1 1 0 1 0 1 0 1 1
0.283533271319138 1 1 0 0 0 0 0 1 0 1 0 0 1 0 1 1 0 0 1 1 1 1 0
0.133064581197755 0 0 0 0 1 1 0 0 0 1 0 1 1 1 1 1 0 1 0 0 1 1 1
0.081876785548900 1 0 0 0 1 1 0 0 1 1 1 1 1 1 1 1 0 0 0 1 0 0 1
0.101587347049069 1 0 0 1 0 0 1 1 0 1 1 1 0 1 1 1 0 0 0 1 0 0 1
0.093406424729555 1 0 0 0 0 0 0 0 1 0 1 1 0 1 0 1 0 0 0 1 0 1 1
0.202972364680444 1 0 0 1 0 1 0 0 0 1 0 1 0 1 1 1 0 0 0 1 1 1 0
0.065244087349992 1 0 0 0 0 0 0 0 1 0 1 1 1 1 1 1 0 1 0 0 0 1 1
0.062547833031456 0 1 0 0 0 0 0 0 1 0 1 0 0 1 1 0 1 1 0 0 1 0 0
0.137523173089554 0 0 0 0 0 1 0 1 1 0 0 1 0 1 1 1 1 1 0 0 1 0 0
0.118843779477005 1 0 0 0 0 1 0 0 1 0 1 1 0 1 0 0 1 1 0 1 1 0 0
0.066135986528076 1 0 0 0 1 0 0 0 0 1 1 0 1 1 1 1 1 0 0 1 1 1 0
0.150924769510767 1 0 0 0 0 1 0 1 0 1 1 1 0 1 1 1 1 1 0 1 1 1 0
0.079458855559345 1 0 1 0 0 0 0 0 1 1 1 1 1 1 0 1 1 1 0 1 1 1 0
0.194825972644499 0 0 0 1 0 1 0 1 0 1 0 1 1 1 1 1 0 1 0 1 1 1 0
0.084159103881232 0 1 1 0 0 0 0 0 0 1 0 1 1 1 1 1 0 0 0 0 1 1 0
0.040786097701757 0 1 0 0 0 0 0 0 0 1 0 1 1 1 1 1 0 1 0 1 1 1 1
0.127027020624513 1 0 0 1 1 0 0 0 1 1 1 1 1 1 1 1 1 0 0 1 1 1 0
0.110135108055665 1 1 0 0 0 1 0 0 0 1 1 1 1 1 0 0 1 0 0 1 1 1 0
0.150704219738713 1 0 0 1 0 0 0 1 0 1 1 1 0 1 1 1 1 1 0 1 1 1 0
0.172843819432221 1 1 0 1 0 0 0 1 0 1 1 1 0 1 1 0 1 0 0 1 0 1 0
0.070638980032484 1 0 0 0 1 0 1 0 0 1 1 1 1 1 1 1 0 0 0 0 1 0 1
0.045570570895131 0 1 0 0 0 1 0 0 0 1 0 1 1 1 1 1 1 0 0 1 1 0 1
0.194825284833865 0 1 1 0 1 0 0 0 0 1 1 1 1 1 1 1 1 1 0 1 0 1 1
0.241039204766394 1 0 1 0 0 0 0 1 0 1 1 1 1 1 1 1 1 0 0 0 0 0 0
0.189963082857217 0 0 0 0 1 0 0 0 1 1 1 1 1 1 1 1 1 0 0 1 0 1 1
0.055185303830487 0 1 0 0 0 1 0 0 1 0 0 1 1 1 1 1 0 1 0 0 1 0 1
0.124452070565879 0 0 1 0 0 1 0 0 0 1 1 1 1 1 0 1 1 1 0 1 1 1 0
0.225827270870943 0 1 1 0 0 0 0 0 1 1 0 1 1 0 0 0 0 0 0 0 1 0 1
0.057225044654232 0 1 1 0 0 0 0 0 1 1 1 1 1 1 1 1 0 1 0 0 1 1 0
0.157615693252960 1 1 1 0 0 0 0 0 1 1 1 1 1 1 0 0 1 0 0 1 1 1 0
0.088336942164788 1 0 0 0 1 0 0 0 1 1 1 0 0 1 1 1 0 0 0 0 1 0 1
0.026631864073696 1 0 0 0 0 0 0 0 0 1 1 0 1 1 0 1 1 0 0 0 1 1 0
0.112316953815280 1 0 0 0 0 0 0 0 1 1 1 1 1 1 1 1 1 0 0 1 1 1 1
0.108491050039802 1 0 0 0 0 0 1 0 1 0 1 0 1 1 0 0 1 0 0 0 0 1 0
0.046372002956910 1 0 0 0 1 0 0 0 0 1 1 1 1 0 1 0 1 0 0 1 1 0 0
0.176631589272702 1 1 0 0 0 0 0 1 1 1 1 1 0 1 1 1 1 1 0 0 0 0 0
0.036030756046381 1 0 0 0 0 0 0 0 1 1 1 0 1 1 1 0 1 1 0 0 1 0 1
0.084512043957790 0 1 0 0 0 0 0 0 0 0 0 1 1 1 1 0 0 1 1 0 1 0 0
0.075881383517014 1 0 0 0 1 0 0 0 0 1 1 0 1 1 0 1 1 0 0 0 1 0 0
0.227715678175667 0 0 0 0 0 0 0 0 0 1 1 1 0 1 0 1 1 1 0 0 1 0 0
0.181801195492101 0 0 0 0 0 0 0 0 1 0 1 0 1 1 1 1 0 1 0 0 1 1 0
0.017674764748879 1 0 0 0 0 0 0 0 0 0 1 0 1 1 0 0 1 0 0 0 1 0 1
0.067155604337633 0 1 0 0 0 0 0 0 0 0 1 0 0 1 1 0 1 1 0 0 0 1 0
0.047702898597984 0 1 0 0 0 0 0 0 0 0 1 1 1 0 1 0 0 1 0 1 0 1 1
0.150798556125311 0 1 0 0 0 0 0 1 1 1 1 0 1 1 1 1 0 1 0 0 0 0 0
0.032631964306989 1 0 0 0 0 0 0 0 0 1 1 0 1 1 0 0 1 0 0 1 1 0 0
0.023622428122496 1 0 0 0 0 0 0 0 0 0 1 0 1 1 0 0 0 1 0 1 0 1 0
0.047796735304672 0 0 1 0 0 0 0 0 0 0 1 1 1 0 0 1 0 1 0 0 1 1 0
0.117802754892648 1 0 0 0 0 1 0 1 1 0 0 1 1 1 1 0 0 0 0 0 1 0 0
0.082517557714804 0 0 1 0 0 0 0 1 0 1 1 1 1 1 1 1 0 1 1 0 1 1 0
0.031333352814968 1 0 0 0 0 0 0 1 0 0 1 0 1 1 1 0 0 1 0 0 1 0 1
0.210449029654100 1 0 0 1 0 0 0 1 1 0 1 1 0 1 1 0 0 1 1 1 0 1 1
0.150735307543503 1 1 0 0 0 1 0 0 1 0 1 1 1 1 1 1 1 0 0 0 1 0 1
0.095492197299342 1 0 0 0 0 0 0 0 0 0 1 0 0 1 0 1 1 1 0 0 1 1 0
0.096010208260588 1 0 1 0 0 0 0 1 1 1 1 0 1 1 1 1 0 1 0 0 1 0 0
0.077028895060048 1 0 0 0 1 0 0 0 1 1 1 0 1 1 1 1 0 1 0 0 1 0 0
0.083275842336577 0 1 0 0 0 1 0 0 1 1 0 1 1 1 1 1 1 0 0 1 1 1 0
0.053620896515385 1 0 0 0 0 1 0 0 0 1 1 0 1 1 0 1 1 0 0 0 0 1 1
0.206819425501591 0 1 0 0 0 1 1 1 0 1 0 1 1 1 1 1 0 1 0 1 1 0 1
0.152150961855072 0 1 1 0 0 0 0 1 1 1 1 1 0 1 1 1 0 1 0 1 1 1 0
0.098177272489882 1 0 0 1 0 0 0 0 0 0 1 0 1 1 0 1 1 0 0 0 0 1 0
0.072348160474150 1 0 0 0 0 0 0 1 1 1 1 0 0 1 1 1 1 0 0 0 1 0 0
0.231207904732194 0 1 1 0 0 1 0 0 1 0 0 1 1 0 1 1 0 0 0 1 1 0 1
0.111735615928009 1 0 0 1 1 0 0 0 1 1 1 1 1 1 0 1 0 1 0 0 1 0 0
0.066603296186746 1 0 0 1 0 0 0 0 0 1 1 0 1 1 0 1 0 1 0 1 0 0 1
0.027279045360995 1 0 0 0 0 0 0 0 0 1 1 1 0 1 1 1 0 1 1 1 0 1 1
0.121564795720138 0 0 0 0 0 0 0 1 0 0 1 0 0 1 1 0 0 1 0 1 0 1 1
0.143041874549829 1 1 0 0 0 0 0 0 1 0 1 0 0 1 1 0 0 1 0 1 0 0 1
0.066985720287848 1 0 0 0 0 1 0 0 0 1 1 0 1 1 0 1 0 1 0 1 1 0 0
0.082274043677240 0 1 1 0 0 0 0 0 1 1 1 1 0 0 1 1 0 1 0 0 0 1 0
0.054523879981087 0 1 0 0 0 0 0 0 0 1 1 0 1 1 1 0 0 1 0 0 1 0 1
0.084853308400773 1 0 0 0 0 1 0 0 0 0 1 1 1 1 0 0 1 0 0 1 0 0 0
0.051590814115551 1 0 1 0 0 0 0 1 1 1 1 1 1 1 1 1 0 1 0 0 1 1 0
0.013223332234304 0 1 0 0 0 0 0 0 0 0 0 1 1 0 1 1 1 0 0 0 1 1 1
0.156630234758140 1 0 0 1 1 0 0 0 0 1 1 1 0 1 1 1 0 0 0 1 0 0 0
0.072097688131740 1 0 0 0 0 0 0 0 0 1 1 0 1 1 1 0 0 0 0 1 0 1 1
0.087728472483815 0 1 0 0 0 0 0 0 1 0 1 0 0 0 1 1 1 1 1 0 0 0 1
0.082266598104382 0 0 0 0 1 1 0 0 0 0 1 1 1 1 1 0 1 1 0 0 1 0 1
0.118846252542641 1 0 0 0 0 1 1 0 0 1 1 1 0 1 1 1 1 1 0 1 0 0 1
0.080103595125004 1 0 0 0 1 0 0 0 1 0 0 1 0 1 1 0 1 0 0 0 1 0 0
0.116166488667279 0 0 1 1 0 0 0 0 0 1 1 1 0 1 0 1 0 1 0 0 0 1 1
0.097805544414709 0 1 1 0 0 0 0 0 0 1 1 1 1 0 1 0 1 1 0 0 1 1 1
0.197873232305597 1 0 0 0 1 0 0 0 1 0 1 1 1 1 1 0 1 0 0 0 0 0 0
0.054038128199848 1 0 0 1 0 0 0 0 0 1 1 1 1 1 0 1 1 1 0 1 0 1 1
0.064565110150220 0 0 1 0 0 0 0 0 0 0 1 1 0 1 0 1 0 1 0 0 0 1 0
0.045157110463642 0 1 0 0 0 0 0 0 1 1 0 1 0 1 1 1 1 1 0 0 1 1 0
0.087845518417635 1 0 1 0 0 1 0 0 1 1 1 1 1 1 0 1 0 1 0 1 0 1 0
0.093801045049982 1 0 0 0 0 0 0 0 1 1 1 1 1 1 1 0 0 1 0 1 1 1 0
0.120746214231806 0 0 0 0 0 1 0 0 0 1 0 1 1 1 1 1 1 0 0 0 1 1 0
0.146092343665593 1 0 0 0 0 1 0 0 1 1 1 0 1 1 0 1 0 1 0 1 0 1 1
0.095721458277677 1 0 1 0 0 0 0 0 1 0 1 1 1 1 0 1 0 1 0 0 1 0 0
0.220707863707262 0 0 0 0 1 1 0 0 0 0 0 1 1 0 1 1 1 1 1 1 1 0 0
0.144205833641440 0 0 1 1 0 0 0 0 1 0 1 1 0 1 0 1 0 1 0 1 0 1 0
0.034355412755643 0 1 0 0 0 0 0 0 1 0 0 1 0 1 1 1 0 1 0 1 0 1 1
0.092203390271326 1 0 0 0 0 1 0 0 0 1 1 1 1 1 1 1 0 0 0 0 0 1 1
0.065785650611891 0 0 1 0 0 0 0 0 0 0 1 0 1 1 0 1 0 1 0 0 0 0 1
0.084190445157380 1 0 0 0 0 0 0 1 1 0 0 1 0 1 1 1 0 1 0 0 1 1 1
0.057399439168324 1 0 1 0 0 0 0 0 0 1 1 1 1 1 0 1 0 1 0 1 0 1 1
0.135997231641719 0 0 1 0 1 1 0 0 1 1 1 1 1 1 1 1 0 1 0 0 1 0 1
0.106892001030232 0 0 1 0 0 0 0 0 0 1 1 1 1 1 0 1 0 1 1 1 0 1 1
0.089018711925659 0 1 0 0 1 0 0 0 1 0 0 1 0 1 1 1 0 0 0 0 1 0 1
0.047302902932550 0 1 0 0 0 0 0 0 1 0 1 1 0 1 1 1 0 1 0 0 0 1 1
0.019990527914552 1 0 0 0 0 0 0 0 0 0 1 1 1 1 0 1 0 0 1 0 1 1 0
0.055767824091241 1 0 1 0 0 0 0 0 0 1 1 1 1 1 0 1 0 0 0 0 1 1 0
0.264120643848000 0 1 0 1 0 1 0 0 1 1 0 1 0 1 1 1 1 1 0 1 0 1 1
0.098225095066303 0 0 1 0 0 0 0 1 1 0 1 1 1 1 1 1 0 1 0 0 0 1 0
0.093132493753262 1 1 0 0 0 0 0 0 0 1 1 1 0 1 1 1 0 0 0 1 0 1 0
0.129850444344512 1 0 0 0 1 1 0 0 0 1 1 1 0 1 1 1 1 0 0 1 0 1 0
0.012543082682435 1 0 0 0 0 0 0 0 0 1 1 0 1 1 1 1 0 1 0 1 1 0 1
0.016600329745077 1 0 0 0 0 0 0 0 0 1 1 0 1 1 0 1 1 1 1 0 0 1 1
0.051131082802750 1 0 0 0 1 0 0 0 0 1 1 1 0 1 1 1 1 0 0 1 1 0 1
0.020551594603393 0 1 0 0 0 0 0 0 0 1 1 0 1 1 1 1 0 1 1 0 0 1 1
0.082312173873296 1 0 0 0 0 1 0 0 0 1 1 1 1 1 0 0 0 1 1 0 1 1 0
0.012676801797641 1 0 0 0 0 0 0 0 0 1 1 0 1 1 1 1 1 1 0 0 1 1 1
0.019526656543685 0 1 0 0 0 0 0 0 0 0 1 0 1 0 1 1 1 0 0 0 0 1 1
0.036572422293216 1 0 0 0 0 0 0 1 1 0 1 0 1 1 1 1 1 0 0 0 1 0 1
0.066857351373651 0 1 0 0 0 0 0 0 1 0 0 1 1 0 1 1 1 1 0 1 0 1 0
0.048567850730562 0 1 0 0 0 0 0 0 0 0 1 0 1 1 0 1 0 0 0 0 0 1 1
0.021851268390370 1 0 0 0 0 0 0 0 0 0 1 1 1 1 0 1 1 0 0 1 0 1 1
0.079773297047112 1 0 0 0 0 0 0 0 0 0 1 0 1 1 0 1 0 0 0 0 0 0 1
0.021141345199948 1 0 0 0 0 0 0 0 0 0 1 0 1 1 0 0 0 1 0 0 1 1 0
0.081083853377791 1 0 0 0 1 0 0 0 0 1 1 0 1 1 1 0 1 1 0 1 1 0 1
0.039719398451294 0 1 0 0 0 0 0 0 0 0 1 1 0 1 1 1 0 0 0 0 1 1 1
0.170606464415327 0 0 0 0 1 0 0 0 0 0 1 1 1 1 1 1 0 0 0 0 1 1 1
0.032853791473253 1 0 0 0 0 0 0 0 0 0 1 0 1 1 0 1 1 0 1 1 0 1 1
0.045196817719020 0 1 0 0 0 0 0 0 1 0 0 1 0 1 1 1 1 1 0 0 1 0 1
0.098624824400644 0 0 0 0 1 1 0 0 0 0 1 0 1 1 1 1 1 1 0 0 0 0 1
0.023359313520016 1 0 0 0 0 0 0 0 0 1 1 1 1 1 1 1 1 1 0 1 0 1 1
0.038112121421909 0 1 0 0 0 1 0 0 0 0 0 1 1 1 1 1 1 0 0 0 1 1 1
0.079217414302033 1 0 0 0 0 1 0 0 0 1 1 1 1 1 0 1 0 0 0 1 1 0 1
0.031926251779509 1 0 0 0 0 0 0 0 0 0 1 0 1 1 0 1 1 1 0 1 0 1 1
0.041918236766758 1 0 0 0 0 0 0 0 0 0 1 1 1 0 1 1 0 1 0 1 0 1 0
0.086410023468065 0 0 0 0 0 1 0 0 0 0 1 0 1 1 0 0 1 1 0 0 1 0 1
0.019811625307310 1 0 0 0 0 0 0 0 0 1 1 0 1 0 1 0 1 1 0 0 1 0 1
0.080577136448304 1 0 0 0 0 0 0 0 0 1 1 0 1 1 0 0 1 0 1 0 1 1 1
0.031317742832503 0 1 0 0 0 0 0 0 0 0 1 0 1 0 1 0 0 1 0 0 1 0 1
0.047662023278370 0 0 0 1 0 0 0 0 0 0 1 0 0 1 0 0 1 1 0 0 0 0 1
0.044965689726568 0 0 1 0 0 0 0 0 0 0 1 0 1 0 0 1 0 1 0 0 0 1 0
0.059062342038080 0 1 0 0 0 0 0 1 0 0 1 0 0 1 1 0 1 1 0 0 1 0 1
0.075851472512460 0 0 0 1 0 1 0 0 0 0 0 1 1 1 1 0 0 1 0 0 1 0 1
0.046346163557128 1 0 0 0 0 0 0 0 0 0 1 0 1 0 0 0 1 1 0 0 1 0 0
0.061181008448628 0 1 0 0 0 0 0 0 0 1 1 1 1 0 1 1 0 1 0 1 0 1 1
0.092511776947671 0 1 0 0 0 1 0 0 0 0 0 1 1 0 1 0 0 1 0 0 1 0 1
0.039234374140515 0 1 0 0 0 0 0 0 0 0 0 1 1 1 1 1 1 1 0 1 0 1 1
0.058906475030407 0 1 0 0 0 0 0 0 0 0 1 0 1 1 1 1 1 0 0 0 1 0 1
0.042822401909181 0 1 0 0 0 0 0 0 1 0 0 1 0 1 1 0 0 1 0 0 1 1 0
0.067707127328344 0 0 0 1 0 0 0 1 0 0 1 0 1 1 1 0 1 1 0 0 1 0 1
0.160118256394243 0 0 1 1 0 0 0 1 0 0 1 0 1 1 0 0 0 1 0 0 0 0 0
0.036648500550046 1 0 0 0 1 0 0 0 0 1 1 1 1 1 0 1 0 1 0 1 0 1 0
0.039069566877566 1 0 0 0 0 0 0 0 0 0 1 1 1 1 0 1 0 1 0 1 0 1 0
0.027210512575100 1 0 0 0 0 0 0 1 0 0 1 1 1 0 1 1 1 0 0 0 1 1 0
0.039847344405133 1 0 0 0 0 0 0 0 1 0 1 1 0 1 1 1 1 0 0 1 0 1 0
0.187419575558803 1 0 0 1 0 1 0 0 0 1 1 0 1 1 0 0 1 1 0 1 0 1 0
0.044131154567679 0 0 0 1 0 0 0 0 0 0 1 0 1 1 0 0 1 1 0 0 1 0 1
0.099012485718639 1 1 0 0 0 0 0 0 0 0 1 1 1 0 0 0 1 0 0 0 0 1 1
0.046881560323707 1 0 0 0 1 0 0 0 0 1 1 1 1 0 1 1 1 0 0 1 0 1 1
0.022652693089866 1 0 0 0 0 0 0 0 0 1 1 1 1 0 1 1 1 1 0 0 1 1 0
0.060671130000283 0 1 0 0 0 1 0 0 0 1 0 1 1 1 1 1 1 0 1 1 0 1 1
0.140821247243067 1 0 1 0 1 0 0 0 1 1 1 1 1 1 0 1 0 0 0 0 1 1 1
0.048391617079215 1 0 0 1 0 0 0 0 0 0 1 1 1 1 0 0 1 0 0 0 1 0 1
0.059481128625561 1 0 0 0 1 0 0 0 0 1 1 0 1 1 0 1 1 0 0 1 0 1 0
0.056084173604571 1 0 0 0 0 0 0 1 1 0 1 1 0 1 1 0 1 1 0 0 1 0 0
0.085362190749377 0 0 1 0 0 0 0 0 0 0 1 1 1 1 0 0 1 1 0 0 1 0 0
0.039978745836189 1 0 0 0 0 1 0 0 0 1 1 0 1 1 1 0 1 1 0 0 1 0 1
0.064698534625605 1 0 1 0 0 0 0 1 1 0 1 1 1 1 0 1 1 0 0 0 1 1 0
0.040888062372984 0 1 0 0 0 0 0 1 0 0 1 0 1 0 1 1 1 1 0 0 0 1 1
0.105254272382419 0 1 1 0 0 0 0 0 1 0 1 1 0 1 1 0 1 1 0 0 1 0 1
0.040796050223287 1 0 0 0 0 1 0 0 0 0 1 1 1 0 1 0 1 0 0 1 0 1 0
0.113221129090098 1 0 1 0 0 0 0 0 1 1 1 1 0 1 0 1 1 1 1 0 0 1 0
0.099967388710863 1 1 0 0 0 0 0 1 1 1 1 0 1 1 1 1 1 1 0 0 1 0 1
0.063762409418849 1 0 0 0 0 0 0 1 1 0 1 0 1 1 1 0 1 1 0 1 1 0 0
0.122288080660439 1 0 1 1 0 0 0 1 1 1 1 1 1 1 0 1 1 0 0 0 1 0 1
0.038590740164157 0 0 0 1 0 0 0 0 0 0 0 0 1 1 1 0 1 1 0 0 1 0 1
0.194793990033179 0 0 0 0 0 0 0 0 0 0 1 0 1 1 1 0 1 1 0 0 1 0 1
0.125757018913476 0 0 0 1 1 0 0 0 0 1 0 0 1 1 1 1 1 1 0 0 1 0 1
0.157311825312744 1 0 0 1 0 0 0 1 0 1 0 0 1 1 1 1 1 1 0 0 1 0 1
0.139509970167930 0 1 0 1 0 0 0 0 0 0 1 0 0 1 1 1 0 1 0 0 1 0 1
0.113459312105440 0 0 0 0 1 1 0 0 0 0 1 0 1 1 0 1 1 1 0 0 1 0 0
0.052535040551691 0 1 0 0 0 0 0 0 0 0 1 0 1 1 0 1 0 0 1 0 1 0 0
0.206830597041449 0 0 0 0 0 0 0 0 0 0 1 0 1 1 0 1 1 1 1 0 0 1 0
0.064778555937279 0 1 0 0 0 0 0 0 0 0 1 0 0 0 0 1 1 0 0 0 1 0 1
0.172577708894898 0 0 0 1 1 0 0 0 1 0 1 0 0 1 1 1 1 1 0 0 1 0 1
0.068036649192118 0 0 0 1 0 0 0 0 0 0 0 1 0 1 0 0 0 1 0 0 1 0 1
0.101073634631949 0 0 1 0 0 1 0 0 0 0 1 1 1 0 0 1 0 1 0 0 0 0 1
0.087919116578198 0 1 1 0 0 0 0 0 1 1 1 1 1 1 1 1 1 1 1 0 1 0 1
0.028425027138830 0 1 0 0 0 0 0 0 0 1 0 1 1 1 1 1 0 0 1 0 1 1 0
0.095968766901433 0 1 0 0 0 0 0 0 0 0 1 0 0 1 0 0 0 1 1 1 0 0 1
0.065834587997795 0 0 1 0 0 0 0 0 1 1 1 0 0 1 1 1 1 1 0 0 0 1 1
0.098279088510260 0 0 1 0 1 0 0 0 1 0 1 1 1 0 1 1 0 1 0 0 1 0 1
0.081555722149241 0 0 1 1 0 0 0 0 1 1 0 1 1 1 1 1 0 1 0 0 1 0 1
0.099680823256865 1 0 0 0 0 0 0 1 0 0 1 0 1 1 0 1 0 0 0 0 1 1 1
0.063701850668833 0 1 0 0 0 0 0 0 0 0 1 0 1 0 0 0 1 0 0 0 1 0 1
0.089080669208563 0 0 0 1 0 0 0 0 1 1 0 0 0 1 1 1 0 1 0 0 1 0 1
0.096740005446233 0 0 0 1 0 1 0 0 0 0 0 0 1 1 0 1 1 0 0 0 1 0 1
0.056221615434252 1 0 0 0 0 1 0 0 0 0 1 1 1 1 0 1 1 0 1 0 0 1 0
0.076654704578756 0 1 0 0 1 0 0 0 0 0 1 0 1 0 1 1 0 1 0 0 0 0 1
0.102440781604604 1 1 0 0 0 0 0 0 0 1 1 1 1 1 0 1 1 0 1 1 0 1 0
0.028664180636895 0 1 0 0 0 0 0 0 0 0 1 1 1 1 1 1 0 0 1 1 0 1 1
0.063414505058663 0 1 0 0 0 0 0 0 1 0 1 1 0 1 0 1 0 1 1 0 1 0 1
0.044083822181185 0 0 0 1 0 0 0 1 0 0 0 1 1 1 1 1 1 0 0 1 1 0 1
0.042047650473525 0 1 0 0 0 0 0 1 0 0 0 1 1 1 1 1 0 0 0 0 1 1 0
0.136791825485190 1 0 0 0 0 1 1 0 0 0 1 0 1 1 0 0 1 0 0 1 1 0 0
0.062856134748724 0 1 0 0 0 0 0 1 0 0 1 0 1 0 1 1 0 0 1 0 1 0 1
0.029864044495274 1 0 0 0 0 0 1 0 0 1 1 1 0 1 1 1 1 1 0 0 0 1 1
0.135788941739148 1 0 0 1 0 0 1 0 0 1 1 0 1 1 0 0 1 1 0 0 1 0 1
0.073200947242785 1 0 0 0 0 1 0 0 0 1 1 1 1 1 1 1 1 0 1 0 1 0 0
0.034110428927743 0 1 0 0 0 0 1 0 0 0 1 0 1 1 1 1 0 1 0 0 0 1 1
0.061905879714885 1 0 0 0 0 0 1 0 0 0 1 1 1 1 0 1 1 1 1 1 0 1 1
0.068979153686519 0 0 0 1 0 0 0 1 0 0 0 0 1 1 1 1 0 1 0 1 1 0 1
0.141083525072362 0 0 1 1 0 0 0 0 1 0 1 1 0 1 0 1 1 1 0 0 1 0 1
0.034058126551295 0 0 0 1 0 0 0 0 0 1 0 1 1 1 1 1 1 1 0 1 1 0 1
0.023074171341914 0 1 0 0 0 0 0 0 0 0 1 1 1 1 1 1 0 1 1 0 1 1 1
0.096668970896121 0 0 0 0 1 0 0 0 1 0 1 0 0 1 1 1 0 1 0 0 1 0 0
0.035003823958751 0 1 0 0 0 0 0 0 0 1 1 1 1 1 1 1 0 1 1 1 1 0 0
0.159991548025998 1 0 0 0 1 0 1 0 1 1 1 1 0 1 1 1 1 1 0 1 0 1 1
0.090180786011132 1 0 0 0 0 1 0 0 1 1 0 1 0 1 1 0 1 0 0 0 1 0 1
0.023710672143038 1 0 0 0 0 0 0 0 0 1 1 0 0 1 1 1 1 1 0 0 0 1 1
0.062092716249007 0 1 0 0 1 0 0 0 0 1 0 1 1 1 1 1 1 0 0 0 1 0 1
0.197553713191616 0 0 0 1 0 0 1 0 0 0 1 0 0 1 0 0 0 1 0 1 0 0 1
0.061514276060064 1 0 0 0 0 0 1 1 0 0 1 0 1 1 1 1 0 0 0 0 1 0 1
0.119832930456233 1 0 0 1 1 0 0 0 0 1 1 1 1 1 0 1 1 0 0 1 0 0 1
0.039661752954233 0 0 0 1 0 0 0 0 0 0 0 1 0 1 1 1 1 1 0 0 0 1 1
0.162234236892772 0 0 0 0 0 0 0 0 0 0 0 1 0 1 1 1 0 1 1 0 1 1 0
0.058708098278690 1 0 0 0 0 0 1 0 0 1 1 0 1 1 0 1 0 1 0 0 0 1 0
0.048425182004336 0 1 0 0 0 0 1 0 0 0 0 1 1 1 1 1 0 0 0 1 0 1 0
0.043117559183725 0 0 0 1 0 0 0 0 0 0 0 1 0 1 1 1 1 0 0 0 1 0 1
0.023585487426127 0 1 0 0 0 0 0 0 0 0 0 0 1 1 1 1 0 0 0 0 0 1 1
0.143629375096794 0 0 0 0 1 1 0 0 0 1 1 0 1 1 1 1 1 1 0 1 1 0 1
0.143084228184393 1 0 0 0 0 0 1 1 1 0 0 1 0 1 1 1 1 0 0 1 1 0 1
0.046857671776008 0 0 0 1 0 0 0 1 0 0 0 1 1 1 1 1 1 1 0 0 1 0 1
0.034210480641970 0 0 0 1 0 0 0 0 0 0 0 1 1 1 1 1 1 0 0 1 0 1 1
0.028399070982533 1 0 0 0 0 0 0 0 0 1 1 1 1 1 0 1 1 1 1 1 0 1 0
0.046413488804453 0 0 0 1 0 0 0 0 0 0 0 1 0 1 1 0 1 1 0 1 0 0 1
0.154263262500425 0 0 1 1 0 0 0 0 0 1 0 1 1 1 1 1 1 1 0 1 0 1 0
0.118261878075611 1 0 0 1 0 0 0 0 0 1 1 1 0 1 0 0 0 1 0 0 0 1 1
0.019067434737000 1 0 0 0 0 0 0 0 0 1 1 0 1 1 0 1 0 1 1 0 1 0 1
0.096369988952894 0 0 1 0 1 0 0 0 0 1 1 1 1 1 1 1 0 1 0 0 1 0 0
0.054597719628069 0 1 0 0 0 1 0 0 0 0 1 1 1 1 0 1 0 0 1 0 1 0 1
0.086597999143724 0 1 0 0 0 0 1 0 0 0 1 1 1 1 0 0 0 0 1 0 1 0 0
0.041159912292734 0 1 0 0 0 0 0 0 0 0 1 0 0 0 1 1 0 1 0 0 0 1 1
0.031587341928043 0 1 0 0 0 0 0 0 1 1 0 1 1 1 1 1 1 1 1 0 1 0 1
0.092178083757044 1 0 0 0 0 0 1 0 0 1 1 1 0 1 1 0 1 0 0 1 0 1 1
0.068831698404712 0 1 0 0 0 0 0 0 0 1 0 1 1 1 1 1 1 0 0 0 0 1 1
0.036482662967705 0 0 0 1 0 0 0 0 0 0 0 1 1 0 1 1 0 1 0 1 1 0 1
0.066301001071780 0 1 0 0 0 0 0 0 1 1 1 1 0 1 1 1 0 1 1 0 1 0 1
0.090458210794345 0 1 0 0 1 0 1 0 0 0 1 1 1 1 1 1 0 1 0 0 1 0 1
0.026595323763697 0 1 0 0 0 0 0 0 1 0 0 1 0 1 1 1 1 0 0 0 0 1 1
0.121250942239656 1 0 1 0 0 1 0 0 0 0 1 1 1 1 0 0 1 0 0 1 0 1 0
0.087097546801194 0 0 0 1 0 0 0 0 0 0 1 1 0 1 0 0 0 1 1 0 1 0 1
0.226735849312551 0 0 1 0 0 0 0 0 1 0 1 0 0 0 0 0 0 1 0 0 0 0 1
0.084168047660725 0 1 0 1 0 0 0 0 0 0 0 1 1 1 1 0 0 0 0 1 1 0 1
0.087239649502631 0 0 0 1 0 0 0 0 0 0 0 0 1 0 1 1 1 1 0 0 0 0 1
0.097259788867617 0 1 1 0 0 0 0 1 0 0 1 1 1 0 1 0 0 1 0 0 1 0 0
0.083256583158703 0 0 1 0 0 0 0 0 1 1 1 1 0 1 1 1 0 1 0 1 0 1 0
0.110067806922295 0 0 0 0 1 1 0 0 1 0 0 1 1 1 1 1 1 1 0 0 1 0 1
0.048493947351119 0 1 0 0 0 0 1 0 0 0 1 1 1 0 1 1 0 1 0 1 0 1 0
0.032367996246737 0 1 0 0 0 0 0 0 0 0 0 1 1 1 0 1 0 0 1 0 1 1 1
0.069016047241304 0 0 0 1 0 0 0 0 0 0 1 0 0 1 0 0 0 1 0 0 1 0 0
0.021497493845515 1 0 0 0 0 0 0 0 0 1 1 0 1 0 1 1 1 1 0 1 0 1 1
0.071016068405452 0 1 0 0 0 0 0 0 0 0 1 1 0 1 0 1 0 0 1 1 1 1 0
0.082040496937380 0 1 0 0 1 0 0 0 0 1 1 0 1 1 1 1 0 1 1 0 1 0 1
0.043860060327552 1 0 0 1 0 0 0 0 0 1 1 1 1 1 1 1 0 0 1 1 1 0 1
0.044802540440202 1 0 0 0 1 0 0 0 0 1 1 1 1 0 1 1 0 0 0 1 1 0 0
0.104126164997511 0 0 1 0 1 0 0 0 0 0 1 1 1 1 0 1 0 0 0 0 1 0 0
0.067811501719983 1 0 0 0 0 1 0 0 0 0 1 0 1 1 0 0 1 0 0 0 1 1 0
0.027079982287265 1 0 0 0 0 0 0 0 1 1 1 1 0 1 1 1 1 1 0 0 1 1 0
0.057689499210372 1 0 0 0 0 0 1 0 0 1 1 0 1 1 1 1 1 1 1 0 1 0 1
0.064229110107468 0 0 0 1 0 0 0 0 0 0 0 1 1 1 0 1 1 1 1 1 1 0 1
0.046603996896918 1 0 0 0 0 0 1 0 0 0 1 1 0 1 0 1 1 0 0 0 0 1 1
0.049467104982125 1 0 0 1 0 0 0 0 0 0 1 1 1 1 1 1 0 0 0 1 0 1 1
0.042608113396761 0 0 0 1 0 0 0 0 0 0 0 0 0 1 1 1 1 0 0 1 0 1 1
0.035148061991858 1 0 0 0 0 0 0 0 0 1 1 0 0 1 1 0 0 1 0 1 1 0 0
0.082601967842178 0 0 1 1 0 0 0 1 0 1 1 1 1 1 1 1 0 1 0 0 1 0 1
0.084180635513044 0 1 0 0 0 1 0 0 0 1 0 1 1 1 1 1 1 1 1 0 1 0 1
0.111287909154276 1 1 0 0 0 1 0 0 0 1 1 0 1 1 0 0 1 0 0 0 0 0 1
0.058052544301498 0 1 0 0 0 0 0 0 1 0 0 1 1 1 1 1 0 0 0 0 1 1 1
0.083199615161262 0 1 0 0 1 0 0 0 1 0 1 1 1 0 1 1 1 1 0 0 1 0 1
0.057544764641790 0 1 0 0 0 1 0 0 0 0 0 1 1 1 1 1 0 0 0 1 0 1 0
0.116814529360587 0 1 0 0 1 1 0 0 0 0 1 1 1 1 0 1 1 0 0 0 0 0 1
0.022797259597284 0 1 0 0 0 0 0 0 0 0 1 1 1 1 0 1 1 0 1 0 1 0 1
0.093924601738837 0 0 1 0 0 0 1 0 0 0 1 1 1 1 0 1 1 0 0 0 0 1 0
0.101892335690488 1 1 0 0 0 0 1 0 1 0 1 1 0 1 1 0 1 0 0 0 0 1 0
0.046980615700747 0 1 0 0 0 1 0 0 0 0 0 1 1 1 0 1 1 0 0 0 1 0 1
0.127582026807442 1 0 1 0 0 1 0 0 0 1 1 0 1 1 0 1 1 0 0 0 1 0 1
0.059255317011730 0 1 0 0 0 0 1 0 0 0 0 1 1 0 1 1 0 0 1 0 0 1 1
0.080208834530940 0 0 1 1 0 0 0 0 0 0 1 1 1 1 0 1 0 1 0 0 0 0 1
0.026592142092228 1 0 0 0 0 0 0 0 0 1 1 0 1 1 1 1 1 0 1 0 1 1 0
0.063985535363224 0 1 0 0 0 1 0 0 0 0 1 0 1 1 0 1 1 0 0 0 0 0 1
0.067071405077870 1 0 0 0 0 1 0 0 1 0 0 1 0 1 1 0 1 0 0 0 0 1 0
0.079067903453628 1 0 0 0 1 0 0 0 1 1 1 1 0 1 1 0 1 0 0 0 1 0 0
0.057003187453348 1 0 0 0 0 0 0 0 0 0 1 1 0 1 0 0 1 0 0 0 0 1 0
0.058957351342819 0 0 0 1 0 0 0 0 1 0 0 1 0 1 1 1 1 1 0 1 0 0 1
0.058285218978303 1 0 0 0 0 0 1 1 0 0 1 1 1 0 1 1 1 0 0 1 0 1 0
0.070664795754623 1 0 0 0 0 1 0 0 0 1 1 0 1 0 1 0 1 0 0 1 1 0 0
0.051371549093314 1 0 0 1 0 0 0 0 1 1 1 1 1 1 1 1 1 1 0 0 1 0 1
0.065690340957820 0 0 1 0 0 0 0 0 0 1 1 0 1 0 1 1 0 1 0 0 0 1 1
0.042126267755646 0 0 0 1 0 0 0 0 0 0 0 1 0 1 1 0 1 0 0 1 0 1 0
0.048530074615529 1 0 0 0 1 0 0 0 0 0 1 1 1 1 0 1 1 0 1 0 1 0 1
0.068861500302981 0 1 0 0 0 0 0 0 0 0 1 0 1 0 0 1 0 1 1 0 1 0 1
0.040390711784590 0 1 0 0 0 0 0 0 1 1 0 1 1 1 1 1 0 0 1 1 1 0 0
0.039281239110438 1 0 0 0 0 0 0 1 0 0 1 1 1 0 1 1 1 1 1 0 1 0 1
0.021902967776229 1 0 0 0 0 0 0 0 0 0 1 1 1 0 0 1 1 1 1 0 0 1 1
0.119586794094484 1 0 0 0 0 1 0 0 0 0 1 0 1 1 0 0 1 1 1 0 1 0 1
0.097911634334317 0 1 0 0 0 0 0 0 1 1 0 1 0 1 1 1 1 1 1 1 0 1 0
0.058824696982436 0 0 0 1 0 0 0 0 0 0 0 1 1 1 1 0 1 0 0 1 1 1 1
0.095209802119013 1 0 0 0 1 1 0 0 0 1 1 1 1 1 0 1 1 0 0 0 0 1 0
0.086797332086984 0 0 0 1 0 1 0 0 1 0 0 1 1 1 1 1 1 0 0 1 0 0 1
0.059848108822023 0 0 0 1 0 0 0 0 0 1 0 1 1 1 1 1 0 0 1 1 1 0 1
0.072887412536611 0 1 0 0 0 0 1 0 0 0 1 0 0 1 1 1 1 0 0 1 0 1 1
0.088764469240876 1 0 0 1 0 0 0 0 0 0 1 1 1 1 0 1 1 0 1 1 0 0 1
0.060165246039945 1 0 0 0 1 0 0 1 0 0 1 1 1 1 1 1 1 0 0 1 1 0 1
0.028697299585406 0 1 0 0 0 0 0 0 0 0 0 1 0 1 0 1 0 0 0 0 1 1 0
0.114089760159507 0 1 0 0 0 1 0 0 1 0 0 1 1 0 1 1 0 0 0 0 0 1 1
0.038140235044533 0 1 0 0 0 0 0 0 0 0 1 1 1 0 1 0 1 0 1 1 1 0 1
0.068834104760242 0 1 0 0 0 1 0 0 0 0 1 0 1 1 1 0 0 1 0 0 1 0 0
0.043545326780111 1 0 0 1 0 0 0 0 0 1 1 1 1 0 1 1 0 1 0 0 1 0 1
0.041804396169693 0 0 0 1 0 0 0 0 0 0 0 1 0 1 0 1 1 0 0 1 0 1 1
0.038912282413206 0 1 0 0 0 0 0 0 1 0 0 0 0 1 1 1 0 0 0 0 1 1 0
0.066560955391537 0 1 0 0 0 0 0 1 0 0 0 1 1 0 1 1 1 0 1 1 0 1 1
0.050735927681807 1 0 0 0 0 1 0 0 0 1 1 1 1 1 1 1 1 1 1 1 0 1 1
0.027939383924371 0 0 0 1 0 0 0 0 0 0 1 1 0 1 1 1 1 1 0 1 0 1 1
0.062528192354314 1 0 0 1 0 0 0 1 1 0 1 1 1 1 1 1 0 1 0 0 1 0 1
0.023470888002815 1 0 0 0 0 0 0 0 1 0 0 1 0 1 1 0 1 0 0 0 1 1 0
0.039998046321372 1 0 0 0 1 0 0 0 0 1 1 1 1 1 1 1 0 0 1 1 1 0 1
0.074089877795792 0 0 1 0 0 0 1 0 0 0 1 1 1 0 1 1 0 1 0 0 0 1 0
0.067669293697661 1 0 0 1 0 0 0 0 0 1 1 0 1 1 1 0 0 0 0 1 1 0 1
0.052857524222200 1 0 0 0 1 0 0 0 0 0 1 1 1 1 0 0 0 0 0 1 1 0 0
0.096451460137926 0 0 1 0 0 1 0 0 1 0 1 1 1 1 0 1 1 1 0 0 1 0 0
0.115691582302334 0 1 0 0 0 0 1 0 0 0 1 0 1 0 1 0 0 0 1 1 0 1 0
0.019075249563365 0 1 0 0 0 0 0 0 0 0 0 1 1 1 1 1 0 0 1 1 1 0 1
0.021025063528409 0 1 0 0 0 0 0 0 0 1 1 0 0 1 1 1 1 0 1 0 0 1 1
0.018505561053374 0 1 0 0 0 0 0 0 0 0 1 1 0 1 0 1 1 0 1 0 0 1 1
0.035962697481782 0 1 0 0 0 0 0 0 0 0 1 1 0 1 0 0 1 0 1 0 1 0 1
0.013087331895340 1 0 0 0 0 0 0 0 0 0 1 1 1 0 1 1 1 0 1 0 1 1 1
0.045330372435560 1 0 0 0 0 0 0 1 1 0 1 1 0 1 1 1 1 0 1 0 0 1 1
0.020015151306992 1 0 0 0 0 0 0 0 0 1 1 1 1 1 1 1 0 1 1 0 1 1 0
0.085852729094276 1 0 0 0 0 0 0 1 1 0 1 1 1 0 1 1 1 1 1 0 1 1 0
0.015021430585160 1 0 0 0 0 0 0 0 0 0 1 1 0 0 1 1 1 0 0 0 0 1 1
0.033302020845174 0 0 1 0 0 0 0 0 0 0 1 1 1 0 0 1 1 1 0 0 0 1 1
0.020157974561483 1 0 0 0 0 0 0 0 0 0 1 0 1 0 1 1 1 0 0 0 0 1 1
0.017976506121251 1 0 0 0 0 0 0 0 1 0 1 1 0 1 1 1 1 0 1 0 1 0 1
0.026859045907860 1 0 0 0 0 0 0 0 1 1 1 0 1 1 1 1 0 1 1 0 1 0 1
0.015271489296160 1 0 0 0 0 0 0 0 0 0 1 1 1 0 0 1 1 0 1 0 1 0 1
0.073350421684735 0 1 1 0 0 0 0 0 0 1 1 1 1 1 1 1 0 1 0 0 0 1 1
0.018073706469845 1 0 0 0 0 0 0 0 0 1 1 1 0 1 1 1 1 0 1 0 1 0 1
0.081180305342090 0 0 1 0 1 0 0 0 0 0 1 1 1 0 0 1 1 1 0 0 0 0 1
0.016094630969278 1 0 0 0 0 0 0 0 0 1 1 0 1 1 1 1 0 1 0 1 1 1 0
0.043362467255294 0 0 0 1 0 0 0 0 0 0 0 1 0 0 1 1 1 0 0 1 0 1 1
0.047205653554531 1 0 0 0 0 0 0 1 0 1 1 0 1 1 1 1 1 0 1 1 1 0 1
0.090028991072431 1 0 1 0 0 0 0 1 1 0 1 1 1 1 1 1 1 1 0 0 1 1 1
0.041630822254739 0 1 0 0 0 0 0 0 0 0 1 0 0 1 1 1 0 0 1 0 0 0 1
0.088212955226494 1 0 0 0 0 0 0 0 1 0 1 0 0 1 1 0 0 0 0 0 1 0 0
0.025422848781920 1 0 0 0 0 0 1 0 0 0 1 1 1 0 1 1 1 1 0 0 0 1 1
0.054758476977799 1 0 0 0 0 0 0 1 0 0 1 1 1 0 1 0 1 0 0 1 1 0 1
0.061248199883410 1 0 0 1 0 0 0 0 0 0 1 1 1 0 0 1 1 0 0 0 0 1 1
0.058803369964586 0 0 0 1 0 0 0 0 0 0 0 1 1 1 0 0 1 1 0 1 1 0 0
0.052895277443079 0 1 0 0 0 0 0 0 0 0 0 0 0 1 0 1 1 0 0 0 0 1 1
0.029449917904781 0 1 0 0 0 0 0 0 0 0 0 1 1 0 1 1 0 0 0 1 1 1 0
0.045318025647529 0 0 1 0 0 0 0 0 0 0 1 1 1 0 0 1 1 1 0 1 0 1 0
0.038127425290228 0 1 0 0 0 0 0 0 0 1 0 1 1 0 1 1 1 0 1 1 1 0 1
0.056590879115966 1 0 0 0 0 1 0 0 0 0 0 1 1 1 1 0 1 0 0 1 1 1 0
0.020638696977430 1 0 0 0 0 0 0 0 1 0 1 1 0 1 1 1 1 1 0 0 0 1 1
0.085581726816518 1 1 0 0 0 0 0 1 1 0 1 1 0 1 1 1 1 0 0 0 0 1 1
0.019074356437499 0 1 0 0 0 0 0 0 0 0 1 1 1 0 1 1 1 0 1 0 0 1 1
0.043743252289991 0 0 0 1 0 0 0 0 0 0 1 1 0 1 1 1 1 0 1 1 0 0 1
0.052779391518822 1 0 0 0 0 0 0 0 0 0 1 1 1 1 1 1 1 0 1 0 1 0 1
0.078569476754839 0 1 0 0 0 0 0 1 1 0 0 1 1 1 1 0 1 1 0 1 1 0 1
0.047063552396496 1 0 0 0 1 0 0 0 0 0 1 1 1 0 1 1 1 0 0 0 1 0 1
0.066218453949929 1 0 0 1 0 0 0 0 1 0 0 1 1 1 0 1 0 0 0 0 1 0 1
0.030121027616795 0 1 0 0 0 0 0 0 0 1 1 0 0 1 1 1 0 1 0 0 1 1 0
0.128421188501461 0 0 1 0 1 0 0 1 1 1 1 1 1 1 1 1 1 1 0 0 1 0 1
0.117022400017096 1 0 1 1 0 0 0 0 1 1 1 1 1 1 0 1 0 0 0 1 0 1 0
0.042233476478941 0 0 0 1 0 0 0 0 0 1 1 0 0 1 1 1 1 1 0 0 0 1 1
0.067127854539744 1 0 0 1 0 0 0 0 0 1 1 1 1 1 0 1 0 0 0 0 1 0 1
0.045301018489328 0 0 0 0 1 0 0 0 0 0 1 0 0 1 0 1 1 1 0 0 1 0 1
0.074468920548694 0 1 0 0 0 1 0 0 1 1 0 0 1 1 1 1 1 0 0 0 1 0 1
0.027729708280538 0 1 0 0 0 0 0 0 0 1 1 0 1 1 1 1 0 1 1 1 0 0 1
0.019339554157214 1 0 0 0 0 0 0 0 0 1 1 1 0 0 1 1 1 0 1 0 0 1 1
0.138275468835540 0 1 1 0 1 0 0 0 1 1 1 1 1 1 1 0 0 1 0 0 1 0 0
0.036805538276971 0 0 0 0 1 0 0 0 0 0 1 0 0 1 1 1 1 1 0 0 0 1 1
0.092197843006506 0 1 0 0 1 0 0 0 0 0 1 1 0 1 1 1 1 0 1 0 1 0 1
0.071432975331435 0 0 0 1 0 0 0 0 0 0 0 0 0 1 0 0 1 0 0 0 1 0 1
0.052756680546079 0 1 0 0 0 1 0 0 0 0 1 1 1 1 0 0 1 1 0 0 1 0 1
0.032451187340392 1 0 0 0 0 0 0 0 0 0 1 1 0 1 0 1 1 0 1 0 1 1 1
0.041789985967105 0 0 1 0 0 0 0 0 0 1 1 0 0 1 1 1 0 1 0 0 1 1 0
0.072232259686335 0 1 1 0 0 0 0 0 1 1 1 1 0 1 1 1 1 0 0 0 1 1 0
0.176890190593032 0 0 0 0 0 0 0 0 0 0 1 0 0 0 1 1 1 1 0 1 0 1 0
0.135068724063919 0 0 0 0 1 0 1 0 0 0 1 0 0 1 0 1 0 1 0 0 0 1 0
0.052050737482686 0 1 0 0 0 0 1 0 0 0 1 1 1 0 1 1 1 0 1 1 0 0 1
0.051425311539838 1 0 0 0 0 0 1 1 0 0 1 1 1 1 1 1 1 0 1 0 1 1 0
0.070551833981989 0 0 1 0 0 0 0 0 0 1 1 0 0 1 0 1 0 1 0 0 0 1 0
0.063071043480301 0 0 0 1 0 0 0 1 0 0 0 1 0 1 1 1 1 0 0 1 0 1 1
0.057263227699593 0 1 0 0 0 0 1 0 0 0 1 1 0 1 0 1 1 1 0 0 0 1 1
0.029926569216032 0 1 0 0 0 0 0 0 0 0 0 1 1 0 0 1 1 0 0 0 1 1 0
0.032578810904938 1 0 0 0 0 0 0 0 0 1 1 1 0 1 1 0 0 1 0 1 0 1 0
0.072465036748090 0 0 1 0 0 1 0 0 0 1 1 0 1 1 1 1 0 1 0 0 1 1 0
0.022570327817684 1 0 0 0 0 0 0 0 0 1 1 0 1 0 0 1 1 1 0 0 0 1 1
0.032177588946108 0 0 0 1 0 0 0 0 0 0 0 1 0 1 1 1 0 0 0 1 0 1 1
0.070648901293677 0 1 0 0 0 0 1 0 0 1 1 1 1 1 1 1 1 1 1 1 0 1 1
0.107764091263016 1 0 0 1 0 0 0 0 0 0 1 0 1 1 0 0 0 1 0 0 1 0 1
0.081196274896147 1 0 0 1 0 0 0 0 0 0 1 1 1 0 1 1 1 0 0 1 1 0 1
0.078942205929880 1 0 0 1 0 0 0 0 1 0 0 1 1 1 0 0 1 0 0 0 1 1 0
0.048507656246096 0 0 0 1 0 0 0 0 0 0 0 1 1 0 0 0 1 1 0 0 1 0 1
0.089858612199473 0 0 1 1 0 0 0 0 0 1 1 0 1 1 1 1 0 1 0 1 0 0 1
0.029896493071762 0 1 0 0 0 0 0 0 0 0 1 1 0 1 0 1 1 0 0 1 0 0 1
0.035419533132576 0 1 0 0 0 0 0 1 0 0 1 0 0 1 1 1 1 0 0 0 0 1 1
0.032825802970487 0 1 0 0 0 0 0 0 1 0 1 1 0 1 1 1 1 0 1 1 0 0 1
0.075576908133835 1 0 0 0 0 0 1 1 0 0 1 0 1 1 1 0 0 1 0 1 0 1 0
0.042481841251830 0 1 0 0 0 0 0 0 1 1 1 0 0 1 1 1 1 1 0 0 0 1 1
0.065911404133230 0 1 0 0 0 0 0 0 1 0 0 1 0 1 0 1 1 0 1 0 1 0 0
0.062774589919601 1 1 0 0 0 0 0 0 1 1 1 1 0 1 1 0 1 0 1 0 1 0 1
0.042005166817815 1 0 0 0 0 0 0 1 0 1 1 0 1 1 1 0 0 1 0 1 1 0 0
0.069203513635884 1 0 0 1 0 0 1 0 0 1 1 1 1 1 1 1 0 1 0 0 0 1 1
0.098651793960103 0 1 0 0 0 1 1 0 0 0 1 1 1 0 1 1 1 0 0 0 0 1 1
0.033792729438059 1 0 0 0 0 0 0 0 1 1 1 1 0 1 1 1 1 1 1 0 1 0 1
0.022369597340316 1 0 0 0 0 0 0 0 0 1 1 1 0 1 1 1 0 0 1 0 1 1 0
0.030921569763209 0 1 0 0 0 0 0 1 0 0 1 1 1 1 1 1 0 1 0 1 1 0 1
0.035026797671602 0 1 0 0 0 0 0 0 1 1 0 0 1 1 1 1 0 1 0 0 1 1 0
0.036930971251737 0 1 0 0 0 0 0 0 0 0 1 1 1 1 0 0 0 1 0 1 1 0 0
0.024018797794498 0 1 0 0 0 0 0 0 0 0 0 1 1 0 1 1 0 0 0 0 1 0 1
0.019078376100588 1 0 0 0 0 0 0 0 0 1 1 0 1 0 1 1 1 0 1 0 1 0 1
0.042091348050353 0 1 0 0 0 0 0 0 1 0 0 1 1 1 1 1 0 1 0 1 0 0 1
0.028581262983553 1 0 0 0 0 0 0 0 0 0 1 1 1 0 0 1 1 0 0 1 0 1 0
0.020178948660704 1 0 0 0 0 0 0 1 0 0 1 1 1 0 1 1 1 1 0 0 0 1 1
0.064130560065110 0 0 0 1 0 1 0 0 0 0 0 1 1 1 1 1 1 0 0 1 1 0 1
0.055117268247387 0 0 0 1 0 0 0 0 0 0 1 0 0 1 1 0 1 0 0 0 0 1 1
0.057875132269604 1 0 1 0 0 0 0 0 1 1 1 1 0 1 1 0 0 1 0 0 1 1 0
0.049854906572838 0 0 1 0 0 0 0 1 0 0 1 1 1 1 0 1 1 1 0 0 1 0 1
0.041205786954939 1 0 0 0 1 0 0 0 0 1 1 0 1 1 1 1 0 1 0 0 0 1 1
0.046525147353270 1 0 0 1 0 0 0 0 1 1 1 1 1 1 1 1 0 1 0 1 0 0 1
0.013925713275552 0 1 0 0 0 0 0 0 0 0 1 0 1 1 1 1 0 1 0 1 0 1 1
0.081866845264786 0 0 1 0 0 1 0 1 0 0 1 1 1 1 1 1 0 1 0 0 1 0 1
0.097831788054815 0 0 0 0 1 0 0 1 0 0 1 0 0 1 1 1 0 1 0 0 1 0 1
0.055426829744848 1 0 0 1 0 0 0 0 1 1 1 0 1 1 1 1 1 0 0 0 0 1 1
0.065124494292881 0 0 1 0 1 0 0 0 0 0 1 0 1 1 1 1 0 1 0 0 0 1 1
0.029420958701667 0 1 0 0 0 0 0 0 0 1 0 1 1 0 1 0 1 1 0 0 1 1 0
0.048957272256785 0 1 0 0 0 0 0 1 0 0 1 1 1 0 1 0 1 1 0 0 1 0 1
0.028404712572423 1 0 0 0 0 0 1 0 0 0 1 1 0 1 1 1 1 0 1 0 0 1 1
0.037525656077070 1 0 0 0 1 0 0 0 0 0 1 1 1 1 1 1 0 1 0 1 0 1 1
0.065969769955200 1 0 0 0 0 0 1 1 0 0 1 1 0 1 1 1 0 1 0 0 0 1 1
0.067952001541240 1 0 0 1 0 0 1 0 1 1 1 1 1 1 1 1 0 0 0 1 1 0 0
0.047533543890074 1 0 0 1 0 0 0 0 0 1 1 1 1 0 1 1 0 0 0 1 0 1 0
0.072529006756824 1 0 0 1 0 0 0 1 1 1 0 1 1 1 1 1 0 0 0 1 1 0 0
0.028591683703139 0 1 0 0 0 0 0 0 0 0 0 1 1 1 0 1 0 1 0 0 1 1 0
0.037005130239312 0 0 0 1 0 0 0 0 0 1 0 0 1 1 1 1 0 1 0 1 0 1 1
0.058791814383603 1 0 0 0 0 1 1 0 0 1 1 1 1 1 1 1 0 1 0 0 1 1 0
0.023840595537285 0 1 0 0 0 0 0 0 0 1 0 1 1 1 1 0 1 0 0 1 1 1 0
0.032875415284865 0 1 0 0 0 0 0 0 0 0 1 1 0 1 0 0 1 0 0 1 0 1 0
0.039099491766718 0 1 0 0 0 0 0 0 0 1 1 0 1 1 1 0 0 1 0 1 0 1 0
0.033104773330674 0 1 0 0 0 0 0 0 0 0 0 1 1 0 1 0 1 0 0 1 0 1 0
0.070649731628975 1 0 0 1 0 0 0 0 1 1 1 0 1 1 1 1 0 1 0 1 0 1 0
0.024583769245032 1 0 0 0 0 0 0 0 0 1 1 0 1 0 1 1 0 1 0 0 0 1 1
0.029262239027447 1 0 0 0 0 0 0 0 0 1 1 1 0 1 1 0 1 0 0 1 1 1 0
0.075952661507836 1 0 0 0 1 1 0 0 0 1 1 1 1 1 1 0 0 0 0 1 1 0 0
0.036710721147251 1 0 0 0 0 1 0 0 0 0 1 1 1 1 1 1 0 1 0 0 1 1 0
0.113781470346529 0 1 0 0 0 0 1 0 0 0 1 0 0 1 0 1 0 0 0 0 0 1 0
0.196728630966003 1 0 1 1 0 0 1 1 1 1 1 1 1 1 1 1 0 1 0 0 1 0 0
0.024846571068008 0 1 0 0 0 0 0 0 0 0 1 1 0 1 1 0 1 0 0 1 0 1 1
0.058189272763985 1 0 0 1 0 0 0 0 1 1 1 1 1 1 0 1 1 0 1 0 1 0 0
0.066540200174916 0 1 0 0 1 0 0 0 0 1 1 0 1 1 1 1 1 1 0 0 0 1 1
0.068162516899922 1 0 1 0 0 0 0 1 1 1 1 1 0 1 1 1 0 1 0 0 1 0 1
0.063139085644861 1 0 0 0 0 1 0 0 1 1 0 0 1 1 1 1 1 0 0 0 1 1 0
0.069694812042448 0 0 1 0 0 0 0 1 0 0 1 1 1 1 0 0 1 1 0 1 0 1 0
0.019310395053279 0 1 0 0 0 0 0 0 0 1 1 0 1 1 1 1 1 0 1 1 0 1 1
0.094443934030160 0 0 0 1 1 0 0 0 0 0 1 1 1 1 0 0 1 1 0 0 1 0 1
0.069290569666426 0 0 0 0 1 0 0 0 0 0 1 0 1 1 0 1 0 1 0 0 1 0 1
0.034182867666020 0 1 0 0 0 0 0 0 0 0 1 1 1 0 0 1 1 0 0 1 0 1 1
0.131217983796171 0 1 0 1 0 0 0 0 1 1 0 1 1 1 1 1 0 1 1 1 1 0 1
0.091599862430657 0 0 0 1 0 1 0 0 0 0 1 1 1 1 0 0 1 1 0 1 0 0 1
0.020736766583183 0 0 0 1 0 0 0 0 0 0 0 0 1 1 1 1 0 1 0 0 1 1 1
0.042821040916274 0 0 0 1 0 0 0 0 0 1 0 0 1 1 1 1 0 1 0 0 1 1 0
0.041745435707369 0 0 0 1 0 0 0 0 0 0 0 0 1 1 1 1 0 0 0 0 1 0 1
0.054528217078112 0 0 1 0 0 0 1 0 0 0 1 1 1 1 0 1 1 1 0 1 0 0 1
0.127052675652347 0 0 1 0 0 1 1 0 0 0 1 1 1 1 0 1 1 1 0 0 0 1 1
0.053266659604517 1 0 0 0 0 0 1 0 0 0 1 1 1 0 0 0 1 0 1 0 1 0 0
0.048091353412094 0 0 0 1 0 0 0 0 0 0 1 1 1 1 1 1 0 1 0 1 1 0 1
0.066793172004417 1 0 0 1 0 0 0 0 1 1 0 1 0 1 1 1 0 0 0 0 1 1 0
0.053482315015887 0 0 0 1 0 0 0 0 0 0 0 0 1 0 1 0 0 1 0 0 1 1 0
0.051478731684059 0 1 0 0 0 0 1 0 0 0 1 1 1 1 0 0 1 1 0 1 0 1 0
0.028115061910928 0 0 0 1 0 0 0 0 0 0 0 0 0 1 1 1 0 1 0 0 0 1 1
0.139546584181955 1 1 0 0 0 1 0 0 1 1 1 0 1 1 1 0 1 1 0 0 0 1 0
0.055672585916716 0 1 0 0 0 1 0 0 0 0 1 1 1 1 0 0 1 0 0 1 1 0 0
0.035166757080100 1 0 0 0 0 1 0 0 0 1 1 1 1 0 1 1 1 0 0 0 1 1 0
0.048552755317301 0 0 0 0 0 1 0 0 0 0 0 0 1 1 0 1 0 1 0 0 1 1 0
0.089717048653046 0 1 1 0 0 0 0 1 0 0 1 1 1 0 1 1 1 0 0 0 0 1 1
0.062433319412131 0 0 1 0 0 0 1 0 0 0 1 1 1 1 0 1 0 1 0 1 0 1 0
0.054575434612461 0 0 0 0 1 0 0 0 0 0 1 1 0 1 0 1 1 1 0 1 0 0 1
0.072442769465918 0 0 0 0 1 0 1 0 0 0 1 1 1 1 1 1 1 1 0 1 0 0 1
0.093153719098161 0 1 0 0 1 0 0 0 1 1 0 1 1 1 1 1 1 0 0 1 1 0 0
0.071427211959653 0 0 1 0 0 0 0 0 1 1 0 0 0 1 1 1 0 1 0 0 1 1 0
0.083385988102749 0 1 0 0 0 0 1 0 1 0 1 1 0 1 1 0 1 1 0 1 0 0 1
0.028308412509247 1 0 0 0 0 0 0 0 0 1 1 1 1 0 0 1 1 0 1 0 1 1 0
0.051868163317007 1 0 0 0 0 1 0 0 1 0 0 1 1 1 0 1 1 0 0 0 1 1 0
0.025267162462291 1 0 0 0 0 0 0 0 0 1 1 0 1 1 0 0 1 1 0 1 0 1 0
0.057378215934181 0 1 0 0 0 1 0 0 0 0 0 1 1 1 0 1 0 0 0 0 1 1 0
0.056244935122148 1 0 0 0 0 0 1 0 1 0 0 1 0 1 1 1 0 0 0 0 1 1 0
0.055483006636316 1 0 0 0 1 0 0 0 0 1 0 1 0 1 1 1 0 0 0 0 1 1 0
0.146443523882532 1 0 1 0 1 0 0 0 0 1 1 1 1 0 1 1 0 1 0 0 1 1 0
0.109129705231960 0 0 1 0 1 0 0 0 1 0 1 1 0 1 1 1 1 1 0 0 0 0 1
0.049311428794575 1 0 1 0 0 0 0 0 0 1 1 1 1 1 0 0 1 1 0 0 1 0 1
0.047970298020818 1 0 1 0 0 0 0 0 1 1 1 1 1 1 0 1 1 0 1 0 1 0 1
0.090664191632469 1 0 1 0 0 1 0 0 1 1 1 1 1 1 1 1 0 1 0 0 1 0 1
0.046385928757685 0 1 0 0 0 0 0 1 0 0 1 1 1 1 1 0 1 0 0 1 1 1 0
0.116210980217219 0 1 0 1 0 0 0 0 0 0 1 1 0 1 0 0 1 0 0 0 1 0 1
0.036493883661315 1 0 0 0 0 1 0 0 0 1 1 1 1 1 0 1 1 0 0 1 0 1 0
0.050916080667243 1 0 0 0 0 0 1 0 1 0 1 1 1 1 0 1 1 0 1 0 1 0 1
0.052654332164747 0 1 0 0 0 0 0 0 1 1 1 0 0 1 1 1 1 0 1 0 1 0 1
0.044060210742772 0 0 0 1 0 0 0 0 0 0 1 1 0 1 0 1 1 1 0 1 0 0 1
0.014907044913675 1 0 0 0 0 0 0 0 0 0 1 1 0 1 1 0 1 1 0 1 0 1 1
0.088975478066939 1 0 0 0 1 0 0 0 0 0 1 1 0 1 0 1 1 0 0 1 0 1 1
0.034240617418222 1 0 0 0 1 0 0 0 0 1 1 1 1 1 1 1 0 0 1 1 0 1 0
0.032770332556478 1 0 0 0 0 0 1 0 0 0 1 1 1 1 0 0 1 1 0 0 1 0 1
0.058664783355571 0 1 0 0 0 1 0 0 0 1 1 0 1 1 1 1 0 0 0 1 0 0 1
0.012706978086831 1 0 0 0 0 0 0 0 0 0 1 1 1 0 1 1 1 0 1 1 0 1 1
0.081916787035527 1 0 1 0 0 0 0 1 1 0 1 1 1 1 0 0 1 0 0 0 1 0 1
0.069441806060006 1 0 1 0 0 0 0 0 1 1 1 1 0 1 1 1 1 0 0 0 1 1 1
0.070892601701968 0 1 0 0 1 0 0 0 0 1 1 1 1 0 1 1 1 0 1 1 0 0 1
0.067339891492643 0 0 0 1 0 0 0 0 0 1 1 1 1 0 1 1 1 1 1 1 0 0 1
0.045928846399101 0 0 1 0 0 0 0 1 0 0 1 0 1 1 1 1 0 1 0 0 1 1 0
0.037435496431336 1 0 0 0 0 1 0 0 0 0 1 1 1 0 1 1 1 0 0 1 0 1 1
0.104738476964836 1 0 0 1 0 0 1 1 1 0 1 1 1 1 1 1 1 0 0 0 1 0 1
0.028139727954215 1 0 0 0 0 0 1 0 0 0 1 1 1 1 0 1 0 1 0 0 1 1 0
0.102857214200637 1 1 0 0 0 0 1 0 0 0 1 1 1 1 0 1 0 0 1 0 1 0 1
0.073266799184192 0 0 1 1 0 0 0 0 0 0 1 1 1 0 1 1 0 1 0 0 0 1 1
0.070575554516293 0 1 1 0 0 0 0 0 1 1 1 1 1 0 1 0 1 1 0 0 0 1 0
0.082640893412356 1 0 0 0 1 0 1 0 0 0 1 1 1 1 1 1 0 1 0 0 1 1 0
0.132280520208703 0 0 0 0 0 1 1 0 0 0 1 0 1 1 0 1 0 1 0 0 1 0 0
0.029521635385927 0 1 0 0 0 0 0 0 0 1 1 1 1 0 1 1 1 0 1 0 1 1 0
0.052203822526219 0 0 1 0 0 0 0 1 0 0 1 1 1 1 1 1 0 1 0 1 0 0 1
0.061359183815655 0 1 0 0 0 0 0 0 0 1 1 1 1 1 1 0 1 1 1 1 1 1 0
0.068038601464068 0 1 0 0 0 1 0 0 0 0 1 0 1 1 1 0 1 0 0 1 0 1 1
0.072259938805289 1 0 0 0 1 0 0 0 1 1 0 1 0 1 1 1 0 0 0 1 1 0 0
0.104351434263779 0 0 1 0 0 0 1 1 0 0 1 1 1 1 1 1 1 1 0 1 0 1 1
0.024471177159384 0 1 0 0 0 0 0 0 0 0 0 0 1 1 1 1 0 1 0 0 1 1 1
0.029466337706356 1 0 0 0 0 0 0 1 0 1 1 0 1 1 1 1 0 1 0 0 1 1 0
0.054595344648571 0 0 0 1 0 0 0 0 0 1 0 0 1 0 1 1 1 1 0 0 1 1 1
0.032252245241942 0 1 0 0 0 0 0 0 0 0 0 1 1 1 0 0 1 0 0 1 1 1 0
0.064972319840102 0 0 1 0 1 0 0 0 0 0 1 1 1 1 1 1 0 1 0 1 0 0 1
0.016852951640723 1 0 0 0 0 0 0 0 0 1 1 1 0 1 1 1 1 0 1 1 0 1 1
0.017047853881873 1 0 0 0 0 0 0 1 0 0 1 0 1 1 1 1 1 0 0 1 0 1 1
0.042700420129422 0 1 0 0 0 0 0 1 0 0 1 0 1 1 1 0 1 0 0 1 0 0 1
0.030846213872439 1 0 0 0 0 0 0 0 0 0 1 1 0 0 1 0 1 0 1 0 1 0 1
0.062410555901541 0 0 1 0 0 1 0 0 0 0 0 1 1 1 1 1 0 1 0 0 1 1 0
0.037179247112248 0 0 0 1 0 0 0 0 0 1 0 0 1 1 1 1 0 1 1 0 1 0 1
0.194932250514970 1 1 0 1 0 1 1 0 1 1 1 1 1 1 0 1 0 0 0 1 0 0 0
0.063424925881186 1 0 0 0 0 1 0 0 1 0 0 1 0 1 1 1 0 0 0 0 1 1 0
0.027250406612907 1 0 0 0 0 0 0 0 0 1 1 0 0 1 1 1 0 1 0 0 1 1 1
0.025971616497904 1 0 0 0 0 0 0 1 0 0 1 1 1 1 1 1 0 1 0 1 0 1 1
0.048199022068574 0 1 0 0 0 0 0 0 1 0 0 1 0 1 1 0 0 0 0 1 1 0 0
0.117919443209664 0 1 1 0 0 0 1 0 1 0 1 1 1 0 1 1 0 1 0 0 0 1 0
0.034387214778733 1 0 0 0 0 1 0 0 0 1 1 1 1 1 0 1 1 1 0 0 1 1 0
0.070521553681466 0 0 0 1 0 1 0 0 0 0 0 0 1 1 1 1 0 1 0 0 0 1 1
0.074436809924951 0 1 0 0 1 0 0 0 0 1 0 1 1 0 1 1 1 0 0 0 1 1 0
0.104316951616161 0 0 0 0 0 0 1 0 0 0 1 1 0 1 0 1 1 1 0 1 0 1 1
0.046996589455868 0 0 0 0 1 0 0 0 0 0 1 0 0 1 1 1 0 1 0 1 0 0 1
0.035926478993987 0 1 0 0 0 0 0 1 0 0 0 0 1 1 1 1 0 0 0 1 0 1 1
0.034274344174707 0 0 0 1 0 0 0 0 0 0 0 1 1 0 1 1 0 1 0 0 0 1 1
0.013313955891225 1 0 0 0 0 0 0 0 0 0 1 1 1 0 1 0 1 1 0 1 0 1 1
0.094426391959986 0 0 0 1 1 0 0 0 0 0 1 1 1 1 1 1 1 1 0 1 0 0 1
0.054750596587180 0 0 0 1 0 0 0 0 0 0 1 1 0 1 0 0 1 1 0 1 0 1 0
0.082512496215567 0 1 0 0 0 0 1 1 0 0 1 1 1 1 1 1 0 1 1 1 0 0 1
0.050200857450870 0 0 1 0 0 1 0 0 0 0 1 1 1 1 1 1 0 1 0 1 0 1 1
0.056656632918834 0 0 1 0 0 1 0 0 0 0 1 1 1 1 0 1 1 0 0 1 0 0 1
0.063135628641179 1 0 0 0 1 0 0 0 0 1 1 1 0 1 1 1 0 1 1 0 1 0 1
0.072434468275723 0 0 1 1 0 0 0 0 0 0 1 1 1 1 0 0 1 0 0 1 0 0 1
0.054597833728378 0 1 0 0 0 0 0 1 0 1 0 1 1 1 1 1 1 0 0 1 1 0 0
0.027669917069719 1 0 0 0 0 0 0 0 0 1 1 0 1 1 0 1 0 1 1 0 1 1 0
0.090392786177693 0 0 1 1 0 0 0 0 0 0 0 1 1 1 0 1 0 0 0 0 1 1 0
0.071900404172449 1 0 0 0 0 0 1 0 1 0 1 1 0 1 0 0 1 1 0 0 1 0 0
0.031869812746016 1 0 0 0 0 0 1 0 0 0 1 1 1 1 0 1 0 1 1 0 1 0 1
0.057349545327416 0 1 0 0 0 0 0 0 0 1 0 0 1 1 1 1 0 0 0 1 1 0 0
0.088145127552275 0 0 1 0 0 1 0 0 1 1 1 1 1 1 1 1 1 1 0 1 0 0 1
0.056106059908795 0 0 0 0 1 0 0 0 0 0 1 0 0 1 0 0 1 1 0 1 0 0 1
0.025701189668127 0 0 1 0 0 0 0 0 0 0 1 1 1 1 0 1 1 1 0 1 0 1 1
0.055940745357224 1 0 0 1 0 0 0 0 1 0 1 1 1 1 1 1 0 0 0 0 1 1 0
0.041456175953034 1 0 0 0 0 0 0 1 1 0 0 1 0 1 1 1 1 0 0 0 1 1 0
0.111016844407883 0 1 0 0 1 1 0 0 0 1 1 1 1 1 1 1 0 1 0 1 0 0 1
0.060979055478809 1 0 0 1 0 0 0 0 1 0 1 1 0 1 1 0 1 0 0 0 1 0 1
0.080987958442474 0 0 1 0 0 1 0 0 0 0 0 1 1 1 0 1 0 1 0 1 0 1 0
0.123216082930109 1 0 0 0 1 1 0 0 1 0 0 1 1 1 1 1 0 0 0 1 0 1 0
0.072033534816185 0 1 0 0 0 0 0 0 1 1 0 1 1 0 1 1 0 1 0 0 1 0 0
0.024374167840520 0 1 0 0 0 0 0 0 1 0 0 0 1 1 1 1 0 0 1 0 1 0 1
0.124088146285193 0 1 0 1 0 0 0 0 0 0 0 1 1 0 1 1 0 0 1 0 1 0 1
0.053316175077605 1 0 0 1 0 0 0 0 1 1 1 1 0 1 1 1 0 0 0 1 1 0 0
0.047066043051601 1 0 0 0 1 0 0 0 0 1 1 1 1 1 0 1 0 1 1 1 0 0 1
0.020992627065256 1 0 0 0 0 0 0 0 0 1 1 0 1 1 0 1 1 0 1 1 0 0 1
0.031634569414829 1 0 0 0 0 0 0 0 1 1 1 0 0 1 1 1 1 0 1 0 0 1 1
0.066127854363602 1 0 0 0 1 0 0 0 0 1 1 1 1 1 0 1 1 0 1 1 1 0 0
0.019661886616468 1 0 0 0 0 0 0 1 0 0 1 1 1 1 1 1 1 1 0 0 1 1 1
0.049810452673046 1 0 0 0 1 0 0 0 0 1 1 0 1 1 1 1 0 0 0 1 0 0 1
0.038895084471048 1 0 0 0 0 1 0 0 1 0 1 1 1 1 1 0 1 1 0 0 1 1 0
0.048420880459510 0 1 0 0 0 1 0 0 0 1 0 1 1 1 1 0 1 0 0 0 1 1 0
0.136411331143478 0 0 1 0 0 0 0 1 1 1 1 1 0 1 1 1 1 1 0 0 1 1 0
0.048612127495914 0 0 1 0 0 0 0 1 0 0 1 0 1 1 1 1 0 1 0 0 0 1 1
0.075593709201515 0 0 1 1 0 0 0 0 0 1 1 1 1 1 0 0 1 1 0 0 1 0 1
0.101064736664607 0 1 1 0 0 0 0 0 1 1 1 0 1 1 1 1 0 1 0 0 0 1 0
0.068590829759158 0 1 0 0 0 1 0 1 0 0 1 1 1 1 1 1 1 0 0 1 0 0 1
0.075874869163320 0 0 0 0 0 1 0 1 0 0 0 0 1 1 1 1 0 1 0 0 1 1 0
0.089053215981321 0 0 0 0 1 0 1 0 0 0 1 0 0 1 1 1 1 1 0 0 0 0 1
0.042343659791636 1 0 0 0 0 0 1 0 0 0 1 1 1 0 1 1 0 0 1 0 0 1 1
0.153743348158501 1 1 1 0 0 0 1 0 1 1 1 1 0 1 1 0 0 0 0 0 1 0 1
0.035656953897529 0 1 0 0 0 0 0 0 0 0 1 1 0 1 0 1 1 0 0 0 1 1 1
0.025232739036338 1 0 0 0 0 0 0 1 0 0 1 1 0 1 1 1 0 0 1 0 1 0 1
0.054415014133120 0 1 0 0 0 1 0 0 0 1 1 1 1 1 0 1 1 0 1 1 0 0 1
0.085035940580955 1 0 1 0 0 0 0 0 0 0 1 1 1 1 0 1 0 0 1 0 1 1 1
0.039137456757088 1 0 0 0 0 0 1 0 0 0 1 1 1 0 1 0 1 1 0 0 1 1 0
0.026041888846455 0 1 0 0 0 0 0 1 0 0 1 1 1 1 1 1 1 0 1 0 1 0 1
0.107560119358050 0 1 0 0 1 0 0 1 0 0 1 0 1 1 1 1 1 0 0 1 0 0 1
0.063873586779190 0 0 0 1 0 0 1 0 0 0 0 1 1 1 1 1 0 1 0 1 0 1 0
0.027371517219926 1 0 0 0 0 0 0 1 0 0 1 0 1 1 1 0 1 0 0 0 1 1 0
0.050877294458004 0 0 0 1 0 0 1 0 0 0 0 1 1 1 1 1 0 1 0 0 1 0 1
0.062860560033659 0 1 0 0 0 0 1 0 0 0 0 1 1 0 1 0 1 0 0 0 1 0 1
0.054756605400991 1 0 0 0 0 1 0 0 1 0 1 1 0 1 1 1 1 0 1 0 0 1 1
0.042211828929629 1 0 0 0 0 0 0 1 0 0 1 1 0 1 1 0 1 0 0 0 1 0 1
0.069038231898116 0 0 1 0 0 0 0 1 0 0 1 1 1 1 0 1 1 1 1 1 0 0 1
0.078159653328793 0 0 0 1 0 0 1 0 0 0 0 1 0 1 1 1 1 0 0 1 0 1 1
0.028022249345892 0 0 0 0 1 0 0 0 0 0 0 0 1 1 1 1 0 1 0 1 0 1 1
0.027458587313203 0 0 0 0 1 0 0 0 0 0 0 0 0 1 1 1 0 1 0 0 0 1 1
0.057594679417845 0 0 0 0 1 0 0 0 0 1 0 0 0 1 1 1 0 1 0 1 0 1 0
0.034778373776200 0 0 0 0 1 0 0 0 0 0 0 0 0 1 1 1 1 0 0 1 0 1 1
0.046873342590989 0 0 0 0 1 0 0 0 0 0 0 0 0 1 1 0 0 1 0 0 1 1 0
0.062236607965862 0 0 0 0 1 0 0 0 0 0 0 0 0 1 0 1 0 1 0 1 0 1 0
0.041207866851830 0 0 0 0 1 0 0 0 0 0 0 1 0 1 1 0 1 1 0 1 0 1 1
0.072035466602505 0 0 0 0 1 0 0 0 1 0 0 0 0 1 1 1 1 1 0 1 0 1 1
0.072617138274857 0 1 0 0 1 0 0 0 0 0 0 1 1 1 1 0 1 0 0 1 1 0 1
0.034250196995446 0 0 0 0 1 0 0 0 0 0 0 0 1 0 1 1 0 1 0 0 1 0 1
0.044859580316677 0 0 0 0 1 0 0 0 0 0 0 0 0 1 1 0 1 1 0 0 1 0 1
0.050401529068385 1 0 1 0 0 0 0 0 1 1 1 1 1 1 0 1 1 1 0 0 0 1 1
0.080358067324958 0 0 0 0 1 0 1 0 0 0 0 1 1 1 1 0 1 1 0 1 0 1 0
0.052385116467572 0 0 0 1 0 0 0 0 0 1 1 0 0 1 1 1 1 0 1 1 0 0 1
0.030130733791808 0 1 0 0 0 0 0 0 1 0 0 1 1 0 1 1 1 0 1 0 1 0 1
0.040102877615001 0 1 0 0 0 1 0 0 0 1 1 1 1 1 1 1 0 1 0 0 1 1 0
0.022339930696811 1 0 0 0 0 0 0 0 0 1 1 0 1 1 0 1 0 0 1 1 0 1 0
0.041053795118798 1 0 0 1 0 0 0 0 0 1 1 1 1 1 0 1 0 0 1 1 0 1 0
0.023420079026903 1 0 0 0 0 0 0 1 0 0 1 1 1 1 1 1 0 0 1 0 1 1 0
0.103358257800403 0 0 0 1 0 1 0 0 0 1 1 0 1 1 1 0 1 1 0 0 1 0 1
0.067325900108553 0 0 0 0 1 0 1 0 0 0 0 0 1 1 1 1 0 1 0 0 1 0 1
0.058804771500086 1 0 0 1 0 0 0 0 1 1 1 1 0 1 1 1 0 0 1 0 0 0 1
0.032549814450686 1 0 0 0 0 0 0 0 0 0 0 1 1 0 0 0 1 0 0 0 1 1 0
0.038754100361422 1 0 0 0 0 1 0 0 0 0 1 1 1 1 0 0 1 1 0 0 0 1 1
0.073178636583119 1 0 0 1 0 0 0 1 0 0 1 1 1 1 1 1 0 0 0 1 0 1 0
0.046677344169459 0 0 1 0 0 0 0 0 0 1 1 1 0 1 0 1 1 1 0 1 0 0 1
0.068702850983140 0 1 1 0 0 0 0 0 1 1 1 1 0 1 1 0 1 0 0 1 0 0 1
0.114335260686795 0 1 1 0 0 0 1 0 0 1 1 1 0 1 1 0 1 1 0 0 0 0 1
0.088839441937123 0 0 1 1 0 0 0 0 1 1 1 1 1 1 0 1 1 1 0 1 0 0 1
0.100965309024092 0 1 1 0 0 0 0 0 0 1 1 1 1 0 0 1 1 0 0 1 0 0 0
0.020055312459177 1 0 0 0 0 0 0 0 0 1 1 1 0 1 0 1 1 0 1 1 0 0 1
0.059086470178941 1 0 1 0 0 0 0 0 1 1 1 1 0 1 0 1 1 0 0 0 1 0 1
0.030480675133396 0 1 0 0 0 0 0 0 0 0 1 1 0 0 0 1 1 0 1 0 0 0 1
0.106475836118653 0 1 0 0 1 0 0 0 1 1 0 0 1 1 1 1 1 0 1 0 0 0 1
0.065469911504131 0 0 0 1 0 1 0 0 0 0 0 1 1 1 1 1 1 1 0 0 1 1 1
0.016933409067893 1 0 0 0 0 0 0 0 0 1 1 0 0 1 1 1 0 0 1 0 1 0 1
0.054249571332974 1 0 0 0 0 0 1 0 0 0 1 1 0 1 0 1 1 0 1 0 1 0 1
0.064803144076593 0 1 0 0 0 0 1 0 1 0 0 1 1 1 1 1 0 1 1 0 1 0 1
0.031505271475823 1 0 0 0 0 0 1 0 0 1 1 0 1 1 1 1 0 1 0 0 1 0 1
0.038537500135420 1 0 0 0 0 0 0 0 0 0 1 1 0 0 0 1 1 0 1 0 0 1 1
0.012809631431592 1 0 0 0 0 0 0 0 0 1 1 1 1 0 1 1 1 1 1 0 0 1 1
0.042659132813822 1 0 0 0 1 0 0 0 0 0 1 1 1 1 0 0 1 1 0 0 1 0 1
0.036287695794569 0 1 0 0 0 0 0 0 0 0 1 1 0 0 1 0 1 0 0 0 1 0 1
0.050589290623681 1 0 0 1 0 0 0 0 0 1 1 0 1 1 1 1 0 0 1 0 0 1 1
0.075404269981277 0 0 1 0 1 0 0 0 0 0 1 0 1 1 1 1 0 1 0 0 1 0 1
0.043365908722629 0 0 0 1 0 0 0 0 1 0 0 1 1 1 1 1 0 1 1 0 1 0 1
0.096316603463604 0 0 0 0 0 0 0 0 0 0 0 0 0 1 0 0 0 1 0 1 0 1 0
0.037346123134700 0 0 0 0 1 0 0 0 0 0 0 0 1 0 1 1 1 1 0 0 0 1 1
0.052558652761619 0 0 1 0 0 1 0 0 0 0 1 1 1 1 0 1 1 1 0 0 0 1 1
0.088507818310021 0 0 1 0 1 0 0 0 0 0 0 1 1 0 1 1 0 0 0 1 0 1 0
0.123406562887269 0 0 0 1 1 0 0 0 0 0 0 1 1 0 1 0 1 0 0 1 1 0 0
0.065770230880544 1 0 0 0 1 0 0 0 0 0 0 1 1 1 0 0 1 0 0 0 1 1 0
0.068526346057762 0 0 0 0 1 0 0 1 0 0 0 0 1 1 1 1 0 1 0 1 0 1 0
0.024435009720927 0 1 0 0 0 0 0 0 0 0 0 1 0 0 1 1 1 0 0 0 0 1 1
0.019934691360717 1 0 0 0 0 0 0 0 0 0 1 1 1 1 0 0 1 1 0 0 1 1 0
0.073723955083792 1 0 1 0 0 0 1 0 1 1 1 1 1 1 0 0 1 1 0 0 1 0 0
0.020657658027097 1 0 0 0 0 0 0 1 0 0 1 0 1 1 1 1 1 0 1 0 0 1 1
0.050777669288479 1 0 0 0 0 1 0 1 0 0 1 1 1 1 1 1 1 1 0 0 0 1 1
0.016885607046177 1 0 0 0 0 0 0 0 0 1 1 0 1 1 1 1 0 1 1 1 0 1 1
0.039113574957387 0 0 0 1 0 0 0 0 0 0 0 1 1 1 0 1 0 1 0 0 1 1 0
0.042346766777041 0 0 0 1 0 0 0 0 0 0 0 1 0 1 1 1 0 1 0 0 1 1 0
0.027985141216751 0 1 0 0 0 0 0 0 0 1 1 1 0 1 1 1 1 0 1 1 0 0 1
0.085932485750676 1 0 0 1 0 0 1 0 1 0 1 1 1 1 0 1 0 0 1 0 1 0 0
0.095543178042403 0 0 0 0 1 1 0 0 0 0 0 0 1 1 1 1 0 1 0 0 1 1 0
0.024474796659757 1 0 0 0 0 0 0 0 0 1 1 1 0 0 1 0 1 1 0 1 0 0 1
0.025739180780851 1 0 0 0 0 0 1 0 0 0 1 0 1 1 1 1 0 1 0 0 0 1 1
0.035432597977038 1 0 0 0 0 0 1 0 0 1 1 0 1 1 1 1 0 0 1 0 1 1 0
0.043181853697749 1 0 0 0 0 0 1 0 0 0 0 1 1 1 0 1 0 0 1 0 1 1 0
0.046079212890763 1 0 1 0 0 0 0 0 1 1 1 1 1 1 0 0 1 1 0 1 0 0 1
0.040328090110114 0 0 1 0 0 0 0 0 0 1 1 0 1 1 0 1 1 1 0 1 0 0 1
0.054070530135665 1 0 0 0 0 1 0 0 0 1 1 1 1 0 0 1 1 1 0 1 0 0 1
0.014350789009994 1 0 0 0 0 0 0 0 0 0 0 0 1 1 1 1 0 0 0 0 1 1 1
0.029233089556721 1 0 0 0 0 0 0 1 0 0 0 0 1 1 1 1 0 0 0 0 1 1 0
0.086555012085355 1 0 0 0 1 0 0 0 0 0 0 0 1 1 1 1 0 0 0 0 1 1 1
0.023976354677365 1 0 0 0 0 0 1 0 0 0 0 1 1 1 1 1 0 1 0 0 1 1 1
0.014551264686806 1 0 0 0 0 0 0 0 0 0 0 1 1 0 1 1 1 0 0 0 1 1 1
0.018501616590325 1 0 0 0 0 0 0 1 0 0 0 1 1 1 1 1 1 0 1 0 1 1 1
0.045515554793810 1 0 0 0 1 0 0 0 0 1 0 1 1 1 1 1 0 1 0 1 0 1 1
0.071479961160236 1 0 0 1 0 0 0 0 1 0 0 1 1 1 1 1 0 0 1 0 1 0 1
0.013625955215717 1 0 0 0 0 0 0 0 0 0 0 1 0 1 1 1 0 0 0 0 1 1 1
0.083726138710997 1 0 0 0 1 0 0 1 0 1 1 1 1 1 1 1 1 1 0 1 0 1 0
0.055609633529191 0 0 1 0 0 0 0 1 0 1 0 0 1 1 1 1 0 1 0 0 1 0 1
0.047265982393401 0 0 1 0 0 0 0 1 0 0 0 1 1 1 1 1 0 1 0 0 1 1 1
0.063334724592328 0 0 0 0 1 0 0 1 0 0 0 1 1 1 1 1 1 1 0 1 1 0 1
0.039904122913084 1 0 0 0 1 0 0 0 0 1 1 1 1 0 1 1 0 1 0 1 0 0 1
0.139860171850974 1 0 1 0 1 1 0 0 1 1 1 1 1 1 0 1 0 0 0 1 0 0 1
0.017297325850032 1 0 0 0 0 0 0 0 1 0 0 1 0 1 1 1 1 0 0 1 0 1 1
0.071901989704134 1 0 0 0 0 1 0 1 1 0 1 1 1 1 1 1 1 0 1 0 1 0 1
0.044118523346397 1 0 0 0 0 0 0 0 1 0 0 0 1 1 0 1 1 0 1 0 1 0 1
0.013356107262711 1 0 0 0 0 0 0 0 0 0 0 1 1 0 1 1 0 0 1 0 0 1 1
0.023311453997394 1 0 0 0 0 0 0 0 1 0 0 1 0 1 1 1 1 0 1 0 0 1 1
0.056135261140874 1 0 0 0 0 0 0 0 0 0 0 0 1 0 1 1 0 0 0 1 0 1 1
0.013695325462285 1 0 0 0 0 0 0 0 0 0 0 1 1 1 1 1 0 0 1 0 1 1 1
0.033991518672419 1 0 0 0 0 1 0 0 0 0 0 1 1 1 1 1 1 0 0 0 1 1 1
0.105226200425877 0 0 1 0 1 0 0 1 0 0 0 1 1 1 1 1 0 1 0 0 1 0 1
0.021557708298552 0 0 1 0 0 0 0 0 0 0 0 1 1 0 1 1 0 1 0 0 0 1 1
0.018541459817364 0 0 1 0 0 0 0 0 0 0 0 1 1 1 0 1 1 0 0 1 0 1 1
0.041348649734372 0 0 1 0 0 0 0 0 1 0 0 1 1 1 0 1 1 1 0 1 0 0 1
0.091385493757184 0 0 1 0 0 1 0 0 1 0 0 1 0 1 1 1 1 0 0 0 0 1 1
0.029072489489446 0 0 1 0 0 0 0 0 0 0 0 1 1 0 0 1 1 0 0 1 0 0 1
0.057773742579889 0 0 1 0 0 0 0 1 0 0 0 1 1 1 0 1 1 0 0 1 1 0 0
0.056792298000315 0 0 1 0 0 0 0 1 0 0 0 1 1 0 1 1 1 0 0 1 0 1 1
0.033265339970690 0 0 1 0 0 0 0 0 0 1 0 1 1 1 0 1 1 1 0 0 1 0 1
0.026769585187323 0 0 1 0 0 0 0 0 0 0 0 1 1 1 0 1 0 1 0 1 1 0 1
0.104986632779230 0 0 1 0 1 0 0 0 0 0 0 1 1 1 0 1 1 0 0 1 1 0 1
0.028538360431996 0 0 1 0 0 0 0 0 0 1 0 1 1 1 1 1 0 1 0 1 1 0 1
0.029134913965891 0 0 1 0 0 0 0 0 0 1 0 0 1 1 1 1 0 1 0 0 1 1 1
0.018648071076882 0 0 1 0 0 0 0 0 0 0 0 1 1 1 1 1 0 1 0 1 0 1 1
0.040938831580594 0 0 1 0 0 0 1 0 0 0 0 1 1 1 1 1 0 1 0 0 1 0 1
0.142901391652962 0 0 1 0 1 0 1 0 0 0 0 1 1 0 1 1 0 1 0 0 0 0 1
0.055286532247163 0 0 1 0 0 0 1 0 0 1 0 1 1 1 1 1 0 1 0 0 1 1 0
0.094558288305194 0 0 1 0 0 0 1 0 0 1 1 1 1 1 1 1 0 1 1 1 1 0 0
0.118059221851008 1 1 0 1 0 0 0 1 1 1 1 1 1 1 1 0 0 0 0 1 1 0 0
0.065658808838542 0 0 1 0 0 1 0 0 0 0 0 0 1 1 1 1 0 1 0 0 0 1 1
0.027890013053735 0 0 1 0 0 0 0 0 0 0 0 0 1 1 0 1 0 0 0 0 1 1 0
0.024663289627561 0 0 1 0 0 0 0 0 0 0 0 1 1 1 0 1 0 0 1 0 1 0 1
0.057500900095764 0 0 1 0 0 1 0 0 0 0 0 1 1 1 0 1 1 0 0 0 1 0 1
0.037438626226097 0 0 1 0 0 0 0 1 0 0 0 1 1 1 1 1 0 0 1 0 1 0 1
0.036727994282303 0 0 1 0 0 0 0 0 0 1 0 1 1 0 1 1 0 1 1 0 1 0 1
0.054234315904202 0 0 1 0 0 0 0 0 1 1 0 1 1 1 1 1 0 1 1 0 1 0 1
0.040152777256370 0 0 1 0 0 0 0 0 0 0 0 1 1 0 0 1 1 0 1 0 1 0 1
0.040311071562534 0 0 0 0 1 0 0 0 0 0 0 0 1 0 0 1 1 0 0 0 1 0 1
0.036469829717318 0 0 0 0 1 0 0 0 0 0 0 1 0 0 1 1 1 0 0 0 1 0 1
0.081034468824047 0 0 0 0 1 0 1 0 0 0 0 1 1 0 1 1 1 1 0 0 1 0 1
0.028451378996733 0 0 1 0 0 0 0 0 0 0 0 1 0 1 1 1 0 0 0 0 1 1 1
0.033660604030719 0 0 1 0 0 0 0 0 0 0 1 0 0 1 0 1 1 0 0 0 0 1 1
0.035140326452121 0 0 1 0 0 0 0 0 1 0 0 1 0 1 1 1 1 0 0 1 0 1 1
0.021059928798334 0 0 1 0 0 0 0 0 0 0 0 0 0 1 1 1 0 0 0 0 0 1 1
0.086114302085597 1 0 1 0 0 0 0 0 1 0 0 1 0 1 1 1 0 0 0 0 0 1 1
0.038536599388431 0 0 1 0 0 0 0 0 0 1 0 0 0 1 1 1 0 0 1 0 1 0 1
0.024786524545488 0 0 1 0 0 0 0 0 0 0 0 0 1 0 1 1 0 0 0 0 1 0 1
0.015351832955052 0 0 1 0 0 0 0 0 0 0 0 0 1 1 1 1 0 0 0 1 0 1 1
0.037082604968069 0 0 1 0 0 0 0 0 0 0 0 0 1 0 1 1 0 0 1 0 0 1 1
0.271841183506553 1 1 1 1 1 1 1 1 1 1 1 1 1 1 0 0 0 0 0 0 1 0 0
0.023688810224647 0 0 1 0 0 0 0 0 0 0 0 0 1 0 1 1 1 0 0 0 0 1 1
0.109295575665276 0 0 1 1 0 0 0 0 0 1 0 1 1 0 1 1 0 0 1 0 1 0 1
0.044987575635805 0 0 1 0 0 0 0 0 0 1 1 0 0 1 1 1 1 0 1 1 0 0 1
0.016982816450263 0 0 1 0 0 0 0 0 0 0 0 0 1 1 1 1 0 0 0 0 1 1 1
0.071848375002634 1 0 1 0 0 0 0 0 0 1 1 1 0 1 1 0 0 0 0 1 1 0 1
0.032104362027836 0 0 1 0 0 0 0 0 0 1 0 0 0 1 1 1 1 0 0 0 1 0 1
0.046262233411703 0 1 0 0 0 0 0 1 0 0 1 0 1 1 1 0 0 1 0 0 1 1 0
0.047706511300988 0 0 1 0 0 0 0 1 0 0 0 0 1 1 1 1 0 0 0 1 0 1 0
0.022972556178404 0 0 1 0 0 0 0 0 0 0 0 1 0 0 1 1 1 0 0 0 0 1 1
0.025367290657012 0 0 1 0 0 0 0 0 0 0 0 1 0 1 0 1 1 0 0 0 1 0 1
0.066775642244056 0 0 0 0 1 0 0 0 0 0 0 0 0 0 0 0 1 0 0 0 1 0 0
0.046675719532353 0 0 1 0 0 0 1 0 0 0 0 1 0 1 1 1 1 0 0 0 0 1 1
0.079026182808918 0 0 1 0 0 0 1 0 0 1 1 0 0 1 1 1 1 0 1 0 0 0 1
0.055079128376988 0 1 0 1 0 0 0 0 0 0 1 1 1 1 1 0 0 1 0 0 1 1 0
0.092542610465580 0 1 0 1 0 0 0 1 0 0 1 1 1 1 1 0 0 1 0 1 1 0 0
0.038302911457714 0 1 0 0 0 0 0 0 0 0 1 1 1 1 0 1 0 1 0 1 0 1 0
0.023956067991228 1 0 0 0 0 0 0 0 1 0 0 1 0 0 1 1 1 0 0 0 0 1 1
0.034642000235927 1 0 0 0 0 0 1 0 0 0 1 1 1 1 0 0 1 1 0 1 0 1 0
0.061702836231862 0 0 0 0 1 0 0 0 1 0 0 1 0 1 1 1 1 0 1 1 0 0 1
0.055645698360331 1 0 0 0 1 0 0 0 1 0 0 1 1 1 0 1 1 0 0 0 1 0 1
0.063720064495670 0 0 1 0 0 1 0 0 0 1 1 1 1 1 1 1 0 1 1 0 1 0 1
0.025217899893589 0 0 1 0 0 0 0 0 0 1 0 0 0 1 1 1 1 0 0 0 0 1 1
0.027261786713297 0 0 1 0 0 0 0 0 0 1 0 0 1 1 1 1 0 0 1 0 1 0 1
0.029062943408349 0 0 1 0 0 0 0 0 0 0 0 1 0 1 1 0 1 0 0 1 0 1 1
0.022553008982009 0 0 1 0 0 0 0 0 0 0 1 1 0 1 1 1 1 0 0 1 0 1 1
0.027367581969238 0 0 1 0 0 0 0 0 0 0 0 0 1 1 0 1 1 0 0 0 1 0 1
0.070985649045009 1 0 0 0 0 1 0 0 0 1 1 1 1 0 1 1 0 1 1 1 0 1 0
0.036489728114047 1 0 0 0 0 0 0 0 0 1 1 0 1 0 0 0 1 1 0 1 0 0 1
0.019485048802779 0 0 1 0 0 0 0 0 0 0 0 1 1 1 1 1 0 0 1 1 1 0 1
0.120043973511775 0 0 1 1 0 0 0 0 0 0 0 1 1 1 1 0 0 1 0 1 1 0 1
0.091658310915434 0 0 1 1 0 0 0 0 0 0 1 0 1 1 0 1 1 0 0 0 0 1 1
0.036495221148535 0 0 1 0 0 0 0 0 0 0 1 1 0 1 0 1 1 0 1 1 0 0 1
0.055783287001559 1 0 1 0 0 0 0 0 1 0 1 1 1 1 0 0 1 0 0 1 0 1 0
0.030383717894479 0 0 1 0 0 0 0 0 0 0 0 1 1 0 1 1 0 0 1 1 0 0 1
0.066884637725100 0 1 0 1 0 0 0 0 0 1 0 1 1 1 1 1 0 0 0 1 1 1 0
0.076368663769943 0 1 0 1 0 0 0 0 0 0 1 0 1 1 1 0 0 0 0 1 0 1 0
0.108980909051259 0 1 0 1 0 0 0 0 1 0 0 1 0 1 1 1 0 0 0 1 0 1 0
0.050714507331739 0 1 0 0 0 1 0 0 0 1 1 0 1 1 1 1 1 1 0 0 0 1 1
0.087904045354792 0 0 1 0 1 0 0 0 0 1 1 0 1 0 1 1 1 0 0 0 0 0 1
0.055668183030661 0 0 1 0 0 0 0 0 1 0 0 1 1 1 0 1 0 0 1 1 1 0 0
0.065124350299240 0 0 1 0 0 0 1 0 0 0 0 1 1 1 0 1 0 0 0 1 1 0 0
0.063359412070766 0 0 1 0 0 0 0 0 0 0 0 1 0 1 1 1 1 0 0 1 0 0 1
0.058780732329547 1 0 1 0 0 0 0 1 1 1 1 1 1 1 1 1 0 0 1 1 1 0 0
0.068460482029050 1 0 1 0 0 0 0 1 0 1 1 1 1 1 1 1 0 1 1 0 1 0 1
0.108343468548730 0 1 0 0 1 0 1 0 0 0 1 1 1 0 1 0 1 1 0 0 0 0 1
0.046944335054335 1 0 0 0 0 0 0 0 1 1 1 1 0 0 1 1 1 0 1 1 0 0 1
0.064283773621602 0 0 0 0 1 0 0 0 0 1 1 0 0 1 1 1 1 0 1 1 0 0 1
0.049747129642750 0 0 0 1 0 0 0 0 1 0 0 1 1 1 0 1 1 1 0 0 1 0 1
0.015664474193832 1 0 0 0 0 0 0 0 0 0 0 1 1 1 0 1 0 0 1 0 1 0 1
0.061327046031199 1 0 0 0 0 0 1 0 1 1 1 0 1 1 1 1 1 1 0 0 1 1 0
0.019271682559967 1 0 0 0 0 0 0 0 0 1 1 1 1 0 1 1 0 1 1 0 1 0 1
0.016909718890249 1 0 0 0 0 0 0 0 0 1 0 0 1 1 1 1 0 0 1 0 1 1 1
0.027936285603847 1 0 0 0 0 0 1 0 0 1 1 0 1 1 1 1 1 0 1 0 0 1 1
0.067127952966038 0 0 0 1 0 0 0 0 0 0 0 0 1 0 0 1 0 0 0 0 0 1 0
0.143694780632080 0 1 0 1 0 0 1 0 0 0 0 1 1 1 1 0 0 1 0 0 1 1 0
0.076254006429419 0 0 0 0 0 1 1 0 0 0 0 1 1 1 1 1 1 1 0 1 0 1 1
0.127415146671358 1 1 0 1 0 0 0 0 1 1 1 1 1 1 0 1 0 0 1 0 1 1 0
0.029521396263651 1 0 0 0 0 0 0 0 0 1 1 1 0 0 1 0 1 1 0 0 1 1 0
0.054615204709113 0 0 0 0 1 0 0 0 0 0 1 0 0 1 1 0 0 1 0 1 0 1 0
0.025417004640880 1 0 0 0 0 0 0 0 0 0 0 1 1 1 0 1 1 0 1 0 0 1 1
0.060263566154922 0 0 1 0 0 0 1 0 0 1 0 0 1 1 1 1 1 1 0 0 0 1 1
0.127817630515893 0 0 0 1 0 0 1 0 0 1 1 0 1 1 1 1 1 1 1 1 0 0 1
0.073512997213524 0 0 0 1 0 0 0 0 0 1 1 1 0 1 1 0 1 1 1 1 0 0 1
0.113263174352132 0 1 0 1 0 0 0 0 0 0 1 1 1 0 1 0 1 0 0 1 1 1 0
0.078795728725991 0 1 0 1 0 0 0 0 0 1 1 0 1 1 1 1 0 1 0 1 0 1 1
0.042564479431869 0 1 0 0 0 0 0 0 0 0 0 0 1 0 1 1 0 0 1 0 0 1 1
0.017980417922730 1 0 0 0 0 0 0 1 0 0 1 1 1 1 1 1 1 0 1 1 0 1 1
0.073996592029103 0 0 1 0 0 0 0 1 0 0 1 1 1 0 1 1 0 0 1 1 1 0 0
0.019631245119554 0 1 0 0 0 0 0 0 0 0 1 1 1 0 1 1 0 1 1 0 1 0 1
0.023850389403285 0 0 1 0 0 0 0 0 0 0 1 1 0 1 1 1 1 0 1 0 0 1 1
0.029929243344230 0 0 1 0 0 0 0 0 0 0 1 1 0 1 1 0 1 1 0 0 0 1 1
0.029011929331212 0 0 1 0 0 0 0 0 0 0 1 1 1 0 1 1 1 0 1 1 0 1 1
0.053266749810389 0 0 1 0 0 1 0 0 0 0 1 1 1 1 1 1 0 0 1 1 0 1 0
0.078036605525317 0 0 1 0 1 0 0 0 1 0 1 1 1 1 1 1 0 0 1 1 0 1 0
0.057452283583861 0 0 1 0 0 0 1 0 0 0 0 1 1 1 1 1 0 0 1 1 0 1 1
0.090475768343201 0 0 1 0 0 0 1 0 1 0 0 1 1 1 1 0 1 1 0 1 0 1 0
0.060547259053712 0 0 0 0 1 0 0 0 0 0 1 1 0 0 1 0 1 1 0 1 0 0 1
0.016583221310778 0 1 0 0 0 0 0 0 0 0 0 1 1 1 0 1 0 0 0 1 1 0 1
0.038620275911113 0 1 0 0 0 0 0 1 0 0 0 1 1 1 0 1 1 0 0 1 1 0 1
0.028165342253503 0 0 0 1 0 0 0 0 0 0 1 0 1 1 1 1 0 1 1 0 0 1 1
0.049908001566509 0 0 0 1 0 0 0 0 0 0 1 0 0 1 0 1 0 0 1 0 0 1 0
0.066402811443517 0 0 0 1 0 1 0 0 0 0 1 1 1 1 1 1 0 0 1 1 0 1 0
0.034795314654903 0 0 0 1 0 0 0 0 0 0 1 1 0 1 1 1 0 1 1 0 0 1 1
0.110835169077788 0 0 0 1 0 1 0 0 1 0 1 1 1 1 1 1 0 1 1 0 1 0 0
0.028023367453436 0 0 0 1 0 0 0 0 0 0 0 0 1 1 1 1 0 0 1 1 0 1 1
0.069145766622287 0 0 0 1 0 0 0 1 0 0 1 0 1 1 1 1 0 0 1 1 0 1 0
0.036990765593584 0 0 0 1 0 0 0 0 0 0 0 1 1 0 1 1 0 0 1 0 1 1 0
0.079520160600528 0 0 0 1 0 1 0 0 0 0 1 1 0 1 1 1 1 0 1 0 0 1 1
0.047560194637277 1 0 0 1 0 0 0 0 0 1 1 1 1 0 1 1 0 0 1 0 1 1 0
0.067491016529622 0 1 0 1 0 0 0 0 0 0 1 1 1 1 0 1 0 0 1 0 1 1 0
0.061976912734014 0 0 0 0 1 0 0 0 0 1 0 0 1 0 1 1 0 1 0 0 1 1 0
0.062678675729114 0 1 0 0 0 0 1 0 0 0 0 1 1 0 0 1 1 0 0 1 0 0 1
0.048963877842646 0 1 0 0 0 0 0 1 0 0 1 1 1 1 0 1 0 0 1 1 1 0 0
0.026867986975792 0 1 0 0 0 0 0 0 0 0 1 1 1 0 0 1 1 0 1 1 0 0 1
0.080559782971696 0 1 1 0 0 0 0 0 1 1 1 1 0 1 0 0 1 1 0 0 0 1 0
0.070712754177378 0 0 0 0 1 0 1 0 0 0 0 0 1 1 1 1 1 0 0 1 0 1 1
0.028316568431374 1 0 0 0 0 0 0 0 0 1 1 0 1 1 0 1 0 0 1 1 1 0 0
0.058364502892690 0 0 1 1 0 0 0 0 0 0 1 1 1 1 1 1 0 0 1 0 0 1 1
0.053012632464229 0 0 0 1 0 0 0 0 1 0 0 1 1 1 1 1 0 0 1 1 0 1 0
0.035894193782909 0 0 0 1 0 0 0 0 0 0 0 1 1 1 1 1 0 0 0 1 1 1 0
0.033581924528143 0 0 0 0 0 1 0 0 0 0 0 0 0 1 1 1 1 0 0 0 1 1 1
0.036093757226671 0 0 0 0 0 1 0 0 0 0 0 0 0 1 0 1 1 0 0 0 1 0 1
0.068652804338057 0 0 0 0 0 1 0 0 0 0 1 0 0 1 0 1 0 1 0 0 1 1 0
0.051853599842827 0 0 0 0 0 1 0 0 0 0 0 0 1 1 1 1 0 0 1 0 1 0 1
0.045331290767920 0 0 0 0 0 0 1 0 0 0 0 0 0 1 1 1 1 0 1 0 0 1 1
0.040024379280026 0 0 0 0 1 0 0 0 0 0 0 0 0 1 1 1 1 0 0 0 1 0 1
0.099751744658072 0 0 0 0 0 1 1 0 0 0 0 0 0 1 1 1 1 0 1 0 0 1 1
0.048018825956420 0 0 0 0 0 0 1 0 0 0 0 0 0 1 1 1 0 1 0 0 0 1 1
0.043459211376277 0 0 0 0 0 1 0 0 0 0 0 0 1 0 1 1 1 0 0 0 1 1 1
0.101623819506341 1 0 0 1 1 0 0 0 1 1 1 1 1 1 1 1 0 0 1 0 1 0 1
0.053785639795123 0 1 0 0 0 1 0 0 0 1 1 1 1 0 1 1 1 0 0 1 0 1 0
0.047005158870072 0 0 0 0 0 1 0 0 0 0 0 1 0 1 0 1 1 0 1 0 1 0 1
0.052334672862113 0 0 0 0 0 1 0 0 0 0 0 1 1 1 1 1 1 0 1 1 0 1 1
0.043318930655876 1 0 0 0 0 0 1 0 0 0 0 1 1 0 1 1 0 0 1 0 1 0 1
0.030105971630309 1 0 0 0 0 0 0 0 0 0 0 1 0 1 0 0 1 0 0 0 1 0 1
0.023908999553128 1 0 0 0 0 0 0 1 0 0 0 0 1 1 1 1 1 0 0 0 1 1 1
0.066435650495582 0 1 0 0 1 0 0 0 0 1 1 1 1 1 1 1 0 1 1 0 0 1 0
0.102826710428288 0 0 0 1 1 0 0 0 0 1 1 1 1 1 1 1 0 1 1 1 0 1 0
0.071525532833880 0 1 0 0 1 0 0 0 0 0 0 1 1 1 0 1 0 1 0 0 1 0 1
0.059555170534670 1 0 0 1 0 0 0 0 1 1 1 0 1 1 0 1 1 0 0 1 0 0 1
0.063341468658309 1 0 0 0 1 0 0 0 0 1 0 1 1 0 1 1 0 0 1 0 1 0 1
0.033650132190219 1 0 0 0 0 0 1 0 0 0 0 1 0 1 1 1 1 0 0 0 0 1 1
0.031293702305459 0 1 0 0 0 0 0 1 0 0 0 1 1 1 1 1 0 1 1 0 1 0 1
0.045410592801915 0 0 1 0 0 0 0 0 0 1 0 0 1 0 1 1 1 1 0 0 1 0 1
0.077059978551299 1 0 0 1 0 0 0 0 0 1 1 1 0 0 1 1 0 1 0 1 0 0 1
0.043436224307201 0 1 0 0 0 1 0 0 0 1 1 1 1 1 1 0 1 1 0 1 0 0 1
0.057434137531538 0 1 0 0 0 0 0 0 1 0 0 1 0 0 1 0 1 0 0 1 0 0 1
0.052676500095870 0 0 0 0 1 0 0 0 0 0 0 1 0 1 0 0 1 0 0 1 1 0 0
0.032312870017031 0 1 0 0 0 0 1 0 0 0 0 1 1 1 1 1 0 1 0 1 0 1 1
0.050173212622392 0 0 0 1 0 0 0 0 0 0 1 0 1 0 1 1 0 0 1 0 0 1 1
0.020388010139866 0 1 0 0 0 0 0 0 1 0 0 0 1 1 1 1 1 0 0 1 0 1 1
0.024367360791085 0 1 0 0 0 0 0 0 1 0 0 0 1 1 1 1 0 0 0 1 1 0 1
0.037312881149948 0 1 0 0 0 0 0 0 1 1 1 0 1 1 1 1 1 0 1 1 0 0 1
0.028327124609931 0 1 0 0 0 0 0 0 1 0 0 1 1 1 0 1 1 0 0 1 1 0 1
0.032951266190575 0 1 0 0 0 0 0 0 0 0 1 1 1 0 1 0 0 1 0 0 1 1 0
0.212821402034865 1 0 1 0 1 1 1 0 1 1 1 1 1 1 1 1 0 0 0 0 1 0 0
0.047395419046309 0 0 1 0 0 0 0 0 0 0 1 1 1 1 1 1 0 0 1 1 0 1 0
0.025921997211905 0 1 0 0 0 0 0 1 0 0 1 0 1 1 1 1 1 0 1 0 0 1 1
0.045064940473172 0 0 1 0 0 0 0 0 0 0 0 0 0 1 1 1 1 0 0 0 1 1 1
0.044720016401534 0 0 0 0 0 1 0 0 0 0 0 0 1 1 1 1 0 1 0 0 1 1 1
0.119263247681330 0 0 0 0 1 1 0 0 0 0 0 1 0 1 1 0 1 0 0 0 1 0 1
0.049436958694614 0 0 0 0 1 0 0 0 0 0 0 1 1 0 1 1 1 0 1 1 0 0 1
0.051245146394154 0 0 0 0 1 0 0 0 0 0 0 0 1 1 0 0 0 1 0 1 1 0 0
0.074579476404887 0 0 1 0 1 0 0 0 0 0 1 1 1 0 1 1 1 0 1 0 0 1 1
0.064580460052380 0 0 0 0 0 1 0 0 1 0 0 0 0 1 1 1 1 0 1 0 1 0 1
0.029552453769100 0 0 0 1 0 0 0 0 0 0 0 0 1 1 1 0 0 1 0 0 0 1 1
0.018762115245479 0 0 1 0 0 0 0 0 0 0 0 0 1 1 1 0 0 1 0 0 0 1 1
0.037215301412028 0 0 1 0 0 0 0 0 0 1 0 0 1 1 1 0 0 1 0 0 1 1 0
0.021723393311027 0 0 1 0 0 0 0 0 0 0 0 0 1 1 1 0 1 0 0 1 0 1 1
0.048559293143568 0 0 1 0 0 0 0 0 0 1 1 0 0 1 1 0 1 1 0 0 0 1 1
0.033815940921555 0 0 1 0 0 0 0 0 0 0 0 1 1 1 0 0 1 0 0 1 1 0 1
0.153279441449779 0 0 1 1 1 0 0 0 1 1 1 1 1 1 1 1 0 0 1 0 0 1 0
0.078569311512998 0 0 1 0 0 0 1 0 0 0 0 0 1 1 1 0 0 1 0 0 1 1 0
0.019394413882079 0 0 1 0 0 0 0 0 0 0 0 1 1 1 1 0 1 0 1 1 0 1 1
0.076921478075907 0 1 1 0 0 0 0 0 1 0 1 1 1 1 1 0 1 0 0 1 0 1 0
0.034398380068236 0 0 1 0 0 0 0 0 0 1 0 1 1 1 1 0 1 1 0 1 0 1 1
0.050632280136708 0 0 1 0 0 1 0 0 0 0 0 1 1 1 1 0 1 1 0 0 0 1 1
0.036937513406578 0 0 1 0 0 0 0 0 0 0 0 1 1 0 1 0 1 0 0 0 0 1 1
0.064822698175633 0 0 1 0 0 1 0 0 0 0 1 1 1 1 1 0 0 1 1 1 0 0 1
0.053777318647868 0 0 0 1 0 0 0 0 0 0 1 1 0 1 0 1 1 0 0 0 1 1 0
0.072147407398533 1 0 1 0 0 0 0 0 1 1 0 1 1 1 1 0 0 1 0 1 1 0 1
0.053905565612490 1 0 0 0 0 1 0 0 1 0 0 1 1 1 1 1 1 1 0 0 0 1 1
0.051553396061498 0 0 1 0 1 0 0 0 0 0 1 1 1 1 1 0 1 1 0 0 0 1 1
0.035315861030685 0 0 1 0 0 0 0 0 0 0 1 1 1 0 1 0 1 1 0 1 0 0 1
0.036112525309965 1 0 0 0 0 1 0 0 0 1 1 0 1 1 1 1 0 0 1 0 1 0 1
0.086079939096093 1 0 0 1 0 1 0 0 1 1 1 1 1 1 1 1 0 0 1 1 0 0 1
0.137255572889275 0 0 1 0 1 1 0 0 1 0 1 1 1 1 1 0 0 1 0 0 0 1 0
0.022241780810472 0 0 1 0 0 0 0 0 0 0 0 0 1 1 1 0 0 1 0 0 1 0 1
0.049887579370693 0 0 1 0 0 0 0 1 0 0 1 0 1 1 1 0 1 1 0 1 0 0 1
0.031656584111193 0 0 1 0 0 0 0 0 0 0 0 1 1 1 0 0 1 1 0 1 0 0 1
0.049494629158516 0 0 0 1 0 0 0 1 0 0 0 1 1 1 1 1 0 1 1 0 1 0 1
0.022597856991009 1 0 0 0 0 0 0 0 0 1 1 0 1 0 1 1 0 0 1 0 1 1 0
0.072030506801503 1 1 0 0 0 0 0 1 0 1 1 1 1 1 1 1 0 0 1 0 1 0 1
0.234047405112810 1 1 1 1 0 1 0 1 1 1 1 1 0 1 1 0 0 0 0 1 0 0 1
0.098510187328346 1 0 0 1 0 0 1 0 1 0 1 1 0 1 1 1 0 0 0 0 0 1 0
0.150623461406175 0 0 0 0 1 0 1 0 0 1 1 0 1 1 1 1 0 1 1 1 0 1 0
0.025507729803037 1 0 0 0 0 0 1 0 0 0 1 0 1 1 1 1 1 0 0 0 1 1 1
0.089705472355627 1 0 0 0 1 0 1 0 0 0 1 1 1 1 0 0 1 0 0 1 1 0 0
0.041620689157677 0 0 0 0 1 0 0 0 0 0 0 0 1 1 1 0 0 1 0 1 0 0 1
0.088706487202669 0 0 0 1 1 0 0 0 0 0 0 1 1 1 1 0 0 1 0 1 0 1 0
0.065631466735204 1 1 0 0 0 0 0 0 1 1 1 1 0 1 1 1 0 1 0 0 1 1 0
0.083185673051674 0 0 1 0 0 1 0 0 0 0 0 1 1 0 1 1 1 0 1 0 0 1 1
0.059936541477758 0 0 1 0 0 1 0 0 0 0 1 0 1 1 1 1 0 0 0 0 1 0 1
0.143512324082120 1 1 0 0 0 1 1 0 0 1 1 1 1 1 0 1 1 1 0 0 0 1 1
0.026449923392956 1 0 0 0 0 0 0 0 0 1 1 0 0 1 1 1 0 0 0 0 1 1 0
0.024066770497132 1 0 0 0 0 0 0 1 0 0 1 0 1 1 1 1 0 0 0 1 1 1 0
0.036500328303157 0 0 1 0 0 0 0 0 1 0 0 1 1 1 1 0 1 0 1 1 0 0 1
0.063289081588909 0 0 1 0 1 0 0 0 0 0 1 1 1 1 1 0 1 0 1 1 0 0 1
0.083864631084130 1 0 0 0 1 1 0 0 0 1 1 1 1 1 1 1 0 0 1 1 0 0 1
0.047828440961501 1 0 0 0 0 1 0 0 1 1 1 0 1 1 1 1 1 0 0 0 1 0 1
0.042793841347084 0 1 0 0 0 1 0 0 0 0 1 1 0 1 1 1 1 0 0 0 0 1 1
0.033520058176118 1 0 0 0 0 0 1 0 0 0 1 0 1 1 1 0 0 1 0 0 1 0 1
0.085782306135036 1 0 0 0 1 1 0 0 1 1 1 1 1 1 1 1 0 1 0 0 1 1 0
0.028578180276190 1 0 0 0 0 0 0 1 0 0 0 1 1 0 1 1 0 0 1 0 1 0 1
0.029486061820338 0 1 0 0 0 0 0 0 0 0 1 0 0 1 1 0 0 1 0 0 0 1 1
0.042975772390979 0 0 1 0 0 0 0 0 0 1 1 1 1 1 1 0 1 1 1 1 0 0 1
0.076415222020363 0 0 0 0 1 0 0 1 0 0 0 0 1 1 1 0 1 0 0 1 1 0 0
0.047746765864491 0 0 1 0 0 0 0 0 0 0 0 1 1 1 1 0 0 0 0 1 0 1 1
0.110459173436605 0 1 0 0 1 0 0 1 0 1 1 1 1 1 1 1 1 1 1 0 1 0 1
0.074125511253707 0 1 0 0 0 0 1 1 0 0 0 0 1 1 1 1 1 0 0 0 0 1 1
0.071594419201272 0 1 0 0 1 0 0 0 0 1 1 1 0 1 1 1 0 1 0 1 0 1 0
0.061100965940476 0 1 0 0 0 1 0 0 0 1 1 0 1 1 1 1 0 0 1 0 0 1 0
0.034351580766496 0 0 0 1 0 0 0 0 0 1 0 0 1 1 1 1 1 0 1 1 0 1 1
0.085653715286639 1 0 1 0 0 0 0 0 0 1 1 0 1 1 1 0 0 1 0 1 1 0 1
0.051290536968616 0 0 1 0 0 0 0 0 1 1 0 0 1 1 1 1 1 0 1 1 0 0 1
0.061115184898317 0 0 0 0 1 0 0 0 0 1 0 0 1 1 1 1 1 1 0 1 0 0 1
0.037478388462452 0 0 1 0 0 0 0 1 0 0 0 1 1 1 1 0 1 1 0 0 1 0 1
0.059371077557562 1 0 0 0 1 0 0 0 0 1 1 1 0 1 1 0 0 1 0 1 1 0 0
0.022111265987700 1 0 0 0 0 0 0 0 0 0 1 1 1 1 0 0 1 0 1 1 1 0 1
0.047585099175475 0 0 0 0 0 0 1 0 0 0 0 0 0 1 0 1 0 1 0 0 1 1 0
0.020304224129991 1 0 0 0 0 0 0 1 0 0 1 0 1 1 1 1 0 0 1 0 1 0 1
0.015326893215977 0 1 0 0 0 0 0 0 0 0 0 1 1 1 1 0 0 1 0 1 1 0 1
0.059497210982099 0 0 0 0 0 1 0 0 0 0 0 1 1 1 0 1 1 0 1 1 1 0 1
0.042199006713426 0 1 0 0 0 0 0 0 0 1 1 1 1 1 0 1 0 1 1 0 1 1 0
0.037155465907340 0 1 0 0 0 0 1 0 0 0 1 0 1 1 1 1 1 0 1 0 0 1 1
0.054553489630759 1 0 0 1 0 0 0 0 1 0 1 1 1 1 0 0 1 0 0 1 1 0 0
0.045453782758527 0 1 0 0 0 0 0 1 0 0 1 0 1 1 1 1 0 0 0 1 0 1 0
0.019221137611545 1 0 0 0 0 0 0 0 0 0 0 1 1 0 1 0 1 0 1 0 0 1 1
0.024745550773270 1 0 0 0 0 0 0 0 1 0 0 1 1 1 0 0 1 0 1 0 1 0 1
0.016349545513585 1 0 0 0 0 0 0 0 0 0 1 1 1 1 0 0 0 1 1 0 1 0 1
0.015473331015910 1 0 0 0 0 0 0 0 0 0 0 1 1 0 1 0 0 1 0 0 1 0 1
0.042057344666514 1 0 0 0 0 0 0 0 0 0 0 0 1 1 0 0 0 1 0 0 1 0 1
0.017642908774945 1 0 0 0 0 0 0 0 0 0 1 1 1 0 0 0 1 1 0 0 1 0 1
0.018280632305087 1 0 0 0 0 0 0 0 0 0 1 1 1 0 1 0 0 1 1 1 0 0 1
0.022750833595537 1 0 0 0 0 0 0 0 1 0 1 1 0 1 1 0 1 0 1 1 0 0 1
0.035108229754132 1 0 0 0 0 1 0 0 0 0 1 1 1 1 1 0 0 1 0 1 1 0 1
0.017673142039386 1 0 0 0 0 0 0 0 0 0 1 1 0 1 1 0 0 1 0 1 1 0 1
0.051221829074090 0 0 0 0 1 0 0 0 0 0 0 1 1 0 0 1 1 0 0 1 0 1 0
0.091719638619630 0 1 1 0 0 0 0 1 0 1 1 1 1 1 1 0 1 0 1 0 1 0 0
0.033539410433733 1 0 0 0 0 0 1 0 0 1 1 1 0 1 1 1 1 0 0 0 1 1 0
0.047928240087395 0 1 0 0 0 1 0 0 0 1 1 1 1 1 1 1 0 0 1 1 1 0 0
0.046069308013416 1 0 0 0 1 0 0 0 1 0 1 1 1 1 1 1 0 1 0 1 1 0 1
0.020510873128075 1 0 0 0 0 0 0 0 0 0 0 1 1 0 1 0 0 0 1 0 1 0 1
0.037237775719867 0 1 0 0 0 0 0 0 0 0 0 1 1 0 1 1 0 1 0 1 1 0 1
0.064354701180907 0 1 0 1 0 0 0 0 0 1 1 1 1 1 1 1 0 1 1 0 1 1 0
0.024223264130243 1 0 0 0 0 0 0 0 1 0 0 1 0 1 1 0 0 1 0 1 0 0 1
0.110184728924010 1 1 0 0 0 0 0 0 1 0 0 1 0 1 1 0 0 0 0 0 1 0 1
0.026473537874152 1 0 0 0 0 0 0 1 0 0 0 1 1 1 1 0 0 1 0 1 1 0 1
0.090588133954055 1 0 0 1 0 0 1 0 0 1 0 1 1 1 1 1 0 0 0 1 1 0 1
0.018642533561946 1 0 0 0 0 0 0 0 1 0 0 1 0 1 1 0 1 1 0 0 0 1 1
0.097735711863604 1 0 0 0 1 0 0 0 1 0 0 1 0 1 1 0 0 0 0 1 0 0 1
0.039271923876534 0 0 0 0 1 0 0 0 0 0 0 1 1 1 1 0 1 1 0 1 1 0 1
0.040535424312823 1 0 0 0 0 0 1 0 0 0 1 1 1 1 0 0 0 1 0 1 1 0 0
0.020860507583722 1 0 0 0 0 0 0 1 0 0 0 1 1 1 1 0 1 1 0 1 0 1 1
0.033173298821823 1 0 0 0 0 0 0 1 0 0 0 1 1 0 1 0 1 0 0 1 0 1 0
0.053008855741019 0 0 0 1 0 0 0 1 0 0 0 1 1 1 1 0 1 1 0 1 0 0 1
0.027726910010122 1 0 0 0 0 0 0 0 1 0 1 1 1 1 0 0 1 1 1 1 0 0 1
0.028731880504600 1 0 0 0 0 0 0 0 1 0 0 1 1 0 1 0 1 1 0 1 0 0 1
0.039124708827801 1 0 0 0 0 1 0 0 1 0 1 1 1 1 1 0 1 1 0 1 0 0 1
0.056178600164254 0 0 0 1 0 0 0 0 0 0 1 1 1 0 0 1 1 0 1 1 0 1 0
0.076572632426924 0 1 0 1 0 0 0 0 0 0 1 1 1 0 0 1 0 1 0 0 0 1 0
0.048655011425859 0 0 0 0 0 1 0 0 0 0 0 1 0 0 1 1 1 0 0 0 1 0 1
0.052815563447943 0 0 0 0 0 1 0 0 0 0 0 0 1 0 1 1 0 0 0 0 1 1 0
0.091202087072843 0 0 1 0 0 0 1 0 0 0 0 1 1 0 1 0 1 0 1 1 0 0 1
0.016022394208204 1 0 0 0 0 0 0 0 0 0 1 0 1 1 1 0 0 1 0 1 1 0 1
0.044259604863987 0 1 0 0 0 0 0 0 1 0 1 1 0 1 0 1 1 0 0 1 0 1 0
0.024069952203740 1 0 0 0 0 0 0 0 0 0 1 1 0 1 0 0 1 1 0 1 0 0 1
0.010248205600245 1 0 0 0 0 0 0 0 0 0 0 1 1 1 1 0 0 1 0 1 0 1 1
0.036407484007658 1 0 0 0 0 1 0 0 0 1 0 1 1 1 1 0 0 1 0 1 0 0 1
0.063558717514522 1 0 0 0 1 0 0 0 1 1 1 0 1 1 1 1 1 0 1 0 1 0 1
0.021716437498018 1 0 0 0 0 0 0 0 0 1 1 1 1 1 0 0 1 1 1 1 0 0 1
0.033407255818692 1 0 0 0 0 1 0 0 0 1 0 1 1 1 1 1 0 0 1 0 1 1 0
0.047535488562081 1 0 0 0 0 1 0 0 1 0 0 1 1 1 1 1 0 0 1 1 0 0 1
0.078366556739547 1 0 0 0 0 1 0 0 1 1 1 1 1 1 1 1 0 1 1 1 1 0 0
0.089061275657638 0 1 0 0 0 1 0 0 1 0 1 1 0 1 1 0 1 0 0 0 1 0 0
0.036519260807193 0 0 0 0 1 0 0 0 0 0 0 0 0 1 0 1 1 0 0 0 0 1 1
0.048974866926548 1 0 0 0 0 1 0 0 0 0 0 1 1 1 1 0 0 1 0 1 0 1 1
0.067248596173472 1 0 0 1 0 0 0 0 1 1 1 0 1 0 1 1 1 0 0 0 1 0 1
0.026107844406414 1 0 0 0 0 0 0 0 0 1 0 1 1 0 1 0 0 1 1 1 0 0 1
0.018915618014059 1 0 0 0 0 0 0 1 0 0 0 1 1 1 1 1 0 1 1 0 0 1 1
0.057758194586080 1 0 0 0 0 0 1 0 1 0 0 1 1 1 1 0 0 1 1 1 0 0 1
0.024097431909789 1 0 0 0 0 0 0 1 0 0 0 1 0 1 1 1 1 0 0 0 0 1 1
0.053933304460373 1 0 0 0 1 0 0 1 0 0 1 1 1 1 1 1 0 1 0 0 1 0 1
0.047713699664429 1 0 0 0 0 0 1 0 0 1 1 1 1 0 1 1 1 0 1 1 0 1 0
0.185812800642835 1 1 0 1 0 1 0 1 1 1 1 0 1 1 1 1 0 0 0 1 0 0 1
0.029419863883151 1 0 0 0 0 0 0 1 0 0 0 1 1 1 1 0 0 1 1 1 0 0 1
0.091466664894945 1 1 0 0 0 0 0 1 0 0 1 1 1 1 1 0 1 0 0 0 1 1 0
0.055049117770198 0 0 0 1 0 0 0 0 0 0 1 1 1 0 1 1 0 1 0 0 1 1 0
0.066547618535718 0 0 0 0 1 0 0 0 0 1 0 0 0 0 1 1 1 0 0 0 0 1 1
0.013531618847941 1 0 0 0 0 0 0 0 0 0 1 1 0 1 1 1 1 0 0 0 1 1 1
0.034280166564896 0 1 0 0 0 0 0 0 0 1 1 1 0 1 1 0 1 1 0 1 0 1 0
0.029575124270944 1 0 0 0 0 0 1 0 0 0 0 1 1 1 1 0 0 1 0 0 0 1 1
0.032417189164285 0 0 0 1 0 0 0 0 0 0 1 0 1 1 1 0 1 1 0 1 0 1 1
0.033890588505654 0 0 1 0 0 0 0 1 0 0 0 0 1 1 1 1 1 0 0 0 0 1 1
0.061120912667705 0 1 0 0 1 0 0 0 0 1 0 1 1 1 1 1 0 0 0 1 0 1 0
0.062287907846172 0 0 0 1 0 0 0 0 1 0 0 0 0 1 1 1 0 0 0 0 1 1 0
0.031668669748053 1 0 0 0 0 1 0 0 0 1 1 1 1 1 1 0 1 0 1 0 1 1 0
0.229733951480176 1 1 0 1 1 0 1 0 1 1 1 1 1 1 1 1 0 0 0 0 1 0 1
0.021287574184681 1 0 0 0 0 0 0 1 0 1 0 1 1 1 1 1 0 1 1 0 1 0 1
0.042081010738942 1 0 0 0 0 0 0 1 0 1 1 1 0 1 1 1 0 1 1 1 0 0 1
0.063550664467929 1 0 0 1 0 0 0 1 1 1 1 1 1 1 1 1 1 0 1 0 1 0 1
0.025050001193185 1 0 0 0 0 0 0 1 0 1 0 1 1 1 1 0 1 1 0 0 1 1 0
0.022372118740262 1 0 0 0 0 0 0 1 0 0 0 1 1 1 1 0 0 1 0 0 1 1 0
0.069524725555806 0 0 0 0 1 0 0 1 0 0 0 0 1 1 1 0 1 1 0 0 0 1 1
0.030762502066455 1 0 0 0 0 0 0 0 0 1 0 1 1 0 1 0 1 1 1 0 1 0 1
0.072911636290974 1 0 1 0 0 0 0 1 1 1 1 1 0 1 1 0 1 0 1 0 1 0 0
0.022174483337658 0 1 0 0 0 0 0 0 0 0 1 0 1 1 1 0 1 1 0 0 0 1 1
0.015290132797532 1 0 0 0 0 0 0 0 1 0 1 0 1 1 1 1 1 0 0 1 0 1 1
0.125581972391205 1 1 0 0 0 0 1 0 1 0 1 0 1 1 1 1 1 0 0 0 0 1 1
0.028431056168286 0 0 1 0 0 0 0 0 1 0 0 1 1 1 1 1 1 0 1 1 0 1 1
0.013114364863083 1 0 0 0 0 0 0 0 0 1 0 1 1 1 0 1 0 1 1 0 0 1 1
0.024929214317247 1 0 0 0 0 0 1 0 0 1 0 1 1 1 1 1 0 1 1 0 0 1 1
0.013937385397963 1 0 0 0 0 0 0 0 0 1 0 1 0 1 1 1 0 1 0 1 0 1 1
0.041527240929616 1 0 0 0 0 1 0 0 0 1 0 1 1 1 0 1 1 0 1 0 0 1 1
0.036323940202584 1 0 0 0 0 0 1 0 0 1 0 1 1 1 1 0 0 1 0 0 1 1 0
0.017456507397794 1 0 0 0 0 0 0 0 1 1 0 0 1 1 1 1 1 0 1 0 0 1 1
0.015690111156935 1 0 0 0 0 0 0 0 0 1 0 1 1 0 1 0 1 1 0 0 0 1 1
0.028712017007671 1 0 0 0 0 0 0 0 1 1 0 1 0 1 1 0 1 1 0 1 0 0 1
0.031598111838248 1 0 0 0 0 0 0 1 0 1 0 1 1 0 1 1 1 0 1 0 0 1 1
0.228164947060664 1 1 1 0 1 1 0 0 1 1 1 1 0 1 0 1 0 0 0 0 0 1 0
0.039945907032494 1 0 0 0 1 0 0 0 0 1 1 1 1 0 1 1 0 1 0 0 1 1 0
0.014234146985522 1 0 0 0 0 0 0 0 1 0 0 0 1 1 1 1 1 0 0 0 1 1 1
0.112560634088740 0 0 0 1 1 0 0 0 0 0 1 1 0 1 0 1 1 0 0 1 0 1 0
0.035499334892762 0 0 0 1 0 0 0 0 0 0 0 1 1 1 1 0 0 1 1 1 0 0 1
0.040633665496716 0 0 0 1 0 0 0 0 0 0 0 0 1 1 1 0 0 0 1 1 0 1 0
0.043532095260273 0 0 0 1 0 0 0 0 0 0 0 1 1 0 1 1 0 0 1 1 0 1 0
0.073678210857154 0 0 1 0 1 0 0 0 0 0 1 1 1 1 0 0 1 0 0 1 0 1 0
0.091931501635762 0 1 0 1 0 0 0 0 1 0 0 1 1 1 0 0 0 1 0 0 1 0 0
0.046404120367795 0 0 0 1 0 0 0 0 0 0 1 0 0 1 0 1 1 0 1 0 0 1 1
0.049332356967410 1 0 0 0 0 1 0 1 0 0 1 1 1 1 1 1 1 0 0 0 1 1 0
0.086360725563472 1 0 1 0 0 0 0 1 1 1 0 1 1 1 1 0 1 1 0 0 1 1 0
0.151314623151337 0 0 1 1 0 1 0 0 1 0 1 1 1 1 1 1 0 0 1 0 0 1 0
0.015547877581583 1 0 0 0 0 0 0 0 0 1 0 0 1 1 1 1 0 1 0 1 0 1 1
0.036040155191838 0 1 0 0 0 1 0 0 0 0 1 1 1 1 1 0 1 1 0 0 0 1 1
0.026206100945985 0 1 0 0 0 0 0 0 1 0 0 1 1 1 1 0 1 0 1 1 0 0 1
0.018097187741915 0 1 0 0 0 0 0 0 0 0 1 1 0 1 0 1 1 1 0 0 0 1 1
0.021524551044149 0 1 0 0 0 0 0 0 0 0 1 0 1 1 1 0 0 0 1 1 0 0 1
0.068980666416796 1 1 0 0 0 0 0 0 1 0 1 1 1 1 0 0 1 0 1 0 1 0 1
0.083608752974532 0 0 0 1 0 0 0 0 0 0 0 1 0 0 0 1 0 0 0 0 1 1 0
0.042366533320593 0 0 0 1 0 0 0 0 0 0 1 0 0 1 1 1 0 0 1 0 1 1 0
0.043983827005381 0 0 0 0 0 1 0 0 0 0 0 1 0 1 0 1 1 1 0 0 0 1 1
0.023859276008961 0 1 0 0 0 0 0 0 0 0 1 1 1 1 1 0 0 1 1 1 0 0 1
0.076001605619645 0 0 0 1 0 0 0 1 0 0 0 1 1 1 1 0 1 0 1 1 1 0 0
0.072243634995578 0 0 0 0 0 1 0 0 1 0 0 1 0 1 1 1 1 0 1 1 0 0 1
0.091595284249868 0 0 0 0 1 0 0 1 0 0 0 1 0 1 1 0 1 0 0 1 0 1 0
0.011583377512192 1 0 0 0 0 0 0 0 0 1 0 1 1 1 0 1 1 1 0 1 0 1 1
0.029673517689570 1 0 0 0 0 0 1 0 0 1 0 1 1 1 0 1 1 1 0 0 0 1 1
0.050649158544699 0 0 0 0 1 0 0 0 0 0 0 1 1 0 0 0 1 1 0 1 0 0 1
0.023661759008313 1 0 0 0 0 0 0 0 0 1 0 1 1 0 1 1 0 1 0 0 1 1 1
0.021373851864508 1 0 0 0 0 0 0 0 0 1 1 1 0 1 0 1 1 1 0 0 0 1 1
0.011790192865029 1 0 0 0 0 0 0 0 0 0 1 0 1 1 1 1 0 0 1 0 1 1 1
0.019561623984448 0 0 1 0 0 0 0 0 0 0 0 1 1 1 1 0 0 1 1 0 0 1 1
0.045412680963831 0 0 1 0 0 0 0 0 0 0 1 0 1 1 0 1 0 0 0 1 1 0 0
0.019584307845765 0 0 1 0 0 0 0 0 0 0 1 0 1 1 1 1 1 0 1 1 0 1 1
0.067136886102277 1 0 1 0 0 0 0 0 1 1 1 0 1 1 1 1 1 0 0 1 0 1 1
0.069690241212325 1 0 1 0 0 0 0 0 1 0 1 1 1 1 1 0 0 1 1 1 0 0 1
0.019750198708503 0 0 1 0 0 0 0 0 0 0 0 0 1 1 1 1 0 0 1 0 0 1 1
0.072915602014711 0 0 1 0 1 0 0 0 0 1 0 1 1 1 1 0 0 1 0 0 1 0 1
0.067075961015813 0 0 1 1 0 0 0 0 0 1 1 1 1 1 1 0 0 1 1 0 0 1 0
0.022611277829225 0 0 1 0 0 0 0 0 0 0 0 1 0 1 0 1 1 0 0 0 0 1 1
0.105615402842916 0 1 1 0 0 0 0 1 1 0 1 1 1 1 0 1 1 0 0 0 1 0 0
0.059281647724155 0 0 0 1 0 0 1 0 0 0 0 1 1 1 1 1 0 0 1 0 1 1 0
0.037961791854479 0 1 0 0 0 0 0 0 1 0 1 0 1 1 1 0 0 1 1 1 0 0 1
0.093225203277214 0 0 0 0 0 1 0 0 1 0 0 0 0 1 0 1 1 0 0 0 1 1 0
0.025658082682421 0 1 0 0 0 0 0 1 0 0 0 1 1 1 1 0 1 1 0 0 0 1 1
0.087499230786664 0 1 1 0 0 0 0 1 0 0 1 1 1 1 1 0 1 1 0 0 0 1 1
0.018088446591428 0 1 0 0 0 0 0 0 0 0 0 1 1 0 1 0 1 1 0 0 0 1 1
0.022919361207710 0 1 0 0 0 0 0 0 1 0 0 1 1 1 1 0 1 1 0 1 0 1 1
0.021834140545738 0 1 0 0 0 0 0 0 1 0 0 0 1 1 1 1 0 1 0 0 0 1 1
0.100864409450416 0 0 1 0 1 0 0 0 1 0 1 0 1 1 1 1 1 0 0 1 0 1 1
0.113866863969341 1 0 0 1 1 0 0 1 1 1 1 1 1 1 1 1 0 0 0 1 1 0 0
0.031724740136907 1 0 0 0 0 0 0 1 1 0 0 0 1 1 1 1 1 0 0 0 0 1 1
0.019685095850574 1 0 0 0 0 0 0 0 1 0 0 1 1 1 0 1 0 0 1 1 0 0 1
0.013992265093102 1 0 0 0 0 0 0 0 1 0 0 1 1 1 1 1 0 0 1 1 1 0 1
0.020839377720724 1 0 0 0 0 0 0 0 1 0 0 1 1 1 0 1 0 1 1 0 1 0 1
0.035068735120045 1 0 0 0 0 1 0 0 0 0 1 1 0 1 1 1 1 0 0 0 0 1 1
0.019319006970617 1 0 0 0 0 0 0 0 1 0 0 1 1 0 1 1 0 0 1 0 1 0 1
0.019873204397203 1 0 0 0 0 0 0 0 1 0 0 1 1 1 1 0 0 1 1 1 0 0 1
0.040824038892166 0 1 0 0 0 0 0 0 1 0 0 0 1 1 1 0 0 0 0 1 0 1 0
0.032964226525176 0 0 1 0 0 0 0 0 0 1 0 1 0 1 1 0 1 1 0 0 1 0 1
0.059223508077869 0 1 0 0 1 0 0 0 0 0 0 1 1 1 1 1 0 1 0 0 0 1 1
0.015692518771104 1 0 0 0 0 0 0 0 0 0 1 0 1 1 0 1 0 0 0 1 1 0 1
0.022726660210489 1 0 0 0 0 0 0 0 1 0 1 0 1 1 1 1 0 0 1 1 1 0 1
0.036883968755356 1 0 0 0 0 0 0 1 0 1 1 1 0 1 1 1 1 0 1 0 1 1 0
0.071998797656482 0 1 0 1 0 0 0 0 0 0 1 1 1 1 0 0 0 1 1 0 0 1 0
0.030689746663203 0 1 0 0 0 0 1 0 0 0 0 1 1 1 1 0 1 1 0 0 0 1 1
0.058396163086609 1 0 0 0 1 0 0 0 1 0 1 1 1 0 1 1 0 0 1 1 0 0 1
0.119258847036676 1 0 0 1 1 0 0 0 0 1 1 1 1 0 0 1 0 0 1 0 0 1 0
0.042717113642857 0 1 0 0 0 0 0 0 0 0 1 1 1 0 0 1 0 0 0 1 1 0 0
0.075830027824772 1 0 1 0 0 0 0 1 1 0 1 1 1 1 1 1 0 0 1 1 0 1 0
0.070417336839911 0 0 0 0 0 0 1 1 0 0 0 0 0 1 1 1 1 1 0 0 0 1 1
0.024362720973367 1 0 0 0 0 0 0 0 1 1 0 0 1 1 1 1 0 1 0 0 1 1 0
0.052826853862679 0 0 1 0 0 0 0 0 1 0 1 1 1 1 0 1 1 0 1 1 0 0 1
0.086964042981254 0 0 1 1 0 0 0 0 0 0 1 1 1 1 0 1 0 0 1 1 0 1 0
0.082979365153099 0 0 1 1 0 0 0 0 0 1 1 1 0 1 1 0 1 1 0 0 0 0 1
0.051758070064206 0 0 0 1 0 0 0 0 1 0 0 0 1 1 1 0 1 0 1 1 0 0 1
0.051488832469646 0 0 0 0 1 0 0 0 0 0 1 0 1 0 0 1 1 1 0 1 0 0 1
0.070609787625177 0 1 0 0 0 1 0 0 1 0 1 1 1 1 0 1 1 1 0 0 0 1 0
0.040871797208992 0 0 0 1 0 0 0 0 1 0 0 0 1 1 1 1 1 1 0 1 0 1 1
0.054673416632007 0 0 0 1 0 0 0 0 1 0 0 1 1 1 1 0 1 1 0 1 0 1 0
0.014789479318557 0 1 0 0 0 0 0 0 0 0 0 1 1 1 0 0 1 1 0 0 0 1 1
0.027953727127698 0 1 0 0 0 0 0 0 1 0 0 1 1 1 0 1 1 1 1 0 0 1 1
0.032410996081270 0 1 0 0 0 0 0 0 1 0 0 1 1 1 0 1 0 0 1 1 0 0 1
0.036153619059699 0 0 0 0 1 0 0 0 0 0 0 1 1 1 0 1 1 1 0 1 0 1 1
0.018762413586101 0 1 0 0 0 0 0 0 0 1 0 1 1 1 0 1 1 1 0 1 0 1 1
0.094136855526269 0 1 0 0 1 0 0 0 0 1 0 1 0 1 0 1 1 0 0 1 0 0 1
0.028790387383967 0 1 0 0 0 0 0 0 0 1 0 1 1 1 0 0 1 0 1 1 0 0 1
0.034962976810996 0 1 0 0 0 0 0 0 0 1 0 1 1 1 0 1 1 0 1 1 0 1 0
0.025322478085709 0 1 0 0 0 0 0 0 0 1 0 0 1 1 1 0 1 1 0 1 0 1 1
0.031395871793797 0 1 0 0 0 0 0 0 0 1 0 1 0 1 1 0 1 0 0 1 1 0 1
0.048646374849760 0 1 0 0 0 0 0 1 0 1 0 1 1 1 1 0 1 1 1 0 1 0 1
0.025622250007126 1 0 0 0 0 0 0 0 1 1 0 1 1 1 0 1 1 1 1 0 0 1 1
0.069357024674431 1 1 0 0 0 0 0 0 0 1 1 1 0 1 0 0 1 0 0 1 0 0 1
0.051540400328320 1 0 1 0 0 0 0 0 0 1 1 1 1 0 1 0 0 1 0 1 0 0 1
0.043546523316758 0 1 0 0 0 1 0 0 0 0 1 1 1 0 1 1 1 0 0 0 1 0 1
0.069211102774019 1 0 1 0 0 0 0 0 1 0 1 1 1 0 0 1 1 0 0 1 0 0 1
0.046559105573871 1 0 0 0 1 0 0 0 0 1 1 1 1 1 0 1 1 1 1 0 0 1 1
0.017229917687136 1 0 0 0 0 0 0 0 1 0 0 0 1 1 1 1 0 0 0 1 1 0 1
0.074497556957676 0 0 1 0 0 0 1 0 0 0 0 1 1 1 0 1 1 1 1 0 0 1 1
0.049094486248173 0 1 0 0 0 0 0 1 0 0 1 1 0 1 1 0 1 0 0 1 1 0 0
0.031642203185940 0 1 0 0 0 0 0 0 1 0 0 1 1 1 0 0 1 1 0 1 0 0 1
0.099920555588737 0 0 0 0 1 0 0 1 0 0 1 1 1 1 1 0 1 1 1 1 0 0 1
0.063529899173705 0 0 0 0 1 0 0 0 1 0 0 1 1 0 1 1 1 1 0 1 0 0 1
0.049604665583490 0 0 0 0 1 0 0 0 0 0 0 1 0 0 0 1 1 1 0 0 0 1 1
0.018254181555235 1 0 0 0 0 0 0 0 1 1 0 0 1 1 1 1 1 0 0 1 0 1 1
0.071036910392635 1 1 0 0 0 0 0 0 1 1 0 1 1 1 0 0 1 1 0 0 0 1 1
0.046827389600163 0 1 0 0 0 0 1 0 0 0 1 0 1 1 1 0 0 1 0 1 0 0 1
0.033727417757908 0 1 0 0 0 0 0 0 0 1 0 1 0 1 0 1 1 0 1 0 1 0 1
0.131505639566861 1 1 0 1 0 0 0 0 1 1 1 1 1 1 0 0 1 1 0 0 1 0 1
0.045662146309045 1 0 0 0 0 1 0 0 0 0 1 1 1 0 1 0 1 0 0 0 1 0 1
0.011713203521507 1 0 0 0 0 0 0 0 0 1 0 1 0 1 1 1 1 0 0 0 1 1 1
0.051783993658523 0 0 0 0 0 1 0 0 0 0 0 1 1 0 0 1 1 1 0 0 1 0 1
0.017533590041407 0 1 0 0 0 0 0 0 0 0 0 1 1 1 0 1 0 1 1 0 0 1 1
0.016341311510561 1 0 0 0 0 0 0 0 0 1 0 1 1 1 1 0 0 1 0 1 1 0 1
0.021498582449018 1 0 0 0 0 0 0 0 0 1 0 1 1 1 0 1 0 1 1 1 0 0 1
0.093834896359988 0 0 0 0 1 1 0 0 0 0 1 1 1 0 1 1 1 0 0 1 0 1 0
0.036811712034443 0 0 0 1 0 0 0 0 0 0 1 0 1 0 1 1 1 0 1 0 1 0 1
0.094244609016315 0 0 0 1 0 0 0 0 1 1 0 0 1 1 1 1 1 0 1 1 1 0 0
0.079219697366882 0 1 1 0 0 0 0 0 0 1 1 0 1 1 1 0 1 0 0 1 0 0 1
0.069413395962666 1 1 0 0 0 0 0 0 0 1 1 1 1 1 0 1 0 1 1 0 0 1 1
0.046374399906713 0 0 0 1 0 0 0 0 0 0 0 1 1 1 1 0 0 1 0 0 1 1 0
0.080700648086129 0 0 1 1 0 0 0 0 0 1 0 1 1 1 1 0 0 1 1 0 0 0 1
0.080123686216093 0 0 0 1 0 1 0 0 0 0 1 1 1 0 1 1 1 1 0 0 1 0 1
0.085554778536836 1 1 0 0 0 0 0 0 1 1 0 1 0 1 1 0 1 0 0 0 1 1 0
0.051615656953481 1 0 0 0 0 0 1 0 0 0 1 0 1 1 0 1 0 0 1 0 1 0 1
0.024612628175764 0 1 0 0 0 0 0 0 0 0 1 0 1 0 1 1 0 0 0 0 1 1 0
0.079752751893615 0 1 0 0 0 1 0 1 0 0 1 0 1 1 1 1 1 0 0 0 1 0 1
0.026948423817722 0 1 0 0 0 0 0 1 0 0 0 1 1 1 0 1 1 1 0 0 0 1 1
0.052265936628759 0 1 0 0 0 1 0 0 0 1 0 1 1 1 0 1 1 1 0 0 0 1 1
0.074016673756627 1 0 0 1 0 0 1 0 0 1 1 1 1 1 0 1 1 0 0 1 0 1 0
0.027568439431250 0 1 0 0 0 0 0 0 0 0 0 1 1 0 0 1 1 1 0 0 0 1 1
0.065373641191472 0 1 0 0 0 0 1 0 0 0 0 1 1 1 0 0 1 0 1 1 0 0 1
0.033890702864700 0 0 1 0 0 0 0 0 0 0 1 0 1 0 0 1 1 0 0 1 0 0 1
0.021489104961263 1 0 0 0 0 0 0 1 0 1 0 1 1 1 1 1 1 0 0 1 1 1 0
0.025642806271052 1 0 0 0 0 0 0 1 0 1 0 1 1 1 1 1 0 0 1 1 0 1 0
0.019231022628660 1 0 0 0 0 0 0 1 0 0 0 1 1 1 1 1 0 0 1 1 0 1 1
0.081081929063002 0 0 0 1 1 0 0 0 0 0 1 1 1 0 1 1 1 1 0 0 0 1 1
0.078299936374393 1 0 0 0 1 0 1 0 1 0 1 1 1 1 1 1 0 0 1 0 1 0 1
0.038245290625970 1 0 0 0 0 0 1 0 0 1 0 1 1 1 0 1 0 1 0 1 0 1 0
0.030434184383799 1 0 0 0 0 1 0 0 0 1 0 1 1 1 1 1 1 0 0 1 0 1 1
0.072555037790909 0 1 0 0 1 0 0 0 0 1 0 1 1 1 1 0 0 1 0 1 1 0 0
0.066935328545824 0 0 0 1 0 0 0 1 0 0 1 0 0 1 1 1 1 0 1 0 0 0 1
0.013578293994051 1 0 0 0 0 0 0 0 0 1 0 1 0 1 1 1 0 0 0 1 1 0 1
0.020624840344908 1 0 0 0 0 0 0 0 0 1 0 1 0 0 1 1 1 0 0 0 1 0 1
0.081770806200817 1 1 0 0 0 0 1 0 0 1 1 1 1 1 1 0 0 1 0 1 0 0 1
0.051023289623226 0 0 0 0 1 0 0 0 0 0 1 0 0 0 0 1 1 0 1 0 0 0 1
0.268753648826554 1 1 1 1 1 0 0 1 1 1 1 1 0 1 0 1 0 0 0 0 1 1 0
0.017306891054074 1 0 0 0 0 0 0 0 0 1 0 1 1 0 1 1 0 0 1 0 1 1 0
0.043088531404434 0 0 0 1 0 0 0 0 0 0 0 1 1 1 0 0 1 1 0 1 0 1 1
0.087757521487312 0 0 1 0 1 0 0 0 1 1 0 1 1 1 1 1 0 1 0 0 1 1 0
0.015972293258452 1 0 0 0 0 0 0 0 0 1 0 1 1 1 0 1 1 0 1 1 0 1 1
0.019261751705107 0 1 0 0 0 0 0 0 0 0 1 1 0 1 1 1 0 0 0 1 1 0 1
0.060950771598882 1 1 0 0 0 0 0 0 1 1 1 1 0 1 1 1 0 0 0 1 1 0 1
0.038695996720527 0 0 0 1 0 0 0 0 0 0 0 1 1 0 0 1 0 1 1 0 0 0 1
0.037326600547276 0 0 0 1 0 0 0 0 0 0 0 1 1 0 1 1 0 1 1 0 1 0 1
0.031365575763488 0 0 0 1 0 0 0 0 0 0 0 1 1 1 0 1 1 0 1 0 1 0 1
0.055468708553377 1 0 1 0 0 0 0 0 0 1 1 1 1 0 1 1 0 0 1 0 1 1 0
0.044855187771283 0 1 0 0 0 0 0 0 1 1 0 0 1 1 1 0 1 1 1 0 0 0 1
0.012674571574129 1 0 0 0 0 0 0 0 0 0 1 1 0 1 1 1 0 0 0 1 1 0 1
0.024457735442755 0 0 1 0 0 0 0 0 0 1 0 1 0 1 1 1 1 0 1 0 0 1 1
0.068870652548508 1 0 1 0 0 0 0 0 0 0 1 1 1 0 1 0 0 1 0 0 0 1 1
0.053418333327355 0 0 1 0 0 0 0 1 0 0 0 1 1 1 1 0 0 1 0 1 1 0 0
0.055734504496953 0 0 1 0 0 0 0 0 1 0 0 1 0 1 1 0 1 0 1 0 0 1 1
0.068958929778435 0 0 1 0 1 0 0 0 0 1 1 1 0 1 1 1 1 0 0 0 0 1 1
0.039147304305004 1 0 0 0 0 1 0 0 0 0 1 0 1 1 1 1 0 0 0 1 1 0 1
0.036235012323838 0 1 0 0 0 1 0 0 0 0 1 1 1 1 1 1 0 0 0 1 1 0 1
0.092554691377443 0 0 1 0 1 0 0 0 0 1 1 1 1 0 1 0 0 1 1 0 0 1 0
0.052422526540265 0 0 0 1 0 0 0 0 0 0 1 1 0 0 0 1 1 0 1 0 0 0 1
0.049659060885249 1 0 1 0 0 0 0 0 0 1 1 1 1 1 0 0 0 0 1 1 1 0 0
0.015392225754592 1 0 0 0 0 0 0 0 0 0 1 1 1 0 1 1 0 0 1 1 1 0 1
0.014791249401916 0 1 0 0 0 0 0 0 0 0 0 0 1 1 1 0 0 1 0 0 0 1 1
0.056384043981081 0 1 0 0 0 0 1 0 0 1 0 1 1 0 1 1 1 0 0 1 0 1 0
0.031123440389781 1 0 0 0 1 0 0 0 0 1 1 1 1 1 1 1 0 0 0 1 1 1 0
0.020138488229631 1 0 0 0 0 0 0 0 0 1 1 0 1 1 1 1 1 0 0 1 0 1 1
0.025517099805696 1 0 0 0 0 0 0 0 0 0 1 0 1 0 1 1 0 1 0 0 1 0 1
0.020136488462137 1 0 0 0 0 0 0 0 1 0 0 0 1 1 1 0 1 1 0 0 0 1 1
0.041106244471442 1 0 0 0 0 0 1 0 0 1 1 1 1 1 0 1 1 0 1 0 1 1 0
0.044206972542311 1 0 0 0 0 0 1 0 0 1 1 0 1 0 1 1 1 1 0 0 0 1 1
0.076161252726994 1 0 0 0 0 1 1 0 0 0 1 1 1 1 1 1 0 0 1 1 0 1 0
0.032683230280417 1 0 0 0 0 0 1 0 1 0 0 1 1 1 1 1 1 0 1 0 0 1 1
0.033537756327812 1 0 0 0 0 0 1 0 1 0 0 1 1 1 1 1 0 1 0 0 1 0 1
0.042462704559191 0 1 0 0 0 0 0 1 0 0 1 1 1 1 0 0 1 1 1 0 0 0 1
0.082699928222187 0 0 0 0 1 1 0 0 0 0 0 1 1 1 0 1 1 1 0 0 0 1 1
0.036328013602483 0 1 0 0 0 0 0 0 1 0 1 1 1 1 1 1 0 0 1 1 1 0 0
0.064345113467502 0 0 0 1 0 0 1 0 0 0 0 0 1 1 1 1 0 0 0 0 1 1 0
0.126793136963136 1 0 1 0 1 0 0 0 1 1 1 1 0 1 1 1 0 0 1 0 1 0 1
0.069919220100638 1 0 0 0 1 0 0 1 0 1 0 1 1 1 1 1 0 0 1 0 1 1 0
0.028929226441927 0 0 1 0 0 0 0 0 0 0 0 0 1 1 1 0 0 0 1 1 0 0 1
0.076836092125458 0 0 0 1 0 0 1 0 0 0 0 1 1 1 0 1 1 0 0 1 1 0 0
0.020047983060398 1 0 0 0 0 0 0 0 0 1 0 0 1 1 1 0 0 1 0 0 1 1 0
0.039740641487783 0 0 0 0 0 1 0 0 0 0 0 0 0 1 1 1 0 1 0 0 1 0 1
0.042159371155707 0 0 0 0 1 0 0 0 0 0 0 1 0 1 0 1 1 0 1 0 1 0 1
0.094393253283757 0 0 0 1 0 1 0 0 0 0 0 1 1 1 1 0 1 0 1 1 0 1 0
0.035124349802651 0 1 0 0 0 1 0 0 0 0 1 1 1 1 1 1 0 0 1 0 1 1 0
0.021622208304201 0 0 1 0 0 0 0 0 0 0 1 0 0 1 1 1 0 1 0 0 0 1 1
0.065746380118164 0 0 0 0 1 0 0 0 0 1 0 1 1 0 1 1 1 1 0 1 0 1 1
0.033027678578205 0 0 0 0 1 0 0 0 0 0 0 0 1 1 1 1 1 0 1 1 0 1 1
0.089729480816229 0 0 0 0 1 0 0 0 1 0 0 1 1 1 0 0 1 1 0 1 1 0 0
0.052659823061822 0 0 0 0 1 0 0 0 0 0 0 0 1 1 0 1 1 0 1 1 0 0 1
0.054197413610014 1 0 0 0 1 0 0 0 1 1 1 1 1 0 1 1 1 1 0 0 1 0 1
0.090896848264639 0 0 0 1 1 0 0 0 0 0 1 0 1 1 1 0 1 0 0 1 0 1 0
0.032560166354082 1 0 0 0 0 0 0 0 1 1 1 0 0 1 1 1 0 1 0 1 0 0 1
0.032312948377195 1 0 0 0 0 0 0 1 0 0 1 0 0 1 1 1 0 0 0 1 0 0 1
0.052531321414409 1 0 0 1 0 0 0 0 0 1 1 0 1 1 1 0 1 0 0 0 1 1 0
0.018042066275718 0 0 0 1 0 0 0 0 0 0 0 0 1 1 1 1 1 0 0 0 1 1 1
0.079379312153450 0 0 0 0 1 0 1 0 0 0 0 1 0 1 1 1 1 0 1 0 0 1 1
0.141311298002164 1 1 0 1 0 0 1 0 0 1 1 1 1 1 0 0 0 0 0 1 1 0 0
0.028082743041715 1 0 0 0 0 0 0 1 1 0 0 1 1 1 1 1 1 0 1 0 1 0 1
0.036474932602389 0 0 1 0 0 0 0 0 0 1 0 1 0 1 1 1 0 1 0 0 0 1 1
0.040727243414970 0 0 0 1 0 0 0 0 0 0 0 0 1 1 0 1 1 0 0 1 1 0 1
0.070302195590850 0 0 0 1 0 0 0 0 1 0 1 1 0 1 1 1 1 0 1 1 0 1 0
0.046021315106909 1 0 0 0 1 0 0 0 0 1 0 1 1 1 0 1 0 1 0 0 1 0 1
0.058138210013087 1 0 0 0 0 1 0 0 1 0 0 1 0 1 1 1 0 0 0 1 0 0 1
0.033995702347377 0 1 0 0 0 0 0 0 1 0 1 1 0 1 1 1 0 1 0 0 1 1 0
0.027473365719174 0 0 1 0 0 0 0 0 0 1 0 0 1 1 1 1 1 0 1 1 0 1 1
0.067457062973363 0 0 0 0 1 0 0 0 0 1 0 0 0 1 0 1 1 1 1 0 0 0 1
0.063997798271037 0 0 0 1 0 0 0 1 0 0 0 0 1 1 1 0 1 0 0 0 1 1 0
0.022609952291309 1 0 0 0 0 0 1 0 0 0 0 1 1 1 1 1 0 0 0 1 0 1 1
0.043465049219140 1 0 0 0 0 0 1 1 0 0 0 1 1 1 1 1 1 0 0 0 0 1 1
0.037838412297265 0 0 0 0 1 0 0 0 0 0 0 0 1 1 0 0 1 1 0 0 1 0 1
0.029255290511937 0 0 1 0 0 0 0 0 0 1 0 0 1 1 1 0 1 0 1 0 1 0 1
0.033491008260313 0 0 1 0 0 0 0 0 0 0 1 0 1 1 1 0 0 0 1 0 1 1 0
0.076421740712095 0 0 1 0 0 0 0 1 0 0 0 0 1 1 1 0 0 0 1 0 1 1 0
0.044660955612828 1 0 1 0 0 0 0 0 0 1 1 1 1 1 1 0 0 0 1 0 1 1 0
0.037584752128843 0 0 1 0 0 0 0 0 0 0 1 1 1 1 1 0 0 1 1 0 1 0 1
0.087183983437849 0 0 1 1 0 0 0 0 0 0 1 0 1 1 1 0 0 0 1 0 0 1 0
0.029573752912060 0 1 0 0 0 0 0 0 1 0 0 0 1 1 1 0 1 0 0 0 1 1 0
0.050489978381823 0 1 0 0 0 0 0 1 0 0 1 0 0 1 1 1 0 1 0 0 0 0 1
0.029967931153546 1 0 0 0 0 0 1 0 0 1 0 1 1 1 1 1 0 0 0 1 1 1 0
0.017180155732875 0 1 0 0 0 0 0 0 0 0 0 1 0 1 1 1 1 0 0 0 1 1 1
0.069033570980805 1 0 0 0 0 1 1 0 0 0 1 1 1 1 1 1 1 0 0 0 1 1 0
0.017035079073462 1 0 0 0 0 0 0 0 0 0 1 1 1 0 1 0 1 0 1 0 1 1 0
0.020872454527921 1 0 0 0 0 0 0 0 1 0 1 0 1 1 1 0 1 0 1 1 0 0 1
0.038915233780445 1 0 0 0 0 1 0 0 0 1 0 1 1 1 1 1 0 1 0 1 1 0 1
0.023391843328691 1 0 0 0 0 0 0 0 1 0 0 1 0 1 0 1 1 0 0 0 1 0 1
0.180681013939630 1 1 0 0 1 1 1 0 1 1 1 1 1 1 1 1 0 0 0 1 0 0 1
0.043520313312376 0 0 1 0 0 0 0 0 0 1 0 1 0 1 0 1 1 0 1 0 1 0 1
0.016414431313241 0 1 0 0 0 0 0 0 0 0 0 1 1 1 0 1 0 0 1 0 1 0 1
0.078489277900412 0 1 1 0 0 0 0 0 0 1 1 1 1 0 1 0 1 1 0 1 0 0 1
0.038082878582929 0 1 0 0 0 0 0 0 0 1 1 1 0 1 0 1 1 1 1 0 0 0 1
0.089565202698743 0 1 1 0 0 0 0 0 1 1 0 1 0 1 1 1 1 0 0 0 0 1 1
0.051148165478029 0 0 0 1 0 0 0 0 0 1 0 0 1 1 0 0 1 1 0 1 0 0 1
0.026375330635763 0 1 0 0 0 0 0 0 1 0 0 0 1 1 1 0 1 0 1 0 0 1 1
0.011113853906489 1 0 0 0 0 0 0 0 0 0 1 1 0 1 1 1 0 1 0 1 0 1 1
0.030494034139075 0 1 0 0 0 0 1 0 0 0 0 1 1 1 1 1 0 0 0 1 1 0 1
0.031148401303348 0 0 0 0 1 0 0 0 0 0 0 0 0 1 1 1 0 0 1 0 0 1 1
0.051785174065181 0 1 0 0 1 0 0 0 0 0 1 1 1 1 1 1 0 0 1 1 0 0 1
0.062406766273744 0 0 0 0 1 0 0 0 1 0 0 0 1 1 1 1 0 0 1 1 0 1 0
0.064103832778232 0 0 0 0 1 0 0 0 0 0 1 0 0 1 0 0 0 1 1 0 1 0 0
0.086376115534509 0 0 0 1 1 0 0 0 0 0 0 1 1 1 0 1 0 0 1 0 0 1 0
0.045580129764442 0 0 0 0 1 0 0 0 0 0 0 0 1 1 0 1 0 0 1 0 1 1 0
0.038694373700639 0 0 0 0 1 0 0 0 0 0 0 0 1 1 0 1 0 1 1 0 0 1 1
0.029750941287349 0 0 0 1 0 0 0 0 0 0 0 1 1 1 0 1 0 1 1 0 0 1 1
0.110597358038058 0 0 0 1 0 0 1 1 0 0 0 1 1 1 1 1 0 0 0 1 1 0 0
0.055777097135917 0 0 0 0 1 0 0 0 1 0 0 0 1 1 1 1 0 1 1 0 1 0 1
0.053438228244251 0 0 0 0 0 1 0 0 0 0 0 1 0 1 1 0 1 1 0 0 0 1 1
0.103421946649073 0 1 0 0 1 0 1 0 0 0 0 1 1 1 1 1 0 0 0 1 0 0 1
0.047793353327732 0 1 0 0 1 0 0 0 0 1 1 1 1 1 1 0 1 1 0 1 0 0 1
0.035415894780897 1 0 0 0 0 0 0 0 0 1 0 1 1 0 1 0 1 1 0 1 0 1 0
0.055117408280152 0 0 0 1 0 0 0 1 0 0 0 1 1 1 0 1 1 1 0 0 1 0 1
0.017353705286663 0 1 0 0 0 0 0 0 0 0 1 0 1 1 1 1 0 0 1 0 1 1 1
0.069765143745197 0 1 0 0 1 0 0 0 0 1 0 1 1 1 0 0 1 1 0 0 0 1 0
0.022090269621186 0 1 0 0 0 0 0 0 0 0 1 0 1 1 1 1 0 1 1 0 0 1 1
0.018792904781543 0 1 0 0 0 0 0 0 0 1 0 0 1 1 1 1 1 0 1 0 1 1 1
0.021154733715890 0 1 0 0 0 0 0 0 0 0 0 0 1 1 1 0 1 0 0 0 1 1 1
0.027490159131783 0 0 0 1 0 0 0 0 0 0 1 0 1 1 1 1 1 0 1 0 1 1 1
0.013071304869205 1 0 0 0 0 0 0 0 1 0 0 1 1 1 1 1 0 1 0 1 0 1 1
0.045240370539032 0 0 1 0 0 0 0 1 0 0 0 1 0 1 1 1 0 1 0 0 1 0 1
0.072126271599976 0 0 0 0 1 0 0 0 0 0 0 0 1 0 0 0 0 1 0 0 0 1 0
0.019255662446353 1 0 0 0 0 0 1 0 0 0 1 1 1 1 1 1 0 1 0 1 1 0 1
0.029873444973796 1 0 0 0 0 0 1 0 0 0 1 1 1 0 1 1 0 1 0 1 0 0 1
0.059744433503562 1 0 0 0 0 0 1 0 1 0 1 0 1 1 1 1 1 0 1 1 0 0 1
0.055171020622209 1 0 0 0 1 0 0 0 1 1 0 1 1 1 1 1 0 1 1 0 0 1 1
0.064307166377471 1 0 0 0 1 0 0 0 0 1 0 1 1 1 0 1 0 0 1 1 0 1 0
0.029953870281982 0 1 0 0 0 0 1 0 0 0 1 1 1 1 1 1 1 0 0 1 1 1 0
0.073551838732807 0 0 0 0 1 0 1 0 0 0 0 1 1 1 1 1 1 0 0 1 1 1 0
0.041519373837035 0 1 0 0 0 0 1 0 0 0 0 1 1 1 0 1 1 0 0 0 1 1 0
0.036067473788822 1 0 0 0 0 1 0 0 0 1 0 1 1 1 1 0 0 1 0 0 1 1 0
0.086476226970178 0 1 0 0 1 0 0 0 0 0 1 1 1 0 1 0 1 0 0 1 0 0 0
0.059620263555404 0 1 0 0 1 0 0 0 0 1 0 1 1 1 1 0 0 1 1 0 0 0 1
0.031178034286643 0 0 0 0 1 0 0 0 0 0 0 0 1 1 1 0 1 0 1 0 0 1 1
0.071712067303447 0 0 1 0 1 0 0 0 0 1 0 1 1 1 1 0 1 0 1 0 0 1 1
0.023813463655526 0 0 1 0 0 0 0 0 0 0 1 0 1 1 1 0 1 0 1 0 0 1 1
0.062133844705651 0 0 0 0 1 0 0 0 0 0 1 1 0 1 1 0 1 0 1 1 0 1 0
0.046746978282885 0 0 0 1 0 0 0 0 0 0 1 0 1 1 0 0 1 0 1 1 0 0 1
0.065363546975037 0 1 0 0 0 0 1 0 1 0 0 1 1 1 1 1 1 0 0 1 1 1 0
0.039494724091498 1 0 0 0 1 0 0 0 0 1 1 1 1 1 1 0 0 1 1 0 1 1 0
0.037121276943201 0 0 0 0 1 0 0 0 0 0 0 1 1 1 1 0 1 1 1 0 0 1 1
0.105165975010976 0 1 1 0 0 0 1 0 0 0 1 1 1 1 1 1 0 0 0 1 1 0 1
0.017050401689909 1 0 0 0 0 0 0 1 0 0 0 1 1 1 1 1 0 0 0 1 1 0 1
0.165527649200483 1 0 0 1 1 1 0 0 1 1 1 1 1 1 1 1 0 0 0 1 0 1 0
0.016302360158044 0 1 0 0 0 0 0 0 0 1 0 1 1 1 1 0 1 1 1 0 0 1 1
0.050032526371027 0 0 0 0 1 0 0 0 0 1 0 0 1 1 1 0 1 1 1 0 0 1 1
0.050772072857611 0 0 1 0 0 0 0 1 0 0 0 1 1 0 1 1 0 1 0 0 1 0 1
0.017867371913529 1 0 0 0 0 0 0 1 0 0 1 1 1 1 1 0 1 1 1 0 0 1 1
0.029702934269166 1 0 0 0 0 1 0 0 0 0 1 1 1 1 1 0 0 0 1 1 0 1 0
0.023614513617306 1 0 0 0 0 1 0 0 0 0 1 1 1 1 1 1 0 0 0 1 1 1 0
0.084173556148574 1 0 0 1 0 0 1 0 0 0 1 1 1 0 1 1 0 0 0 1 0 0 1
0.015995715060333 1 0 0 0 0 0 0 0 1 0 0 1 1 1 0 1 1 0 0 1 1 0 1
0.033303454910259 1 0 0 0 0 0 1 0 0 0 1 1 1 1 0 1 1 0 0 1 1 1 0
0.014069795910166 1 0 0 0 0 0 0 0 0 1 0 1 0 1 1 1 0 0 1 0 0 1 1
0.013612024454426 1 0 0 0 0 0 0 0 0 1 0 1 1 1 1 0 1 1 1 0 0 1 1
0.017266127507391 1 0 0 0 0 0 0 0 0 1 1 0 1 1 1 0 0 1 1 1 0 0 1
0.027325212571687 1 0 0 0 0 1 0 0 0 0 1 1 1 1 1 0 1 0 1 0 0 1 1
0.022291875542667 1 0 0 0 0 0 0 0 0 1 0 1 0 1 0 1 1 0 0 0 1 1 0
0.034460098186775 1 0 0 0 1 0 0 0 0 0 1 1 1 1 1 0 1 0 1 0 0 1 1
0.035249796094867 1 0 0 0 1 0 0 0 0 0 1 1 1 1 1 0 0 0 1 0 1 0 1
0.028255994460356 1 0 0 0 0 0 0 0 1 1 0 0 1 1 0 1 1 1 0 0 1 0 1
0.079484094332891 0 0 0 0 1 1 0 0 0 0 1 0 1 1 1 1 1 0 1 0 0 1 1
0.045307008084538 0 1 0 0 0 0 0 0 1 0 0 1 0 1 0 0 1 1 0 0 0 1 0
0.060195671989284 1 0 0 0 1 0 0 0 1 1 0 1 0 1 1 1 1 0 0 0 0 1 1
0.059204479603779 1 0 1 0 0 0 0 0 1 1 1 1 1 0 0 0 1 1 0 0 1 0 0
0.012112167486793 1 0 0 0 0 0 0 0 0 0 1 0 1 1 1 0 0 1 1 0 0 1 1
0.063578203311369 1 0 1 0 0 0 0 0 0 1 1 1 0 1 1 0 1 0 1 0 0 1 1
0.029576687735085 0 1 0 0 0 0 0 0 0 0 1 1 0 1 1 0 1 0 0 0 1 1 0
0.028104081171718 1 0 0 0 0 0 0 0 0 0 1 1 0 1 0 0 1 0 0 1 1 0 0
0.010999553275580 1 0 0 0 0 0 0 0 0 0 1 1 1 1 0 0 1 1 1 0 0 1 1
0.086943560707092 0 1 0 0 0 1 1 0 0 0 1 1 1 1 1 1 0 1 0 0 1 1 0
0.035685366389342 1 0 0 0 0 0 1 0 0 0 0 1 1 0 1 1 0 0 0 0 1 1 0
0.048877215956380 1 0 0 0 1 0 0 0 0 1 0 1 1 1 1 0 0 1 1 0 0 1 1
0.030845724438473 0 0 1 0 0 0 0 0 0 1 0 0 1 1 1 0 1 1 1 0 0 1 1
0.105668234708968 0 0 1 0 1 0 0 0 0 0 1 0 1 1 1 0 0 0 1 1 0 1 0
0.049952043693650 0 0 1 0 0 0 0 1 0 0 1 0 0 1 1 1 1 0 0 0 1 0 1
0.031181193276350 1 0 0 0 0 0 1 0 0 0 1 0 1 1 1 0 1 0 1 0 0 1 1
0.027757576260413 0 0 0 0 1 0 0 0 0 0 0 0 1 1 1 1 1 0 0 0 1 1 1
0.015934044453573 1 0 0 0 0 0 0 0 0 0 1 1 0 1 1 0 0 0 1 1 0 0 1
0.022096263171505 1 0 0 0 0 0 0 0 0 0 1 0 1 1 0 0 0 0 1 1 0 0 1
0.024770377442797 0 0 1 0 0 0 0 0 0 0 1 0 1 1 1 1 0 0 1 1 1 0 1
0.034670242516636 0 0 1 0 0 0 0 0 1 0 0 0 1 1 1 1 0 1 0 1 0 1 1
0.082242520694464 0 0 0 0 0 1 0 0 1 0 0 0 0 1 1 1 0 1 0 0 0 1 1
0.082413267782530 1 1 0 0 0 0 0 0 1 1 1 1 0 0 1 1 1 1 0 0 0 1 1
0.061696141461128 1 0 1 0 0 0 0 0 0 1 1 1 1 0 0 0 1 0 0 1 0 1 0
0.023503660959827 0 1 0 0 0 0 0 0 0 0 0 1 0 1 1 0 0 0 0 1 0 0 1
0.077849704777469 0 0 1 0 0 1 0 0 0 0 1 1 0 1 1 1 1 1 0 0 1 0 1
0.019678028777372 1 0 0 0 0 0 0 0 1 0 0 1 1 1 1 0 1 0 1 1 0 1 1
