0.423483639955521 0 1 1 0 1 0 0 0 0 1 1 0 0 0 1 1 0 0 1 1 1 0 1 1 0
0.724361896514893 0 1 0 0 1 1 1 1 1 0 0 0 0 1 0 0 0 1 1 1 1 1 1 0 1
0.602355957031250 1 0 0 1 1 0 1 1 0 0 0 0 0 0 0 1 0 0 0 0 0 0 1 0 1
0.287155240774155 0 0 1 0 0 1 0 1 1 1 1 1 1 1 1 0 1 1 0 1 0 1 1 1 1
0.387589216232300 1 0 1 0 1 1 1 0 1 0 1 0 1 1 1 0 0 1 1 1 1 0 1 0 1
0.287380874156952 1 0 1 0 1 0 0 0 0 1 0 0 0 0 0 1 1 0 0 0 0 0 1 0 0
0.300555378198624 1 1 0 1 0 0 1 1 1 0 0 1 0 0 1 0 1 0 0 0 0 1 1 0 0
0.501524925231934 0 0 1 0 1 1 1 0 0 1 0 0 1 1 0 0 0 1 1 0 1 1 0 1 0
0.461341053247452 1 1 0 0 1 1 1 1 1 1 0 0 0 1 1 0 1 0 1 0 1 1 1 0 0
0.300356954336166 1 0 0 0 1 0 1 0 0 1 1 0 0 0 1 0 1 0 1 0 0 0 1 1 1
0.578016161918640 1 1 1 1 1 0 0 1 1 0 1 0 0 0 0 1 0 1 0 1 0 1 1 1 1
0.130625382065773 1 1 0 0 1 0 0 0 1 0 1 1 1 0 0 1 0 0 0 0 1 1 0 0 0
0.382588505744934 1 1 0 0 1 1 1 0 0 1 0 0 0 1 1 1 0 0 0 0 0 1 1 1 1
0.508637547492981 1 1 1 1 0 0 0 0 0 1 1 0 0 1 0 0 0 0 1 1 0 1 1 0 1
0.562670528888702 0 0 0 1 1 1 1 1 0 0 0 0 1 0 1 0 0 1 0 1 0 1 0 1 0
0.176391720771790 1 0 0 0 1 0 0 1 1 0 1 1 0 1 0 0 1 1 0 1 1 0 0 0 0
0.511080920696259 1 0 1 1 1 0 1 1 0 0 0 1 1 0 0 1 1 0 0 1 1 1 1 0 1
0.241591215133667 1 0 1 1 0 1 1 0 1 1 1 1 0 1 0 1 1 0 0 1 0 0 1 0 0
0.360680401325226 0 1 1 1 0 1 0 1 1 0 1 1 1 0 0 1 0 0 1 0 1 1 1 0 1
0.369926691055298 0 1 1 0 1 1 0 0 1 0 0 0 1 1 0 1 1 0 0 0 1 0 1 0 0
0.325381517410278 1 1 0 1 0 1 1 1 1 1 0 1 1 1 0 0 0 0 0 0 1 1 0 1 1
0.455796927213669 1 1 1 0 1 0 0 1 0 0 0 1 1 1 1 1 1 0 1 1 0 0 1 0 1
0.482769966125488 0 1 0 1 1 0 0 1 0 0 1 0 1 1 0 1 1 1 1 1 1 0 0 0 0
0.362800180912018 0 1 1 1 1 0 0 0 1 0 1 1 1 0 1 0 0 1 1 0 1 0 0 0 0
0.125572279095650 0 1 0 1 0 0 1 0 0 1 1 1 1 0 1 0 1 0 0 1 1 0 0 1 0
0.182424216148003 1 1 0 0 0 1 1 0 1 0 1 1 1 1 1 1 1 0 0 0 1 0 0 1 0
0.351569760337283 1 1 0 0 1 1 1 0 1 0 1 1 1 1 1 1 1 0 0 1 1 0 0 0 0
0.079710317255116 1 0 1 0 0 0 1 0 1 1 1 1 1 0 1 1 1 0 0 0 1 1 0 0 0
0.088586370731674 1 0 1 0 0 0 1 0 0 1 1 1 1 0 0 1 1 0 0 0 1 1 0 0 0
0.390886853103976 0 1 1 1 0 1 1 1 1 0 1 1 1 1 1 1 1 1 1 0 1 1 0 1 0
0.391088733577987 0 0 0 0 0 0 0 0 1 1 1 1 1 0 1 0 1 0 0 0 1 1 0 1 0
0.095156390453795 1 0 0 0 0 1 0 0 1 1 1 1 1 0 1 0 1 1 0 0 0 0 1 1 0
0.194560729841760 0 0 1 1 0 0 0 1 1 0 1 1 0 0 1 1 0 1 0 1 0 0 1 0 0
0.205118202211882 1 0 1 0 1 0 0 1 1 1 1 1 0 0 1 0 0 0 0 0 0 1 1 0 0
0.215339579393209 0 0 0 1 0 0 0 0 1 1 1 1 1 1 0 1 1 0 0 1 1 1 0 0 1
0.319609111922845 1 0 1 0 1 0 0 0 1 0 0 1 0 1 1 0 1 0 1 0 1 1 0 0 0
0.228724899599128 1 0 1 1 0 1 0 0 1 1 1 1 1 0 1 0 1 1 0 1 0 0 1 0 0
0.058515992028063 1 1 0 0 0 0 0 0 1 1 1 1 1 0 1 1 0 1 0 1 1 0 0 1 0
0.171950121216945 1 1 0 1 0 0 0 0 1 1 1 1 1 0 1 0 1 1 0 0 0 0 1 0 0
0.221523574378563 0 0 1 1 0 1 0 0 1 1 1 1 1 0 1 0 0 1 0 0 1 0 1 0 1
0.194586627068880 1 0 1 0 0 1 0 0 1 1 1 0 0 1 0 1 0 0 0 0 0 0 0 0 0
0.094006889487677 1 1 0 0 0 0 0 0 1 0 1 1 1 0 1 0 1 1 0 0 1 0 0 0 1
0.248384995610928 1 0 0 0 0 0 0 0 1 1 1 1 0 0 0 0 1 1 0 1 0 1 1 1 0
0.239331249915578 0 0 0 0 0 0 1 0 1 1 1 1 0 0 1 0 1 1 0 1 1 0 0 0 0
0.162467563125223 1 1 0 0 1 1 0 1 1 1 1 1 1 0 1 1 0 1 0 0 0 0 0 1 1
0.134461029220886 1 1 0 0 0 0 0 0 1 1 1 1 0 0 1 1 0 1 0 0 1 1 0 1 1
0.167928208863519 1 0 0 1 0 0 1 0 1 0 1 1 1 0 1 0 1 1 0 0 1 1 1 0 0
0.341121066419420 0 1 1 1 0 1 1 0 0 1 0 1 1 1 0 1 0 0 1 1 0 0 1 1 1
0.277578412983235 1 0 1 1 0 0 0 1 1 1 1 1 0 0 1 1 0 0 0 1 1 0 1 1 1
0.425275017730080 0 1 1 1 0 1 0 0 0 1 0 1 0 0 1 1 0 0 1 1 0 0 1 1 1
0.111809403421266 1 0 1 0 0 0 0 0 1 1 1 1 1 0 1 1 1 1 0 0 0 0 1 0 0
0.332969973199804 1 0 0 0 1 1 0 0 1 1 1 1 0 0 1 0 0 0 0 0 1 0 1 1 0
0.120583427992314 1 1 0 0 0 0 1 0 1 1 1 0 1 0 1 1 1 1 0 0 1 0 0 1 1
0.133530702037690 1 1 1 0 0 0 1 1 1 1 1 1 1 0 1 0 0 1 0 1 0 0 0 1 0
0.159395162147547 1 1 1 0 0 0 1 1 1 1 1 1 0 0 1 0 0 0 0 0 1 0 0 0 0
0.115232033825478 0 0 1 0 0 1 0 0 1 1 1 1 1 1 1 1 0 1 0 0 1 0 0 0 0
0.216461147215435 0 0 0 0 0 1 0 0 1 1 1 0 1 0 1 1 0 1 0 1 1 0 0 1 0
0.169739867822932 0 0 1 1 0 0 1 0 1 1 1 1 1 1 1 1 0 0 0 1 0 0 0 0 0
0.107233499169925 1 1 0 0 0 0 0 0 1 1 0 1 1 1 1 1 0 1 0 0 1 0 0 1 1
0.068501695104843 1 0 1 0 0 0 0 0 1 1 1 1 0 1 1 1 0 1 0 0 1 1 0 0 0
0.097352390595044 1 0 0 1 0 0 1 0 0 1 1 1 0 1 1 1 0 1 0 0 1 0 0 1 1
0.132304720318224 1 1 0 0 0 0 0 1 1 1 1 1 1 0 1 1 1 1 0 0 1 0 0 0 0
0.096836849025872 0 1 1 0 0 0 1 0 1 1 1 1 1 1 1 1 0 1 0 0 0 0 1 1 0
0.119527510203397 1 1 0 0 0 0 0 0 0 0 1 1 0 1 1 1 0 1 0 0 1 0 0 1 1
0.090152390987421 1 0 0 0 0 0 0 0 0 0 1 1 1 1 1 1 0 1 0 0 1 1 0 0 0
0.204712631991300 1 1 1 0 0 0 1 0 1 1 1 1 0 1 1 0 1 1 0 0 1 0 0 1 0
0.168509190397075 1 0 0 1 0 0 1 0 1 1 1 1 1 0 1 0 1 1 0 0 0 0 1 1 1
0.091028216987345 1 0 1 0 0 0 0 0 0 1 1 1 1 1 1 0 0 1 0 0 0 0 1 1 0
0.260655377777588 0 0 1 0 0 0 0 0 0 1 1 1 1 0 0 1 0 1 0 0 0 0 0 0 0
0.136963161434859 1 1 0 0 0 1 1 1 0 1 1 1 1 1 1 1 0 1 0 0 0 0 1 1 0
0.193927606966983 0 1 1 1 0 0 1 0 1 1 1 1 1 0 1 1 0 1 0 0 1 0 1 0 0
0.301389233665656 1 0 0 0 0 0 0 1 1 1 1 1 0 1 1 0 0 1 0 0 1 1 0 1 1
0.209555046624140 1 1 0 0 1 0 0 0 0 1 1 1 1 1 1 0 0 1 0 0 1 0 0 0 0
0.128330048360404 0 1 0 1 0 0 1 0 1 0 1 1 1 1 1 0 1 1 0 0 0 0 0 1 0
0.088960668919691 1 0 0 0 0 0 0 0 1 1 1 1 1 0 1 1 0 1 1 0 1 1 0 1 0
0.236948124130895 1 1 1 0 0 0 0 0 0 1 1 1 1 0 0 1 1 1 0 0 0 1 0 1 0
0.132875921818921 1 0 1 0 0 0 0 0 1 1 1 0 1 0 0 1 0 1 1 0 1 0 0 0 0
0.270780817527358 1 0 0 0 0 0 0 1 1 0 1 1 1 1 0 0 0 1 0 0 0 0 0 0 0
0.076316236768899 1 0 0 0 0 0 1 0 1 1 1 1 1 0 1 1 0 1 1 1 0 0 0 1 0
0.240168902536563 1 0 1 0 0 0 0 0 0 1 0 0 1 0 1 1 0 1 0 1 1 0 1 0 0
0.198186902155090 1 1 1 0 0 0 0 0 1 1 1 1 1 0 1 1 0 1 1 0 0 1 1 0 0
0.153347800358933 1 0 1 0 1 1 0 0 1 1 1 1 1 1 0 1 0 1 0 0 1 0 0 1 0
0.281840297220518 1 1 1 1 0 0 1 0 1 1 1 1 1 1 0 1 0 1 0 1 1 0 0 1 0
0.087536422250061 1 0 1 0 0 0 0 0 1 1 0 1 1 0 1 1 0 1 0 1 0 0 0 1 0
0.128282230721968 1 0 1 0 1 0 0 0 1 1 1 1 1 0 0 0 0 1 0 0 1 0 1 0 0
0.097422065640458 1 0 0 0 0 0 0 0 1 1 1 1 0 0 0 1 0 1 0 0 1 0 0 0 0
0.136102923773404 0 0 0 1 0 0 1 0 0 0 1 1 0 1 0 1 1 0 0 0 0 0 0 1 0
0.096640622332427 1 0 1 0 0 0 0 0 1 0 1 1 1 0 1 1 1 1 0 1 0 0 1 1 1
0.154575712660531 1 0 1 0 0 0 0 0 0 1 0 1 0 1 1 1 0 1 1 1 1 0 0 1 1
0.266126074442201 1 0 1 0 0 0 0 0 0 1 1 1 1 1 1 0 0 1 0 0 0 0 0 0 0
0.315560376267096 0 0 0 0 0 0 1 0 0 1 1 1 1 1 1 1 0 1 0 0 0 0 0 1 0
0.088835944787041 0 0 1 0 0 1 0 0 1 0 1 1 1 1 1 1 0 1 0 0 1 0 1 0 1
0.162180575776823 1 0 0 1 0 0 1 0 1 0 1 1 1 0 1 0 1 1 0 1 1 0 0 1 0
0.119469404675738 1 0 1 0 0 1 0 0 1 0 1 1 1 0 0 1 0 1 0 0 1 0 0 0 1
0.232518902639981 1 1 1 0 0 0 1 1 1 0 1 1 1 0 1 0 1 1 0 0 1 0 1 1 1
0.131662379379901 1 0 1 0 0 1 0 0 1 1 1 0 1 1 0 1 0 1 1 0 0 0 1 1 0
0.259856918088115 1 0 0 0 0 0 0 1 1 1 1 1 0 0 1 1 1 1 1 1 1 1 0 0 0
0.291954777457640 1 1 1 0 0 1 1 0 1 0 1 0 1 0 1 1 0 1 0 0 0 0 1 1 1
0.081584688926194 0 0 1 1 0 0 0 0 1 1 1 1 1 1 1 1 1 0 0 0 1 0 1 1 0
0.064812768469247 1 0 1 0 0 0 0 0 1 1 1 1 1 1 0 1 0 1 0 0 1 1 1 0 0
0.116910817515193 1 0 1 0 1 0 0 1 1 1 1 1 1 0 0 1 0 1 0 0 1 0 0 0 0
0.209110717710188 0 0 1 0 0 0 1 0 1 1 1 1 1 1 1 1 0 0 0 1 1 0 1 1 0
0.174775490135207 1 0 1 0 0 0 0 0 1 1 1 0 0 0 1 0 1 1 0 0 1 1 0 0 1
0.171549132691097 0 0 0 1 0 0 0 0 1 0 1 1 1 1 0 1 0 1 0 0 1 0 1 1 0
0.101880289775848 0 0 1 0 0 1 0 0 1 1 1 1 1 1 1 0 1 1 0 0 0 0 1 0 0
0.079026075506035 0 0 1 1 0 0 0 0 1 1 1 1 1 1 1 1 1 1 0 0 0 0 1 1 0
0.146164352746827 1 0 1 0 0 1 0 0 1 1 1 1 0 0 1 1 0 1 1 0 0 0 1 1 0
0.074862311565785 1 0 1 0 0 0 0 0 1 1 1 1 0 1 1 1 1 1 0 1 0 0 1 1 0
0.104718683836355 1 0 0 0 0 1 0 0 1 1 1 1 1 0 1 0 1 1 0 1 0 0 0 1 1
0.151743225666404 0 0 1 1 0 0 0 0 1 1 1 1 1 1 1 1 1 0 0 0 1 0 0 0 0
0.086458280774549 0 1 0 1 0 0 0 0 1 1 1 1 0 0 1 1 1 0 0 1 0 0 0 1 0
0.151008192284272 1 0 1 0 0 0 0 0 1 0 1 1 0 0 0 1 1 0 0 1 1 0 0 0 0
0.153284472503342 0 0 0 1 0 0 0 0 1 1 1 1 1 0 1 1 1 0 0 0 1 0 0 1 0
0.052720161536324 1 0 0 1 0 0 0 0 1 1 1 1 0 1 1 1 0 0 0 0 1 1 0 0 0
0.094922951578101 1 0 0 0 1 0 0 0 1 1 1 1 0 0 1 1 0 1 0 1 0 0 0 0 0
0.058721243063299 1 0 0 0 0 1 0 0 1 1 1 1 0 1 1 1 0 1 0 0 0 1 1 0 0
0.090663797127546 0 0 1 1 0 0 0 0 1 1 1 1 1 1 1 1 0 0 0 0 0 1 1 0 0
0.162098595830059 1 0 0 1 0 1 0 0 1 1 0 1 1 1 1 1 0 1 0 0 0 1 0 0 0
0.116760391745711 1 1 0 0 0 0 0 0 1 1 0 1 0 0 1 0 0 1 0 1 0 0 0 0 0
0.111428219063315 1 0 1 0 0 1 0 1 1 1 1 1 1 1 1 1 0 1 0 1 0 0 0 1 0
0.127127702029890 1 0 1 0 1 0 0 0 1 1 1 1 1 0 1 1 0 1 0 0 1 1 0 0 0
0.044852283772789 1 0 0 0 0 1 0 0 1 1 1 1 1 1 1 1 0 1 0 1 0 0 1 0 0
0.198599323215500 1 1 0 1 0 0 0 0 1 1 0 1 1 0 1 1 0 0 0 0 1 0 0 0 0
0.129505968642376 1 0 0 1 0 0 0 0 0 1 1 1 1 1 1 1 1 0 1 0 0 1 1 1 1
0.058675390841614 1 0 0 0 0 1 0 0 1 1 0 1 1 1 1 1 0 1 0 0 0 0 1 1 0
0.151912407007912 1 1 0 0 0 0 0 0 1 0 1 1 1 1 1 1 0 1 0 0 0 0 1 1 1
0.146933797991522 1 0 0 0 0 1 0 1 1 1 1 1 1 1 1 0 0 1 0 1 0 0 1 1 0
0.079287912806789 1 0 0 0 0 1 0 0 0 1 1 1 1 1 0 1 1 1 0 0 0 0 1 0 0
0.192068635048247 1 0 1 1 0 0 0 0 1 1 0 1 1 1 1 1 0 1 0 0 1 1 1 1 0
0.122493027586413 1 0 1 0 0 1 0 0 1 1 0 1 1 1 1 1 0 1 0 0 0 1 1 0 0
0.056481281161380 1 0 0 0 0 1 0 0 0 1 1 1 1 1 1 1 0 1 0 1 1 0 1 1 0
0.054922551862851 1 1 0 0 0 0 0 0 1 1 1 1 1 0 0 1 0 0 1 0 1 1 0 0 0
0.148999401258154 0 1 1 0 0 0 0 1 1 1 1 1 1 0 0 1 0 1 0 1 1 0 0 1 0
0.128546967726538 1 1 0 0 0 1 0 0 1 1 1 1 1 0 0 1 0 1 1 0 1 0 0 0 0
0.092399560771166 1 1 0 0 0 0 0 0 0 1 1 1 0 0 0 1 0 0 0 0 1 1 0 0 0
0.185468898651141 0 1 0 1 0 0 0 0 1 1 1 1 0 1 1 0 0 0 0 0 0 0 1 1 0
0.196537552739380 0 0 0 1 0 1 1 0 1 1 1 1 1 1 1 1 1 1 0 1 0 0 1 1 0
0.135188450097783 1 0 1 0 1 0 0 0 1 1 1 1 1 1 0 1 0 1 0 0 0 0 0 1 0
0.072738831116628 1 0 0 0 0 0 0 0 0 1 1 1 1 1 0 1 0 0 1 0 1 1 1 0 0
0.089632361984235 1 0 1 0 0 0 0 1 0 1 1 1 1 1 0 1 1 0 0 1 1 0 1 1 0
0.092091740482787 1 0 0 0 0 0 1 0 0 1 1 1 1 0 1 1 0 0 1 0 1 1 0 1 0
0.066524834104605 1 0 0 1 0 0 0 0 0 0 1 1 1 1 0 1 1 0 0 0 0 1 0 1 0
0.107479735832819 0 0 1 1 0 0 0 1 0 1 1 1 1 1 0 1 1 0 0 0 0 0 1 1 0
0.141755632665631 1 0 1 0 1 0 1 0 1 1 1 1 1 0 1 0 1 1 0 0 0 0 0 1 0
0.092893950755165 0 1 0 0 0 1 0 0 1 1 1 1 1 0 0 1 1 1 0 0 0 0 1 0 0
0.066120740860277 1 0 1 0 0 0 0 0 0 1 1 1 1 1 0 1 0 0 0 0 1 1 0 1 0
0.119250551908791 1 0 0 0 0 0 0 0 1 1 1 1 1 0 0 1 0 0 1 0 0 1 0 0 0
0.107406414139641 1 0 0 0 0 1 1 0 1 1 0 1 1 0 1 1 1 0 0 1 0 0 0 1 0
0.137187514102865 1 0 1 0 1 0 1 0 1 1 1 1 1 0 1 1 0 0 0 1 1 0 0 1 0
0.139711696668879 1 0 1 0 0 1 0 0 0 1 1 1 1 0 0 1 1 1 0 0 1 0 1 1 0
0.130156931348649 1 1 0 0 0 0 1 0 1 1 1 0 1 0 1 0 0 0 0 0 1 0 0 1 0
0.158205701880027 0 1 0 0 0 1 1 0 1 1 1 1 1 0 1 0 1 0 0 1 0 0 0 0 1
0.111470312138557 0 1 0 0 0 1 1 0 1 1 1 1 1 1 1 1 0 1 0 0 0 0 1 0 0
0.053551655170096 1 0 0 0 0 1 0 0 0 1 1 1 1 1 0 1 1 0 0 1 0 0 1 1 0
0.069660354478201 1 0 0 1 0 0 0 0 0 1 1 1 1 1 0 1 0 0 0 0 1 1 0 1 0
0.055663746533372 0 1 0 0 0 0 1 0 1 0 1 1 1 1 1 1 1 0 0 1 0 0 1 1 0
0.102972650501786 1 0 0 0 0 0 1 0 1 1 1 1 1 1 1 1 0 0 1 0 0 0 1 1 0
0.097346121705355 0 1 0 0 0 0 0 0 1 1 1 1 1 1 0 1 1 1 0 0 0 0 1 0 0
0.091476926437386 1 0 0 0 0 1 1 0 1 0 1 1 1 1 1 1 0 0 0 0 1 1 1 0 0
0.086424315262175 0 1 0 0 0 0 0 0 1 1 0 1 1 0 1 1 1 1 0 0 0 0 0 1 0
0.179250145047070 1 1 0 0 0 0 0 1 0 1 0 1 1 0 0 1 1 1 1 0 0 0 0 1 0
0.044871757556023 1 0 0 0 0 0 0 0 0 1 1 1 1 1 0 1 1 1 0 0 1 0 1 1 0
0.143421716889298 0 0 1 1 0 0 0 0 1 0 1 0 0 1 0 1 1 1 0 0 0 0 0 1 0
0.081120418580373 1 0 0 1 0 0 0 0 0 1 1 1 1 1 1 1 1 1 0 0 0 1 1 0 0
0.109502721529018 1 1 0 0 1 0 0 1 1 1 1 1 1 0 0 0 0 1 0 0 1 0 0 0 0
0.054811092304522 0 1 0 0 0 1 0 0 0 1 1 1 1 1 1 1 1 1 0 0 0 0 1 1 0
0.112195891471515 0 0 1 1 0 0 0 0 1 0 1 1 0 1 1 0 1 1 0 0 0 0 1 0 0
0.071077703878034 0 1 0 1 0 0 0 0 1 1 1 1 1 1 1 1 1 1 0 0 0 0 1 1 0
0.143286628463006 1 0 1 0 0 0 1 0 1 1 1 0 1 0 1 1 0 1 1 0 0 1 0 1 0
0.114366150185834 0 1 0 0 0 0 0 0 1 1 1 1 1 0 1 0 1 1 0 1 0 0 1 1 0
0.082054758574471 0 0 1 0 0 1 0 0 1 1 1 1 1 1 1 1 1 0 0 0 0 1 1 0 0
0.068967211131085 0 1 0 1 0 0 0 0 0 0 1 1 1 1 0 1 1 0 0 0 0 0 1 1 0
0.088419771805456 0 1 0 0 0 0 1 0 1 0 0 1 1 0 0 1 1 0 0 1 0 0 0 1 0
0.119719791461067 0 1 0 0 0 1 0 1 1 1 1 1 1 1 0 1 1 1 0 0 0 0 1 1 0
0.111822291785043 0 1 1 0 0 1 0 0 1 1 1 1 1 1 0 1 1 0 0 0 0 0 1 1 0
0.091821998464461 1 0 0 0 0 1 0 0 0 1 1 1 1 0 1 1 0 1 0 0 0 1 1 0 1
0.038882984776950 1 0 0 0 0 1 0 0 0 1 1 1 1 1 1 1 0 1 1 0 1 1 0 1 0
0.049690603117947 0 1 0 0 0 0 1 0 0 1 0 1 1 1 1 1 1 1 0 0 0 0 1 1 0
0.104823614665748 1 0 0 0 0 1 0 0 1 1 1 1 1 0 1 1 1 1 1 0 1 0 1 0 0
0.239687727305542 0 0 1 1 0 0 1 0 0 1 1 1 0 1 0 1 1 1 0 0 1 1 1 0 0
0.074793671841815 1 1 0 0 0 0 1 0 1 1 1 1 1 0 1 1 0 1 0 0 1 1 0 0 0
0.113994163335388 1 0 0 1 0 0 0 0 1 1 1 1 0 1 1 1 1 0 0 0 0 0 0 1 0
0.026271266498439 1 0 0 0 0 1 0 0 0 1 1 1 1 1 1 1 1 1 0 0 1 1 0 1 0
0.117255153483239 0 1 0 0 0 0 0 1 0 1 1 1 1 1 1 1 1 0 0 0 0 0 1 1 0
0.190023323368844 0 0 1 0 1 1 0 0 1 1 1 1 1 0 0 1 1 1 0 0 0 0 0 0 0
0.043275163495997 1 0 0 0 0 1 0 0 0 1 1 1 1 1 1 1 1 1 0 0 0 1 1 1 0
0.060957002098319 1 0 0 1 0 0 0 0 1 1 1 1 1 1 0 1 1 0 0 0 1 1 1 0 0
0.073475478632067 1 0 0 0 0 1 0 0 1 1 1 1 1 1 0 1 0 1 0 0 1 0 0 1 0
0.228699755193901 1 0 1 1 0 0 0 0 1 1 1 1 1 1 1 1 0 1 0 0 0 1 0 0 0
0.150400679066626 1 0 0 1 0 1 1 0 0 1 1 1 0 1 1 1 1 0 0 0 0 1 0 1 0
0.077185337383751 0 1 0 1 0 0 0 0 1 0 1 1 1 0 1 1 0 0 0 0 1 0 0 1 0
0.168636351030674 0 0 1 0 0 1 0 0 1 1 1 1 0 1 1 1 0 0 0 0 0 0 1 0 0
0.109857881555908 1 0 0 0 0 1 0 0 0 1 1 1 0 1 1 1 1 1 0 1 1 1 0 0 0
0.069122787303457 1 0 0 0 0 1 0 0 1 1 1 1 1 1 0 1 1 1 0 0 1 1 0 0 1
0.056778177555477 1 0 0 0 0 0 0 0 0 0 1 1 1 1 1 1 1 1 0 1 0 0 1 1 0
0.043513878879115 0 1 0 0 0 0 0 0 0 0 1 1 1 1 1 1 1 1 0 0 1 0 1 1 0
0.039909936571009 1 0 0 0 1 0 0 0 0 1 1 1 1 1 0 1 1 1 0 0 1 1 0 1 0
0.076161199444488 1 0 0 0 1 0 0 0 1 1 1 1 1 1 0 1 1 1 0 0 1 1 1 0 0
0.071259397292992 1 0 0 0 1 0 0 1 0 1 1 1 1 1 1 1 1 1 0 0 1 0 0 1 0
0.044782728195657 1 0 0 0 1 0 0 0 0 1 1 1 1 1 0 1 1 1 0 0 0 0 1 1 0
0.078659132281048 1 0 0 0 1 0 0 0 1 1 1 1 0 1 0 1 0 1 0 0 1 0 1 0 0
0.067917458904119 1 0 0 1 0 0 0 0 1 1 1 1 0 1 0 1 1 1 0 0 0 1 1 0 0
0.068399531182896 0 1 0 0 0 0 0 0 1 1 0 1 1 1 1 1 1 0 0 0 1 0 1 1 0
0.073841635141808 0 1 0 0 0 1 0 0 1 0 1 1 1 0 1 1 1 1 0 0 1 0 0 1 0
0.144014299115456 0 0 1 1 0 0 0 0 1 0 1 0 1 1 1 1 1 0 0 0 0 0 1 0 0
0.085999012845188 1 0 1 0 0 0 1 0 0 1 1 1 0 1 1 1 0 1 0 0 0 0 1 1 0
0.152023219694872 0 1 0 1 0 0 0 0 1 0 1 1 0 1 1 1 1 1 0 1 1 0 0 1 0
0.095925949878913 1 0 0 0 1 0 0 0 0 1 1 1 1 0 0 1 1 1 0 0 1 0 0 0 0
0.114777221351322 0 1 0 1 0 0 0 1 1 0 1 1 1 0 1 1 1 0 0 0 0 0 0 1 0
0.111809044790212 0 0 1 1 0 0 0 0 1 0 1 1 0 0 1 1 1 0 0 0 0 0 0 1 0
0.033371289565691 0 1 0 0 0 0 0 0 0 1 1 0 1 1 0 1 1 1 0 1 1 0 0 1 0
0.101194739432559 0 1 0 0 0 0 1 0 1 1 1 0 1 0 1 1 1 1 0 0 1 0 0 1 0
0.094541608015050 0 1 0 0 0 0 0 0 0 1 1 1 1 1 0 1 0 0 0 1 1 0 0 1 0
0.085647497785681 0 1 0 0 0 0 0 0 0 0 0 0 1 1 1 1 1 1 0 1 0 0 1 1 0
0.014304204609657 1 0 0 0 0 0 0 0 0 1 1 0 1 1 1 1 1 1 0 1 1 1 0 1 0
0.095202109228699 1 0 0 0 1 0 0 0 0 1 1 0 1 1 1 1 1 1 0 0 1 0 0 1 0
0.170096023144532 1 0 0 0 0 1 0 0 0 1 1 0 1 1 0 1 1 1 1 1 1 1 0 1 0
0.112084295703799 1 0 1 0 0 0 0 0 0 1 1 0 1 1 1 1 1 1 0 0 1 1 0 1 0
0.119910199507174 1 1 0 0 0 0 0 0 0 1 1 1 1 1 1 1 1 0 0 1 1 1 1 1 0
0.052926046841948 1 0 0 0 0 0 0 0 1 1 1 0 0 1 1 1 1 0 0 1 1 1 0 0 0
0.050490823379806 1 0 0 0 0 0 0 0 1 1 1 0 1 1 1 1 1 1 0 1 0 0 0 1 0
0.044597368681840 1 0 0 0 0 0 1 0 0 1 1 1 1 1 1 1 1 1 0 1 1 1 0 1 0
0.037053066625728 1 0 0 0 0 0 0 0 1 1 1 0 1 1 1 1 1 0 0 0 1 1 1 0 0
0.152807859220085 1 0 0 1 0 0 0 0 0 1 1 0 1 1 1 1 1 1 0 1 0 0 0 1 0
0.123613173161891 1 1 0 0 0 0 0 0 1 1 1 0 0 1 1 1 0 1 0 0 1 1 0 0 0
0.088477758537165 1 0 0 0 0 0 0 0 1 1 1 0 1 0 0 1 1 0 0 1 1 1 0 0 0
0.122434856951895 1 0 0 0 0 0 0 0 1 1 1 0 1 1 1 1 0 1 0 0 1 1 1 1 0
0.022877200202403 1 0 0 0 0 0 0 0 0 1 1 1 0 1 1 1 1 0 0 0 1 1 1 0 0
0.030100987005595 1 0 0 0 0 0 0 0 0 1 1 0 1 1 1 1 1 0 0 0 1 1 0 1 0
0.142212581611916 1 1 0 0 1 0 0 0 1 1 1 1 1 0 1 1 0 1 1 0 1 0 0 1 0
0.064035588363185 0 1 0 0 1 0 0 0 0 1 1 1 1 1 1 1 1 1 0 1 1 0 0 1 0
0.099874723860781 1 0 0 0 0 0 1 0 0 1 1 0 0 1 1 1 1 1 0 0 1 1 0 0 0
0.086720313257572 1 0 0 1 0 0 0 0 0 1 1 1 0 1 1 1 1 0 0 0 1 1 0 0 0
0.063038824367501 1 0 1 0 0 0 0 0 1 1 1 0 1 1 1 0 1 0 0 1 0 0 1 1 0
0.141998395687913 1 1 0 0 0 0 0 0 0 1 1 0 1 1 1 0 1 1 0 1 1 0 0 1 0
0.066743333614357 1 0 0 0 0 0 0 0 1 1 1 0 0 1 1 1 1 1 0 1 1 0 1 0 0
0.041603711545915 1 0 0 0 0 0 0 0 0 1 1 1 1 1 1 1 1 0 0 1 1 1 1 0 0
0.038873716730446 1 0 0 0 0 0 0 0 0 1 1 0 1 1 1 1 1 0 0 1 0 1 1 1 0
0.107167114007980 0 1 0 0 0 0 1 0 0 1 1 1 1 1 1 1 1 1 0 1 1 0 1 1 1
0.192048342883417 1 0 1 0 0 1 1 0 1 1 1 1 1 0 1 0 0 0 1 1 0 0 1 1 0
0.148722624693078 0 1 1 0 0 0 0 0 1 0 1 0 1 1 1 1 1 0 0 1 0 0 0 1 0
0.096862369051461 1 0 1 0 0 0 0 0 1 1 1 1 0 1 1 1 1 0 0 0 1 1 1 0 1
0.055824335879420 1 0 0 1 0 0 0 0 0 1 1 1 1 1 1 1 0 1 1 0 0 0 1 1 0
0.077484778851415 0 0 1 1 0 0 0 0 1 0 1 1 1 1 0 1 1 0 1 0 0 0 1 1 0
0.111848021154731 1 0 0 0 0 1 0 0 0 1 1 1 1 1 1 1 0 1 0 0 0 1 0 1 1
0.070213915809404 1 0 0 1 0 0 0 0 0 0 1 1 1 1 1 1 0 1 1 0 1 1 0 1 0
0.076014265124862 1 0 0 0 1 0 0 0 0 1 1 1 1 0 1 1 1 1 0 1 0 0 0 1 0
0.060164280565801 1 0 0 0 0 1 0 0 0 1 0 1 1 1 1 1 1 1 1 0 0 0 1 1 0
0.042547678206964 1 0 0 0 0 0 0 0 1 1 1 0 1 1 1 1 0 1 1 1 1 0 0 1 0
0.022207955570667 1 0 0 0 0 0 0 0 0 1 1 0 1 1 1 1 1 0 0 1 1 0 1 1 0
0.018117951554722 1 0 0 0 0 0 0 0 0 1 0 0 1 1 1 1 1 0 0 1 1 1 0 1 0
0.092529445824967 1 0 0 1 0 0 0 0 1 1 1 1 0 1 1 1 0 0 1 0 1 1 1 0 0
0.090601684998936 0 1 0 1 0 0 0 0 1 1 1 0 1 0 1 1 1 0 0 1 0 0 0 1 0
0.082435203709004 0 1 0 1 0 0 0 0 1 1 1 1 1 0 1 1 1 0 1 0 0 0 0 1 0
0.057266458478833 1 0 0 0 0 0 0 0 0 1 1 0 0 1 1 1 1 1 0 1 1 0 0 1 0
0.061109035327861 1 0 0 0 0 1 0 0 1 1 1 1 1 0 1 1 1 1 0 0 0 0 1 0 1
0.018402064627219 1 0 0 0 0 0 0 0 0 0 1 0 1 1 1 1 1 0 0 1 1 1 0 1 0
0.024966134879264 0 1 0 0 0 0 0 0 0 1 1 0 1 1 1 1 1 0 0 1 1 1 0 1 0
0.058085265720803 1 0 0 0 0 1 0 0 1 1 1 0 1 1 1 1 1 1 0 1 0 0 1 1 0
0.049451168084656 0 1 0 0 0 1 0 0 0 1 0 1 1 1 1 1 1 1 0 0 1 1 0 1 0
0.058423634003322 0 1 0 0 0 0 0 0 0 1 1 1 1 0 1 1 1 0 0 0 1 1 0 0 0
0.081422643203555 0 1 0 0 0 0 0 0 0 1 1 0 1 1 1 1 1 0 0 0 1 0 0 1 0
0.089596457505944 0 1 0 1 0 0 0 0 0 1 1 1 1 1 1 1 1 0 0 0 0 1 0 1 0
0.061449340956564 1 0 1 0 0 0 0 0 1 1 1 1 1 1 1 1 0 1 1 0 1 0 1 1 0
0.120853655092586 1 0 1 0 0 0 0 0 1 1 1 0 0 1 1 1 0 1 0 1 1 0 0 1 0
0.021188105128925 0 1 0 0 0 0 0 0 0 1 1 1 1 1 1 1 1 1 1 0 1 1 0 1 0
0.086436484548929 1 1 0 0 0 0 0 0 0 1 1 1 1 1 1 1 0 1 1 0 1 1 0 1 0
0.078392060251503 0 1 0 0 0 0 0 0 1 1 1 1 1 0 1 1 0 1 1 0 1 1 0 0 0
0.032417440540126 0 1 0 0 0 0 0 0 0 1 1 1 1 1 1 1 1 1 0 1 1 1 0 1 0
0.075477632135670 0 1 0 0 0 0 0 0 1 1 1 0 1 1 1 1 1 1 1 1 1 0 0 1 0
0.057526946609058 0 1 1 0 0 0 0 0 1 1 1 1 1 1 1 1 1 0 0 0 1 1 1 0 0
0.077992694091809 0 1 0 0 0 0 0 0 0 1 1 1 1 1 1 1 1 0 1 0 0 1 1 1 0
0.063809912469750 1 0 0 0 0 0 0 0 0 1 1 0 1 1 1 1 1 0 0 1 1 1 0 1 1
0.051401217299255 1 0 0 0 0 0 0 0 1 1 1 0 1 1 0 1 1 1 1 1 0 0 1 1 0
0.044101051744480 1 0 0 0 1 0 0 0 0 1 1 1 1 1 1 1 1 1 0 1 1 0 1 1 0
0.104240217540987 1 0 0 0 0 1 0 0 1 1 1 1 1 0 1 1 0 1 1 0 1 0 0 1 1
0.014020772682297 1 0 0 0 0 0 0 0 0 1 1 1 1 1 1 1 1 1 1 0 1 1 0 1 0
0.061733104730748 0 1 0 1 0 0 0 0 1 1 1 1 1 0 1 1 1 0 0 0 0 1 1 0 0
0.066838176162163 0 1 0 0 0 0 0 0 1 1 1 0 1 1 1 1 1 1 0 1 1 1 0 1 0
0.100416811331851 0 1 0 1 0 0 0 0 1 0 0 1 1 0 1 1 1 0 0 1 0 0 1 1 0
0.047541666893498 0 1 0 0 0 0 0 0 0 0 0 1 1 1 1 1 1 1 0 0 1 1 0 1 0
0.081037281321162 0 1 0 0 0 0 0 0 1 1 1 1 1 1 1 1 1 0 0 0 1 1 1 0 0
0.070729377266379 0 1 1 0 0 0 0 0 1 1 1 1 1 0 1 1 1 0 0 0 1 1 0 0 1
0.246293850541327 1 0 1 1 0 0 0 0 0 0 1 1 1 1 1 1 1 0 0 0 0 0 1 1 0
0.148609548772220 0 0 1 1 0 0 0 0 1 1 1 1 1 1 0 0 1 0 0 1 0 0 1 1 0
0.056599118254967 0 1 1 0 0 0 0 0 1 1 1 1 1 1 1 1 0 0 1 0 1 1 0 0 0
0.129278424589867 0 1 1 0 0 1 0 0 1 1 1 1 1 0 1 1 0 1 0 0 1 1 0 0 0
0.070659862217635 0 1 1 0 0 0 0 0 0 1 1 1 1 1 1 1 1 0 1 0 1 1 0 1 0
0.130998626083400 1 0 0 0 0 0 0 0 1 1 1 1 1 1 0 1 1 0 0 1 1 0 1 1 0
0.078321746372334 0 1 1 0 0 0 0 0 1 0 1 1 1 0 1 1 1 0 0 0 0 1 1 0 0
0.176838331365069 1 0 1 0 1 0 0 1 0 1 1 1 1 1 1 1 1 1 0 1 0 0 1 1 0
0.074742244813242 1 0 1 0 0 0 0 1 1 1 1 0 1 1 1 1 1 0 0 1 0 0 1 1 0
0.084902335539560 0 1 0 1 0 0 0 0 0 1 1 1 1 0 0 1 1 1 0 0 0 0 0 1 0
0.104964153930401 0 0 1 0 0 0 0 0 1 1 1 1 1 1 1 1 1 1 1 0 1 1 1 0 0
0.059225341321014 1 0 0 0 0 0 0 0 1 1 1 0 1 1 1 1 1 0 0 1 0 0 1 0 0
0.045663536941373 0 1 0 0 0 0 0 0 0 1 0 1 1 1 1 1 1 1 1 1 1 0 0 1 0
0.112307426895009 1 0 0 1 0 0 0 0 1 1 1 1 1 1 1 1 1 1 1 0 0 0 1 0 0
0.045686224151317 0 1 0 0 0 0 0 0 0 1 1 0 1 1 1 1 1 1 1 1 1 1 0 1 0
0.105549451760591 0 1 0 0 0 0 0 0 1 1 1 1 1 1 1 1 1 0 1 1 1 1 0 1 0
0.104335603714429 1 1 0 0 0 0 0 0 1 1 1 0 1 0 1 1 0 0 0 1 1 0 1 0 1
0.180297560752469 0 1 0 0 0 1 1 0 1 1 1 1 1 0 1 1 0 1 0 1 0 0 1 1 0
0.139642440024058 0 0 0 0 0 1 0 0 0 1 1 1 1 1 1 1 1 1 0 0 1 1 1 0 0
0.029334039114416 1 0 0 0 0 1 0 0 0 1 1 1 1 1 1 1 1 0 0 0 1 1 1 0 0
0.095440942195503 0 1 0 1 0 0 0 0 1 0 1 1 1 0 0 1 1 0 0 0 0 1 0 0 0
0.146055755135869 0 1 0 0 0 1 1 0 0 1 1 1 1 1 0 1 1 1 1 0 1 0 0 1 0
0.066457273910202 1 0 0 0 0 1 0 0 1 0 1 1 1 0 0 1 1 1 0 0 0 0 0 1 0
0.029909460844930 1 0 0 0 0 0 0 0 0 0 1 1 0 1 1 1 1 1 0 0 1 1 0 1 0
0.060173115475312 0 1 0 0 0 0 0 0 1 0 1 1 1 0 1 1 1 0 0 1 0 0 1 0 0
0.079196920133096 1 0 0 0 1 0 0 0 0 0 1 1 1 1 0 1 1 1 0 1 1 0 0 1 0
0.096333180961972 0 0 1 0 0 1 0 0 1 0 1 1 1 1 0 1 1 1 0 0 0 0 1 0 0
0.122648750065235 1 1 0 0 0 0 0 0 1 0 1 0 1 0 0 1 1 0 0 1 0 0 0 1 0
0.079542011119107 0 1 0 0 0 0 0 0 0 1 0 0 1 0 1 1 1 1 0 1 1 1 0 1 0
0.091116099297884 1 0 1 0 0 0 1 0 0 1 1 1 1 0 1 0 1 0 0 1 0 0 1 1 0
0.066864356012332 1 1 0 0 0 0 0 0 1 1 1 1 1 0 1 1 0 1 1 0 1 0 0 0 1
0.092408757709027 0 1 0 1 0 0 1 0 1 1 1 1 1 1 1 1 0 0 0 1 0 0 1 0 0
0.089605879302542 1 0 1 0 0 0 1 0 1 1 0 1 1 1 0 1 1 0 0 0 0 0 1 1 0
0.096220573834147 0 1 1 0 0 0 1 0 1 1 1 1 1 0 1 0 1 0 0 0 1 0 1 0 0
0.101463205075869 0 1 0 0 1 0 1 0 1 1 1 1 1 1 1 1 1 1 0 0 0 0 1 1 0
0.080200292037115 1 0 0 1 0 0 0 0 0 1 1 1 0 1 1 1 1 1 0 0 1 1 1 1 0
0.099138352591375 1 0 0 1 0 0 1 0 1 1 1 1 1 1 1 1 0 1 1 1 0 0 0 1 0
0.088380654199888 0 0 1 0 0 1 0 0 1 1 1 1 1 1 1 1 1 1 0 0 1 1 0 0 1
0.031159814788848 1 0 0 0 1 0 0 0 0 1 1 1 1 1 1 1 1 0 0 0 1 1 1 0 0
0.102398272532578 1 0 0 0 1 0 1 0 0 1 0 1 1 1 1 1 1 1 0 0 1 0 1 1 0
0.118198977423944 0 1 0 0 0 0 1 0 1 1 1 1 0 0 1 1 1 0 0 1 0 0 0 0 0
0.056736070626507 1 0 0 0 1 0 0 0 0 1 1 1 0 1 0 1 1 0 0 0 1 1 0 0 0
0.038496254061225 0 1 0 0 0 0 0 0 0 0 1 1 1 0 1 1 1 1 0 1 1 0 0 1 0
0.118259959900987 0 1 1 0 0 0 0 0 1 0 0 1 1 1 1 1 1 0 0 0 0 0 1 1 0
0.032179451702835 1 0 0 0 0 0 1 0 0 1 1 0 1 1 1 1 1 0 0 1 0 0 1 1 0
0.152659298058192 0 1 0 1 0 0 1 0 1 1 1 1 1 0 0 1 1 0 0 0 0 0 1 1 0
0.105377854793920 0 0 0 1 0 0 0 0 1 0 1 1 1 1 1 1 1 0 0 0 0 1 1 0 0
0.096538494497655 0 1 1 0 0 0 0 0 1 1 1 0 1 1 0 1 1 0 0 1 0 1 1 0 0
0.029413373010374 0 1 0 0 0 0 0 0 0 0 1 0 1 1 0 1 1 0 0 1 1 1 0 1 0
0.098770010466558 0 1 0 0 0 0 1 0 1 1 1 0 1 1 1 1 1 1 0 1 0 0 1 0 0
0.111107337191396 0 1 1 0 0 0 1 0 0 1 1 1 1 1 1 0 1 1 0 1 0 1 1 0 0
0.058936707477933 0 0 0 1 0 0 0 0 0 1 1 1 1 1 1 1 1 1 1 0 0 0 1 1 0
0.080440798797841 0 1 0 1 0 0 0 0 1 1 1 1 1 0 1 0 1 1 0 1 0 0 1 0 0
0.135458164487153 1 0 0 0 0 0 1 0 1 1 0 0 1 1 1 1 1 1 1 1 0 0 0 1 0
0.037499968302938 1 0 0 0 0 1 0 0 0 0 0 1 1 1 1 1 0 1 0 0 1 1 0 1 0
0.022753130047498 1 0 0 0 0 0 0 0 0 1 1 1 1 0 1 1 0 1 1 0 1 0 0 1 0
0.042710080026884 1 0 0 0 0 0 0 0 1 1 1 0 1 0 1 1 0 1 1 1 0 0 0 1 0
0.040107362543390 1 0 0 0 1 0 0 0 0 1 1 1 1 1 1 1 0 1 1 0 1 0 1 1 0
0.189031937302726 1 1 0 0 0 0 1 0 0 1 0 1 0 0 1 1 0 1 0 1 0 0 0 1 0
0.160241154794692 1 0 1 0 0 0 1 0 1 1 1 0 1 0 0 1 1 1 0 1 0 0 0 1 0
0.099669269837520 1 0 0 0 0 0 1 0 1 1 1 1 1 0 1 0 1 0 0 1 0 0 1 0 0
0.045960079590603 0 1 0 0 0 0 0 0 0 0 1 1 1 0 0 1 1 1 1 0 1 0 0 1 0
0.013622327974970 1 0 0 0 0 0 0 0 0 1 1 1 1 1 1 1 1 1 1 1 0 0 1 1 0
0.086569914979832 0 1 1 0 0 0 1 0 1 1 1 1 1 1 0 1 1 0 0 0 1 1 0 0 0
0.034643866255281 1 0 0 0 0 0 0 0 0 1 1 1 1 1 1 1 0 1 0 1 1 0 0 1 0
0.038204910040088 1 0 0 0 0 0 0 0 0 1 1 0 1 1 1 1 1 1 1 0 0 0 1 1 0
0.018569893710028 0 1 0 0 0 0 0 0 0 1 0 1 1 1 0 1 1 1 1 0 1 0 1 1 0
0.068339795601329 0 1 0 1 0 0 0 0 0 1 1 1 1 1 1 1 1 1 1 0 1 0 1 1 0
0.080415806828337 1 0 0 0 0 1 0 0 1 1 1 1 1 0 1 1 0 0 0 0 1 1 0 0 0
0.073510824726214 0 1 0 0 1 0 0 0 0 1 0 1 1 1 0 1 1 1 0 1 0 0 1 1 0
0.113543590536404 1 1 0 0 0 0 0 0 1 1 0 1 1 0 0 1 0 0 0 0 1 1 0 0 1
0.060380606858692 0 1 0 0 0 1 0 0 0 1 0 1 1 1 0 1 1 1 0 0 1 0 1 1 0
0.029562430592153 0 1 0 0 0 0 0 0 0 1 1 1 1 1 0 1 1 1 1 1 0 0 1 1 0
0.078181125041684 0 1 1 0 0 0 0 0 0 1 1 1 1 1 0 1 1 0 1 0 1 1 1 0 0
0.100853119472458 0 1 1 0 0 0 1 0 1 1 1 1 1 1 1 1 1 0 1 0 0 1 1 0 0
0.078387257794926 0 1 0 0 0 0 0 0 1 1 1 0 1 0 1 0 1 0 0 1 1 0 0 0 0
0.027410688854350 0 1 0 0 0 0 0 0 0 1 0 1 1 1 0 1 1 1 1 0 1 1 0 1 0
0.022664707981438 1 0 0 0 0 0 0 0 0 1 1 1 0 1 1 1 0 1 1 0 1 0 1 1 0
0.066083331338162 0 1 1 0 0 0 0 0 1 1 1 1 1 0 1 0 1 0 0 1 0 1 0 0 0
0.056599735136086 1 0 0 0 0 0 0 0 0 1 1 1 1 1 0 1 0 1 1 0 0 0 1 1 0
0.057488876184703 0 1 0 0 1 0 0 0 0 1 1 1 1 1 0 1 1 1 0 0 1 1 0 1 0
0.020099985312202 1 0 0 0 0 0 0 0 0 1 1 1 1 1 1 1 1 1 1 0 1 0 1 1 0
0.097426464541345 1 0 0 0 1 1 0 0 0 1 1 1 1 1 0 1 1 1 0 0 0 1 1 0 0
0.093718288104076 1 0 1 0 0 1 0 1 1 1 1 1 1 1 0 1 0 0 0 0 1 0 1 0 0
0.034172745522379 1 0 0 0 0 0 0 0 1 0 1 0 1 0 1 1 0 1 0 1 1 0 0 1 0
0.108926500220222 0 1 1 0 0 0 0 0 1 0 1 1 1 0 1 0 0 1 0 1 1 0 0 0 0
0.018161088087742 1 0 0 0 0 0 0 0 0 0 1 1 1 0 1 1 1 1 0 0 1 1 0 1 0
0.027734125610825 1 0 0 0 0 0 0 0 0 1 0 1 1 1 1 1 1 1 0 0 1 1 0 1 0
0.040212763734757 1 0 0 0 0 1 0 0 0 0 1 1 1 0 1 1 0 1 0 0 1 0 0 1 0
0.070438790683748 0 1 0 1 0 0 0 0 1 1 1 1 1 0 1 1 0 0 0 1 0 1 0 0 0
0.037772698301648 0 1 0 0 0 0 0 0 0 1 0 0 1 1 0 1 1 0 0 1 1 0 1 1 0
0.114807207071087 1 0 1 0 0 1 1 0 1 1 1 1 1 1 0 0 1 0 0 0 0 1 1 0 0
0.076438163459583 1 0 1 0 0 0 0 1 1 0 1 1 1 0 1 1 0 0 0 0 1 0 0 1 0
0.082770718147034 1 0 0 0 0 1 0 0 1 1 1 1 1 1 1 1 0 1 0 0 1 0 1 0 1
0.074169085329792 0 1 0 1 0 0 0 0 0 1 0 1 1 1 1 1 1 0 0 1 0 0 1 1 0
0.051851270342213 1 0 0 0 0 1 0 0 1 0 1 1 1 0 1 1 1 1 0 0 0 1 1 0 0
0.050535366134930 1 0 0 0 0 1 0 0 1 0 1 1 1 0 1 1 0 1 0 1 0 0 0 1 0
0.079019449491733 1 0 0 1 0 1 0 0 1 1 1 1 1 1 0 1 1 0 0 0 0 1 1 0 0
0.082577785125781 0 1 1 0 0 0 0 1 1 1 1 1 1 1 0 0 1 0 0 1 0 0 1 0 0
0.026571306234841 1 0 0 0 0 0 0 0 0 1 1 0 1 1 1 1 0 1 1 1 1 0 1 1 0
0.099572962442366 0 1 1 0 0 0 0 1 0 1 0 1 1 1 0 1 1 0 0 0 1 0 1 1 0
0.058019462975506 1 0 0 1 0 0 0 0 0 1 1 1 1 0 1 1 1 1 0 0 1 1 0 1 0
0.078534020561615 0 1 1 0 0 0 0 0 1 1 1 1 1 0 1 0 1 1 0 1 0 0 1 0 1
0.039363096497449 1 0 0 1 0 0 0 0 1 1 1 1 1 1 1 1 1 0 0 1 0 1 1 0 0
0.076782954066660 0 1 0 1 0 0 0 0 0 0 1 1 1 0 1 1 1 0 0 1 0 1 0 1 0
0.089635022925414 1 0 1 0 0 0 0 0 1 1 1 1 1 0 1 1 0 1 0 0 1 0 0 1 1
0.046712723212072 1 0 0 0 1 0 0 0 1 1 1 1 1 1 1 0 1 1 0 1 0 0 1 0 0
0.119833876677600 1 0 0 1 1 0 0 0 1 1 1 1 1 1 1 1 1 0 0 0 0 1 1 0 0
0.106026360894619 0 1 0 0 1 0 0 0 1 1 1 1 1 0 1 0 1 1 0 1 0 0 0 0 0
0.148979168865093 1 0 1 0 0 1 0 1 0 1 0 1 1 1 0 1 0 0 0 0 1 1 0 1 0
0.027127721805088 0 1 0 0 0 0 0 0 1 1 0 1 1 1 1 1 1 1 0 1 0 0 1 1 0
0.058838724824457 0 0 1 0 0 0 0 0 1 0 1 0 1 0 1 1 1 0 0 0 1 1 0 0 0
0.092912826848516 0 0 1 0 0 1 0 0 1 0 1 1 1 0 1 1 1 0 0 0 1 1 0 0 0
0.021074113453667 0 1 0 0 0 0 0 0 0 1 0 1 1 1 1 1 1 0 1 1 0 0 1 1 0
0.076929883171436 0 1 0 0 0 0 0 0 1 1 0 1 1 1 1 0 1 0 0 1 0 0 1 0 0
0.104449057259433 0 0 1 1 0 0 0 1 1 0 1 1 1 1 1 1 0 0 0 0 1 0 0 1 0
0.035566716173701 1 0 0 0 1 0 0 0 0 1 1 1 1 1 1 1 1 0 1 1 0 0 1 1 0
0.067890193559610 0 1 0 0 0 1 0 0 1 0 0 1 1 1 1 1 1 1 0 0 0 0 1 1 0
0.082859031692874 1 0 1 0 0 0 0 0 1 1 1 1 1 1 1 1 0 0 0 1 0 0 1 1 0
0.084258332578103 1 0 1 0 0 0 1 1 1 1 1 1 1 1 1 0 1 1 0 0 0 0 1 1 0
0.124187320132159 1 0 1 0 0 0 0 0 0 0 1 1 1 0 1 1 0 1 1 0 1 1 0 1 0
0.018667928642913 1 0 0 0 0 0 0 0 0 1 1 0 1 0 1 1 1 0 0 0 1 1 1 0 0
0.018240456496154 1 0 0 0 0 0 0 0 0 1 1 1 1 0 1 1 1 1 0 0 1 1 1 0 0
0.041486318626486 1 0 0 0 0 1 0 0 0 1 1 1 1 0 1 1 1 0 0 0 0 1 1 0 0
0.092711165613682 1 0 1 0 0 0 1 0 1 1 1 0 1 1 1 1 0 0 0 0 1 1 1 0 0
0.016042101060043 1 0 0 0 0 0 0 0 0 1 1 0 1 0 1 1 1 1 0 1 0 0 1 1 0
0.020841795765062 1 0 0 0 0 0 0 0 0 1 1 1 1 0 1 1 1 1 1 0 0 0 1 1 0
0.034376273061517 1 0 0 0 0 0 0 0 1 1 0 0 1 0 1 1 1 1 0 1 0 0 1 1 0
0.072441245824576 1 1 0 0 0 0 0 0 0 1 1 1 1 0 1 1 1 0 0 0 1 1 1 0 0
0.044001264059545 1 0 0 0 0 0 0 0 1 1 1 0 1 0 1 0 1 1 0 1 0 0 1 0 0
0.039494529040206 1 0 0 0 1 0 0 0 0 1 1 1 1 1 1 1 1 0 0 1 1 1 0 1 0
0.086094547258560 1 1 0 0 0 0 0 1 1 1 1 0 1 0 1 1 0 0 0 1 1 0 0 1 0
0.047799881249481 1 0 0 1 0 0 0 0 1 1 1 1 1 0 1 1 1 0 0 0 0 1 1 0 0
0.064565324996406 1 0 0 0 1 0 0 0 1 1 1 0 1 1 1 1 1 1 0 1 0 0 1 1 0
0.015599770379340 1 0 0 0 0 0 0 0 0 1 1 0 1 0 1 1 1 0 1 1 0 0 1 1 0
0.067920586496517 0 1 1 0 0 0 0 0 0 1 1 1 1 1 0 1 1 1 0 0 1 1 0 1 0
0.063776238022214 1 0 1 0 0 0 0 1 1 1 1 1 1 1 0 1 0 0 1 0 1 0 0 1 0
0.038394269785541 0 1 0 0 0 0 0 0 0 1 0 1 1 1 0 1 1 0 0 1 0 0 1 1 0
0.058824717876940 0 0 0 1 0 0 0 0 0 0 1 1 1 0 1 1 1 0 1 1 0 0 0 1 0
0.068033487707336 0 0 1 0 0 0 0 0 1 0 1 1 1 0 1 1 1 0 0 1 0 1 0 0 1
0.041487976816193 0 1 0 0 0 0 0 0 1 0 1 1 1 0 1 1 1 1 0 1 0 0 0 1 1
0.075264953611356 0 0 1 0 0 0 0 0 1 0 1 0 1 0 1 0 1 0 0 1 0 0 1 0 0
0.071570043655454 0 1 0 0 0 1 0 0 0 0 1 1 1 1 0 1 1 1 0 0 1 1 0 1 1
0.104749660202915 0 0 1 1 0 0 0 0 1 0 1 1 1 0 1 1 1 0 0 1 0 1 1 0 0
0.015505400726778 1 0 0 0 0 0 0 0 0 0 1 1 1 0 1 1 0 0 1 1 1 0 0 1 0
0.052776151351775 1 0 0 0 0 0 0 0 1 0 1 1 1 0 1 1 1 1 1 1 0 0 0 1 0
0.019311921154478 1 0 0 0 0 0 0 0 0 1 0 0 1 1 1 0 1 1 0 1 0 0 1 1 0
0.127566996930630 1 0 1 0 0 0 0 1 0 1 1 1 0 1 0 0 1 0 0 0 0 0 1 1 0
0.131991312043461 0 0 1 0 0 0 0 1 1 0 1 0 1 1 0 1 1 1 0 0 1 0 1 1 0
0.088420999630129 1 0 0 1 0 0 0 0 0 1 1 1 1 0 1 1 1 1 1 1 0 0 1 1 0
0.072854357339795 0 1 0 1 0 0 0 0 0 0 1 1 1 0 1 1 1 0 0 0 1 0 0 1 1
0.018020484885609 1 0 0 0 0 0 0 0 0 1 1 0 1 1 1 0 1 0 1 1 0 0 1 1 0
0.080897606005224 1 0 0 1 0 0 0 0 1 1 1 1 0 1 1 0 0 0 0 1 0 0 1 0 0
0.049360636602053 1 0 0 0 0 0 0 0 0 0 1 0 1 0 0 1 1 0 0 0 1 1 1 0 0
0.089111471775956 1 0 0 1 0 0 1 0 0 0 1 1 1 1 1 1 1 0 0 0 1 1 0 1 0
0.066056078191240 1 0 0 1 0 0 0 0 1 0 1 1 1 0 1 1 0 1 0 1 0 0 0 1 1
0.072298832308394 1 0 0 1 0 0 0 0 0 0 1 1 0 0 1 1 0 0 0 0 1 0 0 1 0
0.126645317586515 0 0 1 0 0 1 0 0 1 0 1 0 1 0 1 1 1 1 0 0 0 1 1 0 1
0.052140983320377 0 0 1 0 0 0 0 0 1 0 1 0 1 1 1 1 1 0 0 1 1 1 0 0 0
0.072420526734859 0 0 1 1 0 0 0 0 0 0 1 1 1 1 1 1 0 1 1 0 1 0 1 1 0
0.041895156245153 1 0 0 0 0 0 0 0 0 1 1 0 1 1 1 0 1 0 0 1 1 1 1 0 0
0.041097296166475 1 0 0 0 0 0 0 0 0 0 1 1 0 1 1 1 0 0 1 0 1 0 0 1 0
0.027924878842408 1 0 0 0 0 0 0 0 0 1 0 1 1 0 1 0 1 1 1 1 0 0 1 1 0
0.040820463176012 0 1 0 0 0 0 0 0 0 1 1 1 1 0 1 0 1 1 1 0 1 0 1 0 0
0.030462169438027 1 0 0 0 0 0 0 0 0 1 1 1 1 0 1 0 1 0 1 0 1 0 1 0 0
0.049731535728071 1 0 0 0 1 0 0 0 0 1 1 1 1 0 1 0 1 0 0 1 0 0 1 0 0
0.092616566319135 1 0 0 0 1 0 0 0 0 1 1 1 0 1 1 0 1 1 0 1 1 0 1 0 0
0.048291485366138 1 1 0 0 0 0 0 0 1 1 1 1 1 0 1 0 0 0 1 1 0 0 1 0 0
0.055322514000769 1 0 0 0 1 0 0 0 1 1 1 1 1 0 1 1 0 0 1 1 0 0 1 0 0
0.035745351596363 1 0 0 0 0 0 0 0 0 1 1 1 1 0 1 0 1 1 1 1 0 0 1 0 0
0.031671813838495 0 1 0 0 0 0 0 0 0 1 1 1 0 1 1 1 1 0 1 0 1 0 1 1 0
0.080320691077962 1 0 1 0 0 0 1 1 1 1 1 1 1 1 1 1 0 1 0 0 1 0 0 1 0
0.070190897287626 1 0 0 0 0 1 1 0 0 1 1 1 1 1 1 1 0 1 0 0 0 0 1 1 0
0.081623140490279 0 1 1 0 0 0 0 1 1 1 1 1 1 0 1 0 1 0 1 0 0 0 1 0 0
0.023448857863114 1 0 0 0 0 0 0 0 0 0 1 1 1 0 1 1 0 0 1 0 1 0 1 1 0
0.175384834111564 0 1 1 0 0 0 1 0 1 0 1 1 1 0 1 0 0 0 0 0 0 1 0 0 1
0.071363172157538 0 1 0 0 0 1 0 0 1 1 1 1 1 1 1 1 1 0 0 1 0 0 0 1 0
0.071533572227192 1 0 0 1 0 0 0 0 1 0 1 1 1 0 1 1 0 0 0 0 0 1 0 1 0
0.092764015251958 0 1 1 0 0 0 0 1 1 1 1 1 1 0 1 1 1 0 0 1 0 1 0 0 0
0.064945764388527 1 0 0 0 0 0 0 0 0 1 1 0 1 0 1 0 0 0 1 1 1 0 1 0 0
0.073579831482749 0 1 0 0 0 0 1 0 1 1 0 0 1 1 1 1 1 0 0 1 0 0 1 1 0
0.112839485181206 1 0 1 0 0 0 1 0 0 1 1 1 1 1 1 1 1 0 0 0 1 1 1 1 0
0.105739532579547 1 1 0 0 0 0 0 0 1 1 1 1 0 0 1 0 0 1 1 0 1 0 1 0 0
0.033877055662193 0 1 0 0 0 0 0 0 0 1 1 1 1 0 1 1 1 0 1 0 1 0 1 0 0
0.093257389392785 1 0 1 0 0 0 1 0 1 1 1 1 0 1 0 1 0 0 0 0 1 1 0 0 0
0.028365623417406 1 0 0 0 0 0 0 0 0 1 0 0 0 1 1 1 1 0 0 1 0 0 1 1 0
0.098329846384878 1 0 0 1 0 0 0 0 1 1 1 0 1 1 1 1 0 0 0 1 1 1 1 0 0
0.051333909308670 1 0 0 0 0 0 0 0 0 1 1 1 1 0 1 1 0 0 1 1 0 0 1 1 0
0.099957345621000 1 0 0 1 0 1 0 0 0 0 1 1 1 1 1 1 0 0 0 0 1 0 1 1 0
0.024952468525618 1 0 0 0 0 0 0 0 0 0 1 1 1 0 1 1 1 1 1 0 1 0 0 1 1
0.056293319439301 1 0 0 0 0 0 0 0 0 0 1 0 1 0 1 1 1 1 1 0 1 0 1 1 0
0.053716977916119 0 0 1 0 0 0 0 0 1 0 1 1 1 0 1 1 1 0 1 0 1 0 0 0 1
0.039760535958860 0 0 1 0 0 0 0 0 0 0 1 1 1 0 1 0 1 0 1 0 1 0 1 0 0
0.069401562455336 0 0 1 0 0 0 0 0 0 1 1 1 1 1 1 1 1 0 1 0 1 0 1 1 0
0.157105390044279 0 0 1 0 0 0 0 1 1 0 1 1 1 0 1 0 1 0 0 0 1 0 1 0 0
0.099075327084016 0 0 0 1 0 0 0 0 0 0 1 1 1 0 1 0 1 0 1 0 0 0 1 0 0
0.107356229021347 0 0 1 0 0 0 0 0 1 0 1 1 1 0 1 0 1 1 1 1 0 0 0 0 0
0.066162180342481 0 0 1 0 0 0 0 0 0 1 1 0 1 1 0 0 1 0 1 0 1 0 1 0 0
0.127898568268344 1 1 0 0 1 0 0 1 1 1 1 1 1 0 1 0 1 1 0 1 0 0 1 0 0
0.122840773978660 0 0 0 0 0 0 0 0 0 0 1 0 1 0 1 1 1 0 1 1 1 0 1 0 0
0.059937313604505 0 1 1 0 0 0 0 0 0 1 1 1 1 1 0 0 1 0 1 0 1 0 1 0 0
0.097069003349123 0 0 1 0 0 0 0 0 0 0 1 1 1 0 0 0 1 0 1 0 1 0 1 0 1
0.096075614576598 1 0 0 0 1 0 0 1 1 1 0 1 1 1 1 1 0 1 0 1 1 0 0 1 0
0.056769834744727 1 0 0 1 0 0 0 0 1 0 1 1 1 0 1 1 1 0 0 0 1 1 0 0 1
0.122850972284400 1 1 0 0 0 0 0 1 1 0 1 1 1 0 0 1 0 1 0 0 1 0 0 1 1
0.034512390867181 1 0 0 0 0 0 0 0 0 0 1 1 1 0 1 1 1 0 0 0 1 1 0 0 1
0.142733604041784 0 1 0 1 0 0 1 0 1 0 1 1 1 0 1 1 1 1 0 1 0 0 0 1 1
0.043155969251264 0 1 0 0 0 0 0 0 0 1 1 1 1 0 1 0 1 0 1 1 0 0 1 0 0
0.017618464319550 1 0 0 0 0 0 0 0 0 0 0 1 1 0 1 1 1 0 0 1 1 0 0 1 1
0.087298381963750 1 0 0 0 0 0 0 0 0 0 0 1 1 0 1 1 1 0 1 0 1 0 0 1 0
0.085994271769605 1 0 0 0 0 0 1 0 0 0 1 1 1 0 1 1 0 0 0 1 1 0 0 1 1
0.030864660749281 1 0 0 0 0 0 0 0 0 1 0 1 0 1 1 1 1 1 0 1 0 0 1 1 1
0.064821007440051 1 0 0 0 0 1 0 0 1 0 0 1 1 0 1 1 1 1 0 1 0 0 0 1 1
0.062102782932288 1 0 0 0 1 0 0 0 0 1 1 1 1 1 1 1 1 0 0 1 1 0 0 1 1
0.017102259277029 0 1 0 0 0 0 0 0 0 1 0 1 0 1 1 1 1 1 0 0 1 0 1 1 0
0.021824039964708 0 1 0 0 0 0 0 0 0 0 0 1 0 1 0 1 1 0 0 1 1 0 0 1 1
0.022799557150918 0 1 0 0 0 0 0 0 0 1 0 1 0 1 0 1 1 1 0 0 1 0 0 1 1
0.062128901805219 0 1 0 0 0 0 0 0 0 1 0 1 0 1 0 1 1 0 0 1 1 1 0 1 0
0.020512689897368 0 1 0 0 0 0 0 0 0 0 0 1 0 1 1 1 1 0 1 0 1 0 1 1 1
0.039162498907320 0 1 0 0 0 0 0 0 0 0 1 1 0 1 1 1 1 1 1 0 0 0 1 1 1
0.041579370831739 0 1 0 0 0 0 0 0 1 0 1 1 0 0 1 1 1 1 0 0 1 0 0 0 1
0.015715406385200 0 1 0 0 0 0 0 0 0 0 1 1 0 0 1 1 1 0 1 0 1 0 0 1 1
0.013376571045315 0 1 0 0 0 0 0 0 0 0 0 1 1 0 1 1 1 0 0 1 1 0 0 1 1
0.032906733804525 0 1 0 0 0 0 0 0 0 0 1 1 1 1 1 1 1 0 1 1 1 0 0 1 1
0.046564796280699 0 1 0 0 0 0 0 0 0 1 0 1 1 1 1 1 1 1 1 0 1 0 1 1 1
0.030997393943230 0 1 0 0 0 0 0 0 0 1 0 1 0 1 0 1 1 1 1 0 0 0 1 1 0
0.019606325985256 1 0 0 0 0 0 0 0 0 0 1 1 0 0 1 1 1 1 0 0 1 0 0 1 1
0.049766895516406 0 1 0 0 0 0 0 0 1 0 0 1 0 0 1 1 1 0 0 1 1 0 0 1 1
0.017623981856351 0 1 0 0 0 0 0 0 0 0 0 1 1 1 1 0 1 0 1 1 1 0 1 1 0
0.043147802365430 0 1 0 0 0 0 0 0 0 0 1 1 0 0 1 0 1 0 1 0 1 0 1 0 0
0.010958618362534 1 0 0 0 0 0 0 0 0 0 0 1 1 0 1 0 1 0 0 1 0 0 1 1 0
0.020402411115523 1 0 0 0 0 0 0 0 0 0 0 1 1 1 1 0 0 0 1 1 1 0 1 1 0
0.097131677115579 1 0 1 0 0 0 1 0 1 1 0 1 1 1 1 0 0 1 0 1 0 0 1 1 0
0.016325881827102 1 0 0 0 0 0 0 0 0 0 1 1 1 0 1 0 1 1 0 1 1 0 0 1 1
0.012368621161315 1 0 0 0 0 0 0 0 0 0 1 1 1 0 1 0 1 0 1 1 0 0 1 1 0
0.016723533230621 0 1 0 0 0 0 0 0 0 0 0 1 0 1 1 0 1 0 0 1 1 0 0 1 1
0.041216237472452 0 0 1 0 0 0 0 0 0 0 0 1 1 1 1 0 1 0 0 1 1 0 0 1 1
0.040264588561314 0 0 1 0 0 0 0 0 0 0 1 0 1 1 1 0 1 0 1 1 1 0 1 1 0
0.162192981766452 0 0 0 0 0 0 0 0 0 0 0 1 0 1 1 1 1 1 0 1 1 0 0 1 1
0.072069755509305 1 0 0 0 0 1 0 0 0 0 0 1 1 1 1 0 1 0 0 1 0 0 1 1 1
0.094737842682152 0 1 1 0 0 0 0 0 0 0 1 1 1 1 0 0 1 0 0 1 1 0 0 1 1
0.019904829504417 0 1 0 0 0 0 0 0 0 0 0 1 1 1 0 0 1 0 0 1 1 0 0 1 0
0.012067653742246 1 0 0 0 0 0 0 0 0 0 0 1 1 1 1 0 1 0 0 1 1 1 0 1 0
0.018625601172705 1 0 0 0 0 0 0 0 0 0 0 1 1 0 1 0 0 0 0 1 1 0 0 1 0
0.062316607808587 1 0 0 0 1 0 0 0 0 1 0 1 1 1 0 0 1 0 0 1 1 0 0 1 0
0.101678460287240 1 1 0 0 0 0 0 0 1 0 0 1 1 0 1 0 1 0 0 1 0 0 0 1 1
0.057694751506001 0 0 1 0 0 0 0 0 0 0 1 1 1 1 1 0 1 0 1 0 1 0 0 1 0
0.052761580855808 0 0 1 0 0 0 0 0 0 1 1 0 1 1 1 0 1 0 0 1 1 1 0 0 0
0.034179399425088 0 0 1 0 0 0 0 0 0 0 1 1 1 1 1 0 1 0 1 1 1 0 1 0 0
0.033155976972414 1 0 0 0 0 0 0 0 0 0 0 1 0 1 1 0 1 0 0 1 1 0 1 1 0
0.021094418753305 0 1 0 0 0 0 0 0 0 0 1 1 1 0 1 0 1 0 1 1 1 0 0 0 1
0.031052430378422 0 0 1 0 0 0 0 0 0 0 1 0 1 1 1 0 1 0 0 0 1 1 1 0 0
0.077213292491231 0 1 0 0 0 0 1 0 0 0 0 1 0 1 1 0 1 0 0 0 1 0 1 1 0
0.068640104120170 0 1 0 0 0 0 0 0 1 0 1 1 1 0 1 1 0 0 1 0 1 0 0 0 1
0.028499417935276 0 1 0 0 0 0 0 0 0 0 1 1 0 0 1 0 1 0 0 1 1 0 0 0 1
0.028840704594604 1 0 0 0 0 0 0 0 0 0 1 0 1 0 1 0 1 0 0 1 1 0 0 1 0
0.024236658549793 0 1 0 0 0 0 0 0 0 0 1 1 0 0 1 1 1 0 1 0 1 1 0 0 1
0.039079399996714 0 1 0 0 0 0 0 0 0 1 1 1 0 0 1 0 1 1 1 0 1 0 0 0 1
0.034976314738778 1 0 0 0 0 0 0 0 0 1 0 1 1 1 1 0 1 0 0 1 1 0 1 1 0
0.024938991251108 1 0 0 0 0 0 0 0 0 0 1 1 1 0 1 0 1 0 1 0 1 1 1 0 0
0.029695426924902 0 1 0 0 0 0 0 0 0 0 1 1 0 1 0 1 1 0 1 0 1 1 0 1 0
0.126836843902416 1 1 0 0 1 0 1 1 1 1 1 1 1 1 0 1 1 0 0 1 0 0 0 1 0
0.033364705046781 0 0 1 0 0 0 0 0 0 0 1 1 1 0 1 0 1 0 1 1 1 0 0 0 1
0.023451882759509 1 0 0 0 0 0 0 0 0 0 1 1 1 0 1 0 1 0 1 1 1 0 1 0 1
0.019000694140248 1 0 0 0 0 0 0 0 0 0 1 1 0 0 1 1 1 1 0 0 1 1 1 0 1
0.039816156408695 1 0 0 0 0 0 0 0 1 0 1 1 0 0 1 0 1 1 0 1 0 0 1 0 1
0.014408080073561 1 0 0 0 0 0 0 0 0 0 1 1 0 0 1 1 1 0 1 0 1 0 1 0 1
0.020139787213332 1 0 0 0 0 0 0 0 0 0 1 1 0 0 1 1 1 0 1 1 0 0 1 1 1
0.020868570655830 0 1 0 0 0 0 0 0 0 0 1 1 0 0 1 1 1 0 1 1 0 0 1 0 1
0.038142760247368 0 0 1 0 0 0 0 0 0 0 1 1 0 1 1 0 1 0 1 0 1 0 1 0 1
0.049520966151641 0 1 0 0 0 0 0 0 1 1 1 1 0 1 1 1 1 1 1 1 0 0 1 0 1
0.032798387770601 0 1 0 0 0 0 0 0 0 0 1 1 0 0 1 1 1 1 1 0 1 0 1 0 1
0.035408435947491 0 1 0 0 0 0 0 0 0 0 0 1 0 1 0 0 1 0 1 1 0 0 0 1 1
0.016000194094536 1 0 0 0 0 0 0 0 0 0 0 1 1 1 0 0 1 0 1 1 0 0 1 1 0
0.018565729381201 0 1 0 0 0 0 0 0 0 0 1 1 0 1 1 1 1 0 1 1 0 0 1 1 0
0.036178170029184 0 0 1 0 0 0 0 0 0 0 1 0 1 1 1 0 1 0 1 1 0 1 1 0 0
0.037013680920188 0 0 1 0 0 0 0 0 0 0 1 1 1 1 1 1 1 0 1 0 1 1 0 0 1
0.017374920237615 0 0 1 0 0 0 0 0 0 0 1 0 1 1 1 1 1 0 0 1 1 1 0 1 0
0.029170092350020 0 0 1 0 0 0 0 0 0 0 1 0 1 1 1 0 1 0 0 1 0 1 0 1 0
0.039575659045874 0 0 1 0 0 0 0 0 0 0 0 0 1 1 1 0 1 0 0 1 1 1 0 1 0
0.034096303284246 0 0 1 0 0 0 0 0 0 0 1 0 1 1 0 1 1 0 1 1 0 1 0 1 0
0.027294584830578 0 0 1 0 0 0 0 0 0 0 1 0 1 1 0 1 1 0 0 0 1 1 0 1 0
0.055523679676607 0 0 1 0 0 1 0 0 0 0 1 1 1 1 1 0 1 0 0 1 0 1 1 0 0
0.022036316634834 0 0 1 0 0 0 0 0 0 0 1 0 1 1 1 1 0 0 1 0 1 1 0 1 0
0.031729952216680 0 0 1 0 0 0 0 0 0 0 1 0 1 1 1 1 1 0 1 0 1 1 0 1 1
0.021429173389939 0 0 1 0 0 0 0 0 0 0 1 0 1 1 1 1 1 0 1 0 0 1 1 1 0
0.057703259127209 0 0 1 0 0 0 0 0 0 0 1 0 0 1 1 1 1 0 1 0 1 1 1 0 0
0.017822335318414 0 0 1 0 0 0 0 0 0 0 0 1 1 1 1 0 1 0 1 1 0 0 1 1 0
0.065669631061946 0 0 1 0 0 0 0 1 0 0 1 0 1 1 1 0 1 0 1 1 0 0 1 1 0
0.108803382559819 0 0 1 1 0 0 1 0 0 0 1 1 1 1 1 0 1 0 1 0 0 0 1 1 0
0.013183493585681 0 0 1 0 0 0 0 0 0 0 0 0 1 1 1 1 1 0 0 1 0 1 1 1 0
0.056439265967481 0 0 1 0 0 1 0 0 0 0 0 1 1 1 1 1 1 0 0 1 0 1 0 1 1
0.037057923673132 0 0 1 0 0 0 0 0 0 0 1 0 1 1 1 1 1 0 1 1 0 0 1 1 1
0.028013064194190 0 0 1 0 0 0 0 0 0 0 0 1 1 1 1 1 1 0 1 1 0 1 0 1 1
0.014010353976047 1 0 0 0 0 0 0 0 0 0 0 1 1 1 1 1 0 0 0 1 1 1 0 1 0
0.030588452892403 0 0 1 0 0 0 0 0 1 0 0 0 1 1 1 1 1 0 0 1 0 1 0 1 0
0.051700640167482 1 0 1 0 0 0 0 0 1 1 1 1 1 1 0 1 1 0 0 0 1 1 0 0 0
0.017301379355418 0 0 1 0 0 0 0 0 0 0 0 0 1 0 1 1 1 0 0 1 0 1 0 1 1
0.017142404836968 0 0 1 0 0 0 0 0 0 0 0 0 0 1 1 1 1 0 0 1 0 1 0 1 1
0.029630225229666 0 0 1 0 0 0 0 0 0 1 0 0 1 1 1 1 1 0 0 1 0 1 0 1 0
0.019378786205729 0 0 1 0 0 0 0 0 0 0 0 0 1 1 0 1 1 0 0 1 0 1 0 1 1
0.047459078989690 0 1 0 0 0 1 0 0 0 0 1 1 1 1 1 1 1 0 1 0 0 1 1 0 0
0.057744647770600 0 0 1 0 0 0 1 0 0 0 0 0 1 1 1 1 1 0 0 1 0 1 0 1 0
0.011983726808944 1 0 0 0 0 0 0 0 0 0 1 1 0 0 1 1 1 0 1 0 0 1 1 0 1
0.083866311641462 1 0 0 0 0 0 0 0 0 0 0 1 0 0 1 0 1 0 0 1 0 1 1 0 1
0.017493161154030 1 0 0 0 0 0 0 0 0 0 1 1 0 1 1 1 1 0 1 0 1 1 1 0 1
0.070890465185465 1 0 0 1 0 0 0 0 1 0 1 1 0 1 1 1 1 0 0 0 0 1 1 0 1
0.032647119880257 0 1 0 0 0 0 0 0 0 0 0 1 1 1 0 1 1 0 1 1 0 1 0 1 0
0.016382687050573 0 0 1 0 0 0 0 0 0 0 0 0 1 1 1 0 1 0 0 1 0 0 1 1 0
0.023422105151562 0 0 1 0 0 0 0 0 0 0 0 0 1 1 1 1 0 0 0 1 0 1 0 1 0
0.088066192337213 0 1 1 0 0 0 0 1 1 1 1 1 1 1 1 0 1 0 1 1 1 0 0 0 1
0.027218333472613 1 0 0 0 0 0 1 0 0 0 0 1 1 1 1 1 1 0 0 1 0 1 1 1 0
0.042890314643971 1 0 0 0 0 0 0 0 0 0 0 1 0 1 0 1 1 0 0 1 0 1 0 1 0
0.037706193318331 0 1 0 0 0 0 1 0 0 0 0 1 1 1 1 1 1 0 1 1 0 0 1 1 0
0.032474277155305 0 0 1 0 0 0 0 0 0 0 0 0 1 0 1 0 1 0 1 1 0 0 0 1 1
0.016463802458499 0 0 1 0 0 0 0 0 0 0 0 1 0 0 1 1 1 0 0 1 0 0 0 1 1
0.097713103974680 0 0 1 0 1 0 0 0 1 0 0 1 1 0 1 1 1 0 0 1 0 0 0 1 1
0.035334059495792 0 0 1 0 0 0 0 0 0 0 1 1 1 0 1 1 1 0 1 1 0 0 0 1 1
0.032006079638366 0 0 1 0 0 0 0 0 0 0 0 1 0 1 1 1 1 0 1 0 0 0 1 1 1
0.020515601339506 0 0 1 0 0 0 0 0 0 0 0 0 1 0 1 1 1 0 0 1 1 0 0 1 1
0.037169730627535 0 0 1 0 0 0 0 0 1 0 0 0 1 0 1 1 1 0 0 1 0 0 0 1 1
0.148755251491588 0 1 1 0 0 1 0 1 1 1 1 1 1 1 1 0 1 1 0 1 0 0 1 0 0
0.045913399340040 0 0 1 0 0 0 0 1 0 0 0 0 1 0 1 1 1 0 0 1 0 0 0 1 1
0.075891427812433 0 0 1 0 0 0 0 0 0 0 0 0 1 1 1 1 1 0 0 0 0 1 0 1 0
0.034627044649734 1 0 0 0 0 0 0 0 1 0 0 1 0 1 1 1 0 1 1 1 0 0 1 1 0
0.113732756935321 0 1 1 0 0 0 0 1 0 1 1 0 1 1 0 1 1 0 0 0 1 1 0 1 0
0.037879775707402 1 0 0 0 0 1 0 0 0 0 0 1 1 1 1 1 1 0 0 1 0 1 1 1 0
0.050987497435073 0 0 0 1 0 0 0 0 0 0 1 1 0 1 1 1 1 0 1 0 0 0 1 1 0
0.059945500950225 0 0 1 0 0 0 0 0 0 0 0 0 0 1 0 1 1 0 0 1 0 0 1 1 1
0.133732057446081 0 1 1 0 0 0 0 0 1 0 1 1 0 0 1 0 1 0 1 1 0 0 0 0 1
0.074047222342676 0 0 1 0 0 0 0 0 1 0 1 0 1 1 1 0 0 0 1 0 1 0 1 0 0
0.036903959271269 1 0 0 0 0 0 0 0 1 0 1 1 0 0 1 1 0 1 1 1 0 0 1 0 1
0.051322483520020 0 1 0 0 0 0 0 0 1 1 1 1 1 0 1 1 1 1 0 1 1 0 0 0 1
0.091107456881109 0 0 1 1 0 0 0 0 1 0 1 0 1 1 1 1 0 0 0 1 0 1 0 1 0
0.068033264512576 0 0 1 0 0 0 0 0 0 0 1 1 0 1 1 1 1 0 0 0 0 1 1 0 1
0.089627954098373 0 1 0 0 0 0 0 1 0 0 0 1 1 0 1 0 1 0 0 1 1 0 0 1 1
0.111368790405293 1 0 1 0 0 1 0 0 1 0 1 1 1 1 0 1 0 0 0 0 1 1 1 0 0
0.084591165875506 0 1 0 0 1 0 0 0 0 0 1 1 0 1 0 1 1 0 0 0 1 0 0 1 1
0.020964362886001 1 0 0 0 0 0 0 0 0 0 0 1 1 0 1 1 1 0 1 1 0 0 1 1 1
0.041251957166063 1 0 0 0 0 0 0 0 0 0 0 1 0 1 1 0 1 0 1 1 0 0 1 1 0
0.051036096734178 1 0 0 0 0 0 0 0 0 0 0 1 1 0 0 0 1 1 0 1 1 0 0 1 1
0.060721693381190 0 0 1 0 0 0 0 0 0 0 1 1 0 1 1 1 0 0 1 0 1 0 0 1 1
0.064643694112854 1 0 0 0 1 0 0 0 1 0 1 1 1 0 1 0 1 0 0 1 1 0 0 0 1
0.035295370254289 0 1 0 0 0 0 0 0 0 0 1 1 1 0 1 1 1 0 1 0 1 1 1 0 1
0.026298892311588 1 0 0 0 0 0 0 0 0 0 1 1 1 1 1 0 0 1 1 0 1 0 1 1 0
0.077040583815730 1 0 0 0 1 0 0 1 0 1 0 1 1 1 0 1 1 0 0 1 0 0 1 1 0
0.083686811650281 1 1 0 0 0 0 0 0 1 1 1 1 0 0 0 1 1 0 1 0 0 0 1 0 1
0.016515919458650 0 1 0 0 0 0 0 0 0 0 0 1 0 0 1 1 1 0 0 1 0 0 0 1 1
0.048788024925786 0 1 0 0 0 0 0 0 0 1 1 1 1 1 0 0 1 1 1 0 1 1 0 0 0
0.033832754216313 0 1 0 0 0 0 1 0 0 0 0 1 1 1 1 1 1 0 0 1 0 1 1 1 0
0.022187150428645 0 1 0 0 0 0 0 0 0 0 0 1 0 1 1 1 1 0 0 1 1 0 1 1 0
0.019232427759744 0 1 0 0 0 0 0 0 0 0 1 1 0 1 1 1 1 0 1 0 1 0 1 0 1
0.046118987613165 0 0 1 0 0 1 0 0 0 0 1 1 1 1 1 1 1 0 1 0 1 0 1 0 1
0.042203843845695 1 0 0 0 1 0 0 0 0 1 1 1 1 1 0 0 1 0 1 0 1 0 1 0 0
0.013712581477550 0 1 0 0 0 0 0 0 0 0 0 1 1 1 1 0 1 0 0 1 1 1 0 1 0
0.019297688976311 0 1 0 0 0 0 0 0 0 0 1 1 1 1 1 0 1 0 1 1 0 1 1 0 0
0.026662685651129 0 1 0 0 0 0 0 0 0 0 1 1 1 1 1 0 0 0 1 1 1 0 1 0 0
0.039492609596909 0 1 0 0 0 0 0 0 0 0 1 1 1 1 1 0 1 0 1 1 0 0 1 0 1
0.022737019228389 0 1 0 0 0 0 0 0 0 0 1 1 0 1 1 1 0 0 1 0 1 1 1 0 0
0.067806803071986 0 1 0 1 0 0 0 0 1 0 1 1 1 1 1 1 0 0 1 1 0 1 1 0 0
0.030860097968546 0 1 0 0 0 0 0 0 0 0 1 1 1 1 1 0 0 0 1 1 1 1 0 0 0
0.024447120434785 0 1 0 0 0 0 0 0 0 0 1 1 1 1 1 0 1 0 1 0 1 1 1 0 0
0.019190954925653 0 1 0 0 0 0 0 0 0 0 0 1 1 1 1 0 0 0 1 1 1 0 0 1 0
0.037378552148172 1 0 0 0 1 0 0 0 0 0 1 1 1 1 1 0 0 0 0 1 1 0 0 1 0
0.048813224441013 1 0 0 0 1 0 0 0 1 1 1 1 1 1 1 0 0 0 1 1 1 0 0 0 0
0.032278481827081 1 0 0 0 0 0 0 0 0 0 1 1 1 0 1 0 0 1 1 1 1 0 0 1 0
0.013049041225561 0 1 0 0 0 0 0 0 0 0 0 1 1 1 1 1 0 0 1 1 1 0 1 1 0
0.036212865262664 0 1 0 0 0 0 0 0 0 0 1 1 1 1 1 1 0 0 1 0 1 1 0 1 0
0.057923714198459 1 0 0 0 1 0 0 0 0 0 1 1 1 1 0 0 1 0 1 1 0 0 1 1 0
0.098523807927016 1 0 1 0 1 0 0 1 1 1 1 1 1 1 0 0 1 0 0 0 1 0 1 0 0
0.013284916894285 1 0 0 0 0 0 0 0 0 1 0 0 1 1 0 1 1 0 0 1 0 0 1 1 0
0.017806632636472 0 0 1 0 0 0 0 0 0 0 1 0 1 1 1 1 1 0 1 0 1 0 1 1 0
0.033039564352384 0 1 0 0 0 0 0 0 0 1 0 1 0 1 1 1 1 0 1 0 1 1 1 0 0
0.020340961443747 0 1 0 0 0 0 0 0 0 1 1 1 0 1 1 1 1 1 1 0 1 1 0 0 1
0.058371275538172 0 1 0 0 0 1 0 0 0 1 1 1 0 1 1 1 1 1 0 0 0 1 1 0 1
0.013609925239600 1 0 0 0 0 0 0 0 0 1 1 0 1 1 1 1 1 0 1 0 1 1 1 0 0
0.017803834172754 0 1 0 0 0 0 0 0 0 0 0 1 0 1 1 1 1 0 0 1 0 1 0 1 1
0.041573526285260 0 0 1 0 0 0 0 0 0 0 0 0 1 0 0 1 1 0 0 1 0 0 0 1 0
0.039959560665551 1 0 0 0 1 0 0 0 1 0 1 1 1 1 1 1 0 0 0 1 1 0 0 1 0
0.110134795120909 0 1 1 0 0 0 0 1 1 1 0 1 1 1 0 1 1 0 0 1 0 0 0 1 1
0.019312718339297 0 1 0 0 0 0 0 0 0 0 0 1 1 1 1 0 0 0 1 1 0 1 1 0 0
0.057874061279771 0 1 0 0 0 1 0 0 1 0 0 1 1 1 1 1 0 0 0 1 0 1 1 0 0
0.023029238758189 0 0 1 0 0 0 0 0 0 0 0 1 1 1 1 0 1 0 1 1 0 0 1 0 1
0.024206582074222 0 1 0 0 0 0 0 0 0 0 0 1 0 1 1 1 1 0 1 1 0 1 1 0 1
0.035898171372533 0 0 0 1 0 0 0 0 0 0 0 1 1 1 1 1 0 0 1 1 0 0 1 1 0
0.021193616811956 0 0 1 0 0 0 0 0 0 0 0 0 1 1 1 1 0 0 1 1 0 0 1 1 0
0.019781130954967 0 1 0 0 0 0 0 0 0 0 0 1 1 1 0 1 1 0 1 1 0 0 1 1 0
0.015996538592968 0 1 0 0 0 0 0 0 0 0 0 1 1 1 1 1 0 0 1 0 1 1 1 0 0
0.080242784634111 0 0 1 1 0 0 0 0 1 0 0 1 1 1 1 1 0 0 1 0 0 0 1 1 0
0.021715853259230 0 1 0 0 0 0 0 0 0 0 0 1 1 1 1 0 1 0 0 1 1 1 1 0 0
0.028539595696374 0 1 0 0 0 0 0 0 0 1 0 1 1 1 1 1 1 1 0 1 0 1 1 0 0
0.032670771736164 0 1 0 0 0 0 0 0 0 1 1 1 0 1 0 1 1 1 1 0 1 0 0 1 1
0.019525529853228 0 1 0 0 0 0 0 0 0 1 0 1 1 1 1 0 1 1 0 1 1 1 0 0 1
0.085222686652584 0 1 1 0 0 0 0 0 0 1 0 1 1 1 1 0 1 0 0 1 1 1 0 0 1
0.042658187897445 0 1 0 0 0 0 0 0 0 0 0 1 0 1 1 0 1 1 0 1 0 1 0 0 1
0.041842425385589 0 1 0 0 0 0 0 0 0 1 0 1 1 1 1 0 0 1 1 1 1 0 1 0 0
0.019166713045289 0 1 0 0 0 0 0 0 0 1 0 1 0 1 1 1 1 1 0 0 1 1 1 0 1
0.021419941800435 0 1 0 0 0 0 0 0 0 0 0 1 1 1 0 0 1 1 0 1 0 1 0 1 1
0.023111330384052 0 1 0 0 0 0 0 0 0 0 0 1 1 0 1 0 1 1 0 1 0 1 1 0 1
0.025798141256619 0 1 0 0 0 0 0 0 0 1 0 1 1 1 1 0 1 1 1 1 0 1 1 0 1
0.013207819876329 1 0 0 0 0 0 0 0 0 0 1 1 1 0 1 0 1 1 1 0 0 1 1 0 1
0.012593060855139 1 0 0 0 0 0 0 0 0 1 1 1 1 0 1 1 1 1 1 0 1 1 0 0 1
0.017095069038391 1 0 0 0 0 0 0 0 0 1 1 1 0 1 1 1 1 1 1 0 0 1 1 0 1
0.018890971411060 0 1 0 0 0 0 0 0 0 0 1 1 1 0 1 0 1 1 0 1 0 1 0 0 1
0.031717897539872 1 0 0 0 0 0 1 0 0 0 1 1 1 0 1 1 1 1 1 0 0 1 1 0 1
0.021085949813434 1 0 0 0 0 0 0 0 1 0 1 1 1 0 1 1 1 1 1 0 0 1 1 0 1
0.012724806175640 1 0 0 0 0 0 0 0 0 0 1 1 1 0 1 1 1 1 1 1 0 1 1 0 1
0.089036779399902 1 1 0 0 0 0 0 0 1 1 1 1 0 1 1 1 1 1 0 1 0 1 1 0 1
0.011680399412135 1 0 0 0 0 0 0 0 0 0 1 1 1 0 0 1 1 1 1 0 0 1 1 0 1
0.046106696414385 1 0 0 0 0 1 0 0 0 0 1 1 1 0 1 1 1 1 1 0 0 1 1 0 1
0.024020374673245 1 0 0 0 0 0 0 0 0 1 1 1 1 0 1 1 1 1 1 0 0 1 1 0 1
0.017508907862469 1 0 0 0 0 0 0 0 0 0 0 1 1 1 0 1 1 1 0 1 0 1 1 1 0
0.012580176104476 0 1 0 0 0 0 0 0 0 0 0 1 1 1 1 1 0 1 1 1 0 1 1 0 1
0.015801412710846 0 1 0 0 0 0 0 0 0 0 1 1 0 1 0 1 1 1 1 0 0 1 1 0 1
0.022120871676374 0 1 0 0 0 0 0 0 0 0 0 1 1 1 0 0 1 1 0 1 0 1 1 0 1
0.045326726653223 0 1 0 0 0 0 0 0 0 0 1 1 1 0 1 1 1 1 1 0 0 1 1 0 0
0.033713405296566 1 0 0 0 0 0 0 0 0 0 0 1 0 1 0 1 1 1 1 0 0 1 1 1 1
0.117969097541385 0 1 0 1 0 0 0 0 0 0 1 1 0 1 0 1 1 1 1 0 0 1 0 1 1
0.013715427753936 0 1 0 0 0 0 0 0 0 0 1 1 0 1 1 1 1 1 0 1 0 1 1 0 1
0.013947801284652 1 0 0 0 0 0 0 0 0 0 1 1 0 1 0 1 1 1 1 0 0 1 1 0 1
0.020800953807892 0 1 0 0 0 0 0 0 1 0 0 1 1 1 1 1 1 1 0 1 0 1 1 0 1
0.031438207148323 0 0 1 0 0 0 0 0 1 0 0 1 0 1 1 1 1 1 0 1 0 1 1 0 1
0.018371582577755 0 0 1 0 0 0 0 0 0 0 0 1 1 1 1 0 1 1 0 1 0 1 1 0 1
0.013324369039752 0 0 1 0 0 0 0 0 0 0 0 1 1 1 1 1 0 1 1 1 0 1 1 0 1
0.023050595836614 0 0 1 0 0 0 0 0 0 0 0 1 0 1 1 1 1 1 1 1 0 0 1 1 1
0.017276184637765 0 0 1 0 0 0 0 0 0 0 1 1 0 1 1 1 1 1 1 0 0 1 1 0 1
0.018598804534498 0 0 1 0 0 0 0 0 0 0 0 1 0 1 1 1 0 1 1 0 0 1 1 1 0
0.036240307299875 0 0 1 0 0 0 0 0 1 0 1 1 0 1 1 1 1 1 1 0 0 0 1 1 0
0.036904830370025 0 0 1 0 0 0 0 0 0 0 0 1 0 1 1 1 1 1 0 0 0 1 1 1 1
0.057821875780319 0 0 1 0 0 0 0 0 0 0 0 1 0 1 1 0 0 1 1 1 0 1 1 0 1
0.018729884477832 1 0 0 0 0 0 0 0 0 0 0 1 1 1 1 1 0 1 1 1 0 1 1 1 0
0.018814590044927 0 0 1 0 0 0 0 0 0 0 1 0 1 1 1 1 0 1 1 0 0 1 1 1 0
0.031864214460520 0 0 1 0 0 0 0 0 1 0 0 1 1 1 1 1 0 1 0 1 0 1 1 0 0
0.086681069017369 0 1 1 0 0 0 0 0 1 0 1 1 1 1 1 1 0 1 0 1 0 1 1 0 1
0.035459373932234 1 0 0 0 0 0 1 0 0 0 1 1 1 1 0 1 1 1 1 0 0 1 1 1 0
0.029627330386350 0 0 1 0 0 0 0 0 0 0 1 1 1 1 1 0 1 1 1 0 1 0 1 0 1
0.017558603592100 0 0 1 0 0 0 0 0 0 0 0 1 1 1 1 1 0 1 1 1 0 1 1 1 0
0.067300073006482 0 1 0 0 0 0 1 0 1 0 0 1 0 1 1 1 1 1 0 0 0 1 1 0 1
0.052067490243766 0 0 1 0 0 1 0 0 0 0 1 1 1 1 1 1 0 1 1 0 0 1 1 0 0
0.017113779930532 1 0 0 0 0 0 0 0 1 0 1 1 0 1 1 1 1 1 0 0 1 1 0 0 1
0.038861440294524 0 0 1 0 0 0 0 1 0 0 0 1 1 1 1 1 0 0 1 1 0 0 1 1 0
0.022298727010283 0 1 0 0 0 0 0 0 0 0 1 1 1 1 1 0 1 1 1 1 0 1 1 0 1
0.019780877006131 0 1 0 0 0 0 0 0 0 1 0 0 1 1 0 1 1 1 0 1 0 1 0 1 1
0.084615668500709 0 1 0 0 1 0 0 1 0 1 1 1 1 1 1 1 1 0 1 0 1 0 1 0 0
0.016707446821334 0 0 1 0 0 0 0 0 0 0 0 0 1 1 1 1 0 1 1 1 0 1 0 1 1
0.042248064565889 0 0 1 0 0 0 0 0 1 0 0 1 1 1 1 1 0 1 1 0 0 1 1 0 1
0.027619937329254 1 0 0 0 0 0 0 0 0 0 0 1 1 0 1 1 1 1 0 1 0 1 0 1 1
0.083326332908553 0 0 1 0 1 0 0 0 0 0 1 1 1 0 1 0 1 0 0 1 1 0 0 0 1
0.078540974910520 0 1 0 1 0 0 0 1 1 1 1 1 1 1 1 1 0 0 1 1 0 0 1 0 0
0.096085945191228 1 0 1 0 0 0 0 0 1 0 1 1 0 1 1 1 0 1 1 0 0 0 1 1 1
0.032799333716352 0 1 0 0 0 0 0 0 0 0 1 0 0 1 0 1 1 1 0 1 0 1 0 1 1
0.021597816594782 0 0 1 0 0 0 0 0 0 0 0 1 1 0 1 1 1 0 0 1 0 0 1 1 0
0.108495346770760 1 1 0 0 1 0 0 1 1 1 1 1 1 1 0 1 0 0 1 0 0 0 1 0 0
0.051721631650635 0 1 0 0 0 1 0 0 0 1 0 1 1 1 1 1 1 1 0 1 0 1 1 0 1
0.198663817760402 0 1 1 1 0 0 1 1 1 1 1 1 1 1 1 1 1 0 0 0 0 0 1 1 0
0.046790194734419 0 0 0 1 0 0 0 0 0 1 1 0 1 1 1 1 1 0 1 1 0 0 1 1 0
0.036476618540452 0 1 0 0 0 0 1 0 0 0 1 1 1 1 1 1 0 0 1 1 0 1 1 0 0
0.053725482039642 0 1 0 0 1 0 0 0 0 0 1 1 1 1 1 1 1 0 0 1 0 1 0 1 0
0.090267795063923 0 1 0 0 1 0 0 1 0 1 1 1 1 1 0 1 1 0 1 1 0 0 0 1 0
0.086111402557475 0 0 1 0 1 0 0 0 1 0 1 1 1 1 1 1 1 1 0 1 0 1 1 0 1
0.141883322218835 1 1 1 0 0 0 0 1 1 1 1 1 1 0 0 0 0 0 0 1 0 0 1 0 0
0.057765336797476 0 0 1 0 0 0 0 1 0 1 0 0 1 1 1 1 1 0 1 1 0 0 1 1 0
0.027105504659481 0 0 1 0 0 0 0 0 0 0 1 0 1 1 1 1 1 1 0 1 0 1 0 1 1
0.047332601705040 0 0 1 0 0 1 0 0 0 0 0 1 1 1 1 1 1 0 0 1 0 0 1 1 0
0.034981602876627 0 1 0 0 0 0 0 0 1 0 0 1 1 1 1 1 0 1 1 1 0 1 1 0 0
0.095480558692820 1 0 0 1 0 0 0 0 0 0 0 1 1 1 0 1 1 0 0 1 0 1 1 1 0
0.081383285915191 0 0 0 1 0 1 0 0 0 1 1 1 1 1 1 1 0 0 1 1 0 0 1 0 0
0.020662223418534 1 0 0 0 0 0 0 0 1 0 0 1 1 1 1 1 1 1 0 1 0 1 1 0 1
0.053655563097205 1 0 0 1 0 0 0 0 1 1 1 1 1 0 1 1 0 1 0 1 1 0 0 0 1
0.024127647161939 1 0 0 0 0 0 0 0 1 0 1 1 1 0 1 1 1 1 0 1 1 1 0 0 1
0.020400242556338 1 0 0 0 0 0 0 0 0 0 1 1 0 0 0 1 1 0 1 0 0 0 1 1 0
0.044900362515757 0 1 0 0 0 0 0 0 0 0 1 1 0 0 0 1 1 0 0 1 0 0 0 1 1
0.024056784669609 0 1 0 0 0 0 0 0 0 1 1 0 1 1 1 1 1 1 0 1 0 1 1 0 1
0.057272582877424 0 1 0 0 1 0 0 0 0 1 1 1 1 1 1 1 1 1 0 1 0 1 1 0 1
0.028172645201984 1 0 0 0 0 0 0 0 0 0 1 1 1 1 1 1 1 1 1 0 1 1 1 0 1
0.061890574100811 1 0 0 0 1 0 0 0 1 0 1 1 0 1 1 1 1 1 0 0 0 1 1 0 1
0.032784001493517 0 0 0 1 0 0 0 0 0 0 1 0 1 1 1 1 0 0 1 1 0 1 0 1 0
0.067103173865427 0 0 0 1 0 1 0 0 0 0 1 1 1 1 1 1 0 0 1 0 0 1 0 1 0
0.103884677279094 0 0 0 1 0 0 0 0 0 0 1 1 1 1 1 0 0 0 1 1 0 0 0 1 0
0.052495757297405 0 0 1 0 0 0 1 0 0 0 0 1 1 0 1 1 1 0 1 1 0 0 0 1 1
0.030380990409652 0 0 0 1 0 0 0 0 0 0 0 1 1 1 1 1 0 1 1 0 0 1 1 1 0
0.049679662543407 0 0 0 1 0 0 0 0 0 0 1 0 1 1 0 1 1 0 1 0 0 1 1 1 0
0.039234487969733 1 0 0 0 0 0 1 0 0 0 1 1 0 0 1 1 1 0 1 0 0 0 1 1 0
0.069914399855087 0 0 0 1 0 0 0 0 0 1 1 0 1 1 1 1 0 1 1 1 0 1 1 0 0
0.113744874556499 0 0 0 0 0 0 0 0 0 0 0 0 1 1 1 1 0 1 1 1 0 1 1 1 0
0.104488830745724 0 0 1 1 0 0 0 0 0 0 0 1 1 1 0 1 0 1 0 0 0 1 1 1 0
0.024804078771626 0 1 0 0 0 0 0 0 0 1 1 0 1 1 0 1 1 0 1 1 0 1 0 0 1
0.026001898127173 0 1 0 0 0 0 0 0 0 1 0 0 1 1 1 1 0 0 1 1 1 1 0 0 1
0.022377425181326 0 1 0 0 0 0 0 0 0 0 1 0 1 0 1 1 0 0 1 1 0 1 0 0 1
0.023903993198887 0 0 1 0 0 0 0 0 0 0 1 0 1 1 1 1 0 0 1 1 1 1 0 0 1
0.023678147798447 0 1 0 0 0 0 0 0 0 0 1 0 1 0 1 1 1 0 0 1 1 1 0 0 1
0.017335553507281 0 1 0 0 0 0 0 0 0 0 1 1 0 1 1 1 0 0 1 1 0 1 0 0 1
0.042649205613275 0 1 0 0 0 0 0 0 1 1 0 1 0 1 1 1 0 1 0 1 0 1 0 0 1
0.018716655827004 0 1 0 0 0 0 0 0 0 1 1 0 1 1 1 1 0 1 1 1 0 1 0 0 1
0.028425496692706 0 0 1 0 0 0 0 0 0 1 1 0 1 1 1 1 1 0 1 1 0 1 0 0 1
0.028039901945551 0 1 0 0 0 0 0 0 0 1 1 0 0 1 1 1 1 0 1 1 0 1 0 0 1
0.049761183330350 0 1 0 0 1 0 0 0 0 0 1 1 1 1 1 1 0 0 1 1 0 1 1 0 0
0.073639965701437 1 0 0 0 1 0 1 0 0 1 1 1 1 1 1 1 1 0 1 0 0 1 1 0 0
0.060798298582384 0 0 1 0 0 0 1 0 0 0 1 1 0 1 1 1 1 1 1 0 0 0 1 1 0
0.042067092419434 0 1 0 0 0 0 0 0 0 1 1 0 1 0 0 1 1 1 0 0 1 1 0 0 1
0.039187257722081 0 0 1 0 0 0 0 0 1 0 1 0 1 1 1 1 0 1 1 1 0 1 0 0 1
0.067728125878377 0 1 0 1 0 0 0 0 0 1 1 1 1 0 1 1 0 0 1 1 0 0 1 0 0
0.061185496073736 0 0 1 0 0 0 0 1 0 0 0 0 1 1 1 1 0 0 1 1 0 1 0 1 1
0.012406693806507 1 0 0 0 0 0 0 0 0 0 0 1 1 1 0 0 1 1 0 0 0 1 1 1 0
0.012079400820856 1 0 0 0 0 0 0 0 0 0 0 1 1 1 0 1 1 0 1 0 0 1 1 1 0
0.030443364228352 1 0 0 0 0 0 0 0 1 0 1 0 1 0 1 1 1 1 0 1 0 1 0 0 1
0.053101746745609 1 0 0 0 1 0 0 0 1 0 1 1 1 1 1 1 0 1 1 1 0 1 0 0 1
0.054066284937010 0 1 0 0 1 0 0 0 0 1 0 1 1 1 1 1 0 0 1 1 0 1 0 0 1
0.047771092035464 1 0 0 0 1 0 0 0 1 0 0 1 1 1 1 1 0 0 0 1 0 1 1 0 0
0.049268385887244 0 1 0 0 0 0 1 0 0 0 1 0 1 1 1 1 1 0 0 1 0 1 0 1 1
0.055446108618209 0 1 0 0 1 0 0 0 1 0 1 1 1 1 1 1 0 1 0 1 0 1 0 0 1
0.095478321336624 0 1 0 1 0 0 0 1 0 1 0 1 1 1 1 1 0 0 1 0 1 0 1 1 0
0.102600946064201 1 1 0 0 1 0 0 1 1 1 1 1 1 1 1 0 0 0 0 1 0 1 0 0 0
0.040015283809251 1 0 0 0 1 0 0 0 1 1 1 1 1 1 1 1 0 1 0 1 1 0 0 0 1
0.057898955007431 0 1 0 0 0 1 0 0 0 1 1 0 1 1 1 1 0 0 1 1 0 1 0 0 1
0.021638607948731 0 1 0 0 0 0 0 0 0 0 0 1 1 1 1 0 0 0 1 1 1 1 0 0 1
0.050598884819262 1 0 0 0 0 0 1 0 1 0 1 1 0 1 1 1 1 1 0 0 0 1 1 0 1
0.036602542086080 1 0 0 0 1 0 0 0 0 1 1 1 1 1 1 1 0 0 1 1 1 0 1 0 0
0.052001360827284 0 0 1 0 0 0 0 0 0 0 1 0 1 0 1 1 1 0 1 1 1 0 0 0 1
0.054140128259725 1 0 0 0 0 1 0 0 0 0 0 1 0 1 0 1 1 0 0 0 0 0 1 1 0
0.028235008397269 0 1 0 0 0 0 0 0 1 0 1 0 1 1 1 1 0 0 1 1 0 1 0 0 1
0.059418181576666 0 1 0 0 0 0 0 0 0 0 0 0 1 1 0 0 1 0 0 1 0 1 0 1 1
0.022489610241867 0 0 1 0 0 0 0 0 0 0 0 1 1 0 1 0 1 1 0 1 0 0 1 1 0
0.046842107495366 0 1 0 0 0 0 1 0 0 1 0 1 1 1 1 0 1 1 0 1 0 1 0 1 0
0.036834227810722 0 1 0 0 0 0 0 0 0 1 0 1 0 1 1 1 1 1 0 1 0 0 0 1 1
0.021080252705726 0 0 1 0 0 0 0 0 0 0 0 1 1 1 0 0 1 1 1 0 0 0 1 1 0
0.016272105536866 0 0 1 0 0 0 0 0 0 0 0 1 1 1 1 1 0 1 1 0 1 0 1 1 0
0.023723615540508 0 0 1 0 0 0 0 0 0 0 0 1 1 0 1 1 1 1 1 0 0 0 1 1 1
0.014255456635545 0 0 1 0 0 0 0 0 0 0 0 1 1 1 1 0 1 1 1 0 0 1 1 1 0
0.036544605877358 0 1 0 0 0 0 0 0 1 0 1 1 0 1 0 1 1 1 0 1 0 1 0 0 1
0.025474277764365 0 0 1 0 0 0 0 0 0 0 0 1 1 0 1 1 0 0 1 1 1 0 0 1 1
0.044384961412645 0 0 1 0 0 0 0 0 0 0 0 0 1 1 0 1 1 1 1 0 0 1 1 1 0
0.032402886751251 0 0 1 0 0 0 0 0 0 0 0 1 1 1 1 1 0 1 1 1 0 0 1 1 1
0.039745770535489 0 0 1 0 0 0 0 1 0 0 0 1 1 0 1 1 1 0 1 1 0 0 0 1 1
0.082198470643251 0 1 1 0 0 0 0 0 1 1 0 1 1 1 0 0 1 1 0 0 1 0 0 1 0
0.027184708189475 0 0 1 0 0 0 0 0 0 0 1 0 1 1 1 0 1 1 1 0 0 0 1 1 0
0.059818996967629 1 0 0 1 0 0 0 0 1 1 1 1 0 1 1 1 0 1 0 1 0 0 1 0 1
0.035638513778572 1 0 0 0 0 1 0 0 0 0 0 1 1 1 1 0 0 0 0 1 1 0 0 1 0
0.016570002889263 1 0 0 0 0 0 0 0 1 0 0 1 1 1 1 1 1 1 0 1 0 1 1 1 0
0.027582793334887 0 1 0 0 0 0 0 0 0 1 0 1 1 1 0 1 1 1 1 1 0 1 0 0 1
0.038810648876722 0 0 0 1 0 0 0 0 0 0 1 0 1 0 1 1 0 0 1 1 0 1 0 0 1
0.021553606851473 0 0 0 1 0 0 0 0 0 0 0 0 1 0 1 1 0 0 1 1 0 0 0 1 1
0.056111077550479 0 0 0 1 0 0 0 0 0 0 1 0 1 0 1 1 0 0 1 0 0 0 1 1 0
0.036374766338392 0 0 0 1 0 0 0 0 0 1 0 0 1 1 1 1 0 0 1 1 0 1 0 0 1
0.019949471224894 0 0 0 1 0 0 0 0 0 0 0 0 1 0 1 1 1 0 0 1 0 1 0 1 1
0.019800720204925 0 0 0 1 0 0 0 0 0 0 1 0 1 0 1 1 1 1 1 0 0 1 0 1 1
0.021308284747632 0 0 0 1 0 0 0 0 0 0 0 0 1 1 1 1 0 0 1 1 0 1 0 1 1
0.032495051272020 0 0 0 1 0 0 0 0 0 0 1 0 0 0 1 1 1 0 0 1 0 0 0 1 1
0.047732898913418 0 0 0 1 0 0 0 0 0 1 1 0 1 0 1 1 1 1 0 1 0 1 0 0 1
0.036344060937300 0 0 0 1 0 0 0 0 0 0 1 0 0 0 1 1 1 0 1 0 0 1 0 1 1
0.035193605058652 0 0 0 1 0 0 0 0 0 0 1 0 1 0 1 1 1 0 0 0 1 1 0 1 0
0.055485044546026 0 0 0 1 0 0 0 0 0 0 1 0 1 0 0 1 1 0 1 0 0 0 0 1 1
0.045649287162630 0 0 0 1 0 0 0 0 0 1 0 0 1 1 1 1 1 0 0 1 0 1 1 0 1
0.036413145173607 0 0 0 1 0 0 0 0 0 1 0 0 1 1 1 1 1 0 0 1 0 1 0 1 0
0.033867498393074 0 0 0 1 0 0 0 0 0 0 0 1 0 0 1 1 0 0 1 1 0 0 0 1 1
0.033565246424431 0 0 0 1 0 0 0 0 0 0 1 1 1 0 1 1 1 1 1 0 0 1 1 0 1
0.016089474046129 0 0 0 1 0 0 0 0 0 0 0 1 0 0 1 1 1 1 1 0 0 0 1 1 1
0.070682792096564 0 0 0 1 0 1 0 0 0 0 0 1 1 0 1 1 1 0 0 0 0 0 1 1 0
0.037124861051596 0 0 0 1 0 0 0 0 0 1 0 1 1 0 1 1 1 1 1 1 0 0 1 0 1
0.027690890848956 0 0 0 1 0 0 0 0 0 1 0 1 0 1 1 1 1 1 1 0 0 1 1 0 1
0.018637588542532 0 0 0 1 0 0 0 0 0 0 0 1 0 0 1 1 1 1 0 0 0 1 1 0 1
0.022713725401867 0 0 0 1 0 0 0 0 0 0 0 1 1 1 1 1 0 1 1 1 0 1 1 0 1
0.024927694819116 0 0 0 1 0 0 0 0 0 0 0 1 0 0 1 1 0 1 1 0 0 0 1 0 1
0.057611731260240 0 0 0 1 0 0 0 0 1 0 0 0 1 0 1 1 0 1 0 1 0 1 0 0 1
0.026001219821543 0 0 0 1 0 0 0 0 0 0 0 1 0 1 1 1 0 0 1 0 1 0 1 0 1
0.040816260416068 0 0 0 1 0 0 0 0 0 1 0 1 0 0 1 1 1 1 0 0 1 0 1 0 1
0.022201620167079 0 0 0 1 0 0 0 0 0 0 0 1 1 0 1 1 0 1 1 0 1 0 0 1 1
0.019350743573683 0 0 0 1 0 0 0 0 0 0 0 0 1 1 1 1 0 0 1 0 1 0 1 1 0
0.019249800050351 0 0 0 1 0 0 0 0 0 0 0 0 0 1 1 1 0 0 1 0 1 0 0 1 1
0.045342843677344 0 0 0 1 0 0 0 0 0 0 1 0 0 0 1 1 0 1 1 0 1 0 0 1 1
0.070247402613292 0 0 0 1 0 1 0 0 0 0 0 1 1 1 1 1 0 0 1 0 1 0 0 1 1
0.019335694162382 0 0 0 1 0 0 0 0 0 0 0 0 1 1 1 1 0 0 1 0 1 1 0 0 1
0.028316805229750 0 0 0 1 0 0 0 0 0 0 0 0 1 1 1 1 0 1 0 0 1 1 0 1 1
0.015260303844084 0 0 0 1 0 0 0 0 0 0 0 0 1 1 1 1 0 1 1 0 0 1 1 0 1
0.018945143304646 0 0 0 1 0 0 0 0 0 0 0 0 0 1 1 1 1 0 0 0 1 1 0 1 1
0.025501830923458 0 0 0 1 0 0 0 0 0 0 0 1 1 1 1 0 1 1 1 0 0 1 1 0 1
0.032739424029549 0 0 0 1 0 0 0 0 0 1 0 0 1 1 1 1 1 1 0 0 1 1 1 0 1
0.016569462522428 0 0 0 1 0 0 0 0 0 0 0 0 1 1 0 1 1 1 1 0 0 1 0 1 1
0.037940708718649 0 0 0 1 0 0 0 0 0 0 0 1 0 0 1 1 1 1 1 0 0 0 0 1 1
0.170082412770719 0 0 1 1 0 0 0 0 0 0 0 0 1 1 0 1 0 0 1 0 1 0 0 1 1
0.056085826810827 0 0 0 1 0 0 1 0 0 0 0 1 1 1 1 1 0 1 1 0 0 1 1 0 1
0.060711329297470 0 0 0 1 0 1 0 0 0 0 0 1 1 1 1 1 0 1 1 0 0 1 1 0 1
0.035912422336533 0 0 0 1 0 0 0 0 0 1 0 0 1 1 0 1 1 1 1 0 0 0 1 1 0
0.021656393213211 0 0 0 1 0 0 0 0 0 0 1 0 0 1 1 1 1 1 1 0 0 1 1 0 1
0.057381995542904 0 0 0 1 0 0 0 0 0 1 1 0 1 1 1 1 0 1 1 0 1 1 0 0 1
0.021778396336385 0 0 0 1 0 0 0 0 0 0 0 0 1 1 1 1 1 0 1 0 0 1 1 0 1
0.020983542637914 0 0 0 1 0 0 0 0 0 0 0 0 0 1 1 1 1 1 0 0 0 0 1 1 1
0.017373128968227 0 0 0 1 0 0 0 0 0 0 0 0 0 1 1 1 0 1 1 0 0 1 0 1 1
0.089243293881007 1 1 0 0 0 0 1 1 1 1 1 1 1 1 1 1 0 0 1 1 0 0 1 1 0
0.087543025793219 0 0 0 1 0 1 0 0 0 0 1 0 1 1 0 1 1 0 0 0 0 1 0 1 0
0.034433196795528 0 0 0 1 0 0 0 0 0 0 0 0 0 1 0 1 1 1 0 0 0 1 1 0 1
0.058050991686703 0 0 0 1 0 0 1 0 0 0 0 0 1 1 1 1 1 0 0 1 0 1 0 1 1
0.018044371193925 0 0 0 1 0 0 0 0 0 0 0 0 1 0 1 1 1 0 0 1 1 0 0 1 1
0.034301719950360 0 0 0 1 0 0 0 0 0 1 0 0 0 1 1 1 1 1 0 1 0 0 1 0 1
0.134973614449443 0 1 1 0 1 0 0 1 1 1 1 1 1 1 1 1 0 0 0 1 0 1 0 0 1
0.030651669082021 0 0 0 1 0 0 0 0 0 0 0 1 1 0 1 0 1 1 0 0 1 0 1 0 1
0.042339763225309 0 0 0 1 0 0 0 0 0 0 0 0 0 1 1 1 0 0 1 1 0 1 0 0 1
0.028061477721797 0 0 0 1 0 0 0 0 0 0 0 0 0 0 1 1 1 0 0 0 1 0 0 1 1
0.021117834809176 0 1 0 0 0 0 0 0 0 0 1 0 0 1 1 1 0 0 1 0 1 1 0 0 1
0.101071388992023 0 1 0 1 0 0 0 0 1 1 0 1 0 1 0 1 1 1 0 0 0 0 1 0 1
0.058513593425677 1 1 0 0 0 0 0 1 0 1 1 1 1 1 0 0 1 0 1 0 1 0 0 1 0
0.025672250289465 1 0 0 0 0 0 0 0 1 1 0 1 1 1 1 0 1 1 0 1 0 1 1 0 0
0.026275117101917 0 0 0 1 0 0 0 0 0 0 0 1 0 1 1 1 0 1 1 0 1 0 1 1 0
0.026222837317294 1 0 0 0 0 0 1 0 0 0 0 1 1 1 1 0 1 1 0 0 0 1 1 1 0
0.032044981141889 0 0 0 1 0 0 0 0 0 0 0 1 1 0 1 1 1 1 0 1 0 0 1 0 1
0.144642262875262 1 1 1 0 0 0 1 1 1 1 1 1 1 0 0 1 0 0 0 0 1 0 0 1 0
0.059630465089279 1 1 0 0 0 0 0 1 1 1 1 1 1 0 1 0 0 0 1 1 1 0 0 0 0
0.043843604396162 1 0 0 0 0 0 1 0 0 1 1 1 1 1 1 0 1 1 1 0 1 1 0 0 1
0.072699445654256 1 1 0 0 0 0 1 0 0 1 1 1 1 1 0 0 1 0 1 0 0 1 1 0 0
0.074129041520345 1 0 0 0 1 0 0 1 0 0 1 1 1 0 1 1 0 0 0 1 1 0 0 1 0
0.042203110819230 1 0 0 0 0 0 0 0 1 0 0 1 0 1 0 1 1 1 0 0 0 1 1 0 0
0.023218632829223 0 1 0 0 0 0 0 0 0 0 1 0 1 1 1 1 0 0 1 1 0 1 1 0 0
0.038089175661217 0 0 1 0 0 0 0 0 1 0 0 1 1 0 1 1 0 1 1 0 0 0 1 1 0
0.028830965862959 0 0 0 1 0 0 0 0 0 0 0 0 0 1 0 1 1 1 1 0 0 0 1 1 1
0.057196770240875 0 0 1 0 0 0 1 0 0 0 0 1 1 1 1 0 1 1 1 1 0 0 1 0 1
0.021791791867365 1 0 0 0 0 0 0 0 0 1 1 1 1 0 1 0 1 1 0 1 1 0 0 0 1
0.022768661754339 0 0 0 1 0 0 0 0 0 0 0 0 1 1 1 1 1 1 0 1 0 1 0 1 1
0.034656555948862 0 0 1 0 0 0 0 0 0 0 0 1 1 0 1 0 1 1 1 1 0 0 1 0 1
0.040857121578447 1 0 0 0 1 0 0 0 0 1 1 1 1 1 0 1 1 0 1 1 0 0 1 0 1
0.059279508997579 1 1 0 0 0 0 1 0 1 1 1 1 1 1 1 0 0 0 1 1 0 1 0 0 0
0.014495195005109 1 0 0 0 0 0 0 0 0 0 0 1 1 1 1 0 1 1 0 1 0 1 1 1 0
0.031856632743282 0 0 0 1 0 0 0 0 0 0 0 1 0 1 1 1 0 1 1 0 0 0 1 1 1
0.023738585927376 0 0 0 1 0 0 0 0 0 0 0 0 1 1 1 1 0 0 1 0 1 1 0 1 0
0.021587671960723 0 0 0 1 0 0 0 0 0 0 0 1 1 0 1 1 1 1 0 0 1 0 1 1 0
0.020279085217141 1 0 0 0 0 0 0 0 0 0 1 1 0 0 1 1 1 1 1 0 0 0 1 1 1
0.028470517306493 0 1 0 0 0 0 0 0 0 0 0 1 0 1 0 1 1 1 1 0 0 1 0 1 1
0.036331983216631 0 0 0 1 0 0 0 0 0 0 0 0 1 0 1 1 1 1 1 0 0 1 1 0 1
0.011874507900725 1 0 0 0 0 0 0 0 0 0 1 0 1 1 0 1 1 0 1 0 0 1 1 0 1
0.016097116940624 1 0 0 0 0 0 0 0 0 1 1 0 1 1 0 1 1 0 1 0 1 1 0 0 1
0.045081371329470 1 0 0 0 1 0 0 0 0 0 1 1 1 1 0 1 1 0 1 0 1 1 0 0 1
0.029496857718512 1 0 0 0 0 0 0 0 1 0 1 0 0 1 1 1 0 0 1 0 1 1 0 0 1
0.012513393394654 1 0 0 0 0 0 0 0 0 1 1 0 1 1 1 1 1 1 1 1 0 1 1 0 1
0.042374004076967 1 0 0 0 0 0 1 0 0 0 1 1 1 1 0 0 1 0 1 0 0 1 0 1 0
0.022242278962206 1 0 0 0 0 0 0 0 0 0 1 0 1 0 1 1 0 0 1 1 1 0 0 1 1
0.036499869909273 0 0 1 0 0 0 0 0 1 0 0 1 0 0 1 1 1 1 0 1 0 0 0 1 1
0.012330608781622 1 0 0 0 0 0 0 0 0 1 1 0 1 1 1 0 1 1 1 0 1 1 0 0 1
0.011817449180608 1 0 0 0 0 0 0 0 0 1 1 0 1 1 1 1 0 1 1 0 1 1 0 0 1
0.013003686545345 1 0 0 0 0 0 0 0 0 0 0 1 1 1 0 0 1 1 1 0 0 1 1 0 1
0.010698740077116 1 0 0 0 0 0 0 0 0 0 1 1 1 1 0 0 1 1 1 0 1 1 0 0 1
0.023777513453177 1 0 0 0 0 0 0 0 1 0 1 0 1 1 0 0 1 1 1 0 0 1 0 0 1
0.020472526463420 1 0 0 0 0 0 0 0 0 0 1 0 1 1 0 1 1 1 1 0 0 1 0 1 1
0.029949077690669 1 0 0 0 0 0 0 0 0 1 1 0 1 1 0 0 1 1 1 1 0 1 0 0 1
0.036800450205485 0 1 0 0 0 0 0 1 0 0 1 1 0 1 1 1 1 0 1 0 1 0 1 1 0
0.075052058565848 0 1 0 0 0 1 0 1 0 0 1 1 1 1 1 1 0 0 1 1 0 0 1 1 0
0.039003553718222 0 0 1 0 0 0 0 1 0 0 0 1 0 1 1 1 1 1 1 0 0 0 1 1 1
0.159898364178898 0 0 1 1 0 1 0 1 0 0 1 1 1 1 1 1 0 0 1 0 0 0 1 1 0
0.033363136745233 0 0 1 0 0 0 0 1 0 0 0 1 1 1 1 1 1 1 0 1 0 1 1 1 0
0.040424420455569 0 1 0 0 0 0 0 1 0 1 0 1 1 1 1 1 1 1 1 1 0 0 1 1 0
0.037471183002281 0 1 0 0 0 0 0 1 0 0 1 1 1 1 1 1 0 0 1 1 0 1 1 0 0
0.105662495020230 0 1 1 0 0 0 0 1 1 0 1 1 1 1 1 1 0 1 1 0 0 1 1 1 0
0.023177211835832 0 1 0 0 0 0 0 1 0 0 0 1 1 1 1 1 1 0 0 1 1 0 1 1 0
0.072123284816446 0 1 0 0 0 0 0 1 0 1 0 1 1 1 1 0 1 0 1 1 1 0 1 0 0
0.087632792376576 0 1 0 0 1 0 0 1 0 0 1 1 1 1 1 1 1 0 0 1 1 1 0 1 0
0.093920503000455 1 1 0 0 0 0 0 1 1 1 0 1 1 1 0 0 1 1 0 1 0 0 1 1 0
0.067965249404486 1 1 0 0 0 0 0 0 0 1 1 1 1 1 0 0 1 0 1 0 1 1 0 0 1
0.043509358065180 0 1 0 0 0 0 0 1 0 0 1 1 1 1 0 1 1 0 1 1 0 0 1 1 0
0.043582103481206 1 0 0 0 0 0 0 0 1 0 1 1 1 0 1 0 0 1 1 1 1 0 0 0 1
0.034045220389109 1 0 0 0 0 0 0 0 0 0 1 0 1 1 0 0 1 0 1 0 1 1 0 1 0
0.026971321369531 1 0 0 0 0 0 0 0 0 0 0 1 1 0 1 1 0 1 0 1 1 0 1 1 0
0.017263023955090 1 0 0 0 0 0 0 0 1 0 1 0 1 1 0 1 1 1 0 0 1 1 0 0 1
0.079672005336181 1 0 0 0 0 1 0 1 0 0 0 1 1 1 1 1 0 0 0 1 1 0 1 1 0
0.037473262411864 0 0 0 1 0 0 0 0 0 0 0 1 1 0 1 1 0 0 0 1 1 0 0 1 0
0.040122642446747 0 0 0 0 1 0 0 0 0 0 1 0 1 1 1 1 1 0 1 1 0 1 0 0 1
0.124132674460024 0 0 0 0 0 0 0 0 0 0 1 0 1 0 1 1 1 1 1 1 0 1 0 0 1
0.090490083228014 0 0 0 1 1 0 0 0 0 0 1 0 1 1 1 1 0 0 1 1 0 1 0 0 1
0.069186802284207 0 1 0 0 1 0 0 0 0 1 1 0 1 1 0 1 1 0 0 1 0 1 0 0 1
0.106005102892517 0 0 1 0 1 0 0 0 1 0 1 0 1 1 1 1 0 0 1 1 0 1 0 0 1
0.051961786089212 0 0 0 0 1 0 0 0 0 0 0 1 1 1 1 1 1 0 1 1 0 0 1 0 1
0.060143823781457 0 0 0 1 1 0 0 0 0 0 0 1 1 1 1 1 1 0 0 0 1 0 1 1 0
0.024405603970861 0 0 0 0 1 0 0 0 0 0 0 0 1 1 1 1 1 0 0 1 1 1 0 0 1
0.053873759595076 0 0 0 0 1 0 0 0 0 1 0 0 1 1 1 1 1 0 0 1 1 0 1 0 0
0.028912066866584 0 0 0 0 1 0 0 0 0 0 0 0 1 1 1 1 0 0 1 0 1 1 0 0 1
0.047686403695439 0 0 0 0 1 0 0 0 0 0 0 1 1 1 1 1 0 0 1 1 1 1 0 0 1
0.021972649970340 0 0 0 0 1 0 0 0 0 0 0 1 0 1 1 1 1 1 1 0 0 1 1 0 1
0.071088746503482 0 0 0 1 1 0 0 0 0 0 0 1 1 1 1 1 1 1 0 0 0 1 1 0 1
0.038608256549981 0 0 0 0 1 0 0 0 0 0 0 1 1 1 1 1 1 0 1 0 1 1 1 0 0
0.031683081349120 0 0 0 0 1 0 0 0 0 0 1 0 0 1 1 1 1 0 1 0 1 1 0 0 1
0.022663609423967 0 0 0 0 1 0 0 0 0 0 0 0 1 1 1 1 1 0 1 0 1 1 1 0 1
0.039942616741537 0 0 0 0 1 0 0 0 0 1 0 0 1 1 1 1 1 0 1 0 1 1 0 0 1
0.034437433278271 0 0 0 0 1 0 0 0 0 0 0 1 1 1 1 0 1 1 1 0 1 0 1 0 1
0.026872484881504 0 0 0 0 1 0 0 0 0 0 0 1 0 1 1 1 1 0 1 0 1 0 1 0 1
0.112063217433459 0 1 0 0 1 0 0 0 1 1 0 1 0 1 1 1 1 1 0 0 1 1 0 0 1
0.056321765609035 0 0 1 0 1 0 0 0 0 0 1 1 1 1 1 1 1 0 1 0 1 0 1 0 1
0.035241051744437 0 0 0 0 1 0 0 0 0 0 0 1 1 0 1 1 1 1 0 0 1 0 1 0 1
0.059432188586222 0 0 0 0 1 1 0 0 0 0 0 1 1 1 1 1 1 1 0 0 0 1 1 0 1
0.031563209825481 0 0 0 0 1 0 0 0 0 0 0 1 1 1 0 1 1 1 1 0 0 1 1 0 1
0.048704794018327 0 0 0 0 1 0 0 0 0 0 1 0 1 1 1 1 1 0 1 0 1 0 1 0 1
0.038619907736551 0 0 0 0 1 0 0 0 0 1 0 0 1 1 1 1 1 1 0 1 0 1 1 0 1
0.053250539861498 0 0 0 0 1 0 0 0 0 0 0 1 1 1 1 1 1 1 0 0 1 1 1 0 1
0.064727525892654 1 0 0 0 1 0 0 0 0 1 1 0 1 1 0 1 1 0 1 0 0 1 1 0 0
0.060455917824453 0 1 0 0 1 0 0 0 0 0 1 1 1 0 1 1 1 0 1 0 0 1 1 0 1
0.023950272453370 0 0 1 0 0 0 0 0 0 1 0 1 1 1 1 0 1 1 1 1 0 0 1 0 1
0.016359174401099 0 0 1 0 0 0 0 0 0 1 0 0 1 1 1 1 1 1 0 1 0 1 1 0 1
0.020564279234773 0 0 1 0 0 0 0 0 0 1 0 0 1 1 1 1 1 0 1 0 1 0 1 0 1
0.018931334484286 0 0 1 0 0 0 0 0 0 1 0 0 1 1 1 1 1 0 0 1 1 1 0 0 1
0.064441799222762 0 0 1 0 0 1 0 0 0 1 0 0 1 1 1 1 1 0 0 1 0 0 1 0 1
0.021748178106181 0 0 1 0 0 0 0 0 0 0 0 1 0 1 1 1 1 0 1 0 1 0 1 0 1
0.024168327892104 1 0 0 0 0 0 0 0 0 1 1 0 0 1 0 1 1 1 0 0 1 1 0 0 1
0.063453485882698 1 1 0 0 0 0 0 0 1 1 1 1 1 0 0 0 0 1 1 1 0 0 0 0 1
0.034347426011668 0 0 1 0 0 0 0 0 0 0 0 0 1 1 1 0 1 0 1 1 1 0 1 0 1
0.071992371097044 0 0 1 0 0 0 1 0 0 1 1 0 1 1 1 1 1 0 1 0 1 1 0 0 1
0.072336963230407 0 0 1 0 1 0 0 0 0 1 0 1 1 1 1 0 1 1 1 0 0 0 1 0 1
0.022532659392558 1 0 0 0 0 0 0 0 1 0 0 1 1 1 0 0 1 1 0 1 0 1 0 1 0
0.041077111757403 0 0 1 0 0 0 0 0 0 0 0 0 0 1 1 1 1 1 1 0 0 0 1 1 1
0.073178245096795 0 0 1 0 0 0 0 1 0 1 0 0 1 1 1 1 1 0 0 1 0 1 1 0 1
0.035405326745034 1 0 0 0 0 1 0 0 0 0 1 1 1 1 1 0 0 0 1 0 0 1 1 0 0
0.069726361666133 1 1 0 0 0 0 0 1 1 0 1 1 1 0 1 1 0 0 1 0 0 1 1 0 0
0.062785091051367 1 0 0 0 1 0 0 0 1 1 0 1 1 1 0 1 1 1 0 1 0 0 1 0 1
0.028643934524759 0 0 0 0 1 0 0 0 0 0 0 0 1 1 1 1 1 0 0 1 1 1 0 1 0
0.041963056853160 0 0 0 0 1 0 0 0 0 0 0 1 1 0 1 1 1 1 1 0 0 0 1 1 0
0.129168216835257 0 0 1 0 1 0 0 1 1 0 0 1 1 1 1 1 1 1 0 0 0 0 1 1 0
0.200431837268221 1 1 1 0 1 0 1 1 1 1 1 1 1 0 0 0 0 0 0 0 1 0 0 0 0
0.113135590074254 0 0 0 1 1 0 0 0 0 0 0 1 1 0 1 1 0 1 1 0 1 0 0 1 1
0.041143673679999 1 0 0 0 1 0 0 0 0 0 1 1 1 0 1 1 1 0 0 0 1 0 1 1 0
0.044047850721063 0 0 1 0 0 0 0 1 0 0 0 1 0 1 1 1 1 0 0 1 1 0 0 1 1
0.092832437733989 1 0 1 0 0 0 1 0 1 0 1 1 1 0 1 0 1 1 0 0 0 0 1 1 0
0.069824231467722 1 1 0 0 0 0 1 0 1 1 1 1 1 1 0 0 1 1 0 0 0 1 0 1 0
0.054639785998879 0 0 0 0 1 0 0 0 0 0 0 1 1 0 1 0 1 0 0 1 1 0 1 0 0
0.028247264311532 0 1 0 0 0 0 0 1 0 0 0 1 0 1 1 1 1 0 0 1 0 0 1 1 0
0.093756057175382 1 1 0 0 0 1 0 1 1 1 1 1 0 1 1 1 0 0 0 0 1 0 0 1 0
0.064135445362368 1 0 0 0 0 1 1 0 0 1 1 1 1 1 1 1 1 0 1 0 0 1 1 0 0
0.076111778403445 0 0 0 0 1 1 0 0 0 0 0 1 1 1 1 1 0 0 1 0 1 0 1 0 0
0.012175984533683 1 0 0 0 0 0 0 0 0 1 1 0 1 1 1 0 1 1 1 1 0 0 1 0 1
0.123682018196785 0 1 0 1 0 1 0 0 1 1 1 1 1 1 1 1 0 0 1 0 0 0 1 0 0
0.057986542537287 1 0 0 0 0 0 1 0 0 0 0 0 1 1 0 1 1 0 0 0 0 1 1 1 0
0.026131492396132 0 0 1 0 0 0 0 0 0 1 0 0 1 1 1 1 0 0 1 0 1 1 0 0 1
0.032259398892211 1 0 0 0 0 0 1 0 0 1 1 1 1 1 1 0 1 1 1 0 0 0 1 1 0
0.058069224958936 1 0 0 0 1 0 0 0 0 1 1 1 1 0 1 1 1 1 1 0 1 0 1 0 1
0.022706431919119 0 0 1 0 0 0 0 0 0 1 0 0 1 1 1 0 1 1 1 0 0 1 1 0 1
0.019375127450284 0 0 1 0 0 0 0 0 0 1 0 0 1 1 1 1 1 0 1 1 0 1 1 0 1
0.043239049616388 0 0 0 0 1 0 0 0 0 0 0 1 1 0 1 1 1 0 1 0 0 1 1 0 1
0.018037028593187 1 0 0 0 0 0 0 0 0 0 1 0 1 1 1 1 0 0 1 1 0 0 1 1 0
0.039746403411616 0 0 1 0 0 0 0 0 1 0 0 1 1 0 1 1 1 0 0 1 1 0 0 1 0
0.081492930088026 1 0 0 0 1 0 1 0 1 0 1 1 1 1 1 1 1 0 0 1 0 1 0 1 0
0.050426702268243 0 1 0 0 0 1 0 0 0 0 0 1 1 0 1 1 1 0 0 1 0 0 0 1 1
0.019383042150674 0 0 1 0 0 0 0 0 0 1 0 1 0 1 1 1 1 1 1 0 0 1 1 0 1
0.072831426534908 0 0 1 0 0 1 0 0 0 1 1 0 1 1 1 1 1 0 0 0 1 1 1 0 0
0.088774597002655 0 0 1 0 0 1 0 0 1 0 0 1 1 1 1 1 0 0 1 1 1 0 0 0 1
0.133360706635825 0 0 1 1 0 0 0 1 0 0 0 1 1 1 1 1 1 0 0 1 1 0 1 1 0
0.027882129907606 0 0 0 1 0 0 0 0 0 0 0 0 0 1 1 1 1 1 0 0 0 1 1 1 0
0.046938945446455 0 0 0 0 1 0 0 0 0 0 1 0 1 0 1 1 1 0 0 1 1 0 0 1 0
0.037056023492815 0 0 0 0 1 0 0 0 0 0 0 0 1 1 0 1 1 0 0 0 1 0 1 1 0
