0.307397991418839 1 0 0 0 0 1 1 0 1 1 0 0 1 0 0 1 1 0 1 0 0 1 1 0 1
0.560341179370880 1 0 1 1 0 1 0 0 0 1 0 0 0 0 1 1 1 1 0 0 1 1 1 0 0
0.124006815254688 0 0 1 0 0 1 0 0 1 1 1 0 1 0 1 1 1 0 0 0 1 0 0 1 0
0.235214218497276 1 1 1 0 0 1 0 1 1 1 1 1 1 1 1 0 0 0 1 0 1 1 0 1 1
0.537973761558533 1 1 1 0 1 1 0 0 1 0 1 0 0 1 0 1 0 0 1 1 1 1 1 1 1
0.291661232709885 0 0 1 0 0 1 1 0 1 0 0 0 0 0 0 1 1 0 0 0 0 0 0 0 0
0.375330895185471 1 1 1 1 1 0 1 1 1 0 1 0 1 1 0 1 0 0 0 0 0 1 1 1 1
0.452133506536484 1 1 1 1 1 1 0 1 0 1 1 1 0 0 0 1 1 0 0 1 1 1 0 0 1
0.524139344692230 0 0 0 1 0 1 0 1 1 1 1 0 1 0 0 0 1 0 0 0 1 0 0 1 1
0.534089624881744 1 0 0 1 1 1 0 0 0 1 1 1 0 0 0 0 1 1 1 1 1 1 1 0 1
0.438993662595749 0 1 0 0 1 0 1 1 0 1 0 1 1 0 0 0 0 0 1 0 1 0 1 0 1
0.595218837261200 1 1 0 1 1 1 0 0 1 0 0 0 1 1 0 1 1 1 1 1 1 0 1 0 1
0.166599422693253 1 0 1 0 0 0 1 1 0 1 1 0 0 1 1 1 0 0 0 0 1 0 1 1 0
0.371082782745361 1 1 0 1 0 1 1 1 0 0 1 0 0 1 1 1 0 0 1 1 0 0 0 1 1
0.274615377187729 0 1 1 0 0 1 0 1 1 0 0 0 1 0 0 1 1 0 1 0 0 0 0 0 1
0.380026191473007 0 1 1 1 1 1 0 1 1 0 1 1 1 0 1 1 0 0 1 1 0 0 0 1 0
0.536729097366333 1 0 1 0 1 0 1 1 0 0 1 0 0 0 0 0 1 0 1 1 0 0 1 0 1
0.244545817375183 1 1 0 1 0 0 0 1 1 1 1 0 1 1 0 0 0 1 1 0 1 1 1 0 0
0.151752084493637 0 1 1 0 0 0 0 1 1 0 1 1 1 0 1 0 1 0 1 1 0 1 0 0 0
0.338561803102493 1 1 0 0 0 1 1 0 1 0 0 1 1 1 0 0 0 0 0 1 1 0 1 1 1
0.297998249530792 0 0 0 0 1 0 1 1 1 0 0 1 0 1 0 1 1 0 0 0 0 1 1 0 0
0.553830742835999 0 1 1 1 1 1 0 1 0 0 1 0 1 0 0 1 0 1 0 1 1 0 0 0 1
0.242515563964844 0 0 0 1 0 1 0 0 1 0 1 0 0 1 1 1 0 0 1 1 0 0 1 1 1
0.520176768302917 0 0 1 0 1 0 0 1 0 1 1 0 0 0 0 1 1 0 0 0 1 1 1 1 1
0.527826666831970 0 1 0 0 0 0 0 1 1 0 0 0 0 0 0 1 0 0 0 1 1 1 1 1 1
0.083275557130867 0 0 1 0 0 1 0 0 0 1 1 0 1 1 1 1 1 1 0 0 1 0 0 1 0
0.177202058531144 0 0 0 0 0 1 0 1 1 0 1 0 1 1 0 1 1 0 1 0 0 0 1 0 0
0.236544918454408 0 0 1 0 0 0 1 0 1 1 1 1 1 1 1 0 0 0 0 0 1 0 0 1 0
0.137285914332485 0 1 0 0 0 0 0 1 1 1 1 0 1 1 1 0 1 0 1 0 0 0 1 0 1
0.336138949706192 1 1 1 1 0 0 0 1 0 1 1 1 1 1 1 1 0 0 0 0 1 1 1 1 1
0.270578850615456 1 1 1 1 0 0 0 0 1 1 1 1 1 1 0 1 0 1 0 0 0 1 1 1 0
0.110220793937829 1 0 0 0 0 1 1 0 0 1 0 1 1 1 1 1 1 1 0 0 1 1 1 1 0
0.218790736662898 1 1 0 0 0 1 0 1 1 1 0 0 1 1 1 1 0 1 1 0 0 1 1 0 0
0.313437713121635 1 0 1 0 0 1 1 0 1 0 0 1 1 1 1 1 1 1 0 1 1 0 0 1 0
0.137463729679477 0 1 0 0 1 0 0 1 0 1 1 0 1 1 1 1 1 1 1 1 0 0 0 1 1
0.036198987436655 0 1 0 0 0 0 1 0 0 1 1 1 1 1 1 1 1 1 1 0 0 0 1 1 0
0.348535734459913 1 0 1 0 1 1 0 0 0 1 1 1 0 1 1 1 1 0 1 0 0 0 0 0 0
0.175591464984563 0 1 0 0 0 1 0 1 1 0 0 0 1 1 1 1 1 1 1 0 0 1 1 1 1
0.386913522230683 0 0 0 0 0 1 1 1 1 1 1 0 1 1 1 0 1 0 0 1 0 1 1 0 0
0.048096797863163 0 1 0 0 0 0 0 1 0 1 1 1 0 1 1 1 1 1 0 1 0 0 1 1 0
0.106906234779072 0 1 0 0 0 0 1 0 0 1 0 0 1 1 0 1 1 1 1 0 0 1 1 1 0
0.079288679336927 0 1 0 0 0 0 0 0 1 1 1 1 0 1 0 1 1 1 0 0 0 1 0 0 0
0.071962684227174 0 1 0 0 0 0 0 0 0 1 1 0 1 1 1 1 0 0 1 0 0 1 0 0 1
0.167413475503627 1 1 0 0 0 0 1 1 0 1 1 1 1 0 1 1 1 1 1 0 0 0 0 1 0
0.179403891489290 0 1 1 0 0 0 0 1 1 0 0 1 1 1 1 0 1 1 1 1 0 0 1 1 0
0.193057961176684 0 1 1 0 0 1 0 0 1 1 1 1 0 1 1 1 0 1 1 1 0 0 0 1 0
0.125191315100727 0 1 0 0 0 1 1 0 0 1 1 1 1 1 1 0 1 1 0 0 1 1 1 0 0
0.110617622505440 0 0 0 1 0 0 0 0 0 1 1 1 1 1 1 0 1 0 1 0 0 1 1 0 0
0.069454037395990 1 0 0 0 0 0 0 0 0 0 1 0 0 1 0 1 1 0 1 0 1 0 0 1 0
0.143014826669410 0 0 0 1 0 0 1 0 0 1 1 1 1 1 1 1 1 0 1 1 0 0 1 1 1
0.225115621998525 0 0 0 0 0 0 0 0 0 1 1 1 1 0 1 1 1 1 0 1 0 0 0 1 0
0.278752580569057 0 1 1 0 0 1 1 0 1 1 1 1 1 0 1 1 0 1 1 0 1 1 1 1 1
0.086899493784404 0 1 0 0 1 0 0 1 0 1 1 1 1 1 1 1 1 1 0 1 0 1 0 1 0
0.119680555730321 0 0 0 0 0 0 0 1 0 0 1 1 1 1 1 1 1 1 1 1 0 1 0 1 0
0.333451308583443 1 1 1 0 1 0 0 1 0 1 1 1 1 1 0 1 1 1 1 1 0 1 0 0 1
0.193176134176546 0 0 0 1 0 0 1 1 0 1 1 1 1 1 0 1 0 1 0 0 0 0 0 1 0
0.061283651770895 0 1 0 0 0 0 0 1 0 1 1 0 1 1 1 1 1 0 0 0 1 0 0 1 0
0.081315312678342 0 0 0 1 0 0 0 0 1 0 1 0 0 1 1 0 1 1 0 0 0 0 1 1 0
0.120748374660965 0 0 0 1 0 1 0 0 0 1 1 1 0 1 1 1 1 1 1 0 0 0 0 1 0
0.127520624347106 1 0 0 0 0 0 0 0 1 1 1 0 1 1 1 0 0 1 1 0 0 1 0 1 1
0.130504479228522 1 1 0 0 1 0 0 0 1 1 1 1 1 0 1 0 1 0 1 0 1 1 0 0 0
0.223254356413397 1 1 1 0 0 0 0 0 1 1 1 1 1 0 1 0 1 1 1 0 0 0 0 1 0
0.179603680486585 0 1 0 0 0 1 0 0 0 0 1 1 1 0 1 1 1 0 1 0 0 0 0 0 0
0.135014921016375 1 0 0 0 0 1 0 1 0 0 1 1 1 0 1 1 1 1 1 0 1 1 0 1 0
0.051434532651559 0 1 0 0 0 0 0 0 0 1 1 1 0 1 1 1 1 1 1 1 1 0 0 1 0
0.445249217660756 1 1 0 0 1 1 1 0 1 1 1 0 0 0 1 1 1 1 1 0 1 0 0 1 0
0.064360155148739 0 1 0 0 0 1 0 0 0 1 1 0 0 1 1 1 1 0 1 0 0 0 1 0 1
0.175652035332499 0 0 0 0 0 0 0 0 0 0 0 1 0 1 1 1 1 1 0 0 0 1 1 1 0
0.250092180443788 0 0 0 0 0 0 0 0 0 1 1 0 0 1 1 1 1 0 1 0 0 0 0 1 0
0.075237035919780 1 1 0 0 0 0 0 0 0 1 1 1 1 1 0 1 0 0 1 0 1 0 1 1 0
0.231058594822914 0 0 0 1 1 0 0 1 0 0 1 1 0 1 1 0 0 1 0 1 0 1 1 0 0
0.098958787383722 1 0 1 0 0 0 1 1 0 0 1 1 1 1 0 1 0 1 0 0 0 1 1 0 0
0.105127795122810 0 1 0 0 0 1 0 1 0 0 1 1 0 1 0 1 1 1 0 0 0 0 1 1 0
0.180954968026790 1 1 0 0 0 0 0 1 0 0 1 1 0 1 1 1 1 1 0 0 0 1 1 0 0
0.261503514303593 0 1 1 1 0 0 0 1 0 0 1 1 0 1 1 1 1 0 0 0 0 1 1 0 0
0.105138096654450 0 1 1 0 0 0 0 1 0 1 1 1 1 0 1 0 1 0 1 0 1 0 0 0 0
0.189518818622438 0 0 0 1 1 0 0 1 1 1 1 1 1 1 1 0 1 0 0 0 0 0 1 1 0
0.344058525304902 0 0 0 0 0 0 0 1 0 1 1 1 1 1 1 1 1 1 0 0 0 0 1 1 1
0.143423532300321 1 0 0 0 0 0 0 1 0 0 1 1 1 1 1 1 0 0 0 0 0 0 1 1 0
0.059935802146496 1 0 0 0 0 0 0 0 0 1 1 1 1 1 0 0 1 1 1 0 1 1 1 0 0
0.088042817071824 0 1 0 1 0 0 0 0 0 1 1 1 1 1 1 0 1 1 1 0 0 0 1 1 1
0.160035505682240 0 0 0 0 0 0 1 0 0 0 1 1 1 1 1 1 1 1 1 0 1 1 1 1 0
0.177652313976804 0 0 1 1 0 0 0 0 0 0 1 1 1 1 1 1 1 1 1 1 0 0 0 1 0
0.098338001958272 1 0 0 0 0 0 1 0 0 0 0 1 1 1 1 1 1 1 0 0 1 0 0 1 0
0.154648493615311 1 0 0 0 0 0 0 0 1 1 1 1 1 1 1 0 0 0 1 0 0 1 0 1 0
0.097462267091434 0 1 0 0 0 0 1 0 0 1 1 1 1 1 0 1 1 1 1 1 0 1 0 1 1
0.084959369729233 1 0 0 1 0 0 0 0 0 1 1 0 1 1 1 0 1 1 1 0 0 1 0 0 1
0.209130489951752 0 1 0 1 1 0 0 0 0 1 1 0 1 1 1 0 1 0 1 1 0 1 0 1 1
0.083033316583232 1 0 0 0 0 1 0 0 0 0 1 0 0 1 0 1 0 1 1 0 0 0 0 1 1
0.015695573613215 0 1 0 0 0 0 0 0 0 0 1 0 1 1 1 1 0 0 1 1 0 0 1 1 0
0.110962682757018 0 1 0 0 0 1 1 0 0 0 1 0 1 1 1 1 0 1 0 0 1 0 0 1 0
0.171964702730269 0 1 0 0 1 0 1 0 0 0 1 0 1 1 1 1 0 1 1 0 1 0 1 1 0
0.065976854082027 1 0 0 0 0 0 0 1 1 0 1 1 1 0 1 1 0 0 1 0 1 0 0 1 0
0.123027006492499 0 1 1 0 0 1 0 0 0 1 1 1 1 1 0 1 1 0 1 0 0 1 0 1 0
0.147448885638629 0 0 1 0 0 0 0 0 0 0 1 1 1 0 1 1 1 1 1 0 1 0 0 0 0
0.068930126605512 1 0 0 0 0 0 0 0 0 0 1 0 1 1 0 1 0 1 1 1 0 0 0 1 0
0.233477037858965 0 0 1 0 0 1 0 0 0 0 1 0 0 1 0 1 0 1 1 0 1 1 0 1 0
0.332929860257604 0 1 0 0 0 0 0 0 0 0 1 0 1 1 1 1 1 1 0 0 0 0 0 0 0
0.069772764347310 0 1 0 0 0 0 0 1 0 0 1 1 1 1 0 0 0 1 1 1 0 1 0 0 0
0.088452581805737 1 1 0 0 0 0 0 0 0 1 1 1 0 1 0 1 0 1 0 1 0 1 0 1 0
0.164308701622733 1 1 0 0 1 0 0 0 0 1 1 1 1 1 1 1 0 1 0 0 1 1 1 1 0
0.149157319961910 1 0 0 0 0 1 0 0 0 0 0 0 1 1 0 0 1 1 0 0 1 1 0 1 0
0.151622733075504 0 1 0 1 0 1 0 0 0 1 1 1 0 1 1 0 1 1 0 0 1 0 0 1 0
0.085704274501705 0 1 0 0 0 1 0 0 0 1 1 1 1 1 1 1 1 1 1 1 1 0 0 1 0
0.090377261658485 1 1 0 0 0 0 0 0 0 1 1 1 1 1 1 1 0 1 1 0 1 1 0 0 1
0.276933474055432 0 1 0 0 0 1 0 1 1 0 1 0 0 1 0 0 1 0 0 0 1 0 0 1 0
0.082808725480442 0 1 0 1 0 0 0 0 0 1 1 1 1 1 1 1 1 1 1 1 0 1 1 1 0
0.028851683367418 1 0 0 0 0 0 0 0 0 0 1 1 1 1 0 1 0 1 1 0 0 1 1 1 0
0.147397301828012 1 1 0 0 0 0 1 0 1 1 1 1 0 1 0 1 1 1 1 0 0 0 1 0 0
0.106259517267447 0 1 0 0 0 1 0 0 0 1 1 1 0 1 0 1 1 1 0 0 0 1 1 1 0
0.130074528266260 1 1 0 0 0 0 0 1 0 1 1 1 1 1 0 1 0 1 0 0 1 0 0 0 0
0.328562737616113 0 1 1 0 0 0 0 1 0 1 1 0 0 1 1 1 1 1 1 1 1 0 1 0 0
0.027226180325807 1 0 0 0 0 0 0 1 0 0 1 0 1 1 0 1 0 1 1 0 0 1 0 0 1
0.097917302658573 0 1 0 0 0 1 0 1 0 0 1 1 0 1 1 1 0 1 1 0 0 0 0 0 1
0.130081841254653 0 1 1 0 0 0 0 1 0 1 1 0 1 1 1 1 1 0 0 1 0 0 0 1 0
0.221482642434349 0 1 0 0 0 1 1 1 0 1 1 1 1 1 0 1 0 1 1 0 0 1 1 0 1
0.059912163044104 0 1 0 0 0 0 0 1 0 0 1 1 0 1 0 1 0 0 1 1 0 0 0 1 0
0.153402212533689 1 0 0 1 0 0 0 1 1 0 1 0 1 1 1 0 0 0 1 0 1 0 1 1 0
0.172884604982391 1 0 0 1 0 0 0 1 0 0 1 1 1 1 0 1 1 1 1 1 1 0 0 1 0
0.092237810164812 0 1 0 0 0 0 0 0 1 0 1 1 0 1 1 1 0 1 1 0 1 0 0 0 0
0.116551645682554 1 0 0 1 0 0 0 1 0 0 1 0 1 1 0 1 0 1 1 0 0 0 1 1 0
0.114724101423453 1 0 0 0 0 0 0 1 1 1 1 1 0 0 1 0 0 1 1 0 1 0 0 0 0
0.114191159839382 0 1 0 1 0 0 0 0 0 1 1 1 1 1 1 0 1 0 1 0 0 0 0 0 1
0.212967705656183 0 1 0 1 0 0 1 0 0 0 1 1 0 1 1 0 0 0 1 0 0 1 1 1 0
0.081003436821487 1 1 0 0 0 0 0 0 1 0 1 1 1 0 0 1 0 0 1 0 1 0 1 0 0
0.145057815531455 1 1 0 0 0 0 0 1 0 1 1 0 1 1 0 0 1 0 1 1 1 0 0 1 0
0.248491359876933 1 1 1 0 1 0 1 0 0 1 1 1 1 1 1 0 0 0 0 1 0 0 1 1 0
0.014652344767958 1 0 0 0 0 0 0 0 0 0 1 0 1 1 1 1 0 0 0 1 1 0 1 1 0
0.245971902627628 1 0 0 0 0 0 0 1 1 1 1 1 0 1 0 1 0 0 1 0 1 0 1 1 0
0.064722152156396 1 0 0 0 0 0 0 0 0 0 1 1 1 1 0 1 1 1 1 0 0 0 0 1 1
0.229965020502482 0 0 0 0 0 0 0 0 1 0 1 0 1 1 1 1 0 1 0 0 1 0 0 1 0
0.081161186476060 0 1 0 0 0 1 0 0 0 0 1 1 0 1 0 1 0 1 1 0 0 0 1 0 0
0.120605222516959 1 0 0 0 0 0 0 0 0 0 1 1 1 0 1 1 0 0 1 0 1 0 0 0 0
0.096839930364576 0 1 1 0 0 0 0 1 0 0 1 1 1 0 1 1 0 0 0 1 1 0 0 1 0
0.042872942602508 1 0 0 0 0 0 0 0 0 0 1 0 1 1 1 1 0 0 1 1 0 0 1 1 1
0.105912561254484 0 1 0 0 0 0 1 1 0 0 1 0 1 1 1 1 1 0 0 1 1 0 1 1 0
0.214496832840572 0 1 0 0 0 0 0 0 1 0 1 1 1 0 1 0 0 0 0 0 1 0 0 0 0
0.140953313958905 0 1 1 0 0 0 1 1 0 0 1 1 1 1 0 1 1 0 0 0 0 0 0 1 0
0.067836832067208 1 0 0 0 0 0 0 0 0 0 1 1 0 1 1 1 1 1 0 1 1 0 0 1 0
0.211850385327698 0 1 1 0 0 1 0 1 1 0 1 1 0 1 1 1 0 1 0 0 1 0 0 0 0
0.148087026335860 1 1 0 0 0 0 0 0 0 1 0 1 0 1 1 0 1 0 1 0 0 1 1 1 1
0.233599560132758 1 0 0 1 0 0 0 0 0 0 1 0 0 1 1 1 1 1 0 1 1 1 0 1 0
0.203870972721860 0 0 0 1 0 0 0 1 1 0 1 1 0 1 0 0 0 1 1 0 0 0 0 0 0
0.066404801213525 0 1 0 0 0 0 1 0 0 1 1 1 0 1 1 1 0 1 0 1 1 0 0 1 0
0.049751119346056 1 0 0 0 0 0 0 0 0 0 1 0 1 1 1 1 1 0 1 0 1 0 0 1 1
0.119058075068377 1 1 0 0 0 0 0 0 0 0 1 0 1 1 0 0 0 0 1 0 0 0 0 1 1
0.058851232909510 1 0 0 0 0 0 0 0 1 0 1 1 1 1 0 1 0 1 1 0 0 1 0 0 0
0.182456460774674 0 1 1 0 1 0 0 1 0 1 1 1 0 1 1 1 0 1 0 0 0 0 0 1 0
0.131773137660322 1 0 1 0 0 0 0 1 1 0 1 1 1 0 1 1 1 0 1 0 1 1 0 0 0
0.071040872391183 0 1 0 0 0 0 0 0 1 0 1 1 1 0 0 1 1 0 1 0 1 0 0 0 0
0.051305788748932 1 0 0 0 0 0 0 1 0 0 1 0 1 1 0 1 0 0 1 0 0 0 1 1 0
0.058147488304554 0 1 0 0 0 0 0 0 0 0 1 1 1 0 1 1 1 1 1 0 1 0 0 1 0
0.303669939531900 1 1 0 0 0 0 0 0 0 0 1 1 0 1 1 1 1 0 1 0 1 0 0 0 0
0.043096160816390 0 1 0 0 0 1 0 0 0 1 1 1 1 1 1 1 0 1 1 0 0 0 1 1 0
0.118962287375278 0 1 0 0 0 0 0 0 0 1 1 1 1 1 1 1 0 0 1 1 0 1 1 1 0
0.035727773250049 1 0 0 0 0 0 0 0 0 1 1 0 1 1 0 1 1 1 0 0 0 0 1 1 0
0.038446119747025 0 1 0 0 0 0 0 0 1 1 1 1 1 1 1 1 1 1 1 0 0 1 0 0 1
0.139969326920476 1 0 0 0 0 0 0 1 0 1 1 1 1 0 0 1 0 1 0 0 1 1 0 1 0
0.123636686451226 0 1 0 1 0 0 0 0 1 1 1 1 1 1 1 1 1 1 1 0 0 0 1 0 0
0.121934902158871 1 0 1 0 0 0 0 1 1 1 1 1 1 0 1 1 0 1 1 0 1 1 0 1 0
0.110235819418976 0 1 0 0 0 0 0 0 1 1 1 1 0 1 1 0 1 1 1 0 0 1 1 0 1
0.022082995046060 1 0 0 0 0 0 0 0 0 0 1 0 1 1 1 1 1 1 1 0 1 1 1 1 0
0.250460002001259 1 1 1 0 0 0 0 1 0 0 1 1 1 0 1 1 0 0 1 0 1 0 0 1 0
0.157452568049100 0 1 1 0 0 1 0 0 0 1 1 1 1 0 0 1 1 1 0 0 1 0 0 1 0
0.051066043173542 0 1 0 0 0 1 0 0 0 1 1 0 1 1 1 1 1 1 0 0 1 0 1 1 0
0.159614076350434 0 1 0 0 0 0 0 1 1 1 1 1 1 0 1 1 1 1 1 0 1 1 0 0 0
0.042627032997782 0 1 0 0 0 0 0 1 0 1 1 0 1 1 1 1 1 0 1 0 1 0 0 1 0
0.123417759311881 0 0 0 1 0 1 0 0 0 1 1 0 1 1 1 1 0 1 1 0 1 0 1 1 0
0.096989126159399 0 1 0 0 0 1 0 0 0 0 1 0 1 1 1 1 0 0 1 0 1 0 1 1 1
0.267636823873533 0 0 1 1 0 1 0 1 0 1 1 0 1 1 1 1 1 1 1 0 1 0 0 1 1
0.063732714253574 1 0 0 0 0 0 0 0 1 0 1 0 1 0 1 0 1 0 1 0 1 0 1 1 0
0.037392191861308 1 0 0 0 0 0 0 0 0 1 1 0 0 1 1 1 0 0 0 0 1 1 0 0 1
0.168270010321693 0 1 1 0 0 1 0 0 0 1 1 1 1 1 1 1 1 1 0 0 0 1 0 1 0
0.123705177421076 1 0 0 0 0 0 0 0 0 1 1 1 0 1 0 0 0 1 0 0 0 1 0 0 1
0.073354763305132 1 0 0 0 0 0 0 1 0 1 1 0 1 1 1 0 0 1 1 0 1 1 0 0 1
0.115493191767082 1 0 0 1 0 0 0 0 1 1 1 1 1 1 1 1 1 1 1 0 0 0 0 0 1
0.064229475735534 1 0 0 0 0 0 0 0 0 0 1 0 0 1 0 1 1 0 1 0 0 0 0 0 1
0.196260056206412 1 1 0 0 0 0 0 0 0 0 1 0 1 1 1 1 1 1 1 0 0 0 1 1 1
0.025178251662532 1 0 0 0 0 0 0 0 1 0 1 1 1 0 1 1 1 0 1 0 1 1 0 1 0
0.128534400638023 1 1 0 0 0 0 0 0 1 0 1 1 1 0 1 1 1 1 1 0 1 0 1 1 0
0.100903771687312 1 0 0 0 0 0 0 0 1 0 1 1 1 0 1 1 0 1 1 0 1 1 1 1 0
0.094832787099791 0 0 1 0 0 0 0 1 1 0 1 1 1 1 1 1 1 0 1 0 1 1 0 1 0
0.125882202063559 1 0 0 0 0 0 0 1 1 0 1 1 0 1 1 1 1 0 1 1 1 1 0 1 1
0.034216463788506 1 0 0 0 0 0 0 0 0 0 1 0 1 1 1 1 0 1 1 0 1 1 1 0 0
0.068757954240870 1 0 0 1 0 0 0 0 0 1 1 0 1 1 1 1 1 0 1 0 1 0 1 1 0
0.063881665254820 0 1 0 0 0 0 0 1 0 1 1 0 1 1 1 1 0 1 1 0 0 0 0 1 0
0.141873016865262 0 0 1 0 0 0 0 1 1 0 1 1 1 0 0 1 1 0 1 0 1 0 0 1 0
0.051337301589199 0 1 0 0 0 1 0 0 0 1 1 0 1 1 1 1 0 0 1 0 1 0 0 1 0
0.027997595434520 1 0 0 0 0 0 0 0 0 0 1 1 1 1 0 1 1 0 1 1 0 1 1 1 0
0.112506238680665 0 1 0 0 0 0 0 1 1 1 1 1 1 1 1 1 1 0 1 0 1 0 0 1 1
0.030853891641299 0 1 0 0 0 0 0 0 0 1 1 0 1 0 1 1 1 0 1 0 1 0 1 1 0
0.080962987585429 0 1 0 1 0 0 0 0 0 1 1 0 1 1 1 1 1 0 0 0 0 0 1 1 0
0.017732183226098 1 0 0 0 0 0 0 0 0 1 1 0 0 1 1 1 1 0 0 0 1 0 1 1 0
0.046065612408498 1 0 0 0 0 0 0 0 0 1 1 0 1 1 1 1 1 0 0 0 1 1 0 0 1
0.091701866020909 0 1 1 0 0 0 0 0 0 0 1 1 1 0 1 1 0 0 1 0 1 0 0 1 0
0.087034746853042 1 0 1 0 0 0 0 1 0 0 1 0 1 1 1 1 0 0 0 0 1 1 0 1 0
0.129000257776798 0 1 0 0 0 0 0 0 1 1 1 1 1 0 1 0 1 0 1 0 0 0 0 1 0
0.013102114515358 1 0 0 0 0 0 0 0 0 0 1 0 1 1 0 1 0 0 1 0 1 1 0 0 1
0.053464698732312 1 0 0 0 0 0 0 0 0 0 1 0 0 1 0 1 0 0 0 1 0 1 1 0 0
0.084744457283431 1 0 0 0 0 0 0 1 1 0 1 1 0 0 0 1 1 0 1 0 1 0 0 0 0
0.031814936920111 0 1 0 0 0 0 0 0 0 0 1 1 1 0 0 1 1 0 1 0 1 0 1 1 0
0.080177494446689 0 0 0 1 0 0 0 1 0 0 1 1 0 1 1 1 1 1 1 0 1 0 1 1 0
0.018860003114736 0 1 0 0 0 0 0 0 0 1 0 0 1 1 0 1 1 0 1 0 1 0 0 1 1
0.075962915775494 1 0 1 0 0 0 0 0 0 1 1 1 1 1 0 1 1 0 0 0 1 1 0 0 0
0.111675369553382 1 1 0 0 0 0 0 0 0 1 1 0 1 1 1 1 0 0 0 0 1 0 0 1 1
0.138258715963800 1 1 0 0 0 0 0 0 1 1 1 0 1 0 0 0 0 0 1 0 1 1 0 0 0
0.054234090371103 0 1 0 0 0 0 0 0 1 0 1 1 1 1 0 1 1 0 1 0 1 1 0 1 0
0.074614086429300 0 1 1 0 0 0 0 0 1 0 1 1 1 1 0 1 0 0 1 0 0 1 0 0 1
0.083569924446507 0 1 0 0 0 0 0 0 0 0 1 0 1 0 0 1 0 0 1 0 1 0 1 1 0
0.035682466840258 1 0 0 0 0 0 0 0 0 1 1 0 1 0 0 1 1 0 0 0 1 0 0 1 0
0.131071512216562 1 0 1 0 0 0 0 0 0 0 1 0 1 1 1 1 0 1 0 0 0 1 0 0 1
0.172141170643079 0 0 0 1 0 1 0 0 0 1 1 1 1 1 0 1 1 0 0 1 1 0 1 1 0
0.112867097117551 0 1 0 0 0 1 0 0 0 1 1 0 1 1 0 0 1 0 1 0 0 0 1 1 0
0.146930061551324 0 1 1 0 0 0 0 0 0 1 1 0 1 0 0 1 1 0 1 0 1 0 0 1 0
0.163096952107131 1 0 0 0 0 0 0 0 0 0 0 0 0 0 1 1 1 0 0 1 1 0 0 1 0
0.032982503820448 1 0 0 0 0 0 0 0 0 1 1 0 0 1 0 1 1 0 0 0 1 1 0 1 0
0.092249160813566 0 1 0 0 0 0 0 0 0 1 1 1 1 1 0 1 1 0 0 1 1 0 1 1 0
0.051967335799870 1 0 0 0 0 0 0 0 1 1 1 1 1 0 0 1 1 1 1 0 1 0 0 1 0
0.023726836115458 0 1 0 0 0 0 0 0 0 0 1 1 1 0 1 1 1 1 1 1 0 0 1 1 0
0.011664726211578 1 0 0 0 0 0 0 0 0 0 1 0 1 1 0 1 0 1 0 0 1 0 1 1 0
0.068418900249255 0 1 0 0 0 0 0 0 0 1 0 0 1 1 1 1 1 0 1 0 0 0 0 1 1
0.147323160885276 0 1 0 1 0 0 0 1 0 1 1 1 1 1 1 1 1 1 1 1 0 0 0 1 0
0.020518953090069 0 1 0 0 0 0 0 0 0 1 0 1 1 1 0 1 1 0 1 0 1 1 0 0 1
0.027720022799040 0 0 0 1 0 0 0 0 0 0 1 1 1 1 1 1 1 1 1 1 0 0 1 1 0
0.045278570982865 1 0 0 0 0 0 0 0 0 1 1 0 1 1 0 1 0 0 1 0 1 0 0 0 1
0.046943519405351 0 1 0 0 0 0 0 1 0 0 1 1 1 1 1 1 1 0 1 0 0 0 1 1 0
0.060557943649122 1 0 0 1 0 0 0 0 0 1 1 1 1 1 1 0 1 1 0 0 0 1 1 1 0
0.080639850936716 1 1 0 0 0 0 0 0 0 1 1 1 1 0 0 0 0 1 1 0 0 0 1 1 0
0.019698211966841 0 1 0 0 0 0 0 0 0 0 1 1 1 1 1 1 0 1 1 1 0 0 1 1 0
0.064565583980918 0 0 0 1 0 1 0 0 0 0 1 1 1 1 1 1 1 1 0 0 0 0 1 1 0
0.024158047831599 1 0 0 0 0 0 0 0 0 0 1 1 1 1 1 0 1 1 1 0 0 1 1 1 0
0.056140554232057 0 1 0 0 0 0 0 1 0 1 0 0 1 1 1 1 0 1 1 0 1 0 1 1 0
0.082859906043048 0 1 1 0 0 0 0 0 1 1 0 1 1 1 0 1 1 0 1 0 0 1 0 0 1
0.059222749877524 0 1 0 0 0 0 0 0 1 0 1 1 1 1 0 1 1 0 1 0 0 1 0 0 1
0.116343258470813 0 1 1 0 0 0 0 1 0 0 0 1 1 1 1 1 0 0 1 0 0 1 0 1 0
0.059569295420692 1 0 1 0 0 0 0 0 0 1 1 1 1 0 1 0 1 0 0 0 1 1 0 1 0
0.092665297807692 1 1 0 0 0 0 0 0 0 1 1 1 1 0 0 1 1 0 1 0 1 1 0 1 0
0.060257392927807 0 1 0 0 0 1 0 0 0 1 1 1 1 1 1 1 0 1 1 0 1 0 0 1 1
0.020321968060205 1 0 0 0 0 0 0 0 1 0 1 1 1 1 0 1 1 1 1 0 0 1 1 0 0
0.030270444255937 0 1 0 0 0 0 0 0 0 1 1 0 1 1 0 1 0 1 1 0 1 0 0 0 1
0.090910695274945 0 1 0 0 0 1 0 1 0 0 1 0 1 1 1 1 0 1 1 0 0 0 1 1 0
0.097241920154789 0 1 0 0 0 0 0 1 0 1 1 1 1 1 0 1 1 1 1 0 1 1 0 1 0
0.049207336964852 0 0 0 1 0 0 0 0 0 1 1 0 1 1 1 1 1 1 0 0 1 0 1 1 0
0.030694459105524 0 0 0 1 0 0 0 0 0 0 1 1 0 1 1 1 1 1 0 1 0 0 1 1 0
0.036190738322283 1 0 0 0 0 0 0 1 0 0 1 1 1 1 1 0 0 0 1 1 0 1 0 0 0
0.055550426503248 0 1 0 0 0 1 0 0 0 1 1 1 1 1 0 1 1 0 1 0 0 1 0 0 1
0.060849779673622 1 0 0 0 0 0 0 1 0 0 1 1 1 1 0 0 1 1 1 0 1 1 0 1 0
0.039784191642193 1 0 0 0 0 0 0 1 0 1 1 0 1 0 1 1 1 0 1 0 1 0 0 1 0
0.084548591363278 1 0 0 1 0 0 0 0 0 0 1 1 0 1 0 1 1 0 1 0 0 1 0 1 1
0.048217428952179 1 0 0 0 0 0 0 0 0 0 1 1 1 0 0 0 1 0 1 0 1 1 0 1 0
0.107688087564779 1 0 0 0 0 0 1 1 0 0 1 0 1 1 0 1 0 0 1 0 1 1 0 0 0
0.038055675688452 1 0 0 0 0 0 0 0 0 0 1 0 1 1 0 0 0 1 1 0 0 1 1 0 1
0.038646363129019 1 0 0 0 0 0 0 0 0 0 1 0 1 1 0 0 0 1 1 1 0 0 1 1 0
0.053697512722812 1 1 0 0 0 0 0 1 0 1 1 1 1 1 0 0 0 0 1 1 0 1 0 0 0
0.071131237955663 1 0 1 0 0 0 0 1 0 0 1 1 1 1 0 0 1 0 1 0 0 1 0 1 0
0.080260150903487 1 1 0 0 0 0 0 0 0 1 1 0 1 1 1 0 0 0 1 1 0 0 1 1 0
0.069166251882075 1 0 0 1 0 0 0 0 0 0 1 0 1 1 1 1 0 0 1 0 0 1 1 0 1
0.032192341765401 1 0 0 0 0 0 0 0 0 0 1 0 1 0 0 1 0 0 1 0 0 0 1 1 0
0.079243781813230 0 1 0 1 0 0 0 0 0 1 1 1 1 1 0 1 1 1 1 0 1 1 0 0 1
0.031082402449101 1 0 0 0 0 0 0 0 0 0 1 0 1 1 0 1 0 0 1 0 0 0 1 0 1
0.034373887587555 0 1 0 0 0 1 0 0 0 0 1 1 1 1 1 1 1 0 1 0 1 0 1 1 0
0.028724469290234 1 0 0 0 0 0 0 0 0 0 1 0 1 1 0 1 0 0 1 0 0 1 1 1 0
0.019266940578321 1 0 0 0 0 0 0 0 0 0 1 1 1 0 0 1 1 1 1 0 0 0 1 1 0
0.042716811854621 0 0 0 1 0 0 0 0 0 0 1 1 1 1 0 1 1 1 1 0 0 0 1 1 0
0.081183828252151 1 0 1 0 0 0 0 0 0 0 1 1 1 1 0 1 1 1 0 0 0 1 1 1 0
0.029216900540060 1 0 0 0 0 0 0 1 0 1 1 0 1 1 1 1 0 1 0 1 1 0 0 1 0
0.028165098023812 1 0 0 0 0 0 0 0 0 0 1 1 1 1 1 1 0 1 1 1 0 1 0 0 1
0.051829466316598 1 0 0 0 0 0 0 0 0 0 0 1 1 1 0 1 1 0 1 0 0 1 1 0 0
0.014557847110126 0 1 0 0 0 0 0 0 0 1 0 1 1 1 1 1 1 1 1 0 1 0 1 1 0
0.059261349997915 1 0 0 0 0 0 0 1 0 0 1 0 1 1 1 1 0 1 1 1 0 0 0 0 1
0.141310257722035 1 1 0 0 0 0 0 0 0 0 1 1 1 1 0 0 0 1 1 1 0 1 1 0 0
0.097137293452326 0 1 0 0 0 1 0 0 1 1 0 1 1 1 1 1 1 1 1 0 1 1 0 0 1
0.035499946043390 1 0 0 0 1 0 0 0 0 1 1 1 1 1 1 0 1 1 0 0 1 1 0 1 0
0.026947471024806 0 1 0 0 0 0 0 0 0 1 0 1 1 1 0 1 0 1 1 0 1 0 0 1 0
0.019303487848985 1 0 0 0 0 0 0 1 0 0 1 1 1 1 0 1 1 1 0 1 0 1 0 1 0
0.044983256641423 1 0 0 0 0 0 0 0 0 1 1 1 1 1 1 0 1 1 0 0 1 1 0 1 0
0.055930360394160 1 0 0 0 1 0 0 1 0 0 1 1 1 1 1 1 0 1 0 1 0 1 0 1 0
0.058845698944978 1 0 0 0 1 0 0 0 0 0 1 1 1 0 0 1 1 1 0 0 0 1 0 1 0
0.093539562733632 1 1 0 0 0 0 0 1 0 1 1 0 1 1 0 0 0 1 1 0 0 1 0 0 1
0.177900093644298 1 0 0 1 1 0 0 1 0 1 1 1 1 1 1 0 1 1 0 0 0 1 0 0 0
0.044807175197998 0 1 0 0 0 0 0 1 0 1 0 0 1 1 1 0 1 1 1 0 0 0 1 1 0
0.056426871359734 1 0 0 0 1 0 0 0 1 0 1 1 1 1 0 1 1 1 0 0 1 1 0 1 0
0.024068002588619 1 0 0 0 0 0 0 0 1 0 1 0 1 1 1 1 0 1 1 0 0 1 1 0 1
0.077784398872197 0 0 0 0 0 1 0 0 0 0 1 1 1 1 1 1 1 1 1 0 1 0 1 1 0
0.043018986006383 1 0 0 0 0 0 0 1 0 0 1 1 1 0 0 1 0 1 0 1 0 0 0 1 0
0.195619270061977 0 1 0 0 0 0 0 0 0 1 1 1 1 1 0 1 0 0 1 0 0 0 0 0 1
0.094890659519812 0 1 1 0 0 0 0 0 0 1 1 1 1 1 1 1 1 1 1 0 1 1 0 1 1
0.017447508768590 0 1 0 0 0 0 0 0 0 1 0 0 1 1 1 1 0 1 1 1 1 0 0 1 1
0.177815807326292 0 0 1 0 0 1 0 1 0 1 1 1 1 0 1 1 1 1 1 0 1 0 0 1 0
0.051370032253700 1 0 0 0 0 1 0 0 0 0 1 1 1 1 0 1 1 1 1 0 0 1 0 1 0
0.042016592336979 0 1 0 0 0 0 0 0 0 1 1 0 1 1 1 1 0 1 1 1 1 0 1 1 0
0.042816360516844 0 1 0 0 0 0 0 1 0 1 0 0 1 1 1 1 0 1 1 0 1 0 0 1 1
0.111199587754953 0 1 0 1 0 0 0 0 0 1 0 0 1 1 1 1 0 1 1 0 1 0 0 1 1
0.013905440335313 1 0 0 0 0 0 0 0 0 0 1 1 1 1 0 1 1 1 1 0 1 1 0 0 1
0.064944961980862 1 0 0 1 0 0 0 0 0 0 1 1 1 1 1 0 1 1 1 0 0 1 1 0 1
0.073154768825115 1 0 1 0 0 0 0 1 0 0 1 1 1 1 1 1 0 0 0 1 0 1 0 1 0
0.036542281396793 0 0 0 1 0 0 0 0 0 0 1 1 1 0 1 1 1 1 1 0 0 0 1 1 0
0.104617694454184 0 1 1 0 0 0 0 0 1 1 1 1 1 1 0 0 1 1 1 0 1 1 0 0 0
0.062219854706324 1 0 0 0 0 0 0 1 0 0 1 1 1 0 1 0 1 1 1 1 0 1 0 1 0
0.060032417783942 0 1 0 0 0 0 0 0 0 0 0 1 1 1 0 1 0 1 1 1 1 0 0 1 0
0.067538965233254 0 1 0 0 0 0 1 0 0 1 1 0 1 1 1 0 1 1 1 0 1 0 0 1 1
0.143272146591562 0 1 0 0 0 0 1 1 0 0 0 0 1 1 1 1 0 1 1 1 0 0 1 1 0
0.031241974290372 0 1 0 0 0 0 0 0 1 1 0 0 1 1 1 1 1 0 1 0 1 0 1 1 0
0.067545336410760 0 1 0 0 0 1 0 0 0 1 0 0 1 1 1 1 0 1 1 0 1 0 0 1 1
0.070679356992088 1 0 0 0 0 0 1 0 0 0 1 1 1 1 0 1 1 0 0 0 0 1 1 1 0
0.033178619138444 1 0 0 0 0 0 0 0 0 1 0 0 1 1 0 1 0 1 1 0 1 1 0 0 1
0.055063621927842 1 0 0 0 0 1 0 0 0 0 1 0 1 1 1 1 0 1 1 0 1 0 1 1 0
0.063205269464610 0 1 0 0 0 0 0 1 0 1 1 0 1 1 1 1 0 0 1 1 1 0 0 1 0
0.120461286798089 0 1 1 0 0 1 0 0 0 1 1 1 1 1 1 0 1 0 1 0 1 1 0 0 1
0.028722791996419 1 0 0 0 0 0 1 0 0 1 1 0 1 1 1 1 1 1 0 0 1 0 1 1 0
0.042653742656053 1 0 0 0 0 0 0 1 0 0 1 1 0 1 1 1 0 1 1 1 0 1 0 1 0
0.043928631664707 1 0 0 0 0 1 0 0 0 0 1 0 1 1 1 1 0 0 1 0 0 1 0 0 1
0.049915366109675 0 1 0 0 0 1 0 0 0 0 1 1 1 1 1 1 1 0 1 1 0 1 0 1 1
0.045568716886516 1 0 0 0 0 1 0 0 0 1 1 0 1 1 1 1 0 1 0 0 1 0 0 1 0
0.040305156751366 0 1 0 0 0 0 0 0 1 0 1 1 1 0 0 1 1 1 1 0 0 0 1 1 0
0.062173357258711 0 0 0 1 0 0 0 0 0 0 1 1 1 1 1 1 1 1 1 0 0 1 0 0 1
0.036870418943823 1 0 0 0 0 0 0 0 0 0 1 0 1 1 1 1 1 0 1 0 0 1 1 0 1
0.023955886866052 0 1 0 0 0 0 0 0 0 0 1 1 1 1 1 1 0 1 1 1 1 0 0 1 1
0.022350975174318 0 1 0 0 0 0 0 0 0 1 1 0 1 1 1 1 1 0 1 0 1 0 1 1 0
0.122269399008845 0 1 0 0 0 1 1 0 0 1 1 1 1 1 1 1 1 1 1 0 1 0 1 1 0
0.060254171180381 0 1 0 0 0 0 0 1 0 1 0 0 0 1 1 1 1 0 1 0 0 1 0 1 0
0.068901400350568 1 0 0 1 0 0 0 0 0 1 1 0 0 1 1 1 1 0 0 0 0 0 1 1 0
0.136077984336557 1 1 0 0 0 0 1 1 0 1 1 0 0 1 0 1 1 0 0 0 0 1 0 1 0
0.054902494306118 0 1 0 0 0 0 1 0 0 1 0 0 0 1 1 1 1 0 0 0 0 0 1 1 0
0.056392400037343 0 0 0 1 0 0 0 0 0 0 1 1 1 1 1 1 1 0 1 0 1 0 1 1 0
0.034625482869613 0 1 0 0 0 1 0 0 0 0 1 1 1 1 1 1 0 0 1 1 0 1 0 1 0
0.056618157223358 0 0 0 1 0 0 0 0 0 1 0 1 1 1 1 0 1 1 0 1 0 0 1 1 0
0.053340849048925 0 1 0 0 0 0 0 0 1 1 0 0 1 1 1 1 1 0 1 1 1 1 0 0 1
0.059109427635658 0 1 0 0 0 0 0 0 0 1 0 1 1 1 1 1 1 0 1 0 1 1 0 0 0
0.015073875898428 1 0 0 0 0 0 0 0 0 1 0 0 1 1 1 1 0 1 0 0 1 0 1 1 0
0.049057151328430 0 1 0 0 0 0 0 0 0 1 0 0 1 1 0 1 1 1 1 0 1 1 0 0 1
0.077121212189121 1 0 0 1 0 0 0 0 1 0 1 1 1 0 1 1 1 0 1 1 0 0 1 1 0
0.054315159139644 1 0 1 0 0 0 0 0 0 1 1 1 1 1 1 0 0 1 0 1 1 1 0 0 0
0.025089625509037 0 0 0 1 0 0 0 0 0 0 1 0 1 1 1 1 1 1 1 1 0 0 1 1 1
0.177245158857893 1 1 0 0 0 0 0 0 1 1 0 1 1 0 0 1 1 0 1 1 1 0 1 1 0
0.072424995071334 1 0 0 0 1 0 0 0 1 0 1 1 1 0 0 1 1 0 1 0 0 1 0 1 0
0.023795996097878 1 0 0 0 0 1 0 0 0 0 1 1 1 1 1 1 0 1 0 0 1 1 1 0 0
0.086631661898708 0 1 0 1 0 0 0 0 1 1 0 1 1 1 1 1 1 0 1 0 0 1 0 0 1
0.038102824274922 0 1 0 0 0 1 0 0 0 0 1 1 1 1 1 1 0 1 1 0 1 1 0 0 1
0.085254437366464 1 0 0 0 0 0 0 1 0 1 0 0 1 1 1 1 1 1 1 0 1 0 0 1 0
0.047649159080684 0 0 0 1 0 0 0 0 1 0 1 0 1 1 1 1 1 1 1 0 0 0 1 0 1
0.045880753073113 1 0 0 0 0 1 0 0 0 1 1 0 1 1 1 1 0 1 0 0 1 0 1 0 0
0.031790498788339 0 1 0 0 0 0 0 0 1 1 1 0 1 1 1 1 1 1 1 0 0 0 1 1 0
0.070207618623959 1 0 0 0 0 1 0 0 0 0 1 1 1 1 1 1 1 1 1 0 0 1 1 0 0
0.033410782313848 0 0 1 0 0 0 0 0 1 0 1 1 1 1 1 1 1 1 1 0 1 1 0 0 1
0.107498617556901 0 1 1 0 0 0 1 0 1 0 1 1 1 1 1 1 0 0 1 0 1 1 0 0 1
0.046436088091853 0 1 0 0 0 1 0 0 0 0 1 1 1 1 1 1 0 1 0 1 1 0 1 1 0
0.014119260482169 1 0 0 0 0 0 0 0 0 0 1 1 1 1 0 1 1 1 0 0 1 1 1 0 0
0.025735838776805 0 0 0 1 0 0 0 0 0 1 0 0 1 1 1 1 1 1 1 0 1 0 1 0 1
0.048866035299407 0 0 0 1 0 0 0 0 0 1 0 1 1 1 1 0 1 1 1 0 1 0 0 0 1
0.085247346160854 1 0 0 1 0 0 1 0 0 1 1 1 1 0 1 1 1 1 0 0 0 0 1 1 0
0.027352178125474 0 0 0 1 0 0 0 0 0 0 1 1 1 1 1 1 1 1 1 1 1 0 1 0 1
0.050608417717127 1 0 0 0 1 0 0 0 0 1 1 0 1 1 0 1 0 1 0 0 1 0 0 1 0
0.153719997335760 1 0 0 0 1 0 1 0 0 0 1 1 1 1 0 1 1 1 0 1 1 1 0 1 0
0.069743824960553 1 0 0 0 0 1 0 1 0 0 1 1 1 1 0 1 0 1 0 1 0 1 0 0 0
0.094148510626219 1 0 0 1 0 0 1 0 0 1 1 0 1 1 1 1 0 1 0 0 1 0 1 0 1
0.012245314100220 1 0 0 0 0 0 0 0 1 0 1 1 1 1 1 1 1 1 1 0 1 1 0 0 1
0.062197653707011 1 0 0 0 0 1 1 0 0 0 1 1 1 1 1 1 0 1 0 0 1 1 0 0 1
0.096572661949331 0 1 0 0 0 1 0 1 0 0 1 1 1 1 1 1 1 1 1 0 0 1 0 1 0
0.108920181502562 0 1 0 1 0 0 1 0 0 1 1 1 1 1 1 1 1 1 0 0 0 0 1 1 0
0.047478482915222 1 0 0 0 0 1 0 0 0 0 1 1 1 1 1 1 0 1 1 1 1 1 0 0 1
0.157033391067554 0 1 0 0 0 0 1 0 1 1 0 1 1 1 0 1 1 1 1 0 1 1 0 0 0
0.084128947739060 0 0 0 1 0 0 1 0 0 0 1 0 0 1 1 1 1 1 1 0 0 0 1 0 1
0.068235936599458 1 0 0 0 0 0 0 1 1 0 1 0 1 1 0 1 1 0 1 1 0 1 0 0 1
0.033136751151212 1 0 0 0 0 0 1 0 0 0 1 1 1 1 0 1 0 1 0 0 1 0 1 0 0
0.020347053597523 1 0 0 0 0 0 1 0 0 0 1 1 1 1 1 1 0 1 0 0 1 1 1 0 0
0.069025595705665 1 0 0 0 1 0 0 0 1 1 1 1 1 0 1 1 1 0 0 0 1 1 0 1 0
0.047549168897348 0 1 0 0 0 0 0 0 1 0 1 1 1 0 1 1 1 0 1 0 1 0 1 1 0
0.088261019301689 0 1 0 0 0 1 1 0 0 0 1 1 1 1 1 1 0 0 1 1 0 1 0 0 1
0.032661806793896 1 0 0 0 0 0 1 0 0 0 1 0 1 1 1 1 0 1 0 1 1 0 1 0 1
0.137667277068413 0 1 1 0 1 0 0 0 1 1 1 1 1 1 1 1 1 0 0 0 1 1 0 1 0
0.121349811147394 1 0 1 0 0 0 1 0 0 0 1 1 1 1 1 1 0 1 0 0 1 1 0 1 1
0.044440052507922 0 1 0 0 0 0 0 0 0 1 0 1 0 0 1 1 1 1 1 0 0 0 1 1 0
0.045616035963491 1 0 0 0 0 0 1 0 0 1 1 0 1 1 1 1 0 1 0 1 1 0 1 0 0
0.038120739187356 0 1 0 0 0 0 0 0 1 1 0 0 1 1 1 1 0 1 1 0 1 0 0 0 1
0.052419348151258 1 0 0 0 0 0 1 0 0 0 1 0 1 1 1 1 0 1 1 0 1 1 1 0 1
0.092595235272965 1 0 0 0 1 0 0 1 0 0 1 1 1 1 1 1 0 1 0 1 1 1 0 0 0
0.035043174977907 1 0 0 0 0 0 0 0 0 0 1 0 0 1 1 1 0 1 1 0 1 0 1 0 1
0.040517707668189 0 0 0 1 0 0 0 0 0 0 0 1 1 1 1 1 1 1 1 0 1 0 1 1 1
0.062649729686845 1 0 1 0 0 0 0 0 1 1 1 0 1 1 1 1 1 0 0 0 1 1 0 1 0
0.053700658543410 1 0 0 0 1 0 0 0 0 1 1 0 1 1 1 1 1 1 0 0 1 0 1 1 0
0.091110584715020 1 0 0 0 0 1 1 0 0 0 1 0 1 1 1 1 0 0 0 0 1 0 1 1 0
0.065778578785198 0 1 0 0 0 0 1 0 0 1 1 1 1 0 1 1 1 1 0 0 1 0 1 1 0
0.030136822685073 0 1 0 0 0 0 1 0 0 0 1 1 1 1 1 1 1 1 0 1 0 0 1 1 0
0.059028295373088 1 0 0 0 0 1 0 0 0 0 1 1 1 1 1 1 1 0 0 0 1 1 1 1 0
0.025827142909326 1 0 0 0 0 0 0 0 1 1 1 0 1 1 1 1 1 1 0 0 1 1 1 0 0
0.058155101045723 0 1 0 1 0 0 0 0 0 1 1 1 1 0 1 1 1 0 1 0 0 0 1 1 0
0.039557839783307 0 0 0 1 0 0 0 0 0 0 0 0 1 1 1 1 1 0 1 1 0 0 1 0 1
0.019411667229069 1 0 0 0 0 0 0 0 1 0 1 0 1 1 0 1 1 1 0 0 1 0 1 0 1
0.016038453014370 1 0 0 0 0 0 0 0 0 0 1 0 1 1 0 1 0 1 0 1 1 0 1 0 1
0.028178488670408 1 0 0 0 0 0 0 0 1 0 1 1 1 1 1 1 1 1 0 1 1 1 1 0 0
0.025584652611778 1 0 0 0 0 0 0 0 0 1 1 0 1 1 0 1 1 1 0 1 1 0 1 1 0
0.078837677753877 0 0 1 1 0 0 0 0 1 1 1 1 1 1 1 1 1 0 1 0 1 1 0 0 1
0.045701985466697 0 1 0 0 0 0 0 0 0 1 0 1 0 1 0 0 1 1 1 0 1 0 0 1 1
0.057703257597436 0 1 0 0 0 1 0 0 0 0 1 1 1 1 1 1 1 1 1 1 0 0 1 1 0
0.055819075035666 0 1 0 0 0 1 0 0 0 1 0 1 1 1 1 1 0 1 0 0 1 0 1 0 0
0.068193819229327 1 0 1 0 0 0 0 1 0 1 1 0 1 1 1 0 0 0 0 0 1 1 0 0 0
0.093954545549674 1 0 0 0 0 0 1 0 1 0 1 0 1 1 0 1 0 1 0 0 0 0 1 0 1
0.063380739377073 1 0 0 0 0 0 0 0 1 0 1 0 1 1 0 1 1 0 1 0 1 1 1 0 1
0.028204094698110 1 0 0 0 0 0 0 0 1 0 1 1 1 0 0 1 1 1 1 0 1 0 0 0 1
0.024044684842867 1 0 0 0 0 0 0 0 1 0 1 0 1 1 0 1 0 1 1 0 1 0 0 0 1
0.026973009359762 1 0 0 0 0 1 0 0 0 0 1 1 1 1 1 1 0 0 1 0 1 1 0 1 0
0.073686795571319 0 1 1 0 0 0 0 0 1 1 1 1 1 0 1 1 1 0 1 0 1 0 0 0 1
0.137112975084461 0 1 0 1 0 1 0 0 0 1 1 1 1 1 1 1 1 0 1 0 0 1 0 0 1
0.035954393597928 1 0 0 0 0 1 0 0 0 0 1 1 1 1 0 1 0 1 0 0 1 0 1 0 0
0.013754491870474 1 0 0 0 0 0 0 0 0 0 1 0 1 1 0 1 0 1 0 1 1 0 0 1 1
0.019525397191601 0 1 0 0 0 0 0 0 1 0 0 1 1 1 1 1 1 1 1 1 0 1 0 1 1
0.070166175680423 1 0 1 0 0 0 0 0 1 0 1 1 1 1 1 1 0 1 0 1 1 1 0 0 1
0.037790666584214 1 0 0 0 0 1 0 0 0 1 1 1 1 1 0 1 0 1 0 0 1 1 0 0 0
0.108585224818960 0 1 1 0 0 0 0 0 1 0 1 1 1 1 1 1 1 1 1 1 0 1 0 1 1
0.028152801460043 0 1 0 0 0 0 0 0 0 1 0 1 1 1 1 1 1 1 1 0 1 1 0 1 1
0.082871506058782 0 1 0 0 0 1 0 0 0 1 1 1 0 1 1 1 0 1 1 1 0 1 0 0 1
0.112096084237890 0 0 0 1 0 0 1 0 0 0 1 1 1 1 1 0 1 1 0 1 1 0 1 1 0
0.090143886765249 1 0 1 0 0 0 0 1 1 0 1 1 1 1 0 0 0 1 0 0 0 1 0 0 0
0.025204249549896 0 1 0 0 0 0 0 0 1 0 1 1 1 1 1 1 1 1 1 1 0 1 0 1 0
0.075800554633113 1 0 0 0 0 0 0 1 0 0 1 0 1 0 0 1 1 1 1 0 0 0 0 1 0
0.076846009522932 0 0 1 1 0 0 0 0 0 1 1 1 1 1 1 0 1 1 0 0 1 0 0 0 1
0.050433752017842 0 1 0 0 0 0 0 0 1 0 1 1 1 1 1 1 0 1 1 1 1 1 0 0 1
0.013341515959388 1 0 0 0 0 0 0 0 0 0 1 0 1 1 0 1 0 0 1 1 0 1 0 0 1
0.077214135965237 1 0 0 1 0 0 0 0 0 0 1 1 1 1 0 1 1 1 0 1 0 0 1 1 1
0.112338407562260 1 0 0 0 0 1 1 0 0 0 1 1 1 1 0 1 0 1 0 0 1 1 1 0 0
0.033348667423845 1 0 0 0 0 0 1 0 0 0 1 1 1 1 1 1 0 1 0 1 1 0 1 1 0
0.100153019092069 1 0 0 0 1 1 0 0 0 0 1 1 1 1 1 1 0 1 0 0 1 1 0 1 0
0.033255379971548 1 0 0 0 0 0 0 0 1 0 1 1 1 1 0 1 1 1 0 0 1 0 1 0 0
0.107906060492656 0 0 1 0 0 1 0 0 0 0 1 1 1 1 1 1 0 0 0 0 1 0 0 0 1
0.018161824569307 1 0 0 0 0 0 0 0 0 1 1 0 1 1 1 1 1 1 0 1 0 1 1 1 0
0.025503616740717 1 0 0 0 0 0 1 0 0 1 1 1 1 1 1 1 1 1 0 1 0 1 1 0 0
0.135713210947767 1 0 0 1 0 0 1 0 0 1 0 1 1 1 1 1 1 1 1 0 0 1 1 0 1
0.063280252632427 1 0 0 0 0 0 1 1 0 0 1 1 1 1 1 1 0 1 0 1 0 1 0 0 0
0.048306337711855 0 0 0 1 0 0 0 0 0 0 1 1 1 1 0 1 1 1 1 0 1 0 0 0 1
0.108897175436157 0 1 0 0 1 0 0 0 1 1 0 1 1 1 0 1 1 1 1 0 0 1 0 1 0
0.078082703221432 1 0 0 0 0 1 0 1 0 0 1 1 1 1 0 1 0 0 1 0 0 1 0 0 1
0.076045900825819 0 1 1 0 0 0 0 0 1 1 0 1 1 1 1 1 0 0 1 0 1 1 0 0 1
0.024730331828150 0 1 0 0 0 0 0 1 0 0 1 1 1 1 1 1 1 0 1 1 0 1 0 0 1
0.033870857148288 1 0 0 0 0 0 1 0 0 1 1 0 1 1 1 1 0 1 0 0 0 1 1 0 0
0.040463629027221 0 1 0 0 0 0 0 1 0 0 1 1 1 1 1 0 1 0 1 1 0 1 0 1 0
0.070573968129313 1 0 0 0 1 0 0 1 0 1 1 0 1 1 1 1 1 0 0 1 0 1 0 1 0
0.052218398511589 1 0 0 0 0 0 1 0 0 1 1 0 1 1 1 1 0 1 0 1 1 1 0 0 1
0.018375295312913 0 1 0 0 0 0 0 0 1 0 0 1 1 1 1 1 1 0 1 1 0 0 1 1 0
0.051127409589484 1 0 0 0 1 0 0 0 0 0 1 1 1 1 1 1 1 1 0 1 0 1 1 1 0
0.077053988433906 0 0 1 1 0 0 0 0 1 0 1 1 1 1 1 0 1 0 1 0 1 0 0 0 1
0.113403233695137 0 0 1 1 0 0 0 1 0 0 1 1 1 1 0 0 1 0 1 0 0 1 0 0 1
0.028850722652144 1 0 0 0 0 0 0 0 0 1 1 0 1 0 1 1 0 1 0 0 1 0 1 1 0
0.047575413937929 1 0 0 0 0 0 0 1 0 1 1 0 1 1 0 1 0 1 0 1 0 1 0 0 0
0.077842181294569 1 0 1 0 0 0 1 0 0 1 1 1 1 1 1 1 0 1 0 0 1 1 1 0 0
0.025526272011831 0 1 0 0 0 0 0 0 1 0 1 1 1 1 1 1 1 1 1 1 1 0 0 1 1
0.067808543168180 1 0 0 1 0 0 0 0 0 1 1 1 1 0 1 1 1 1 1 0 1 0 0 1 1
0.048082002832739 0 1 0 0 0 1 0 0 0 0 1 1 1 1 0 1 0 0 1 0 1 0 0 1 0
0.115207938476915 1 0 1 0 1 0 0 0 0 1 1 1 1 1 1 0 0 1 0 0 1 1 0 1 0
0.039031769686582 0 0 1 0 0 0 0 0 0 0 1 1 1 1 1 1 1 0 0 1 1 1 0 0 1
0.070115335187929 0 0 1 0 0 0 0 1 0 0 1 1 1 1 0 1 1 0 0 1 0 1 0 0 0
0.094167078656802 1 1 0 0 0 1 0 0 0 1 1 1 1 1 0 1 0 0 1 0 0 1 0 1 0
0.107564402073016 0 0 0 0 0 1 0 0 0 0 1 1 1 1 1 1 1 0 1 0 1 1 0 0 1
0.076269682955478 1 0 0 1 0 0 0 0 0 1 1 1 1 0 0 0 1 1 1 0 0 0 1 1 0
0.029628851190024 0 1 0 0 0 0 0 0 0 0 0 0 1 1 1 1 1 0 1 1 0 0 1 1 1
0.080034560868350 1 0 1 0 0 0 0 0 0 1 1 0 1 1 1 1 0 0 0 1 1 0 0 1 1
0.037180941966083 0 1 0 0 0 0 1 0 0 1 1 1 1 1 1 1 1 1 0 1 0 1 0 0 1
0.031899591018760 1 0 0 0 0 0 0 0 0 0 1 1 1 1 0 1 1 1 0 1 0 1 0 0 1
0.153527552778053 0 1 1 0 0 1 1 0 0 1 1 1 1 1 0 1 0 0 0 0 0 1 0 0 1
0.030119690012597 0 1 0 0 0 0 0 0 0 1 1 1 1 1 1 1 1 1 1 1 1 1 0 0 1
0.058076887982147 0 1 0 0 0 0 1 0 0 1 1 1 1 1 1 1 1 1 0 0 0 1 1 1 0
0.048326446174660 0 0 0 1 0 0 0 0 0 1 1 0 1 1 1 1 1 1 0 1 0 0 1 0 1
0.024924215324364 0 1 0 0 0 0 0 0 0 1 0 0 1 1 1 1 1 0 1 1 0 0 1 1 0
0.042809343470250 1 0 0 0 0 0 0 1 0 0 1 0 1 1 0 1 0 0 0 1 1 0 0 0 1
0.050954736908601 1 0 0 0 1 0 0 0 0 1 1 1 1 0 0 1 1 1 0 0 1 0 0 1 0
0.033947657557589 0 0 1 0 0 0 0 0 0 0 1 1 1 1 0 1 1 0 1 0 1 1 0 0 1
0.035391680541452 0 1 0 0 0 0 1 0 0 0 0 1 1 1 1 1 1 0 1 1 1 0 0 1 1
0.056481281161380 1 0 0 0 0 1 0 0 0 1 1 1 1 1 1 1 0 1 0 1 1 0 1 1 0
0.026409253731280 1 0 0 0 0 0 0 0 1 0 1 0 1 1 1 1 1 1 1 1 0 1 1 1 0
0.048183114528664 0 1 0 0 0 0 1 0 0 0 1 1 1 1 1 1 1 0 1 1 0 1 0 1 1
0.017654844487259 0 1 0 0 0 0 0 0 0 1 0 1 1 0 1 1 1 1 1 0 1 0 0 1 1
0.060383815369618 1 0 0 0 1 0 0 1 0 0 1 1 1 1 0 1 1 0 1 0 0 1 0 1 0
0.145119377482606 1 0 1 0 0 0 0 1 0 1 1 0 1 1 0 0 0 0 0 1 0 1 0 1 0
0.035696006583836 1 0 0 0 0 0 0 0 0 0 1 0 1 0 0 1 0 1 1 0 1 0 0 1 1
0.082408880877133 0 0 1 1 0 0 0 0 0 1 1 1 1 0 1 1 1 0 1 0 1 0 0 1 1
0.026256779443021 1 0 0 0 0 0 1 0 0 1 1 1 1 1 1 1 1 1 0 0 1 1 1 0 0
0.021161625911739 1 0 0 0 0 0 0 0 1 0 1 0 1 1 1 1 0 1 0 1 1 0 1 0 1
0.041801133236959 0 1 0 0 0 0 1 0 0 1 0 1 1 1 1 1 1 1 0 1 1 0 0 1 1
0.033584483350902 1 0 0 0 0 0 0 0 1 0 1 0 1 1 1 1 0 1 1 1 1 1 0 0 1
0.021484215777637 1 0 0 0 0 0 0 0 0 0 1 0 1 1 0 1 1 1 1 0 0 1 1 1 0
0.019170744651233 0 1 0 0 0 0 0 0 1 0 0 1 1 1 1 1 1 0 1 0 1 1 0 0 1
0.049174143140867 0 1 0 0 0 0 1 0 0 0 0 1 1 1 1 1 1 1 1 0 1 0 1 0 1
0.085359452620562 1 0 0 0 0 0 0 1 0 0 1 1 1 1 0 1 1 1 1 1 0 1 0 0 0
0.017745086758297 1 0 0 0 0 0 0 0 0 0 1 0 1 1 1 1 0 1 0 1 0 1 1 0 1
0.037231697407781 1 0 0 0 0 0 0 0 1 0 1 1 1 1 1 1 1 1 0 1 0 1 1 1 0
0.059541599755582 1 0 0 0 0 0 0 1 0 0 1 0 1 1 0 1 0 0 0 1 0 0 0 1 0
0.034864221435437 1 0 0 0 0 0 0 0 0 1 1 0 1 1 0 1 1 1 0 0 1 0 0 1 1
0.040830383704625 1 0 0 0 0 0 0 1 0 0 0 0 1 1 1 0 0 0 1 1 0 1 0 0 1
0.035654195405906 1 0 0 0 0 0 0 0 0 1 1 0 1 1 1 1 0 0 0 1 1 1 1 0 0
0.051056873120329 0 1 0 0 0 0 0 1 0 1 0 0 1 1 1 1 1 0 1 0 1 0 0 0 1
0.028780433903618 1 0 0 0 0 0 0 0 1 0 1 0 1 1 0 1 1 1 1 1 0 0 1 0 1
0.045063446526340 0 1 0 0 0 1 0 0 0 0 0 1 1 1 1 1 1 0 1 0 0 1 1 0 1
0.026437140592619 1 0 0 0 0 0 0 0 0 0 1 1 1 1 1 0 0 1 0 1 1 1 0 0 1
0.042933671983814 0 0 1 0 0 0 0 0 0 0 1 1 1 1 1 1 0 0 1 1 1 1 0 0 1
0.056344699723464 1 0 0 0 0 1 0 0 0 0 1 1 1 1 0 1 1 1 0 0 1 0 0 0 1
0.066038556461058 1 0 0 1 0 0 0 0 1 0 1 0 1 1 1 0 1 0 0 1 0 0 1 0 1
0.014542645045248 1 0 0 0 0 0 0 0 0 1 1 0 1 1 1 1 0 1 1 0 1 0 1 1 0
0.062655964317664 1 0 1 0 0 0 0 0 0 0 1 1 1 1 1 0 0 0 1 0 1 1 0 0 1
0.041715932268831 1 0 0 0 0 1 0 0 0 0 1 0 1 1 1 1 0 1 0 1 0 0 1 0 1
0.024982937606344 0 1 0 0 0 0 0 0 0 0 0 1 1 1 0 1 1 1 1 0 1 0 0 1 1
0.025057000649137 0 1 0 0 0 0 0 0 1 0 1 0 1 1 1 1 0 1 1 1 0 0 1 1 0
0.022601800928258 1 0 0 0 0 0 1 0 0 0 1 1 1 1 1 1 1 1 0 1 1 0 1 0 1
0.032254587567585 1 0 0 0 0 0 1 0 0 0 1 1 1 0 1 1 1 1 1 0 1 0 0 1 1
0.086248624883131 0 0 0 1 0 0 1 0 0 0 1 1 1 0 1 1 1 1 1 0 1 0 0 0 1
0.023202171954995 1 0 0 0 0 0 0 0 0 0 1 1 1 0 0 1 1 1 1 1 1 0 0 1 1
0.031571972100508 1 0 0 0 0 0 1 0 0 0 0 1 1 1 1 1 1 1 0 0 1 1 1 0 1
0.051892109400848 1 0 1 0 0 0 0 0 1 0 1 1 1 1 1 0 0 0 1 0 0 1 1 0 0
0.060620415361678 0 0 1 0 0 0 0 0 1 0 1 1 1 1 0 1 1 0 1 0 0 1 1 0 0
0.050882062374949 0 0 1 0 0 1 0 0 0 0 1 1 1 1 1 1 1 0 0 0 1 0 1 1 0
0.094851876219243 1 0 1 0 0 1 0 0 0 1 1 1 1 1 1 1 0 0 0 0 1 1 0 1 0
0.061654502135282 0 0 1 0 0 1 0 0 0 0 1 0 1 1 1 1 0 0 0 1 0 0 1 1 0
0.114632704639702 0 0 1 1 0 0 0 0 1 0 1 0 1 1 1 1 1 0 0 1 0 0 1 1 1
0.065639504266611 0 0 1 0 0 1 0 0 0 1 0 0 1 1 1 1 1 0 0 0 1 0 1 1 0
0.071679437917730 1 0 0 1 0 0 0 0 0 1 1 0 1 1 1 0 0 1 1 1 0 0 1 0 1
0.100442656529762 0 1 1 0 0 0 0 1 0 1 1 1 1 1 0 0 0 0 0 0 1 1 0 0 0
0.163020563913592 0 1 1 0 0 1 1 0 0 0 1 1 1 1 1 1 0 0 0 0 0 0 1 1 0
0.038343788197263 0 0 1 0 0 0 0 0 0 0 1 1 1 1 1 1 1 0 1 1 1 0 0 1 1
0.047172862526865 0 0 1 0 0 0 0 0 0 0 1 1 1 1 1 1 1 0 0 1 1 0 1 1 0
0.043599332082668 0 1 0 0 0 0 1 0 0 0 1 1 1 0 1 1 1 1 1 0 1 0 0 1 1
0.078585547017302 0 0 1 0 0 1 0 0 1 0 1 0 1 1 1 1 1 0 1 0 0 0 1 0 1
0.042904929136266 0 0 1 0 0 0 1 0 0 0 1 1 1 1 1 1 1 1 0 1 1 0 1 0 1
0.040116596439372 0 0 1 0 0 0 1 0 0 0 1 1 1 1 1 1 1 0 1 1 0 1 0 0 1
0.079346404340904 0 0 1 0 0 0 1 1 0 0 1 1 1 1 1 1 1 0 0 1 1 0 0 0 1
0.041218644559125 0 0 1 0 0 0 1 0 0 0 1 1 1 1 1 1 1 1 1 0 0 1 1 0 1
0.039158211769441 0 0 1 0 0 0 1 0 0 0 1 1 1 1 1 1 1 0 0 1 0 1 1 0 0
0.121877108002541 0 0 1 1 0 0 1 0 0 0 1 1 1 1 1 1 1 0 0 1 0 0 1 0 1
0.039278109555554 0 0 1 0 0 0 1 0 0 0 0 1 1 1 1 1 1 0 1 0 1 1 0 0 1
0.120163133942888 0 1 1 0 0 0 1 0 0 1 1 1 1 0 1 1 1 0 0 1 1 0 0 1 1
0.073977570930263 1 0 0 1 0 0 0 0 0 1 1 0 1 1 0 0 0 1 0 0 1 0 0 0 1
0.033819134001468 0 0 1 0 0 0 0 0 1 0 0 1 1 1 1 1 1 0 1 1 1 0 0 0 1
0.053585711853311 0 0 1 0 0 1 0 0 0 0 1 1 1 1 1 1 1 0 0 1 1 0 1 0 0
0.016712761090449 0 0 1 0 0 0 0 0 0 0 0 1 1 1 1 0 1 0 1 1 1 0 1 0 1
0.017020067823454 0 0 1 0 0 0 0 0 0 0 0 1 1 1 1 1 1 0 1 1 0 1 1 0 1
0.060202863014151 0 0 1 0 0 1 0 0 0 0 0 1 1 1 1 1 1 0 1 1 0 0 1 0 1
0.021104274034474 0 0 1 0 0 0 0 0 0 0 0 1 1 1 1 0 1 0 1 1 1 1 0 0 1
0.023181697815186 0 0 1 0 0 0 0 0 1 0 0 1 1 1 1 1 1 1 1 0 1 0 1 0 1
0.023095067921428 0 0 1 0 0 0 0 0 1 0 0 0 1 1 1 1 1 0 1 0 1 0 1 0 1
0.154359483039039 0 0 0 0 0 0 0 0 0 0 0 0 1 1 1 1 1 1 1 1 1 0 1 0 1
0.103334507659731 0 0 1 1 0 0 0 0 0 0 0 1 1 1 1 1 1 0 1 0 1 0 1 0 1
0.097764116713658 0 0 1 0 0 0 0 0 1 0 0 1 1 1 1 0 1 0 1 0 1 1 1 0 1
0.190822725621988 0 1 0 1 0 0 0 0 0 1 0 0 0 1 1 0 1 0 1 0 1 0 1 0 1
0.055101943110446 1 0 1 0 0 0 0 0 1 1 1 0 1 1 1 0 0 1 0 0 1 0 1 0 0
0.090969805713040 0 1 1 0 0 0 0 0 1 1 1 0 1 1 1 1 0 1 1 0 1 0 0 1 1
0.091950103336683 1 0 0 0 1 0 0 0 1 1 1 1 0 1 1 1 1 1 0 0 1 1 0 0 0
0.040521855984460 0 0 1 0 0 0 0 0 0 0 1 1 1 1 1 0 0 1 1 1 0 1 1 0 0
0.029426696169705 1 0 0 0 0 0 0 0 0 1 1 0 0 1 0 1 0 1 0 0 1 0 1 0 0
0.052001365462461 0 0 1 0 0 0 0 0 1 0 1 0 1 1 1 1 0 0 1 1 0 0 1 0 0
0.038118688940296 0 1 0 0 0 0 0 0 1 0 1 0 0 1 1 1 1 0 1 1 0 0 1 1 0
0.055755208397457 0 0 1 0 0 0 0 0 0 0 1 1 1 1 1 0 1 0 1 1 0 0 1 0 0
0.093519978047108 0 0 0 1 0 0 0 0 1 0 1 1 1 1 1 1 1 1 1 1 0 1 1 1 0
0.065170114529768 0 0 1 0 0 0 0 0 1 1 0 0 1 1 1 1 1 1 1 0 1 0 0 0 1
0.063288545527889 1 0 0 1 0 0 0 0 0 0 1 1 1 0 1 0 1 0 1 0 0 0 0 1 1
0.072218093614491 1 0 1 0 0 0 0 0 0 0 1 1 1 1 1 0 0 1 0 1 1 0 1 0 1
0.054944674963913 0 1 0 0 0 1 0 0 0 1 1 1 0 1 1 1 0 1 0 0 1 0 0 1 0
0.030526892056591 1 0 0 0 0 0 1 0 0 0 1 1 0 1 1 1 1 1 0 0 0 1 1 0 1
0.054534421803894 0 0 0 1 0 0 0 0 0 1 1 1 0 1 1 1 1 1 1 0 1 0 0 0 1
0.048042367216391 1 0 0 0 0 0 0 0 0 0 1 1 1 1 1 1 1 1 0 1 1 1 0 1 1
0.114127404743917 1 0 0 1 0 0 0 0 1 0 1 0 1 0 1 1 1 1 1 0 0 0 1 1 1
0.047042929449190 1 0 0 1 0 0 0 0 0 0 1 1 1 1 1 0 0 0 1 1 0 1 0 0 1
0.135107867208513 1 1 0 1 0 0 0 0 0 1 1 1 1 1 0 0 0 0 1 0 0 1 0 1 0
0.041448415123348 0 0 0 1 0 0 0 0 0 1 0 0 1 1 1 1 1 1 1 0 0 0 1 1 0
0.029640527548797 0 0 0 1 0 0 0 0 0 0 1 1 0 1 1 0 1 1 1 1 0 0 0 1 1
0.038018052951186 0 0 0 1 0 0 0 0 0 0 1 1 1 1 1 0 1 1 1 1 0 0 1 0 1
0.089484225064841 0 0 1 1 0 0 0 0 0 1 0 1 1 1 1 0 1 0 1 1 0 1 0 0 1
0.076584707129377 0 1 0 0 0 0 0 1 1 0 0 1 0 1 1 1 1 0 1 1 0 1 0 0 1
0.068024081800717 0 1 1 0 0 0 0 0 1 0 1 1 1 1 0 1 0 0 1 0 1 0 1 0 0
0.060641572225071 0 1 0 0 1 0 0 0 1 0 1 1 1 1 1 1 1 0 1 1 0 0 1 1 0
0.017208655080639 0 1 0 0 0 0 0 0 1 0 0 0 1 1 1 1 1 0 1 0 0 1 1 1 0
0.066239279103426 0 1 0 0 0 1 0 0 0 1 1 0 1 1 1 1 0 0 0 0 0 1 1 0 0
0.052012791043591 1 0 0 0 0 0 1 0 0 0 1 1 0 1 0 1 0 1 0 1 1 0 0 0 1
0.025383403458796 1 0 0 0 0 0 0 0 1 0 1 0 0 1 1 1 1 0 1 1 0 0 1 0 1
0.109989817428428 1 0 0 0 1 0 0 0 1 0 1 1 1 0 1 1 1 1 1 0 1 0 0 1 0
0.067902622315039 1 0 0 0 1 0 0 0 0 1 0 0 1 1 1 1 1 0 0 0 1 1 0 1 0
0.060161719757345 1 0 0 0 0 0 1 0 0 0 1 1 0 0 0 1 1 1 0 0 0 0 1 1 0
0.041841642857330 1 0 0 0 0 0 0 1 0 0 1 0 0 1 1 1 0 0 1 1 0 1 0 0 1
0.079072735527456 0 1 0 1 0 0 0 0 0 0 1 1 1 1 1 1 1 0 1 1 0 1 0 1 1
0.034667010594241 0 0 1 0 0 0 0 0 1 0 0 0 1 1 1 1 1 0 0 1 0 0 1 0 1
0.133704171876735 1 0 1 0 0 0 0 0 1 0 0 0 1 1 1 1 0 0 1 1 0 0 1 0 1
0.028585691193968 0 0 1 0 0 0 0 0 0 0 0 1 1 1 1 0 0 1 1 1 1 0 0 0 1
0.096017716628023 0 1 1 0 0 0 0 0 0 1 0 1 1 1 0 0 0 1 1 0 1 0 0 0 1
0.051423894003337 0 0 1 0 0 0 0 0 0 0 0 1 1 1 1 0 0 1 0 0 1 0 1 0 0
0.042441549651359 1 0 0 0 0 0 1 0 0 0 1 1 1 1 1 0 0 1 1 0 1 0 1 0 1
0.173929491217560 1 1 0 0 1 0 0 1 1 1 1 1 1 1 0 0 0 0 0 0 0 1 0 0 0
0.053061726235859 0 0 1 0 0 0 0 1 0 0 0 1 1 1 1 0 0 1 1 1 0 1 0 0 1
0.031446434422755 1 0 0 0 0 0 0 0 1 1 1 0 0 1 1 1 1 1 0 0 0 1 1 0 0
0.109571486539936 0 0 1 1 0 0 0 0 1 1 1 0 1 1 1 1 0 1 1 0 1 0 0 0 1
0.025552249221560 0 1 0 0 0 0 0 0 1 0 1 1 1 1 1 1 1 0 1 1 0 1 1 0 0
0.059404338158004 1 0 0 1 0 0 0 0 0 0 1 1 1 1 1 0 0 1 1 0 1 0 0 1 1
0.047062661547499 0 1 0 0 0 0 1 0 0 0 1 1 1 0 1 1 1 0 1 1 0 0 1 1 0
0.061737078501341 0 0 1 0 0 0 0 0 1 0 1 0 1 1 1 1 1 0 0 0 1 0 1 0 0
0.021156064698725 0 0 1 0 0 0 0 0 0 0 0 1 1 1 1 0 1 1 1 0 1 0 0 1 1
0.018847354469978 0 0 1 0 0 0 0 0 0 0 0 0 1 1 1 0 1 0 1 1 0 0 1 1 1
0.041166709888801 0 0 1 0 0 0 1 0 0 0 0 1 1 1 1 0 1 1 0 1 0 0 1 0 1
0.014846185094541 0 0 1 0 0 0 0 0 0 0 0 0 1 1 1 0 1 0 0 1 1 0 0 1 1
0.030783725317028 0 0 1 0 0 0 0 0 0 0 0 0 1 1 1 1 1 1 0 0 1 0 1 1 1
0.051452757997860 0 0 1 0 0 0 0 1 0 0 0 0 1 1 1 0 1 0 1 0 1 0 0 1 1
0.018307724248460 0 0 1 0 0 0 0 0 0 0 0 0 1 1 1 1 1 0 1 1 0 1 0 1 1
0.013862723716297 0 0 1 0 0 0 0 0 0 0 0 1 1 1 0 1 1 1 1 1 0 1 0 1 1
0.013952821677525 0 0 1 0 0 0 0 0 0 0 0 1 1 0 1 1 1 0 1 1 0 1 0 1 1
0.028702461286189 0 0 1 0 0 0 0 0 0 0 0 1 1 1 1 0 1 0 1 1 0 1 0 1 1
0.037827374200507 0 0 1 0 0 0 0 0 0 0 0 1 1 0 1 0 1 1 1 1 1 0 0 1 1
0.055573601934067 0 0 1 0 0 0 1 0 0 0 0 0 1 1 1 1 1 0 0 1 0 0 1 1 1
0.025699041981882 0 0 1 0 0 0 0 0 0 0 0 1 1 0 1 1 1 0 1 1 0 0 1 1 0
0.015002281955700 0 0 1 0 0 0 0 0 0 0 0 1 1 1 0 1 1 1 0 1 1 0 1 0 1
0.026772908055450 0 0 1 0 0 0 0 0 0 0 0 1 1 0 0 1 1 0 1 1 0 0 1 0 1
0.033749332678924 0 0 1 0 0 0 0 0 0 0 0 0 1 1 0 1 1 0 1 1 0 0 1 0 1
0.057399180791066 0 0 1 0 0 0 1 0 0 0 0 1 1 1 0 1 1 1 0 1 0 1 0 0 1
0.014198337975957 0 0 1 0 0 0 0 0 0 0 0 0 1 1 1 1 0 1 0 1 1 0 0 1 1
0.020842185047020 0 0 1 0 0 0 0 0 0 0 0 1 1 0 1 1 0 1 1 1 0 0 1 1 1
0.020853179034894 0 0 1 0 0 0 0 0 0 0 0 1 1 0 1 1 1 1 0 1 0 0 1 1 1
0.013024303521559 0 0 1 0 0 0 0 0 0 0 0 0 1 1 1 1 0 0 0 1 1 0 1 0 1
0.022182656596009 0 0 1 0 0 0 0 0 0 0 0 0 1 0 1 1 1 0 1 1 0 0 1 1 1
0.056742345794679 0 1 0 0 0 0 1 0 0 1 1 1 0 1 1 1 1 1 0 0 1 0 0 0 1
0.050448469686786 0 0 1 0 0 0 0 0 0 0 0 1 1 1 1 1 0 1 0 1 0 0 1 0 1
0.027035231004032 0 0 1 0 0 0 0 0 0 0 1 1 1 0 1 1 1 1 1 1 0 0 1 1 1
0.065953174668377 0 0 1 0 0 0 0 0 0 0 0 0 1 1 1 0 0 0 1 1 1 0 1 1 0
0.029938714375920 0 0 1 0 0 0 0 1 0 0 0 1 1 1 1 1 1 1 0 1 1 0 0 1 1
0.019090424134006 0 0 1 0 0 0 0 0 0 0 0 1 1 0 0 1 1 0 1 1 0 0 0 1 1
0.131148004076059 0 1 1 0 0 0 0 0 0 0 1 1 1 0 0 1 0 0 1 1 0 0 1 1 0
0.029160484752234 1 0 0 0 0 0 0 0 1 0 1 1 0 1 0 1 1 1 1 0 1 0 1 0 1
0.028026982616555 0 0 1 0 0 0 0 0 0 1 0 0 1 1 1 1 1 0 0 1 1 0 0 1 1
0.053033830664268 1 0 0 1 0 0 0 0 1 0 1 1 1 1 1 0 1 0 1 0 1 1 0 0 1
0.025504136214148 0 0 1 0 0 0 0 0 0 0 0 1 0 1 1 1 1 1 0 1 1 0 0 1 1
0.051221045872848 0 1 0 0 0 1 0 0 1 0 1 1 1 1 1 1 0 0 1 0 1 0 1 0 0
0.034759767425390 0 0 1 0 0 0 0 0 1 0 0 1 1 0 1 1 1 1 1 1 0 0 0 1 1
0.048630387118655 1 0 0 1 0 0 0 0 0 1 1 1 1 1 1 0 0 1 0 0 1 0 1 0 0
0.054225791106722 0 0 1 0 0 0 1 0 0 0 0 1 1 0 1 1 1 1 1 0 0 0 1 1 1
0.050797969067054 1 0 0 0 0 0 0 0 1 0 1 1 0 0 0 1 1 1 1 1 0 0 0 1 1
0.031335004830942 0 0 1 0 0 0 0 0 0 0 0 1 1 1 1 1 1 1 1 1 0 0 1 1 1
0.037897778039883 0 0 1 0 0 0 0 0 0 0 0 1 1 0 1 1 0 1 1 1 0 1 0 0 1
0.068005787733194 0 0 0 1 1 0 0 0 0 0 1 1 1 1 1 1 1 1 0 1 0 0 1 1 0
0.031426648693478 0 0 1 0 0 0 0 0 0 0 0 1 1 1 0 1 1 1 0 0 1 0 0 1 1
0.028827162079077 0 0 0 1 0 0 0 0 0 0 1 1 1 0 1 1 1 1 1 1 0 0 0 1 1
0.105017975552196 0 0 1 1 0 0 0 0 0 0 1 1 1 0 1 0 0 1 0 1 0 0 0 1 1
0.036404798115704 1 0 0 0 0 0 0 1 0 0 1 0 1 1 1 0 0 1 0 1 0 1 1 0 0
0.013895883332223 1 0 0 0 0 0 0 0 0 0 1 1 1 0 0 1 1 1 1 0 0 1 0 1 1
0.018849653050502 0 0 1 0 0 0 0 0 0 0 0 1 1 0 0 1 1 1 1 0 0 1 0 1 1
0.066408801436699 0 0 1 0 0 1 0 0 0 0 0 0 1 1 1 1 1 0 0 1 1 0 0 1 1
0.032617434168420 0 0 1 0 0 0 0 0 1 0 0 0 1 1 1 1 0 1 0 1 1 0 1 0 1
0.021659550535976 1 0 0 0 0 0 0 0 0 1 1 0 1 1 1 1 0 1 0 0 1 1 0 1 0
0.028219598892561 1 0 0 0 0 0 0 0 0 0 1 1 0 0 0 1 1 0 1 0 1 0 0 1 1
0.022922418527039 0 0 1 0 0 0 0 0 0 0 0 0 1 1 1 0 0 0 1 1 0 1 0 0 1
0.039810448926119 0 1 0 0 0 1 0 0 0 0 1 1 1 1 1 1 1 0 0 1 1 0 1 0 1
0.038271589267854 0 1 0 0 0 0 0 1 0 0 1 1 1 1 0 1 1 0 1 1 1 0 0 0 1
0.062877194723532 1 0 0 1 0 0 0 1 0 0 1 1 1 1 1 0 0 1 0 1 1 0 0 0 1
0.063844285779463 0 1 0 0 0 1 0 1 0 0 1 1 1 1 1 1 1 0 0 1 0 1 0 0 1
0.034533857282352 0 1 0 0 0 0 0 0 1 0 1 1 1 1 0 1 1 1 1 0 1 0 1 0 1
0.021130783934770 1 0 0 0 0 0 0 0 0 1 1 0 0 1 1 0 1 1 0 0 1 0 1 1 0
0.021458192396836 0 0 1 0 0 0 0 0 0 0 0 0 1 1 1 1 0 0 1 1 0 0 0 1 1
0.104740299689370 0 0 1 1 0 0 0 0 0 1 0 0 1 1 1 0 1 0 0 0 1 0 0 1 1
0.041724659734269 0 0 1 0 0 0 0 0 0 0 0 1 1 1 0 1 1 0 1 0 0 1 0 0 1
0.040883741359955 1 0 0 0 1 0 0 0 0 1 1 1 1 1 0 1 1 1 0 1 0 1 0 1 0
0.051202602893425 0 0 1 0 0 0 0 1 0 0 0 0 1 1 1 0 1 0 0 1 0 0 1 1 0
0.050548564021179 0 0 1 0 0 0 0 0 0 0 0 0 1 0 1 0 0 1 1 1 0 0 0 1 1
0.045856442874562 1 0 0 0 0 0 0 1 0 0 1 1 1 0 0 1 1 0 1 1 0 0 0 1 1
0.047265682140055 1 0 0 0 0 0 1 0 0 0 1 1 0 1 1 0 1 0 1 0 1 1 0 0 1
0.016580913958121 0 1 0 0 0 0 0 0 0 1 0 0 1 1 1 1 0 1 0 0 1 0 1 1 0
0.019984525070210 1 0 0 0 0 0 0 0 1 0 1 1 1 1 1 1 1 0 1 0 1 1 1 0 0
0.081206137364300 1 0 0 1 0 0 0 0 1 0 1 1 0 1 1 1 1 1 0 0 1 0 1 0 1
0.045000969246526 1 0 0 0 0 0 0 0 0 0 1 0 0 1 0 0 1 0 0 1 0 0 1 0 1
0.052992894732111 1 0 1 0 0 0 0 0 1 1 1 1 1 0 1 1 1 0 1 0 0 1 0 1 0
0.150573627275875 0 1 1 1 0 0 0 0 1 1 1 1 1 0 1 0 1 0 1 0 0 1 0 0 1
0.063270702178007 1 1 0 0 0 0 0 0 1 1 1 1 1 1 0 1 1 0 1 0 1 1 0 0 1
0.120747059032843 1 0 0 1 1 0 0 0 0 1 1 1 1 1 1 0 1 1 0 0 1 0 1 1 0
0.061394016786914 0 1 0 0 1 0 0 0 0 1 1 1 1 0 1 1 1 0 1 0 1 0 0 1 0
0.024422847353202 0 0 1 0 0 0 0 0 0 0 0 0 1 1 1 1 0 1 1 1 0 1 1 0 1
0.121636569477589 0 0 1 0 1 0 0 1 0 0 0 1 1 1 1 0 1 0 0 1 1 0 0 1 0
0.016036206706334 0 1 0 0 0 0 0 0 1 0 0 1 1 1 1 1 1 1 1 0 0 1 1 1 0
0.048852061560925 0 1 0 0 0 1 0 0 0 0 1 1 1 1 0 1 1 0 1 0 1 1 0 0 1
0.032665707250039 0 1 0 0 0 0 0 0 0 1 1 1 1 0 0 1 1 1 1 0 1 0 0 0 1
0.021595251490784 0 0 1 0 0 0 0 0 0 0 0 0 1 1 1 0 0 1 1 0 1 0 1 0 1
0.026404338657681 0 0 0 1 0 0 0 0 0 0 1 0 1 1 1 1 0 1 1 0 1 0 1 0 1
0.046536817966789 1 0 0 1 0 0 0 0 0 1 1 1 1 1 1 1 0 1 1 0 1 1 0 0 1
0.061443091849621 0 0 0 1 0 0 0 1 0 0 1 0 1 1 1 1 1 0 1 0 0 0 1 0 1
0.029702368715312 1 0 0 0 0 1 0 0 0 1 1 1 1 1 1 1 1 0 1 0 1 1 0 1 0
0.032638023032175 1 0 0 0 0 0 0 1 1 0 1 0 1 1 1 1 1 0 1 0 0 1 0 1 0
0.023982200688117 1 0 0 0 0 0 0 0 0 1 1 0 1 0 1 1 1 0 1 0 0 1 1 1 0
0.049449551987700 1 0 0 1 0 0 0 0 0 1 1 1 1 1 1 0 1 0 0 1 1 0 0 0 1
0.081658026189483 0 1 0 0 0 0 1 1 0 0 1 1 0 1 1 1 1 1 0 1 0 0 0 1 1
0.029904260707985 0 0 0 1 0 0 0 0 0 0 0 0 1 1 1 1 0 1 1 0 0 0 1 1 1
0.151229289480408 1 1 0 1 0 0 0 0 1 1 1 1 1 1 1 0 1 0 0 1 0 1 0 0 1
0.035372615494237 1 0 0 0 0 0 0 0 1 0 1 0 1 0 0 1 1 0 1 0 0 0 1 0 1
0.031096068780803 0 0 0 1 0 0 0 0 0 1 0 0 1 1 1 1 0 1 1 0 1 1 0 0 1
0.027383209188386 1 0 0 0 0 0 0 1 0 0 1 1 1 1 1 0 0 1 0 1 1 0 1 0 0
0.053771477960581 1 0 1 0 0 0 0 1 0 1 1 1 1 1 1 0 1 0 0 1 1 0 0 1 0
0.064079613495001 1 0 0 1 0 0 0 1 0 1 1 1 1 1 1 0 1 0 0 1 0 0 1 0 0
0.054354445165517 1 0 0 0 1 0 0 1 0 1 1 1 1 1 1 0 1 0 0 1 1 0 0 1 0
0.033328190242771 0 0 1 0 0 0 0 0 1 0 0 0 1 1 1 1 0 1 1 0 0 1 1 1 0
0.034076951182026 0 0 1 0 0 0 0 0 1 0 0 0 1 1 1 1 1 0 1 0 0 0 1 1 0
0.030307362460056 0 0 1 0 0 0 0 0 1 0 0 0 1 1 1 1 0 1 1 0 0 1 0 1 1
0.120051730904378 0 0 1 1 0 0 0 0 1 0 0 1 1 1 1 1 1 1 1 0 0 1 0 1 1
0.027853640413394 1 0 0 0 0 1 0 0 0 0 1 1 1 1 1 0 0 1 0 1 1 0 0 1 0
0.060893441127917 0 0 1 0 0 0 1 0 0 0 0 0 1 1 1 1 0 0 1 0 0 1 1 0 1
0.025454051415030 1 0 0 0 0 0 0 0 0 0 0 0 1 1 0 1 0 1 1 0 0 1 0 1 1
0.037661666797991 0 0 0 1 0 0 0 0 0 0 1 0 1 1 1 1 0 1 0 1 0 0 1 1 0
0.050926072079498 0 0 1 0 0 1 0 0 0 0 0 1 1 1 1 0 1 1 0 0 1 0 1 0 1
0.037655898765894 1 0 0 0 0 0 1 0 0 0 1 1 1 0 1 1 1 1 1 0 0 1 1 1 0
0.091535885377996 0 0 1 1 0 0 0 1 0 0 1 1 1 1 1 0 1 0 0 1 1 0 0 0 1
0.049070969211894 1 0 0 0 0 1 0 0 0 1 1 1 1 1 1 0 0 0 0 1 1 1 0 0 0
0.164699498776013 0 1 0 1 1 0 0 0 1 0 1 1 1 1 1 1 1 0 0 1 0 0 1 1 0
0.059198662453310 0 1 0 0 1 0 0 0 1 0 1 1 1 1 1 1 1 0 1 0 1 1 0 0 1
0.058074796442282 1 0 0 0 0 0 0 1 1 0 1 0 1 1 1 0 1 0 1 0 0 0 1 0 0
0.071032453998289 0 1 0 0 0 1 0 1 0 0 1 1 1 1 1 1 1 0 1 1 0 0 1 0 1
0.083604963628230 0 0 0 1 0 0 0 1 0 0 1 1 1 1 1 0 1 1 0 1 0 0 1 1 0
0.052718734203328 0 0 0 1 0 0 0 0 0 0 1 1 1 1 1 1 0 1 1 1 1 0 0 1 1
0.095677734557396 1 0 0 1 0 0 1 1 0 0 1 1 1 1 1 0 0 0 1 0 1 0 0 0 1
0.038529511407951 1 0 0 1 0 0 0 0 0 1 1 1 1 1 0 1 1 0 0 1 0 1 1 0 0
0.060884446527512 1 0 0 1 0 0 0 0 0 1 1 1 1 0 1 1 1 0 1 1 0 1 0 0 1
0.118577275332287 0 1 0 0 1 1 0 0 0 1 1 1 1 1 1 1 1 0 0 0 1 0 1 0 0
0.059871961539834 1 0 0 1 0 0 0 0 1 1 1 0 1 1 1 1 1 0 0 0 0 1 1 0 0
0.049125318333645 1 0 1 0 0 0 0 0 0 1 1 1 1 1 1 0 1 0 0 1 0 1 1 0 0
0.024649868562028 0 1 0 0 0 0 0 0 0 1 0 0 0 1 1 1 0 1 1 0 1 0 0 1 1
0.028634253943350 0 0 1 0 0 0 0 0 0 0 0 1 1 1 0 0 1 0 0 1 1 0 0 0 1
0.020612970585078 0 0 1 0 0 0 0 0 0 0 0 1 1 1 1 1 0 1 1 0 1 1 0 0 1
0.046474425429471 1 0 0 1 0 0 0 0 0 1 1 1 1 0 1 1 1 0 0 1 0 0 1 1 0
0.078058217946432 0 0 1 0 0 1 0 0 1 0 1 1 1 1 1 1 0 1 1 0 0 1 1 0 0
0.074323273765377 0 1 0 0 1 0 0 1 0 0 1 1 1 1 1 0 1 0 1 0 1 0 0 1 0
0.050530984147694 0 0 0 1 0 0 0 0 0 1 1 0 1 1 1 1 1 0 1 0 1 1 0 0 1
0.059038603072554 1 0 0 1 0 0 0 0 0 0 1 1 1 1 0 1 1 0 1 0 1 0 1 0 1
0.056880231003814 1 0 0 0 0 1 0 1 0 0 1 1 1 1 1 0 0 1 0 1 1 0 0 0 1
0.028244908921164 0 1 0 0 0 0 0 0 0 1 0 0 1 1 1 1 0 1 1 0 0 0 1 1 0
0.014056174187942 0 1 0 0 0 0 0 0 0 0 1 0 1 1 1 1 0 1 1 1 0 1 0 1 1
0.048391358317609 0 0 0 1 0 0 0 0 0 0 1 0 1 1 1 1 0 1 1 0 0 1 0 1 1
0.030696644783846 0 1 0 0 0 0 0 0 0 1 1 0 1 1 1 0 0 1 1 0 1 0 0 1 0
0.052979364923404 0 1 0 0 0 1 0 0 0 1 1 0 1 1 1 1 1 1 0 0 0 1 1 0 1
0.034906248118781 1 0 0 0 0 0 0 1 0 0 1 1 1 0 0 1 1 0 1 0 0 1 0 1 0
0.056123906301682 0 0 0 1 0 1 0 0 0 0 1 1 1 1 1 1 1 1 0 0 1 0 1 0 1
0.040789458420313 1 0 0 0 0 0 1 0 0 1 1 0 0 1 1 1 1 0 0 0 0 1 1 0 0
0.020601880574345 1 0 0 0 0 0 0 1 0 0 1 0 1 1 1 1 1 1 0 0 1 0 1 1 0
0.076360611427360 1 0 0 0 0 0 1 1 0 0 1 1 0 1 1 0 1 1 0 0 1 0 1 0 0
0.039250278836231 1 0 0 0 0 0 0 1 1 0 1 0 1 1 1 1 0 1 0 0 1 0 1 0 0
0.043814200192363 0 0 1 0 0 0 0 0 0 0 1 1 1 0 1 1 0 1 1 1 0 1 0 1 1
0.016396078016528 0 0 1 0 0 0 0 0 0 0 0 1 1 1 0 1 0 1 1 0 1 0 1 0 1
0.038342103931493 0 0 1 0 0 0 0 0 1 0 0 0 1 1 0 1 0 1 1 0 0 0 1 0 1
0.045113204525398 0 1 0 0 0 0 0 0 0 1 1 0 1 1 1 1 0 1 0 1 1 0 0 1 1
0.013500970035146 0 1 0 0 0 0 0 0 0 0 0 0 1 1 1 1 0 0 1 1 0 1 0 1 1
0.015255270017911 0 1 0 0 0 0 0 0 0 0 0 1 1 1 1 1 1 0 1 1 0 1 1 1 0
0.014958384578940 1 0 0 0 0 0 0 0 0 0 1 0 1 1 1 1 0 1 1 0 0 1 1 1 0
0.011751311185934 1 0 0 0 0 0 0 0 0 0 0 1 1 1 1 0 0 1 1 1 1 0 0 1 1
0.012092389661611 0 1 0 0 0 0 0 0 0 0 0 1 1 1 1 0 1 0 1 1 1 0 0 1 1
0.017351104210686 0 0 0 1 0 0 0 0 0 0 0 0 1 1 1 0 0 1 1 1 0 0 0 1 1
0.061718378950872 1 0 0 0 0 1 0 0 0 0 0 1 1 1 1 0 0 1 1 1 0 1 0 1 1
0.061039560577194 1 0 0 0 1 0 0 0 0 0 0 1 1 1 1 0 0 1 0 1 1 0 0 1 1
0.012139870055848 0 1 0 0 0 0 0 0 0 0 0 1 1 1 1 0 0 1 1 0 1 0 1 1 0
0.071414480511175 1 0 0 1 0 0 0 1 0 1 1 0 1 1 0 1 1 0 0 0 0 1 1 0 0
0.047375996031386 1 0 0 0 0 0 0 1 0 0 0 0 1 1 1 0 0 1 0 1 1 0 0 1 1
0.075304203852479 0 1 0 0 1 0 0 0 1 0 0 1 1 1 1 1 1 0 1 0 1 0 0 1 1
0.021817680443219 0 0 0 1 0 0 0 0 0 0 0 0 1 1 0 1 0 1 1 1 0 0 0 1 1
0.039056423112850 0 0 0 1 0 0 0 0 0 0 1 0 1 1 0 1 0 1 1 1 0 1 0 0 1
0.021905229233355 0 0 0 1 0 0 0 0 0 0 0 0 1 1 0 1 0 1 1 0 0 0 1 0 1
0.076566868197245 0 1 0 0 0 0 1 0 0 1 0 1 0 1 1 0 1 1 0 1 0 0 1 1 0
0.032995866273513 1 0 0 0 0 0 0 1 0 0 1 1 1 1 1 0 0 1 1 1 1 0 0 1 0
0.011543534920928 1 0 0 0 0 0 0 0 0 0 0 1 1 1 0 1 0 1 0 1 1 0 0 1 1
0.039974810821649 1 0 0 0 0 1 0 0 0 0 0 1 1 1 1 0 0 1 0 0 1 0 1 0 1
0.015217770631458 1 0 0 0 0 0 0 0 1 0 0 0 1 1 1 1 0 0 1 0 1 1 0 0 1
0.022259713046458 1 0 0 0 0 0 1 0 0 0 0 1 1 1 1 1 0 0 1 0 1 1 0 0 1
0.071947722282156 1 0 0 0 0 0 0 0 0 0 0 1 0 1 0 1 0 1 1 0 1 1 0 0 1
0.039546589319994 1 0 0 0 0 0 0 1 0 1 1 0 0 1 1 1 1 1 0 1 0 0 1 1 0
0.070406958019624 1 0 1 0 0 0 0 1 0 1 1 1 0 1 1 0 1 1 0 0 0 1 0 1 0
0.052293484641121 0 0 1 0 0 0 0 0 1 0 1 1 0 0 1 1 1 1 1 0 0 0 1 1 0
0.035779744298181 1 0 0 0 0 0 1 0 0 0 0 1 1 1 1 0 0 0 0 1 1 0 0 0 1
0.074989604275962 1 0 0 0 0 0 0 1 1 0 1 0 0 1 0 1 1 1 1 0 0 0 1 0 1
0.065836365799914 1 0 0 0 0 0 0 0 0 0 0 0 1 1 0 0 0 0 1 0 1 0 0 1 1
0.047843848121150 1 0 0 0 0 1 0 0 0 0 1 1 0 1 0 1 1 0 0 1 0 0 1 0 1
0.068428815453796 1 1 0 0 0 0 0 1 1 0 1 1 1 1 1 0 0 0 1 1 1 0 0 0 1
0.042403643663814 0 0 0 1 0 0 0 0 0 1 0 0 1 1 0 1 0 1 1 0 0 1 0 0 1
0.053029048436500 0 0 0 1 0 0 0 1 0 0 0 0 1 1 1 1 0 0 1 1 0 1 0 0 1
0.015164322389113 1 0 0 0 0 0 0 0 0 0 1 1 1 1 0 1 0 1 0 1 0 1 1 0 0
0.120022177016826 0 1 1 0 0 0 0 1 0 0 0 1 1 1 1 0 1 0 0 1 1 0 0 1 1
0.031307622974507 0 0 1 0 0 0 0 0 0 0 1 1 0 0 0 1 1 1 0 1 0 0 0 1 1
0.056409766782711 1 0 1 0 0 0 0 0 1 1 1 1 0 1 1 0 1 0 0 1 1 0 0 0 1
0.045411268433891 0 0 1 0 0 0 0 0 1 0 1 0 1 1 1 0 1 1 0 1 0 0 1 1 0
0.048814550573305 0 0 0 1 0 0 1 0 0 0 0 1 1 1 1 1 0 1 1 1 0 0 0 1 1
0.024781394746823 0 0 1 0 0 0 0 0 0 0 1 1 0 1 0 1 1 1 0 0 1 0 1 0 1
0.054287742484893 0 0 1 0 0 1 0 0 0 0 1 1 1 1 0 1 1 1 0 1 0 0 1 0 1
0.031429145787562 1 0 0 0 0 0 0 1 1 0 0 1 1 1 1 1 0 0 1 1 1 0 0 0 1
0.028126127012970 0 0 0 1 0 0 0 0 0 0 0 1 1 1 1 1 0 1 1 0 1 0 1 0 1
0.041257356321927 0 1 0 0 0 0 0 0 0 0 1 1 0 1 0 1 1 1 1 0 0 1 0 1 0
0.076248948846468 0 1 1 0 0 0 0 0 1 1 1 1 1 0 1 1 0 1 1 0 0 1 1 0 0
0.029720628144649 0 0 1 0 0 0 0 0 0 0 1 0 0 1 1 0 1 0 0 1 0 0 1 0 1
0.050641943871864 0 0 1 0 0 0 0 1 0 0 0 1 0 1 0 1 1 1 0 1 0 0 0 1 1
0.040052481970764 0 0 1 0 0 0 0 1 0 0 0 0 1 1 1 1 0 0 0 1 1 0 0 0 1
0.020245815745260 1 0 0 0 0 0 0 0 1 0 1 0 1 1 1 1 0 0 1 1 0 1 1 0 0
0.087343652160178 0 0 1 0 0 1 0 0 0 0 1 1 0 0 1 1 1 0 0 1 0 0 1 0 1
0.016671610535519 0 1 0 0 0 0 0 0 0 0 1 1 1 1 1 0 1 1 1 0 1 0 1 1 0
0.026525522503687 0 0 0 1 0 0 0 0 0 0 0 1 1 0 0 1 1 0 1 1 0 0 0 1 1
0.032082689363841 0 0 0 1 0 0 0 0 0 0 1 0 0 1 0 1 1 0 1 0 0 0 1 0 1
0.027797992302087 0 0 0 1 0 0 0 0 0 0 0 1 1 1 1 1 0 1 1 1 0 1 0 1 1
0.045839420197816 0 1 0 0 0 0 0 0 0 1 1 0 0 1 0 1 1 0 1 1 0 1 0 0 1
0.032546194224235 0 0 1 0 0 0 0 0 0 0 1 0 1 1 0 1 0 1 1 0 0 1 1 0 1
0.039787114424611 1 0 0 0 1 0 0 0 0 0 1 1 1 1 0 1 1 0 0 0 1 1 0 0 1
0.078025010488277 0 0 0 1 1 0 0 0 0 0 0 1 1 1 0 1 1 0 0 1 0 0 0 1 1
0.041037385876849 1 0 0 0 1 0 0 0 1 0 1 1 1 1 1 0 1 0 0 1 0 1 1 0 0
0.062300214026809 1 1 0 0 0 0 0 0 1 1 1 1 0 1 1 0 0 1 1 0 1 0 0 1 0
0.090368245641801 0 0 0 1 1 0 0 0 0 0 1 0 1 1 0 1 1 0 0 0 0 0 1 1 0
0.021398607972069 1 0 0 0 0 0 0 0 1 0 1 1 1 1 1 0 1 0 1 1 1 0 0 0 1
0.041568468965863 0 1 0 0 0 1 0 0 0 0 1 1 1 1 1 0 0 1 1 0 1 0 0 1 0
0.033631108503021 1 0 0 0 0 1 0 0 0 0 0 1 1 1 1 1 0 0 0 1 1 1 0 0 1
0.062617381287005 0 0 0 1 0 0 0 0 0 1 1 0 1 0 0 1 1 1 1 0 0 0 1 0 1
0.020555763233970 0 0 0 1 0 0 0 0 0 0 0 1 0 1 0 1 1 1 0 1 0 0 0 1 1
0.094470182540050 0 0 1 1 0 0 0 0 0 0 1 1 0 1 0 1 1 0 0 1 0 0 0 1 1
0.015511262459044 0 0 0 1 0 0 0 0 0 0 0 0 1 1 0 1 1 1 0 0 0 1 1 0 1
0.035385384683663 0 0 0 1 0 0 0 0 0 1 0 0 1 1 0 1 1 1 0 0 1 0 1 0 1
0.015599556045898 0 0 0 1 0 0 0 0 0 0 0 0 1 1 0 1 1 1 0 1 0 1 0 1 1
0.034933458426752 0 0 0 1 0 0 0 0 0 0 0 0 1 1 0 1 0 0 0 1 0 1 0 0 1
0.023251659461742 0 0 0 1 0 0 0 0 0 0 0 1 1 1 0 1 1 1 0 1 0 1 1 0 1
0.016006718142127 0 0 0 1 0 0 0 0 0 0 0 0 1 1 0 1 1 1 0 1 0 0 1 1 1
0.043866817832215 0 0 0 1 0 0 0 0 0 0 0 1 1 1 0 0 1 1 0 1 0 0 0 1 1
0.014688145059780 0 0 0 1 0 0 0 0 0 0 0 0 1 1 1 1 1 0 1 1 0 1 0 1 1
0.047181474099439 1 0 0 0 0 0 1 0 1 0 1 1 0 1 1 1 1 0 1 0 1 0 0 0 1
0.030492568815573 0 0 0 1 0 0 0 0 0 0 1 0 0 1 0 1 1 1 0 1 0 0 1 0 1
0.093765033774144 1 0 0 1 0 0 0 0 0 1 0 0 1 1 0 1 0 0 0 1 0 1 0 0 1
0.019538581848064 0 0 0 1 0 0 0 0 0 0 0 0 1 1 0 1 1 0 1 0 0 1 0 1 1
0.146662532328782 0 1 1 0 0 0 0 0 1 1 1 1 0 0 0 1 1 1 1 0 0 1 0 0 1
0.041240228334931 0 0 0 1 0 0 0 0 0 0 0 0 1 1 0 1 1 0 0 1 0 1 1 1 0
0.026069282421703 0 1 0 0 0 0 0 0 0 1 0 1 1 1 1 0 1 1 1 0 1 0 0 1 1
0.020714945963036 1 0 0 0 0 0 0 0 0 1 1 0 0 1 1 1 0 1 0 1 1 0 0 1 1
0.037968791901228 1 0 0 0 0 0 0 0 1 1 1 0 0 1 0 1 1 1 0 0 1 0 0 0 1
0.040251775277065 0 0 1 0 0 0 0 0 0 0 1 1 1 1 0 0 1 1 1 0 1 0 1 0 1
0.078202999546184 0 1 0 0 1 0 0 0 0 1 1 1 0 1 0 1 1 1 0 0 1 0 0 1 0
0.029918310626394 0 0 1 0 0 0 0 0 0 0 0 0 1 1 0 1 0 1 0 1 0 1 0 1 1
0.021523515961262 0 1 0 0 0 0 0 0 0 0 1 1 0 1 0 1 1 0 1 0 1 0 0 1 1
0.037634136832117 0 0 1 0 0 0 0 0 0 0 0 1 1 0 0 1 0 1 0 1 0 0 1 1 0
0.025151806703387 1 0 0 0 0 0 1 0 0 0 1 1 1 1 1 0 1 0 0 1 0 1 1 0 0
0.092378958190594 1 1 0 0 0 0 0 0 1 1 1 0 0 1 0 1 0 0 1 0 1 0 0 0 1
0.013481590793486 0 1 0 0 0 0 0 0 0 0 1 1 0 1 1 1 0 1 1 0 1 0 1 1 0
0.019404133973827 0 0 0 1 0 0 0 0 0 0 0 1 1 1 1 1 1 0 1 1 1 1 0 0 1
0.049598976824382 0 0 0 1 0 0 1 0 0 0 0 1 1 1 1 1 1 0 0 1 0 1 0 0 1
0.016862448447024 1 0 0 0 0 0 0 0 1 0 1 1 1 0 1 1 1 0 1 1 0 1 0 0 1
0.018576774888151 0 1 0 0 0 0 0 0 0 0 1 0 1 1 1 1 1 0 0 1 0 1 1 1 0
0.012789670539801 0 1 0 0 0 0 0 0 0 0 1 0 1 1 1 1 0 1 1 0 0 1 1 1 0
0.058387817771013 1 0 1 0 0 0 0 0 0 1 1 1 0 1 1 0 0 1 0 0 1 0 0 1 0
0.072907178652488 0 1 0 0 0 0 0 1 0 1 1 1 0 1 0 1 1 0 0 1 0 1 0 0 0
0.028314024449407 0 1 0 0 0 0 0 0 0 1 1 0 0 1 0 1 1 1 0 0 0 0 1 1 0
0.034195749577843 0 1 0 0 0 0 0 0 1 0 1 1 0 1 0 1 1 1 1 0 0 0 1 1 0
0.032894684003060 0 1 0 0 0 0 0 1 0 0 0 0 1 1 1 1 1 0 1 1 0 1 0 1 1
0.058309870643434 0 0 0 1 0 0 0 1 0 0 0 1 1 1 1 1 1 0 1 0 1 0 0 0 1
0.097296055891568 0 0 1 0 1 0 0 0 1 0 1 1 1 1 1 1 1 1 0 1 0 1 1 0 0
0.046341122372279 1 0 0 0 1 0 0 0 1 0 1 1 1 1 1 0 1 0 1 1 0 1 0 0 1
0.035401566157656 0 1 0 0 0 0 1 0 0 0 1 1 1 1 1 1 1 1 0 1 0 1 1 0 1
0.039322512872658 0 0 1 0 0 0 0 1 0 0 1 0 1 1 1 1 0 1 1 0 0 0 1 1 0
0.021808944214393 0 0 1 0 0 0 0 0 0 0 1 0 0 1 1 1 0 1 0 1 0 0 1 1 0
0.021228597452031 0 0 1 0 0 0 0 0 0 0 1 0 1 0 1 1 1 0 0 1 0 0 1 1 0
0.052461859650682 0 1 0 0 0 0 0 1 0 0 1 1 0 1 1 0 0 1 1 0 1 0 0 1 0
0.108622015828703 0 1 1 0 0 0 0 1 1 0 1 1 1 1 0 1 0 1 1 0 0 1 1 0 0
0.023491236773252 0 1 0 0 0 0 0 0 0 0 0 1 1 1 1 0 1 0 1 1 0 1 0 0 1
0.058246483586744 0 0 1 0 0 0 0 1 0 0 1 0 0 1 1 1 0 1 0 1 0 0 0 1 1
0.032754548637744 0 0 1 0 0 0 0 0 0 1 0 0 1 1 1 1 0 1 0 0 1 0 1 0 1
0.012326834599276 1 0 0 0 0 0 0 0 0 0 1 1 1 1 0 1 1 0 1 0 1 1 0 1 0
0.082503779257108 0 0 0 1 1 0 0 0 0 0 0 1 1 1 1 1 1 0 1 0 1 1 0 0 1
0.042163303878073 1 0 0 0 0 0 1 0 0 0 1 0 0 1 1 1 0 1 0 0 1 0 0 1 1
0.026651603554173 0 0 0 1 0 0 0 0 0 0 0 1 1 1 0 1 1 0 1 1 0 1 0 0 1
0.029984406650129 0 1 0 0 0 0 0 0 0 1 1 0 1 1 0 1 0 1 1 0 0 1 0 1 0
0.025626503051245 0 0 1 0 0 0 0 0 0 0 0 0 0 1 0 1 1 0 0 1 0 0 0 1 1
0.028681627478556 0 1 0 0 0 0 0 0 0 1 0 0 1 0 1 1 1 0 1 1 0 1 0 1 1
0.044022979832741 1 0 0 0 0 0 0 1 1 0 1 1 1 1 1 1 1 0 1 1 0 1 1 0 0
0.046578734754401 1 0 0 0 0 0 0 1 1 0 1 1 0 1 1 1 0 1 0 1 1 0 0 0 1
0.020191402537507 0 1 0 0 0 0 0 0 0 1 1 0 0 1 1 1 1 1 1 0 0 1 0 1 1
0.018504814020345 0 1 0 0 0 0 0 0 1 0 0 1 1 1 1 1 0 1 1 0 1 0 1 1 0
0.046384264965969 1 0 0 0 0 1 0 0 0 0 1 1 1 0 1 1 0 0 1 1 0 0 0 1 1
0.035900386662731 1 0 0 0 0 1 0 0 0 0 1 1 1 1 1 0 0 0 1 1 0 0 1 0 0
0.037390893764384 1 0 0 0 0 1 0 0 1 0 1 1 1 1 1 1 0 0 1 1 1 0 0 0 1
0.049709332718763 0 0 0 1 0 0 0 0 0 0 1 0 0 1 0 1 1 1 0 0 0 0 1 1 1
0.020456134985519 0 0 1 0 0 0 0 0 0 0 1 1 1 0 1 1 1 1 1 0 0 1 1 1 0
0.026542416793726 0 0 0 1 0 0 0 0 0 0 0 0 1 1 1 0 0 1 1 0 0 1 1 0 1
0.020886167196353 0 1 0 0 0 0 0 0 1 0 0 0 1 1 1 1 1 0 1 1 0 1 0 1 1
0.017120435135805 0 0 0 1 0 0 0 0 0 0 0 1 1 0 1 1 1 1 1 1 0 1 0 1 1
0.067359388363233 1 0 0 0 1 0 0 1 1 0 1 1 1 1 1 1 1 0 0 1 1 0 0 0 1
0.031540436984656 0 1 0 0 0 0 0 0 0 0 1 0 0 1 1 0 0 1 0 1 0 0 1 1 0
0.070093636220154 0 1 0 0 0 0 1 0 0 1 1 0 0 1 1 1 0 1 0 0 0 0 1 1 0
0.015245560659243 0 1 0 0 0 0 0 0 0 1 0 0 1 1 1 1 1 1 0 1 0 1 1 1 0
0.031585760619709 0 1 0 0 0 0 0 0 0 1 0 0 0 1 0 1 1 1 0 1 0 0 0 1 1
0.048897533938273 0 0 1 0 0 0 0 1 0 0 1 1 1 0 1 1 1 1 0 1 0 0 1 1 0
0.043673009655718 1 0 0 0 0 1 0 0 1 0 1 1 1 1 1 0 1 1 0 1 0 0 1 0 1
0.015410925707478 0 0 0 1 0 0 0 0 0 0 0 0 1 1 1 1 0 1 0 1 0 1 1 0 1
0.037988386405455 0 0 0 1 0 0 0 1 0 0 0 0 1 1 1 1 1 1 1 0 0 1 0 1 1
0.075294967557144 0 0 0 1 0 1 0 0 0 0 0 1 1 1 1 0 0 1 0 1 1 0 0 0 1
0.055498454772176 0 1 0 0 0 0 1 0 0 1 0 0 1 1 1 1 1 0 0 1 0 1 1 0 1
0.027419212158943 1 0 0 0 0 0 1 0 0 0 1 1 1 0 1 1 1 0 1 1 0 0 1 0 1
0.016019941863441 1 0 0 0 0 0 0 0 0 0 1 1 1 0 0 1 1 0 0 1 0 1 1 0 0
0.037745675408966 1 0 0 0 0 0 1 0 0 0 1 1 1 0 0 1 1 0 1 0 0 1 0 0 1
0.026378225902118 1 0 0 0 0 0 0 0 0 0 1 1 0 0 0 1 1 1 0 1 0 0 1 0 1
0.014399412116402 1 0 0 0 0 0 0 0 0 0 1 1 1 0 0 1 1 0 1 0 1 0 1 0 1
0.014342118996334 0 0 1 0 0 0 0 0 0 0 0 1 1 0 1 1 1 0 0 1 1 0 1 0 1
0.016589006988189 0 1 0 0 0 0 0 0 0 0 1 1 0 1 1 0 1 1 1 1 0 0 0 1 1
0.029621404273668 0 1 0 0 0 0 0 0 0 0 0 0 1 1 1 0 0 1 1 1 0 1 0 1 1
0.116911520807644 1 0 0 0 1 0 0 1 1 0 1 0 1 1 1 0 1 1 0 1 0 0 1 1 0
0.045910985561109 1 0 0 0 0 1 0 0 0 0 1 1 1 1 1 0 1 0 0 1 1 0 1 0 1
0.016829983282028 0 1 0 0 0 0 0 0 0 0 1 1 0 1 1 0 1 0 1 1 0 0 1 1 0
0.046231571885377 1 0 0 0 0 1 0 0 0 0 1 1 0 1 1 0 0 0 1 1 0 0 0 0 1
0.016709450792892 0 1 0 0 0 0 0 0 0 1 1 0 1 1 1 1 1 1 1 0 0 1 1 1 0
0.017136040416636 0 1 0 0 0 0 0 0 0 0 0 0 1 1 1 1 0 0 1 0 1 0 1 1 0
0.019857852631614 0 1 0 0 0 0 0 0 0 1 0 0 0 1 1 1 1 0 0 1 0 1 0 1 1
0.069807594528217 0 1 0 0 1 0 0 0 0 0 1 1 0 1 1 1 1 0 0 1 0 1 0 1 0
0.014802136078086 1 0 0 0 0 0 0 0 1 0 0 1 1 1 1 1 0 1 1 1 1 0 0 1 1
0.014636220089931 1 0 0 0 0 0 0 0 1 0 0 1 1 1 1 0 0 1 1 1 0 1 0 0 1
0.056242482776547 1 0 0 1 0 0 0 0 1 1 0 1 1 1 1 0 0 1 0 1 1 0 0 0 1
0.029470546493029 1 0 0 0 0 0 0 0 1 0 0 0 1 1 1 1 0 1 0 1 0 1 0 0 1
0.058952003077281 1 0 1 0 0 0 0 0 1 1 1 1 1 1 1 0 1 1 1 0 1 1 0 0 1
0.021828304941731 1 0 0 0 0 0 0 0 1 0 1 1 0 1 1 0 1 1 1 1 0 0 1 0 1
0.039184098446388 0 1 0 0 0 0 0 0 0 0 1 0 0 1 1 1 0 0 1 1 0 1 0 1 0
0.054856279416941 0 1 0 0 0 1 0 0 0 1 0 0 1 1 1 1 1 0 0 1 0 0 1 1 0
0.014361597155425 1 0 0 0 0 0 0 0 0 1 0 1 1 1 1 1 0 1 0 1 1 1 0 0 1
0.033102590715772 0 0 0 1 0 0 0 0 0 1 0 1 1 1 1 1 1 1 0 1 1 1 0 0 1
0.047360409754888 1 0 0 0 0 0 1 0 0 0 0 1 1 0 1 1 0 1 0 1 1 0 0 1 1
0.040721235617960 1 0 0 0 1 0 0 0 0 1 1 1 1 0 1 1 1 0 0 1 0 1 1 0 0
0.025128296703847 0 1 0 0 0 0 0 0 0 0 1 1 0 0 1 1 1 0 1 1 1 0 0 1 1
0.014991548720272 1 0 0 0 0 0 0 0 1 0 0 1 1 1 1 0 1 1 0 1 1 0 1 0 1
0.057555160072742 1 0 0 0 1 0 0 0 1 1 0 1 1 1 1 1 1 0 0 1 1 1 0 0 1
0.018561286585647 0 1 0 0 0 0 0 0 0 0 0 1 1 0 1 1 1 0 1 0 1 0 1 0 1
0.015132314919021 0 1 0 0 0 0 0 0 0 1 0 1 1 0 1 1 1 1 1 0 0 1 1 0 1
0.020781164028734 0 1 0 0 0 0 0 0 0 0 1 1 1 0 1 1 1 0 1 1 0 1 1 0 1
0.017078056315825 0 1 0 0 0 0 0 0 0 1 0 1 1 0 1 1 1 0 1 0 1 1 0 0 1
0.069836065776906 0 1 0 0 0 1 0 0 0 1 1 1 1 0 1 1 1 1 1 0 0 1 1 0 1
0.088621623788098 0 1 0 0 1 0 0 0 0 0 0 1 1 0 1 1 1 0 0 1 0 1 1 0 1
0.021887987598998 0 1 0 0 0 0 0 0 0 0 0 1 1 1 1 1 1 0 1 0 1 1 1 0 1
0.025436021283583 0 0 1 0 0 0 0 0 0 0 0 1 0 1 1 0 1 0 0 1 1 0 0 0 1
0.093399401345584 0 1 0 1 0 0 0 0 0 1 0 1 1 0 1 1 1 0 0 1 0 1 1 0 1
0.025672250289465 1 0 0 0 0 0 0 0 1 1 0 1 1 1 1 0 1 1 0 1 0 1 1 0 0
0.086302191977801 0 0 1 0 0 0 1 1 0 0 1 1 1 1 1 1 0 1 1 0 0 1 0 1 0
0.027427664092646 1 0 0 0 0 0 0 0 0 1 1 1 1 0 0 1 1 1 0 0 0 1 1 0 0
0.036786510046988 1 0 0 0 0 1 0 0 0 1 0 1 1 1 1 0 0 1 0 1 1 0 0 0 1
0.049046073790299 0 1 0 0 0 0 0 1 0 1 0 1 1 1 1 0 1 0 1 1 0 1 0 0 1
0.027558867408251 0 1 0 0 0 0 0 0 1 1 0 0 1 1 1 1 1 1 1 0 0 1 1 0 1
0.021216202979627 1 0 0 0 0 0 0 0 0 0 0 1 1 1 1 0 0 1 0 1 0 1 1 0 0
0.016052824350511 0 0 1 0 0 0 0 0 0 0 1 0 1 1 1 1 0 1 1 0 1 0 1 1 0
0.052797410262415 0 0 1 0 0 1 0 0 0 0 1 1 1 1 1 1 0 1 1 0 1 0 1 1 0
0.024050318299094 0 0 1 0 0 0 0 0 0 1 0 1 1 0 1 1 1 1 1 0 1 0 1 0 1
0.039518800095427 0 0 1 0 0 0 0 0 0 1 0 1 1 1 1 0 1 1 0 1 1 0 1 0 1
0.016987068756578 0 0 1 0 0 0 0 0 0 0 0 1 1 0 1 1 0 1 1 0 1 0 1 0 1
0.103692148069966 1 1 0 0 0 0 1 0 0 1 1 1 1 0 1 1 1 0 1 0 0 1 1 0 1
0.021475874668986 0 0 1 0 0 0 0 0 0 0 1 0 0 1 1 0 1 0 1 1 0 0 0 1 1
0.090772739201090 1 0 0 1 0 1 0 0 0 1 1 1 1 1 1 0 0 1 0 1 0 0 1 0 0
0.024498092939881 0 0 1 0 0 0 0 0 0 0 1 0 0 1 1 0 1 0 1 0 0 0 1 1 0
0.019438550967391 0 0 1 0 0 0 0 0 0 0 1 0 0 1 1 1 1 0 1 0 1 0 1 0 1
0.124477737103297 0 0 1 1 0 0 0 0 0 1 1 0 1 0 1 0 1 0 1 0 0 0 1 1 0
0.015589046968074 0 0 0 1 0 0 0 0 0 0 0 1 1 0 1 1 1 1 1 1 0 0 1 1 1
0.056576924250948 0 0 1 0 0 0 0 1 0 0 1 1 0 1 1 1 1 1 0 0 1 0 0 1 0
0.015666023876012 1 0 0 0 0 0 0 0 1 0 0 1 1 1 1 1 1 1 1 1 0 1 1 0 1
0.040872115272017 0 0 0 1 0 0 0 0 1 0 0 0 1 1 0 1 1 1 0 1 0 0 1 0 1
0.142407624116717 1 1 1 0 0 0 0 1 1 1 1 1 1 1 0 0 0 0 1 0 0 1 0 0 0
0.050604137318405 0 0 0 1 0 0 0 1 0 0 0 0 1 1 0 1 1 1 0 0 0 0 1 1 0
0.103493688973113 0 1 0 0 0 1 0 1 0 0 1 0 1 1 1 1 0 0 1 1 0 1 0 0 1
0.050838140846731 0 1 0 0 0 1 0 0 1 0 1 1 1 1 1 1 0 1 1 0 0 1 0 1 0
0.022532636579580 0 0 0 1 0 0 0 0 0 0 0 1 0 0 1 1 1 0 1 1 0 0 0 1 1
0.064001237579644 0 0 1 0 0 1 0 0 0 0 0 1 1 1 0 1 1 0 0 0 1 0 1 0 1
0.019518837796211 1 0 0 0 0 0 0 0 0 0 0 1 1 0 1 1 0 0 1 1 0 1 1 0 1
0.024926649874453 1 0 0 0 0 0 0 0 0 0 0 1 1 1 1 1 0 1 0 1 1 0 1 0 1
0.024111985253784 0 0 0 1 0 0 0 0 0 0 0 1 1 0 1 1 1 0 1 1 0 1 1 0 1
0.012084133121543 1 0 0 0 0 0 0 0 0 1 0 1 1 0 1 1 1 0 1 0 1 1 0 0 1
0.012640636984179 1 0 0 0 0 0 0 0 0 1 0 1 1 0 1 1 1 1 0 1 0 1 1 0 1
0.032507080838402 1 0 0 0 0 0 0 0 0 0 0 1 1 0 1 0 1 0 1 1 0 1 1 0 1
0.036946037063791 1 0 0 0 0 1 0 0 0 1 0 1 1 1 1 1 0 1 0 1 0 1 1 0 0
0.028010837824826 1 0 0 0 0 0 0 0 0 1 0 1 1 0 0 1 1 1 0 1 0 1 0 1 0
0.036365917644396 1 0 0 0 0 0 1 0 0 1 0 1 1 0 1 1 1 0 0 0 0 1 1 0 0
0.118498717037649 1 1 0 0 0 1 0 1 0 1 1 1 0 1 1 0 0 0 0 1 0 0 0 0 1
0.022292298700371 0 1 0 0 0 0 0 0 0 1 0 0 1 1 0 1 1 0 0 1 0 1 0 1 0
0.062378825308477 0 0 0 0 1 1 0 0 0 0 0 1 1 1 1 1 1 0 0 1 0 1 0 1 0
0.070892807953911 0 0 0 0 1 1 0 0 0 0 1 1 1 1 1 1 1 0 0 1 0 1 1 0 0
0.149681896486239 0 0 0 1 1 1 0 0 0 0 1 1 1 1 1 1 1 0 0 1 0 0 1 1 0
0.053400485349913 0 0 0 0 0 1 0 0 0 0 0 1 1 1 0 1 1 1 0 1 0 1 0 1 0
0.087230596519743 0 0 0 1 0 1 0 0 0 1 0 1 1 1 1 1 1 1 0 0 1 1 1 0 0
0.063964682509812 0 0 1 0 1 0 0 0 0 0 1 0 1 1 1 1 0 0 0 1 0 0 1 1 0
0.059984987648805 0 0 1 0 1 0 0 0 0 0 1 1 1 1 0 1 1 0 0 1 0 1 0 1 0
0.060380977932263 0 0 1 0 1 0 0 0 0 0 1 1 1 1 1 0 1 0 1 1 0 1 0 0 1
0.040755828439649 1 0 0 0 0 1 0 0 0 0 0 1 1 1 0 1 0 1 0 1 0 0 0 1 1
0.063503809711775 0 0 0 0 0 1 1 0 0 0 0 1 1 1 1 1 1 1 0 1 0 0 1 0 1
0.072257995226870 1 0 0 1 0 0 0 0 1 1 1 1 0 1 1 0 1 1 0 1 0 0 1 0 0
0.089922399543606 0 0 0 0 1 1 0 0 0 0 0 1 1 1 0 1 1 1 0 1 0 1 0 0 1
0.058283136988458 0 1 0 0 1 0 0 0 0 0 1 1 1 1 1 0 1 0 1 1 1 0 0 0 1
0.038042702832597 1 0 0 0 0 1 0 0 0 0 1 1 1 1 0 1 0 1 1 1 0 0 1 0 1
0.023080371814434 0 0 0 1 0 0 0 0 0 0 0 1 1 0 1 1 1 0 1 0 1 1 0 0 1
0.086415435488206 0 0 1 0 1 0 0 0 0 0 0 1 1 1 0 0 1 1 0 1 0 0 0 1 1
0.017097367075392 0 0 0 1 0 0 0 0 0 0 0 0 0 1 1 1 0 1 0 1 0 0 0 1 1
0.030055287511765 0 0 0 1 0 0 0 0 0 1 0 0 0 1 1 1 1 1 0 1 0 0 0 1 1
0.095733384819747 0 0 0 1 0 0 0 1 1 0 0 0 0 1 1 1 1 0 1 0 0 0 0 1 1
0.035809027037168 0 1 0 0 0 1 0 0 0 0 1 1 1 1 1 1 1 0 0 1 0 1 1 0 0
0.047270533814632 1 0 0 0 1 0 0 0 0 1 1 1 1 0 1 1 1 0 1 0 1 1 0 0 1
0.100088189210240 0 0 0 1 0 1 0 0 0 0 0 0 1 1 0 1 0 1 0 0 0 0 1 0 1
0.066985554065109 0 0 0 1 0 0 0 1 0 1 0 0 1 1 1 1 1 1 0 0 0 1 1 0 1
0.059432677340487 0 0 1 0 1 0 0 0 0 0 1 1 1 1 1 1 0 1 1 0 0 1 1 1 0
0.043543741225907 1 0 0 0 1 0 0 0 0 0 1 1 1 1 1 0 0 0 1 1 0 1 1 0 0
0.070453836073496 0 0 0 1 0 0 1 0 0 0 0 1 1 0 1 1 1 0 0 1 0 0 0 1 1
0.028762168824569 1 0 0 0 0 0 1 0 0 0 0 1 1 1 1 1 0 1 0 1 0 1 1 0 1
0.036473847212698 0 1 0 0 0 0 1 0 0 0 1 1 1 1 1 0 1 0 1 1 1 0 0 0 1
0.075769468566644 0 1 0 0 0 1 0 0 1 0 1 1 0 1 1 1 1 1 0 1 0 0 1 0 1
0.088391594011864 0 0 1 0 1 0 0 0 1 0 0 1 1 1 1 1 0 0 1 1 0 1 0 0 1
0.020252601407104 0 0 1 0 0 0 0 0 0 0 1 1 0 1 1 1 0 1 1 0 1 0 1 0 1
0.018963720720525 1 0 0 0 0 0 0 0 0 1 1 1 0 0 1 1 1 0 1 1 0 1 0 0 1
0.053129025873706 1 0 0 0 0 0 1 0 0 1 1 1 0 0 1 1 1 0 0 1 1 0 0 0 1
0.037422658219632 1 0 0 0 0 1 0 0 0 1 1 1 0 1 1 1 1 0 0 1 0 1 0 0 1
0.024989658201136 1 0 0 0 0 0 0 0 1 1 0 1 1 0 1 1 1 0 1 1 0 1 0 0 1
0.016661474587791 1 0 0 0 0 0 0 0 1 0 1 1 0 1 1 1 1 0 1 1 0 1 0 0 1
0.058589570172167 0 0 1 0 0 1 0 0 0 0 1 1 1 1 0 1 1 0 0 1 0 1 0 1 0
0.114136551588236 0 1 0 1 0 0 0 0 0 1 0 0 1 1 0 1 1 0 0 0 0 1 1 1 0
0.040498872139288 0 0 0 1 0 0 0 0 1 0 0 0 1 1 1 1 0 1 1 0 0 1 0 0 1
0.011983726808944 1 0 0 0 0 0 0 0 0 0 1 1 0 0 1 1 1 0 1 0 0 1 1 0 1
0.027629025404760 1 0 0 0 0 0 0 0 0 0 1 0 0 0 1 1 1 0 1 0 0 1 0 1 1
0.056443271301716 1 0 0 0 1 0 0 0 0 0 1 0 1 1 1 0 0 0 0 1 0 1 0 0 1
0.032405949963976 0 0 1 0 0 0 0 1 0 0 0 1 1 1 1 1 0 1 1 0 1 0 1 0 1
0.134125075871116 0 1 1 0 1 0 0 0 1 0 1 1 1 1 1 0 0 0 1 0 0 1 1 0 0
0.100268877528843 0 1 0 1 0 0 0 0 0 0 1 1 0 1 1 0 0 1 1 1 0 0 0 1 1
0.018049352124204 0 1 0 0 0 0 0 0 0 1 1 1 0 1 1 1 1 1 1 0 1 0 1 0 1
0.056220251376741 1 0 1 0 0 0 0 1 0 1 1 1 1 1 1 0 0 1 0 0 1 0 1 0 0
0.018287061617483 0 0 1 0 0 0 0 0 0 0 0 0 1 1 0 0 1 1 0 1 0 0 0 1 1
0.028784816475562 0 1 0 0 0 0 0 0 1 1 0 1 1 1 1 1 1 0 1 1 1 0 0 0 1
0.041411785690533 0 1 0 0 0 1 0 0 0 0 1 1 1 1 1 0 0 1 1 0 0 1 1 0 0
0.031977829171279 1 0 0 0 1 0 0 0 0 0 1 1 1 1 1 0 1 0 0 0 1 1 1 0 0
0.039860069051354 0 0 1 0 0 0 0 0 0 1 0 1 1 0 0 1 1 1 0 1 0 0 0 1 1
0.045489484986008 1 0 0 0 1 0 0 0 0 0 1 1 1 1 1 0 1 0 0 1 1 1 0 1 0
0.028831818997376 0 0 0 1 0 0 0 0 0 0 0 0 1 1 0 1 0 1 1 0 0 1 1 0 1
0.023324250088886 0 0 0 1 0 0 0 0 0 0 0 0 1 1 1 0 0 1 0 1 0 1 0 0 1
0.024281093683042 0 0 0 1 0 0 0 0 0 0 0 0 1 1 1 1 1 1 0 0 0 1 1 1 0
0.014340386622479 0 0 0 1 0 0 0 0 0 0 0 0 1 0 1 1 1 0 1 0 0 1 0 1 1
0.085253228893158 0 0 1 1 0 0 0 0 0 0 1 0 1 1 1 0 0 0 1 0 0 1 0 0 1
0.019978236375267 0 1 0 0 0 0 0 0 0 0 1 1 0 1 1 1 1 1 1 1 0 0 1 1 1
0.014351456057049 0 0 0 1 0 0 0 0 0 0 0 0 1 1 1 0 1 1 1 0 0 1 0 1 1
0.019940432484154 1 0 0 0 0 0 0 0 1 1 0 1 1 1 1 1 1 1 1 0 1 1 0 1 0
0.065063087912576 1 0 0 0 1 0 1 0 0 0 1 1 1 1 1 0 1 0 0 0 0 1 1 0 0
0.056918505969142 1 0 0 0 0 1 0 0 1 1 0 1 1 1 1 1 1 0 0 0 1 1 0 0 0
0.020401133481810 0 0 0 1 0 0 0 0 0 0 0 1 1 0 1 1 0 1 1 1 0 0 0 1 1
0.018527562899959 0 0 0 1 0 0 0 0 0 0 0 0 1 1 1 0 1 1 0 0 1 0 1 0 1
0.016492078565299 0 1 0 0 0 0 0 0 0 0 0 0 1 1 1 0 1 0 0 1 0 0 1 1 0
0.032251021865786 1 0 0 0 0 0 1 0 0 0 1 1 0 1 1 1 0 1 1 1 0 0 0 1 1
0.032243719542463 0 0 0 1 0 0 0 0 0 0 0 1 1 0 0 1 1 1 0 1 0 0 1 1 0
