0.307397991418839 1 0 0 0 0 1 1 0 1 1 0 0 1 0 0 1 1 0 1 0 0 1 1 0 1
0.560341179370880 1 0 1 1 0 1 0 0 0 1 0 0 0 0 1 1 1 1 0 0 1 1 1 0 0
0.124006815254688 0 0 1 0 0 1 0 0 1 1 1 0 1 0 1 1 1 0 0 0 1 0 0 1 0
0.235214218497276 1 1 1 0 0 1 0 1 1 1 1 1 1 1 1 0 0 0 1 0 1 1 0 1 1
0.537973761558533 1 1 1 0 1 1 0 0 1 0 1 0 0 1 0 1 0 0 1 1 1 1 1 1 1
0.291661232709885 0 0 1 0 0 1 1 0 1 0 0 0 0 0 0 1 1 0 0 0 0 0 0 0 0
0.375330895185471 1 1 1 1 1 0 1 1 1 0 1 0 1 1 0 1 0 0 0 0 0 1 1 1 1
0.452133506536484 1 1 1 1 1 1 0 1 0 1 1 1 0 0 0 1 1 0 0 1 1 1 0 0 1
0.524139344692230 0 0 0 1 0 1 0 1 1 1 1 0 1 0 0 0 1 0 0 0 1 0 0 1 1
0.534089624881744 1 0 0 1 1 1 0 0 0 1 1 1 0 0 0 0 1 1 1 1 1 1 1 0 1
0.438993662595749 0 1 0 0 1 0 1 1 0 1 0 1 1 0 0 0 0 0 1 0 1 0 1 0 1
0.595218837261200 1 1 0 1 1 1 0 0 1 0 0 0 1 1 0 1 1 1 1 1 1 0 1 0 1
0.166599422693253 1 0 1 0 0 0 1 1 0 1 1 0 0 1 1 1 0 0 0 0 1 0 1 1 0
0.371082782745361 1 1 0 1 0 1 1 1 0 0 1 0 0 1 1 1 0 0 1 1 0 0 0 1 1
0.274615377187729 0 1 1 0 0 1 0 1 1 0 0 0 1 0 0 1 1 0 1 0 0 0 0 0 1
0.380026191473007 0 1 1 1 1 1 0 1 1 0 1 1 1 0 1 1 0 0 1 1 0 0 0 1 0
0.536729097366333 1 0 1 0 1 0 1 1 0 0 1 0 0 0 0 0 1 0 1 1 0 0 1 0 1
0.244545817375183 1 1 0 1 0 0 0 1 1 1 1 0 1 1 0 0 0 1 1 0 1 1 1 0 0
0.151752084493637 0 1 1 0 0 0 0 1 1 0 1 1 1 0 1 0 1 0 1 1 0 1 0 0 0
0.338561803102493 1 1 0 0 0 1 1 0 1 0 0 1 1 1 0 0 0 0 0 1 1 0 1 1 1
0.297998249530792 0 0 0 0 1 0 1 1 1 0 0 1 0 1 0 1 1 0 0 0 0 1 1 0 0
0.553830742835999 0 1 1 1 1 1 0 1 0 0 1 0 1 0 0 1 0 1 0 1 1 0 0 0 1
0.242515563964844 0 0 0 1 0 1 0 0 1 0 1 0 0 1 1 1 0 0 1 1 0 0 1 1 1
0.520176768302917 0 0 1 0 1 0 0 1 0 1 1 0 0 0 0 1 1 0 0 0 1 1 1 1 1
0.527826666831970 0 1 0 0 0 0 0 1 1 0 0 0 0 0 0 1 0 0 0 1 1 1 1 1 1
0.083275557130867 0 0 1 0 0 1 0 0 0 1 1 0 1 1 1 1 1 1 0 0 1 0 0 1 0
